*3DSMAX_ASCIIEXPORT	110
*COMMENT "[ GothicSourcer v3.14 ] - June 2007"
*SCENE {
	*SCENE_FILENAME "ORC_LOOK_JUE02.MAX"
	*SCENE_FIRSTFRAME 0
	*SCENE_LASTFRAME 8
	*SCENE_FRAMESPEED 25
	*SCENE_TICKSPERFRAME 192
	*SCENE_BACKGROUND_STATIC 0	0	0
	*SCENE_AMBIENT_STATIC 0.2	0.2	0.2
}
*HELPEROBJECT {
	*NODE_NAME "Bip01"
	*NODE_TM {
		*NODE_NAME "Bip01"
		*TM_ROW0 1.26759e-006	-1	0
		*TM_ROW1 1	1.26759e-006	0
		*TM_ROW2 -0	-0	1
		*TM_ROW3 -1e-006	0	100.39
		*TM_POS -1e-006	0	100.39
		*TM_ROTAXIS 0	0	1
		*TM_ROTANGLE 1.5708
		*TM_SCALE 1	1	1
		*TM_SCALEAXIS 0	0	0
		*TM_SCALEAXISANG 0	0	0
	}
}
*HELPEROBJECT {
	*NODE_NAME "Bip01 Pelvis"
	*NODE_PARENT "Bip01"
	*NODE_TM {
		*NODE_NAME "Bip01 Pelvis"
		*TM_ROW0 -1.19209e-006	-1.64892e-007	1
		*TM_ROW1 2.99332e-006	-1	-1.64887e-007
		*TM_ROW2 1	2.99332e-006	1.66893e-006
		*TM_ROW3 -1e-006	4e-005	100.39
		*TM_POS -1e-006	4e-005	100.39
		*TM_ROTAXIS -0.707106	-1e-006	-0.707107
		*TM_ROTANGLE 3.14159
		*TM_SCALE 1	1	1
		*TM_SCALEAXIS 0	0	0
		*TM_SCALEAXISANG 0	0	0
	}
}
*HELPEROBJECT {
	*NODE_NAME "Bip01 Spine"
	*NODE_PARENT "Bip01 Pelvis"
	*NODE_TM {
		*NODE_NAME "Bip01 Spine"
		*TM_ROW0 -1.19209e-007	-0.259588	0.96572
		*TM_ROW1 -1.78814e-006	-0.965719	-0.259588
		*TM_ROW2 1	-1.78814e-006	-1.19209e-007
		*TM_ROW3 -9.99999e-007	-1.86469	107.969
		*TM_POS -9.99999e-007	-1.86469	107.969
		*TM_ROTAXIS 0.704044	-0.092975	0.704044
		*TM_ROTANGLE 2.95618
		*TM_SCALE 1	1	1
		*TM_SCALEAXIS 0	0	0
		*TM_SCALEAXISANG 0	0	0
	}
}
*HELPEROBJECT {
	*NODE_NAME "Bip01 Spine1"
	*NODE_PARENT "Bip01 Spine"
	*NODE_TM {
		*NODE_NAME "Bip01 Spine1"
		*TM_ROW0 1.78814e-007	-0.0879481	0.996125
		*TM_ROW1 -1.09151e-006	-0.996125	-0.0879481
		*TM_ROW2 1	-1.09151e-006	1.78814e-007
		*TM_ROW3 6e-006	-6.55859	125.486
		*TM_POS 6e-006	-6.55859	125.486
		*TM_ROTAXIS 0.706764	-0.03114	0.706764
		*TM_ROTANGLE 3.07933
		*TM_SCALE 1	1	1
		*TM_SCALEAXIS 0	0	0
		*TM_SCALEAXISANG 0	0	0
	}
}
*HELPEROBJECT {
	*NODE_NAME "Bip01 Spine2"
	*NODE_PARENT "Bip01 Spine1"
	*NODE_TM {
		*NODE_NAME "Bip01 Spine2"
		*TM_ROW0 2.98023e-007	0.172863	0.984946
		*TM_ROW1 -1.42306e-006	-0.984946	0.172863
		*TM_ROW2 1	-1.42306e-006	2.98023e-007
		*TM_ROW3 8e-006	-8.13954	143.55
		*TM_POS 8e-006	-8.13954	143.55
		*TM_ROTAXIS 0.70577	0.061463	0.70577
		*TM_ROTANGLE 3.26437
		*TM_SCALE 1	1	1
		*TM_SCALEAXIS 0	0	0
		*TM_SCALEAXISANG 0	0	0
	}
}
*HELPEROBJECT {
	*NODE_NAME "Bip01 Spine3"
	*NODE_PARENT "Bip01 Spine2"
	*NODE_TM {
		*NODE_NAME "Bip01 Spine3"
		*TM_ROW0 2.98023e-007	0.172863	0.984946
		*TM_ROW1 -1.42306e-006	-0.984946	0.172863
		*TM_ROW2 1	-1.42306e-006	2.98023e-007
		*TM_ROW3 4e-006	-4.98999	161.413
		*TM_POS 4e-006	-4.98999	161.413
		*TM_ROTAXIS 0.70577	0.061463	0.70577
		*TM_ROTANGLE 3.26437
		*TM_SCALE 1	1	1
		*TM_SCALEAXIS 0	0	0
		*TM_SCALEAXISANG 0	0	0
	}
}
*HELPEROBJECT {
	*NODE_NAME "Bip01 Neck"
	*NODE_PARENT "Bip01 Spine3"
	*NODE_TM {
		*NODE_NAME "Bip01 Neck"
		*TM_ROW0 6.55651e-007	-0.826733	0.562595
		*TM_ROW1 -1.81794e-006	-0.562595	-0.826733
		*TM_ROW2 1	-5.36442e-007	-1.72853e-006
		*TM_ROW3 -1e-006	-1.85131	179.282
		*TM_POS -1e-006	-1.85131	179.282
		*TM_ROTAXIS 0.662278	-0.350396	0.662277
		*TM_ROTANGLE 2.46754
		*TM_SCALE 1	1	1
		*TM_SCALEAXIS 0	0	0
		*TM_SCALEAXISANG 0	0	0
	}
}
*HELPEROBJECT {
	*NODE_NAME "Bip01 Neck1"
	*NODE_PARENT "Bip01 Neck"
	*NODE_TM {
		*NODE_NAME "Bip01 Neck1"
		*TM_ROW0 1.90735e-006	-0.843235	0.537545
		*TM_ROW1 -1.96695e-006	-0.537545	-0.843235
		*TM_ROW2 1	5.36442e-007	-2.68221e-006
		*TM_ROW3 7.99999e-006	-8.02732	183.492
		*TM_POS 7.99999e-006	-8.02732	183.492
		*TM_ROTAXIS 0.65927	-0.361563	0.659268
		*TM_ROTANGLE 2.44772
		*TM_SCALE 1	1	1
		*TM_SCALEAXIS 0	0	0
		*TM_SCALEAXISANG 0	0	0
	}
}
*HELPEROBJECT {
	*NODE_NAME "Bip01 Neck2"
	*NODE_PARENT "Bip01 Neck1"
	*NODE_TM {
		*NODE_NAME "Bip01 Neck2"
		*TM_ROW0 1.90735e-006	-0.934839	0.355071
		*TM_ROW1 -2.05636e-006	-0.355071	-0.934839
		*TM_ROW2 1	9.53675e-007	-2.44379e-006
		*TM_ROW3 1.8e-005	-14.3278	187.515
		*TM_POS 1.8e-005	-14.3278	187.515
		*TM_ROTAXIS 0.635522	-0.438435	0.63552
		*TM_ROTANGLE 2.3152
		*TM_SCALE 1	1	1
		*TM_SCALEAXIS 0	0	0
		*TM_SCALEAXISANG 0	0	0
	}
}
*HELPEROBJECT {
	*NODE_NAME "Bip01 Head"
	*NODE_PARENT "Bip01 Neck2"
	*NODE_TM {
		*NODE_NAME "Bip01 Head"
		*TM_ROW0 -1.1921e-007	-0.216439	0.976296
		*TM_ROW1 -2.12342e-006	-0.976296	-0.216439
		*TM_ROW2 1	-2.12342e-006	-1.19209e-007
		*TM_ROW3 2.80001e-005	-21.315	190.169
		*TM_POS 2.80001e-005	-21.315	190.169
		*TM_ROTAXIS -0.704996	0.0772101	-0.704996
		*TM_ROTANGLE 3.2957
		*TM_SCALE 1	1	1
		*TM_SCALEAXIS 0	0	0
		*TM_SCALEAXISANG 0	0	0
	}
	*TM_ANIMATION {
		*NODE_NAME  "Bip01 Head"
		*CONTROL_POS_TRACK {
			*CONTROL_POS_SAMPLE 0	1.69973e-005	-21.315	190.169
			*CONTROL_POS_SAMPLE 192	1.69973e-005	-21.315	190.169
			*CONTROL_POS_SAMPLE 384	1.69973e-005	-21.315	190.169
			*CONTROL_POS_SAMPLE 576	1.69973e-005	-21.315	190.169
			*CONTROL_POS_SAMPLE 768	1.69973e-005	-21.315	190.169
			*CONTROL_POS_SAMPLE 960	1.69973e-005	-21.315	190.169
			*CONTROL_POS_SAMPLE 1152	1.69973e-005	-21.315	190.169
			*CONTROL_POS_SAMPLE 1344	1.69973e-005	-21.315	190.169
			*CONTROL_POS_SAMPLE 1536	1.69973e-005	-21.315	190.169
		}
		*CONTROL_ROT_TRACK {
			*CONTROL_ROT_SAMPLE 0	-0.408878	-0.304242	-0.860381	3.76306
			*CONTROL_ROT_SAMPLE 192	0.709904	0.0734626	0.700456	3.29352
			*CONTROL_ROT_SAMPLE 384	0.828458	-0.259271	0.496423	3.80856
			*CONTROL_ROT_SAMPLE 576	-0.484007	-0.114575	-0.867531	4.14158
			*CONTROL_ROT_SAMPLE 768	0.709604	-0.112401	0.695578	2.92236
			*CONTROL_ROT_SAMPLE 960	0.748879	-0.472476	0.4647	3.40195
			*CONTROL_ROT_SAMPLE 1152	0.598638	-0.02818	0.800524	1.9234
			*CONTROL_ROT_SAMPLE 1344	0.650641	-0.392432	0.650125	2.4116
			*CONTROL_ROT_SAMPLE 1536	0.710213	-0.569733	0.413523	2.98329
		}
		*CONTROL_SCALE_TRACK {
			*CONTROL_SCALE_SAMPLE	0	1	1	1	0	0	0	0
		}
	}
}
*HELPEROBJECT {
	*NODE_NAME "Bip01 R Clavicle"
	*NODE_PARENT "Bip01 Neck"
	*NODE_TM {
		*NODE_NAME "Bip01 R Clavicle"
		*TM_ROW0 -0.930679	-0.0635278	-0.36028
		*TM_ROW1 -7.37608e-007	0.984808	-0.173649
		*TM_ROW2 0.365838	-0.161611	-0.916539
		*TM_ROW3 -20.767	-1.85468	184.641
		*TM_POS -20.767	-1.85468	184.641
		*TM_ROTAXIS -0.016513	0.996059	-0.087144
		*TM_ROTANGLE 3.51468
		*TM_SCALE 1	1	1
		*TM_SCALEAXIS 0	0	0
		*TM_SCALEAXISANG 0	0	0
	}
}
*HELPEROBJECT {
	*NODE_NAME "Bip01 R UpperArm"
	*NODE_PARENT "Bip01 R Clavicle"
	*NODE_TM {
		*NODE_NAME "Bip01 R UpperArm"
		*TM_ROW0 -0.226576	0.326402	-0.917674
		*TM_ROW1 0.110598	0.944705	0.30871
		*TM_ROW2 0.967694	-0.0315468	-0.250147
		*TM_ROW3 -38.1611	-3.042	177.907
		*TM_POS -38.1611	-3.042	177.907
		*TM_ROTAXIS -0.176487	-0.977918	-0.111935
		*TM_ROTANGLE 1.84005
		*TM_SCALE 1	1	1
		*TM_SCALEAXIS 0	0	0
		*TM_SCALEAXISANG 0	0	0
	}
}
*HELPEROBJECT {
	*NODE_NAME "Bip01 R Forearm"
	*NODE_PARENT "Bip01 R UpperArm"
	*NODE_TM {
		*NODE_NAME "Bip01 R Forearm"
		*TM_ROW0 -0.227626	-0.535956	-0.812981
		*TM_ROW1 -0.10842	0.843657	-0.525823
		*TM_ROW2 0.967694	-0.0315472	-0.250146
		*TM_ROW3 -48.2433	11.4822	137.073
		*TM_POS -48.2433	11.4822	137.073
		*TM_ROTAXIS 0.260582	-0.938772	0.225397
		*TM_ROTANGLE 1.89342
		*TM_SCALE 1	1	1
		*TM_SCALEAXIS 0	0	0
		*TM_SCALEAXISANG 0	0	0
	}
}
*HELPEROBJECT {
	*NODE_NAME "Bip01 R Hand"
	*NODE_PARENT "Bip01 R Forearm"
	*NODE_TM {
		*NODE_NAME "Bip01 R Hand"
		*TM_ROW0 -0.227626	-0.535955	-0.812981
		*TM_ROW1 0.967607	-0.0308752	-0.250566
		*TM_ROW2 0.109191	-0.843682	0.525622
		*TM_ROW3 -59.4585	-14.9245	97.0171
		*TM_POS -59.4585	-14.9245	97.0171
		*TM_ROTAXIS -0.318728	-0.495556	0.807983
		*TM_ROTANGLE 1.94598
		*TM_SCALE 1	1	1
		*TM_SCALEAXIS 0	0	0
		*TM_SCALEAXISANG 0	0	0
	}
}
*HELPEROBJECT {
	*NODE_NAME "Bip01 R Finger0"
	*NODE_PARENT "Bip01 R Hand"
	*NODE_TM {
		*NODE_NAME "Bip01 R Finger0"
		*TM_ROW0 -0.227626	-0.535955	-0.812981
		*TM_ROW1 0.967694	-0.0315475	-0.250146
		*TM_ROW2 0.10842	-0.843657	0.525821
		*TM_ROW3 -63.9724	-32.6734	67.1956
		*TM_POS -63.9724	-32.6734	67.1956
		*TM_ROTAXIS -0.318972	-0.495191	0.80811
		*TM_ROTANGLE 1.94623
		*TM_SCALE 1	1	1
		*TM_SCALEAXIS 0	0	0
		*TM_SCALEAXISANG 0	0	0
	}
}
*HELPEROBJECT {
	*NODE_NAME "ZS_RIGHTHAND"
	*NODE_PARENT "Bip01 R Hand"
	*NODE_TM {
		*NODE_NAME "ZS_RIGHTHAND"
		*TM_ROW0 -0.0919255	0.847042	-0.523517
		*TM_ROW1 0.0985439	0.530901	0.841685
		*TM_ROW2 0.990878	0.0257829	-0.132274
		*TM_ROW3 -57.3666	-39.9319	91.4154
		*TM_POS -57.3666	-39.9319	91.4154
		*TM_ROTAXIS -0.434918	-0.807251	-0.398988
		*TM_ROTANGLE 1.92479
		*TM_SCALE 1	1	1
		*TM_SCALEAXIS 0	0	0
		*TM_SCALEAXISANG 0	0	0
	}
}
*HELPEROBJECT {
	*NODE_NAME "Bip01 L Clavicle"
	*NODE_PARENT "Bip01 Neck"
	*NODE_TM {
		*NODE_NAME "Bip01 L Clavicle"
		*TM_ROW0 0.930678	-0.0635258	-0.36028
		*TM_ROW1 -1.46404e-006	0.984808	-0.173648
		*TM_ROW2 0.365838	0.161611	0.916539
		*TM_ROW3 20.767	-1.85461	184.641
		*TM_POS 20.767	-1.85461	184.641
		*TM_ROTAXIS 0.417874	-0.905048	0.079178
		*TM_ROTANGLE 0.412771
		*TM_SCALE 1	1	1
		*TM_SCALEAXIS 0	0	0
		*TM_SCALEAXISANG 0	0	0
	}
}
*HELPEROBJECT {
	*NODE_NAME "Bip01 L UpperArm"
	*NODE_PARENT "Bip01 L Clavicle"
	*NODE_TM {
		*NODE_NAME "Bip01 L UpperArm"
		*TM_ROW0 0.226575	0.326403	-0.917674
		*TM_ROW1 -0.110602	0.944704	0.308709
		*TM_ROW2 0.967694	0.0315509	0.250147
		*TM_ROW3 38.1611	-3.04189	177.907
		*TM_POS 38.1611	-3.04189	177.907
		*TM_ROTAXIS -0.141762	-0.964335	-0.223521
		*TM_ROTANGLE 1.35849
		*TM_SCALE 1	1	1
		*TM_SCALEAXIS 0	0	0
		*TM_SCALEAXISANG 0	0	0
	}
}
*HELPEROBJECT {
	*NODE_NAME "Bip01 L Forearm"
	*NODE_PARENT "Bip01 L UpperArm"
	*NODE_TM {
		*NODE_NAME "Bip01 L Forearm"
		*TM_ROW0 0.240525	-0.41305	-0.878372
		*TM_ROW1 0.07561	0.910162	-0.407295
		*TM_ROW2 0.967694	0.0315509	0.250147
		*TM_ROW3 48.2432	11.4823	137.073
		*TM_POS 48.2432	11.4823	137.073
		*TM_ROTAXIS 0.223967	-0.942148	0.24939
		*TM_ROTANGLE 1.36901
		*TM_SCALE 1	1	1
		*TM_SCALEAXIS 0	0	0
		*TM_SCALEAXISANG 0	0	0
	}
}
*HELPEROBJECT {
	*NODE_NAME "Bip01 L Hand"
	*NODE_PARENT "Bip01 L Forearm"
	*NODE_TM {
		*NODE_NAME "Bip01 L Hand"
		*TM_ROW0 0.240523	-0.41305	-0.878372
		*TM_ROW1 -0.967634	-0.0308247	-0.25047
		*TM_ROW2 0.0763812	0.910187	-0.407095
		*TM_ROW3 60.0939	-8.86877	93.7952
		*TM_POS 60.0939	-8.86877	93.7952
		*TM_ROTAXIS 0.724528	-0.595995	-0.346193
		*TM_ROTANGLE 2.21267
		*TM_SCALE 1	1	1
		*TM_SCALEAXIS 0	0	0
		*TM_SCALEAXISANG 0	0	0
	}
}
*HELPEROBJECT {
	*NODE_NAME "Bip01 L Finger0"
	*NODE_PARENT "Bip01 L Hand"
	*NODE_TM {
		*NODE_NAME "Bip01 L Finger0"
		*TM_ROW0 0.240524	-0.41305	-0.878372
		*TM_ROW1 -0.967694	-0.0315497	-0.250147
		*TM_ROW2 0.0756107	0.910162	-0.407294
		*TM_ROW3 65.0173	-22.263	61.8409
		*TM_POS 65.0173	-22.263	61.8409
		*TM_ROTAXIS 0.724623	-0.595771	-0.34638
		*TM_ROTANGLE 2.21325
		*TM_SCALE 1	1	1
		*TM_SCALEAXIS 0	0	0
		*TM_SCALEAXISANG 0	0	0
	}
}
*HELPEROBJECT {
	*NODE_NAME "ZS_LEFTHAND"
	*NODE_PARENT "Bip01 L Hand"
	*NODE_TM {
		*NODE_NAME "ZS_LEFTHAND"
		*TM_ROW0 -0.0590281	-0.912622	0.404521
		*TM_ROW1 0.111153	-0.408716	-0.905867
		*TM_ROW2 0.992049	-0.00850807	0.125566
		*TM_ROW3 59.611	-32.9569	84.9709
		*TM_POS 59.611	-32.9569	84.9709
		*TM_ROTAXIS -0.605198	0.396241	-0.690455
		*TM_ROTANGLE 3.97671
		*TM_SCALE 1	1	1
		*TM_SCALEAXIS 0	0	0
		*TM_SCALEAXISANG 0	0	0
	}
}
*HELPEROBJECT {
	*NODE_NAME "ZS_CROSSBOW"
	*NODE_PARENT "Bip01 Spine3"
	*NODE_TM {
		*NODE_NAME "ZS_CROSSBOW"
		*TM_ROW0 -0.405534	-0.0900488	-0.909634
		*TM_ROW1 0.862856	0.290741	-0.413461
		*TM_ROW2 0.301699	-0.952555	-0.0402061
		*TM_ROW3 -22.0241	17.4491	156.732
		*TM_POS -22.0241	17.4491	156.732
		*TM_ROTAXIS 0.330169	0.741883	-0.583608
		*TM_ROTANGLE 4.09673
		*TM_SCALE 1	1	1
		*TM_SCALEAXIS 0	0	0
		*TM_SCALEAXISANG 0	0	0
	}
}
*HELPEROBJECT {
	*NODE_NAME "Bip01 L Thigh"
	*NODE_PARENT "Bip01 Spine"
	*NODE_TM {
		*NODE_NAME "Bip01 L Thigh"
		*TM_ROW0 0.053579	-0.575272	-0.816206
		*TM_ROW1 -0.0377807	-0.817963	0.57403
		*TM_ROW2 -0.997849	8.09121e-005	-0.0655597
		*TM_ROW3 18.9348	6.04516e-005	100.39
		*TM_POS 18.9348	6.04516e-005	100.39
		*TM_ROTAXIS 0.711181	-0.225074	-0.666006
		*TM_ROTANGLE 3.55695
		*TM_SCALE 1	1	1
		*TM_SCALEAXIS 0	0	0
		*TM_SCALEAXISANG 0	0	0
	}
}
*HELPEROBJECT {
	*NODE_NAME "Bip01 L Calf"
	*NODE_PARENT "Bip01 L Thigh"
	*NODE_TM {
		*NODE_NAME "Bip01 L Calf"
		*TM_ROW0 0.0442902	0.738124	-0.67321
		*TM_ROW1 0.0483363	-0.674665	-0.73654
		*TM_ROW2 -0.997849	8.10328e-005	-0.0655593
		*TM_ROW3 21.1926	-24.2423	65.9946
		*TM_POS 21.1926	-24.2423	65.9946
		*TM_ROTAXIS 0.694861	0.306235	-0.650683
		*TM_ROTANGLE 2.58293
		*TM_SCALE 1	1	1
		*TM_SCALEAXIS 0	0	0
		*TM_SCALEAXISANG 0	0	0
	}
}
*HELPEROBJECT {
	*NODE_NAME "Bip01 L HorseLink"
	*NODE_PARENT "Bip01 L Calf"
	*NODE_TM {
		*NODE_NAME "Bip01 L HorseLink"
		*TM_ROW0 0.0655604	0.00141326	-0.997848
		*TM_ROW1 1.15718e-005	-0.999999	-0.00141548
		*TM_ROW2 -0.997849	8.1244e-005	-0.06556
		*TM_ROW3 22.6569	0.160504	43.7379
		*TM_POS 22.6569	0.160504	43.7379
		*TM_ROTAXIS 0.729918	0.00048801	-0.683535
		*TM_ROTANGLE 3.14057
		*TM_SCALE 1	1	1
		*TM_SCALEAXIS 0	0	0
		*TM_SCALEAXISANG 0	0	0
	}
}
*HELPEROBJECT {
	*NODE_NAME "Bip01 L Foot"
	*NODE_PARENT "Bip01 L HorseLink"
	*NODE_TM {
		*NODE_NAME "Bip01 L Foot"
		*TM_ROW0 -1.15149e-006	-1.43094e-006	-1
		*TM_ROW1 0.17365	-0.984807	1.25858e-006
		*TM_ROW2 -0.984807	-0.17365	1.57511e-006
		*TM_ROW3 24.2903	0.195716	18.8773
		*TM_POS 24.2903	0.195716	18.8773
		*TM_ROTAXIS 0.705757	0.061746	-0.705758
		*TM_ROTANGLE 3.26493
		*TM_SCALE 1	1	1
		*TM_SCALEAXIS 0	0	0
		*TM_SCALEAXISANG 0	0	0
	}
}
*HELPEROBJECT {
	*NODE_NAME "Bip01 L Toe0"
	*NODE_PARENT "Bip01 L Foot"
	*NODE_TM {
		*NODE_NAME "Bip01 L Toe0"
		*TM_ROW0 0.17365	-0.984807	8.26451e-007
		*TM_ROW1 8.23665e-007	9.46649e-007	1
		*TM_ROW2 -0.984808	-0.17365	1.00887e-006
		*TM_ROW3 30.6862	-36.0772	0.3113
		*TM_POS 30.6862	-36.0772	0.3113
		*TM_ROTAXIS -0.644401	0.540716	0.540716
		*TM_ROTANGLE 1.99673
		*TM_SCALE 1	1	1
		*TM_SCALEAXIS 0	0	0
		*TM_SCALEAXISANG 0	0	0
	}
}
*HELPEROBJECT {
	*NODE_NAME "Bip01 R Thigh"
	*NODE_PARENT "Bip01 Spine"
	*NODE_TM {
		*NODE_NAME "Bip01 R Thigh"
		*TM_ROW0 -0.0535765	-0.575272	-0.816206
		*TM_ROW1 0.0377831	-0.817962	0.57403
		*TM_ROW2 -0.997849	-8.41892e-005	0.0655594
		*TM_ROW3 -18.9348	6.04389e-006	100.39
		*TM_POS -18.9348	6.04389e-006	100.39
		*TM_ROTAXIS 0.6681	-0.211379	-0.713416
		*TM_ROTANGLE 3.58571
		*TM_SCALE 1	1	1
		*TM_SCALEAXIS 0	0	0
		*TM_SCALEAXISANG 0	0	0
	}
}
*HELPEROBJECT {
	*NODE_NAME "Bip01 R Calf"
	*NODE_PARENT "Bip01 R Thigh"
	*NODE_TM {
		*NODE_NAME "Bip01 R Calf"
		*TM_ROW0 -0.0442933	0.738124	-0.67321
		*TM_ROW1 -0.0483345	-0.674665	-0.73654
		*TM_ROW2 -0.997849	-8.4541e-005	0.06556
		*TM_ROW3 -21.1925	-24.2423	65.9946
		*TM_POS -21.1925	-24.2423	65.9946
		*TM_ROTAXIS 0.654459	0.288494	-0.698895
		*TM_ROTANGLE 2.54401
		*TM_SCALE 1	1	1
		*TM_SCALEAXIS 0	0	0
		*TM_SCALEAXISANG 0	0	0
	}
}
*HELPEROBJECT {
	*NODE_NAME "Bip01 R HorseLink"
	*NODE_PARENT "Bip01 R Calf"
	*NODE_TM {
		*NODE_NAME "Bip01 R HorseLink"
		*TM_ROW0 -0.0655601	0.00141258	-0.997848
		*TM_ROW1 -7.29476e-006	-0.999999	-0.00141515
		*TM_ROW2 -0.997849	-8.54982e-005	0.0655603
		*TM_ROW3 -22.6569	0.160446	43.7379
		*TM_POS -22.6569	0.160446	43.7379
		*TM_ROTAXIS 0.683535	0.000513978	-0.729918
		*TM_ROTANGLE 3.14062
		*TM_SCALE 1	1	1
		*TM_SCALEAXIS 0	0	0
		*TM_SCALEAXISANG 0	0	0
	}
}
*HELPEROBJECT {
	*NODE_NAME "Bip01 R Foot"
	*NODE_PARENT "Bip01 R HorseLink"
	*NODE_TM {
		*NODE_NAME "Bip01 R Foot"
		*TM_ROW0 -6.60007e-008	-1.2867e-006	-1
		*TM_ROW1 -0.173647	-0.984808	1.27949e-006
		*TM_ROW2 -0.984808	0.173647	-7.77815e-008
		*TM_ROW3 -24.2903	0.19563	18.8773
		*TM_POS -24.2903	0.19563	18.8773
		*TM_ROTAXIS 0.705758	-0.061746	-0.705757
		*TM_ROTANGLE 3.01826
		*TM_SCALE 1	1	1
		*TM_SCALEAXIS 0	0	0
		*TM_SCALEAXISANG 0	0	0
	}
}
*HELPEROBJECT {
	*NODE_NAME "Bip01 R Toe0"
	*NODE_PARENT "Bip01 R Foot"
	*NODE_TM {
		*NODE_NAME "Bip01 R Toe0"
		*TM_ROW0 -0.173647	-0.984808	1.12303e-006
		*TM_ROW1 -4.70441e-007	1.42826e-006	1
		*TM_ROW2 -0.984808	0.173647	-4.95014e-007
		*TM_ROW3 -30.6861	-36.0773	0.311313
		*TM_POS -30.6861	-36.0773	0.311313
		*TM_ROTAXIS -0.510274	0.608121	0.60812
		*TM_ROTANGLE 2.19793
		*TM_SCALE 1	1	1
		*TM_SCALEAXIS 0	0	0
		*TM_SCALEAXISANG 0	0	0
	}
}
*HELPEROBJECT {
	*NODE_NAME "ZS_SWORD"
	*NODE_PARENT "Bip01 Spine"
	*NODE_TM {
		*NODE_NAME "ZS_SWORD"
		*TM_ROW0 -0.103765	-0.493366	0.863611
		*TM_ROW1 0.0576065	-0.869821	-0.489992
		*TM_ROW2 0.992932	-0.00109431	0.118678
		*TM_ROW3 29.1669	-4.3507	116.705
		*TM_POS 29.1669	-4.3507	116.705
		*TM_ROTAXIS -0.653717	0.172919	-0.736718
		*TM_ROTANGLE 3.52484
		*TM_SCALE 1	1	1
		*TM_SCALEAXIS 0	0	0
		*TM_SCALEAXISANG 0	0	0
	}
}
*HELPEROBJECT {
	*NODE_NAME "ZS_LONGSWORD"
	*NODE_PARENT "Bip01 Spine"
	*NODE_TM {
		*NODE_NAME "ZS_LONGSWORD"
		*TM_ROW0 -0.103765	-0.493366	0.863611
		*TM_ROW1 0.0576065	-0.869821	-0.489992
		*TM_ROW2 0.992932	-0.00109431	0.118678
		*TM_ROW3 29.1669	-4.3507	116.705
		*TM_POS 29.1669	-4.3507	116.705
		*TM_ROTAXIS -0.653717	0.172919	-0.736718
		*TM_ROTANGLE 3.52484
		*TM_SCALE 1	1	1
		*TM_SCALEAXIS 0	0	0
		*TM_SCALEAXISANG 0	0	0
	}
}
