*3DSMAX_ASCIIEXPORT	110
*COMMENT "[ GothicSourcer v3.14 ] - June 2007"
*SCENE {
	*SCENE_FILENAME "ORC_CBOWAIM_JUE02.MAX"
	*SCENE_FIRSTFRAME 0
	*SCENE_LASTFRAME 8
	*SCENE_FRAMESPEED 1
	*SCENE_TICKSPERFRAME 4800
	*SCENE_BACKGROUND_STATIC 0	0	0
	*SCENE_AMBIENT_STATIC 0.2	0.2	0.2
}
*HELPEROBJECT {
	*NODE_NAME "Bip01"
	*NODE_TM {
		*NODE_NAME "Bip01"
		*TM_ROW0 1.26759e-006	-1	0
		*TM_ROW1 1	1.26759e-006	0
		*TM_ROW2 -0	-0	1
		*TM_ROW3 -1e-006	0	100.39
		*TM_POS -1e-006	0	100.39
		*TM_ROTAXIS 0	0	1
		*TM_ROTANGLE 1.5708
		*TM_SCALE 1	1	1
		*TM_SCALEAXIS 0	0	0
		*TM_SCALEAXISANG 0	0	0
	}
}
*HELPEROBJECT {
	*NODE_NAME "Bip01 Pelvis"
	*NODE_PARENT "Bip01"
	*NODE_TM {
		*NODE_NAME "Bip01 Pelvis"
		*TM_ROW0 -1.19209e-006	-1.64892e-007	1
		*TM_ROW1 2.99332e-006	-1	-1.64887e-007
		*TM_ROW2 1	2.99332e-006	1.66893e-006
		*TM_ROW3 -1e-006	4e-005	100.39
		*TM_POS -1e-006	4e-005	100.39
		*TM_ROTAXIS -0.707106	-1e-006	-0.707107
		*TM_ROTANGLE 3.14159
		*TM_SCALE 1	1	1
		*TM_SCALEAXIS 0	0	0
		*TM_SCALEAXISANG 0	0	0
	}
}
*HELPEROBJECT {
	*NODE_NAME "Bip01 Spine"
	*NODE_PARENT "Bip01 Pelvis"
	*NODE_TM {
		*NODE_NAME "Bip01 Spine"
		*TM_ROW0 -1.19209e-007	-0.259588	0.96572
		*TM_ROW1 -1.78814e-006	-0.965719	-0.259588
		*TM_ROW2 1	-1.78814e-006	-1.19209e-007
		*TM_ROW3 -9.99999e-007	-1.86469	107.969
		*TM_POS -9.99999e-007	-1.86469	107.969
		*TM_ROTAXIS 0.704044	-0.092975	0.704044
		*TM_ROTANGLE 2.95618
		*TM_SCALE 1	1	1
		*TM_SCALEAXIS 0	0	0
		*TM_SCALEAXISANG 0	0	0
	}
}
*HELPEROBJECT {
	*NODE_NAME "Bip01 Spine1"
	*NODE_PARENT "Bip01 Spine"
	*NODE_TM {
		*NODE_NAME "Bip01 Spine1"
		*TM_ROW0 1.78814e-007	-0.0879481	0.996125
		*TM_ROW1 -1.09151e-006	-0.996125	-0.0879481
		*TM_ROW2 1	-1.09151e-006	1.78814e-007
		*TM_ROW3 6e-006	-6.55859	125.486
		*TM_POS 6e-006	-6.55859	125.486
		*TM_ROTAXIS 0.706764	-0.03114	0.706764
		*TM_ROTANGLE 3.07933
		*TM_SCALE 1	1	1
		*TM_SCALEAXIS 0	0	0
		*TM_SCALEAXISANG 0	0	0
	}
	*TM_ANIMATION {
		*NODE_NAME  "Bip01 Spine1"
		*CONTROL_POS_TRACK {
			*CONTROL_POS_SAMPLE 0	-0.00121725	-6.55762	125.486
			*CONTROL_POS_SAMPLE 4800	-0.283405	-6.54305	125.485
			*CONTROL_POS_SAMPLE 9600	-0.629999	-6.46549	125.486
			*CONTROL_POS_SAMPLE 14400	0.122084	-2.07542	125.488
			*CONTROL_POS_SAMPLE 19200	-0.204152	-2.08931	125.487
			*CONTROL_POS_SAMPLE 24000	1.19226	-2.02971	125.488
			*CONTROL_POS_SAMPLE 28800	0.152883	0.385616	125.487
			*CONTROL_POS_SAMPLE 33600	-0.268057	0.462853	125.488
			*CONTROL_POS_SAMPLE 38400	2.68054	0.506122	125.487
		}
		*CONTROL_ROT_TRACK {
			*CONTROL_ROT_SAMPLE 0	0.725916	-0.0148535	0.687623	3.00083
			*CONTROL_ROT_SAMPLE 4800	0.725916	-0.0148535	0.687623	3.00083
			*CONTROL_ROT_SAMPLE 9600	0.736705	-0.0670537	0.672881	3.11351
			*CONTROL_ROT_SAMPLE 14400	0.725329	-0.040733	0.687196	2.92831
			*CONTROL_ROT_SAMPLE 19200	0.72681	-0.0465967	0.685256	2.94089
			*CONTROL_ROT_SAMPLE 24000	0.719822	-0.0583958	0.691698	2.9647
			*CONTROL_ROT_SAMPLE 28800	-0.706321	-0.0116167	-0.707796	3.51745
			*CONTROL_ROT_SAMPLE 33600	0.726962	-0.0593156	0.684111	2.91701
			*CONTROL_ROT_SAMPLE 38400	0.710387	-0.108932	0.695331	3.01319
		}
		*CONTROL_SCALE_TRACK {
			*CONTROL_SCALE_SAMPLE	0	1	1	1	0	0	0	0
		}
	}
}
*HELPEROBJECT {
	*NODE_NAME "Bip01 Spine2"
	*NODE_PARENT "Bip01 Spine1"
	*NODE_TM {
		*NODE_NAME "Bip01 Spine2"
		*TM_ROW0 2.98023e-007	0.172863	0.984946
		*TM_ROW1 -1.42306e-006	-0.984946	0.172863
		*TM_ROW2 1	-1.42306e-006	2.98023e-007
		*TM_ROW3 8e-006	-8.13954	143.55
		*TM_POS 8e-006	-8.13954	143.55
		*TM_ROTAXIS 0.70577	0.061463	0.70577
		*TM_ROTANGLE 3.26437
		*TM_SCALE 1	1	1
		*TM_SCALEAXIS 0	0	0
		*TM_SCALEAXISANG 0	0	0
	}
	*TM_ANIMATION {
		*NODE_NAME  "Bip01 Spine2"
		*CONTROL_POS_TRACK {
			*CONTROL_POS_SAMPLE 0	1.05888	-8.68137	143.465
			*CONTROL_POS_SAMPLE 4800	0.777774	-8.66673	143.464
			*CONTROL_POS_SAMPLE 9600	0.926368	-8.58557	143.429
			*CONTROL_POS_SAMPLE 14400	1.26073	-5.75931	143.211
			*CONTROL_POS_SAMPLE 19200	0.99178	-5.76898	143.208
			*CONTROL_POS_SAMPLE 24000	1.98734	-5.7358	143.224
			*CONTROL_POS_SAMPLE 28800	0.741104	-4.02688	143.073
			*CONTROL_POS_SAMPLE 33600	0.978895	-3.83126	143.069
			*CONTROL_POS_SAMPLE 38400	2.92738	-3.89188	143.085
		}
		*CONTROL_ROT_TRACK {
			*CONTROL_ROT_SAMPLE 0	0.750163	0.0664849	0.657902	3.07122
			*CONTROL_ROT_SAMPLE 4800	0.758661	0.0355737	0.650513	3.14427
			*CONTROL_ROT_SAMPLE 9600	0.759205	-0.0712378	0.646941	3.39484
			*CONTROL_ROT_SAMPLE 14400	0.746154	-0.0255287	0.665284	2.8322
			*CONTROL_ROT_SAMPLE 19200	0.762694	-0.0741956	0.642489	2.94568
			*CONTROL_ROT_SAMPLE 24000	0.734777	-0.117131	0.668119	3.03301
			*CONTROL_ROT_SAMPLE 28800	0.72519	-0.027215	0.688011	2.50991
			*CONTROL_ROT_SAMPLE 33600	0.759539	-0.160573	0.630331	2.79886
			*CONTROL_ROT_SAMPLE 38400	0.694877	-0.28328	0.660983	3.04312
		}
		*CONTROL_SCALE_TRACK {
			*CONTROL_SCALE_SAMPLE	0	1	1	1	0	0	0	0
		}
	}
}
*HELPEROBJECT {
	*NODE_NAME "Bip01 Spine3"
	*NODE_PARENT "Bip01 Spine2"
	*NODE_TM {
		*NODE_NAME "Bip01 Spine3"
		*TM_ROW0 2.98023e-007	0.172863	0.984946
		*TM_ROW1 -1.42306e-006	-0.984946	0.172863
		*TM_ROW2 1	-1.42306e-006	2.98023e-007
		*TM_ROW3 4e-006	-4.98999	161.413
		*TM_POS 4e-006	-4.98999	161.413
		*TM_ROTAXIS 0.70577	0.061463	0.70577
		*TM_ROTANGLE 3.26437
		*TM_SCALE 1	1	1
		*TM_SCALEAXIS 0	0	0
		*TM_SCALEAXISANG 0	0	0
	}
	*TM_ANIMATION {
		*NODE_NAME  "Bip01 Spine3"
		*CONTROL_POS_TRACK {
			*CONTROL_POS_SAMPLE 0	3.34886	-7.70019	161.427
			*CONTROL_POS_SAMPLE 4800	3.51768	-7.64114	161.361
			*CONTROL_POS_SAMPLE 9600	3.94709	-7.56218	161.281
			*CONTROL_POS_SAMPLE 14400	3.69385	-10.0954	160.655
			*CONTROL_POS_SAMPLE 19200	4.09994	-10.0566	160.556
			*CONTROL_POS_SAMPLE 24000	3.4864	-10.1479	160.754
			*CONTROL_POS_SAMPLE 28800	3.33201	-12.033	159.143
			*CONTROL_POS_SAMPLE 33600	4.21466	-11.9569	158.961
			*CONTROL_POS_SAMPLE 38400	2.35674	-12.183	159.209
		}
		*CONTROL_ROT_TRACK {
			*CONTROL_ROT_SAMPLE 0	0.786178	0.175137	0.592664	3.06004
			*CONTROL_ROT_SAMPLE 4800	0.798239	0.0930157	0.595115	3.25772
			*CONTROL_ROT_SAMPLE 9600	0.787465	-0.0405385	0.615025	3.56541
			*CONTROL_ROT_SAMPLE 14400	0.736504	0.0378086	0.675376	2.52308
			*CONTROL_ROT_SAMPLE 19200	0.766259	-0.116399	0.6319	2.87261
			*CONTROL_ROT_SAMPLE 24000	0.703362	-0.185936	0.686083	3.02059
			*CONTROL_ROT_SAMPLE 28800	0.728717	-0.0543957	0.682651	2.25982
			*CONTROL_ROT_SAMPLE 33600	0.754642	-0.24056	0.610448	2.6668
			*CONTROL_ROT_SAMPLE 38400	0.6479	-0.40438	0.645526	3.01992
		}
		*CONTROL_SCALE_TRACK {
			*CONTROL_SCALE_SAMPLE	0	1	1	1	0	0	0	0
		}
	}
}
*HELPEROBJECT {
	*NODE_NAME "Bip01 Neck"
	*NODE_PARENT "Bip01 Spine3"
	*NODE_TM {
		*NODE_NAME "Bip01 Neck"
		*TM_ROW0 6.55651e-007	-0.826733	0.562595
		*TM_ROW1 -1.81794e-006	-0.562595	-0.826733
		*TM_ROW2 1	-5.36442e-007	-1.72853e-006
		*TM_ROW3 -1e-006	-1.85131	179.282
		*TM_POS -1e-006	-1.85131	179.282
		*TM_ROTAXIS 0.662278	-0.350396	0.662277
		*TM_ROTANGLE 2.46754
		*TM_SCALE 1	1	1
		*TM_SCALEAXIS 0	0	0
		*TM_SCALEAXISANG 0	0	0
	}
	*TM_ANIMATION {
		*NODE_NAME  "Bip01 Neck"
		*CONTROL_POS_TRACK {
			*CONTROL_POS_SAMPLE 0	7.65282	-3.58407	178.562
			*CONTROL_POS_SAMPLE 4800	8.53756	-3.70029	178.342
			*CONTROL_POS_SAMPLE 9600	8.91473	-4.07561	178.376
			*CONTROL_POS_SAMPLE 14400	6.76852	-16.2789	177.43
			*CONTROL_POS_SAMPLE 19200	7.53082	-16.2776	177.249
			*CONTROL_POS_SAMPLE 24000	3.36279	-16.3729	177.793
			*CONTROL_POS_SAMPLE 28800	7.5537	-22.7661	173.146
			*CONTROL_POS_SAMPLE 33600	7.59894	-23.2388	172.759
			*CONTROL_POS_SAMPLE 38400	-0.474792	-23.0712	173.441
		}
		*CONTROL_ROT_TRACK {
			*CONTROL_ROT_SAMPLE 0	0.883342	-0.028379	0.467868	2.60876
			*CONTROL_ROT_SAMPLE 4800	0.859431	-0.120284	0.4969	2.77947
			*CONTROL_ROT_SAMPLE 9600	0.792511	-0.250312	0.55612	3.04101
			*CONTROL_ROT_SAMPLE 14400	0.897338	-0.118989	0.425001	1.93589
			*CONTROL_ROT_SAMPLE 19200	0.796083	-0.418074	0.437569	2.16404
			*CONTROL_ROT_SAMPLE 24000	0.813757	-0.342143	0.469827	2.37075
			*CONTROL_ROT_SAMPLE 28800	0.889701	-0.2209	0.399545	1.62771
			*CONTROL_ROT_SAMPLE 33600	0.784179	-0.465758	0.410041	1.99397
			*CONTROL_ROT_SAMPLE 38400	0.598022	-0.594602	0.537417	2.26302
		}
		*CONTROL_SCALE_TRACK {
			*CONTROL_SCALE_SAMPLE	0	1	1	1	0	0	0	0
		}
	}
}
*HELPEROBJECT {
	*NODE_NAME "Bip01 Neck1"
	*NODE_PARENT "Bip01 Neck"
	*NODE_TM {
		*NODE_NAME "Bip01 Neck1"
		*TM_ROW0 1.90735e-006	-0.843235	0.537545
		*TM_ROW1 -1.96695e-006	-0.537545	-0.843235
		*TM_ROW2 1	5.36442e-007	-2.68221e-006
		*TM_ROW3 7.99999e-006	-8.02732	183.492
		*TM_POS 7.99999e-006	-8.02732	183.492
		*TM_ROTAXIS 0.65927	-0.361563	0.659268
		*TM_ROTANGLE 2.44772
		*TM_SCALE 1	1	1
		*TM_SCALEAXIS 0	0	0
		*TM_SCALEAXISANG 0	0	0
	}
	*TM_ANIMATION {
		*NODE_NAME  "Bip01 Neck1"
		*CONTROL_POS_TRACK {
			*CONTROL_POS_SAMPLE 0	12.0679	-5.70305	184.206
			*CONTROL_POS_SAMPLE 4800	12.2304	-6.50453	184.201
			*CONTROL_POS_SAMPLE 9600	10.8449	-7.44428	184.761
			*CONTROL_POS_SAMPLE 14400	12.264	-20.3267	180.472
			*CONTROL_POS_SAMPLE 19200	10.737	-22.865	178.723
			*CONTROL_POS_SAMPLE 24000	6.50269	-22.3889	180.923
			*CONTROL_POS_SAMPLE 28800	13.3779	-27.2995	174.312
			*CONTROL_POS_SAMPLE 33600	11.0122	-29.8818	172.981
			*CONTROL_POS_SAMPLE 38400	-0.865929	-30.5148	173.961
		}
		*CONTROL_ROT_TRACK {
			*CONTROL_ROT_SAMPLE 0	0.867419	0.0804703	0.491028	2.7284
			*CONTROL_ROT_SAMPLE 4800	0.85953	-0.0124073	0.510935	2.9052
			*CONTROL_ROT_SAMPLE 9600	0.816595	-0.149701	0.557461	3.17991
			*CONTROL_ROT_SAMPLE 14400	0.88166	-0.0410205	0.470099	2.01236
			*CONTROL_ROT_SAMPLE 19200	0.812651	-0.341894	0.471918	2.24172
			*CONTROL_ROT_SAMPLE 24000	0.819294	-0.331813	0.467608	2.67936
			*CONTROL_ROT_SAMPLE 28800	0.868348	-0.11131	0.483302	1.73033
			*CONTROL_ROT_SAMPLE 33600	0.807255	-0.360576	0.467252	2.09582
			*CONTROL_ROT_SAMPLE 38400	0.64461	-0.507197	0.572039	2.39173
		}
		*CONTROL_SCALE_TRACK {
			*CONTROL_SCALE_SAMPLE	0	1	1	1	0	0	0	0
		}
	}
}
*HELPEROBJECT {
	*NODE_NAME "Bip01 Neck2"
	*NODE_PARENT "Bip01 Neck1"
	*NODE_TM {
		*NODE_NAME "Bip01 Neck2"
		*TM_ROW0 1.90735e-006	-0.934839	0.355071
		*TM_ROW1 -2.05636e-006	-0.355071	-0.934839
		*TM_ROW2 1	9.53675e-007	-2.44379e-006
		*TM_ROW3 1.8e-005	-14.3278	187.515
		*TM_POS 1.8e-005	-14.3278	187.515
		*TM_ROTAXIS 0.635522	-0.438435	0.63552
		*TM_ROTANGLE 2.3152
		*TM_SCALE 1	1	1
		*TM_SCALEAXIS 0	0	0
		*TM_SCALEAXISANG 0	0	0
	}
	*TM_ANIMATION {
		*NODE_NAME  "Bip01 Neck2"
		*CONTROL_POS_TRACK {
			*CONTROL_POS_SAMPLE 0	15.9955	-6.17087	190.548
			*CONTROL_POS_SAMPLE 4800	15.8545	-7.54956	190.654
			*CONTROL_POS_SAMPLE 9600	13.3432	-9.10534	191.606
			*CONTROL_POS_SAMPLE 14400	17.3603	-23.8874	184.622
			*CONTROL_POS_SAMPLE 19200	14.0951	-28.9938	181.376
			*CONTROL_POS_SAMPLE 24000	9.32372	-27.7945	185.248
			*CONTROL_POS_SAMPLE 28800	18.7193	-31.702	177.131
			*CONTROL_POS_SAMPLE 33600	14.5781	-36.1678	174.887
			*CONTROL_POS_SAMPLE 38400	-0.955817	-37.6587	176.156
		}
		*CONTROL_ROT_TRACK {
			*CONTROL_ROT_SAMPLE 0	0.826804	-0.0355856	0.561363	2.93168
			*CONTROL_ROT_SAMPLE 4800	0.809185	-0.120804	0.575001	3.1207
			*CONTROL_ROT_SAMPLE 9600	0.750846	-0.251224	0.610833	3.40393
			*CONTROL_ROT_SAMPLE 14400	0.826726	-0.214241	0.520216	1.96889
			*CONTROL_ROT_SAMPLE 19200	0.711302	-0.479731	0.513719	2.26814
			*CONTROL_ROT_SAMPLE 24000	0.732831	-0.513954	0.445882	2.91254
			*CONTROL_ROT_SAMPLE 28800	0.798495	-0.263456	0.541291	1.76363
			*CONTROL_ROT_SAMPLE 33600	0.716941	-0.46436	0.519967	2.18579
			*CONTROL_ROT_SAMPLE 38400	-0.539532	0.580978	-0.609401	3.78316
		}
		*CONTROL_SCALE_TRACK {
			*CONTROL_SCALE_SAMPLE	0	1	1	1	0	0	0	0
		}
	}
}
*HELPEROBJECT {
	*NODE_NAME "Bip01 Head"
	*NODE_PARENT "Bip01 Neck2"
	*NODE_TM {
		*NODE_NAME "Bip01 Head"
		*TM_ROW0 -1.1921e-007	-0.216439	0.976296
		*TM_ROW1 -2.12342e-006	-0.976296	-0.216439
		*TM_ROW2 1	-2.12342e-006	-1.19209e-007
		*TM_ROW3 2.80001e-005	-21.315	190.169
		*TM_POS 2.80001e-005	-21.315	190.169
		*TM_ROTAXIS -0.704996	0.0772101	-0.704996
		*TM_ROTANGLE 3.2957
		*TM_SCALE 1	1	1
		*TM_SCALEAXIS 0	0	0
		*TM_SCALEAXISANG 0	0	0
	}
	*TM_ANIMATION {
		*NODE_NAME  "Bip01 Head"
		*CONTROL_POS_TRACK {
			*CONTROL_POS_SAMPLE 0	18.7916	-7.47987	197.354
			*CONTROL_POS_SAMPLE 4800	18.1685	-9.10011	197.589
			*CONTROL_POS_SAMPLE 9600	14.4079	-10.6924	198.831
			*CONTROL_POS_SAMPLE 14400	21.5507	-29.3084	187.607
			*CONTROL_POS_SAMPLE 19200	15.5047	-36.1251	183.114
			*CONTROL_POS_SAMPLE 24000	9.96841	-34.1067	189.196
			*CONTROL_POS_SAMPLE 28800	22.9647	-37.5469	179.049
			*CONTROL_POS_SAMPLE 33600	16.3233	-43.2658	176.448
			*CONTROL_POS_SAMPLE 38400	-3.02575	-44.6038	177.985
		}
		*CONTROL_ROT_TRACK {
			*CONTROL_ROT_SAMPLE 0	0.763682	0.192128	0.616341	3.13374
			*CONTROL_ROT_SAMPLE 4800	0.821622	0.0792679	0.564494	3.52321
			*CONTROL_ROT_SAMPLE 9600	0.82592	-0.250708	0.504976	4.1337
			*CONTROL_ROT_SAMPLE 14400	0.770414	0.111083	0.627791	2.7016
			*CONTROL_ROT_SAMPLE 19200	0.706771	-0.180136	0.684124	3.19705
			*CONTROL_ROT_SAMPLE 24000	0.67793	-0.424272	0.600336	3.69541
			*CONTROL_ROT_SAMPLE 28800	0.752413	-0.201479	0.627121	2.28359
			*CONTROL_ROT_SAMPLE 33600	-0.612875	0.425866	-0.665599	3.57185
			*CONTROL_ROT_SAMPLE 38400	0.635724	-0.613308	0.46873	3.14983
		}
		*CONTROL_SCALE_TRACK {
			*CONTROL_SCALE_SAMPLE	0	1	1	1	0	0	0	0
		}
	}
}
*HELPEROBJECT {
	*NODE_NAME "Bip01 R Clavicle"
	*NODE_PARENT "Bip01 Neck"
	*NODE_TM {
		*NODE_NAME "Bip01 R Clavicle"
		*TM_ROW0 -0.930679	-0.0635278	-0.36028
		*TM_ROW1 -7.37608e-007	0.984808	-0.173649
		*TM_ROW2 0.365838	-0.161611	-0.916539
		*TM_ROW3 -20.767	-1.85468	184.641
		*TM_POS -20.767	-1.85468	184.641
		*TM_ROTAXIS -0.016513	0.996059	-0.087144
		*TM_ROTANGLE 3.51468
		*TM_SCALE 1	1	1
		*TM_SCALEAXIS 0	0	0
		*TM_SCALEAXISANG 0	0	0
	}
	*TM_ANIMATION {
		*NODE_NAME  "Bip01 R Clavicle"
		*CONTROL_POS_TRACK {
			*CONTROL_POS_SAMPLE 0	-9.8172	-8.89096	189.815
			*CONTROL_POS_SAMPLE 4800	-9.81538	-3.83284	189.439
			*CONTROL_POS_SAMPLE 9600	-8.8108	3.80799	187.522
			*CONTROL_POS_SAMPLE 14400	-10.2161	-28.6648	181.686
			*CONTROL_POS_SAMPLE 19200	-11.8696	-20.1885	185.515
			*CONTROL_POS_SAMPLE 24000	-17.2753	-15.5296	183.571
			*CONTROL_POS_SAMPLE 28800	-8.55811	-36.8961	174.014
			*CONTROL_POS_SAMPLE 33600	-11.8351	-28.6493	180.042
			*CONTROL_POS_SAMPLE 38400	-20.0378	-17.692	180.395
		}
		*CONTROL_ROT_TRACK {
			*CONTROL_ROT_SAMPLE 0	-0.408324	0.912225	-0.0334257	2.92931
			*CONTROL_ROT_SAMPLE 4800	-0.287654	0.95643	-0.0499648	2.91489
			*CONTROL_ROT_SAMPLE 9600	-0.248747	0.962567	-0.107656	2.48442
			*CONTROL_ROT_SAMPLE 14400	-0.518411	0.837062	0.174863	3.11647
			*CONTROL_ROT_SAMPLE 19200	-0.259178	0.942848	0.20944	3.15892
			*CONTROL_ROT_SAMPLE 24000	-0.16338	0.969849	0.180833	3.31873
			*CONTROL_ROT_SAMPLE 28800	-0.478197	0.800461	0.361372	3.35234
			*CONTROL_ROT_SAMPLE 33600	-0.228139	0.904881	0.359364	3.22674
			*CONTROL_ROT_SAMPLE 38400	0.0116742	0.947421	0.319778	3.41784
		}
		*CONTROL_SCALE_TRACK {
			*CONTROL_SCALE_SAMPLE	0	1	1	1	0	0	0	0
		}
	}
}
*HELPEROBJECT {
	*NODE_NAME "Bip01 R UpperArm"
	*NODE_PARENT "Bip01 R Clavicle"
	*NODE_TM {
		*NODE_NAME "Bip01 R UpperArm"
		*TM_ROW0 -0.226576	0.326402	-0.917674
		*TM_ROW1 0.110598	0.944705	0.30871
		*TM_ROW2 0.967694	-0.0315468	-0.250147
		*TM_ROW3 -38.1611	-3.042	177.907
		*TM_POS -38.1611	-3.042	177.907
		*TM_ROTAXIS -0.176487	-0.977918	-0.111935
		*TM_ROTANGLE 1.84005
		*TM_SCALE 1	1	1
		*TM_SCALEAXIS 0	0	0
		*TM_SCALEAXISANG 0	0	0
	}
	*TM_ANIMATION {
		*NODE_NAME  "Bip01 R UpperArm"
		*CONTROL_POS_TRACK {
			*CONTROL_POS_SAMPLE 0	-21.9249	-22.5262	193.912
			*CONTROL_POS_SAMPLE 4800	-24.9732	-13.7752	193.987
			*CONTROL_POS_SAMPLE 9600	-21.5356	-2.98083	199.409
			*CONTROL_POS_SAMPLE 14400	-18.855	-44.9652	178.691
			*CONTROL_POS_SAMPLE 19200	-28.0448	-29.2548	183.182
			*CONTROL_POS_SAMPLE 24000	-34.6824	-20.8105	179.281
			*CONTROL_POS_SAMPLE 28800	-18.3801	-49.6337	164.496
			*CONTROL_POS_SAMPLE 33600	-28.5143	-35.7818	175.545
			*CONTROL_POS_SAMPLE 38400	-38.0139	-15.6568	175.703
		}
		*CONTROL_ROT_TRACK {
			*CONTROL_ROT_SAMPLE 0	0.756555	-0.598903	0.262562	3.11057
			*CONTROL_ROT_SAMPLE 4800	-0.510682	0.754559	-0.412122	3.22855
			*CONTROL_ROT_SAMPLE 9600	-0.24984	0.837149	-0.486582	3.23783
			*CONTROL_ROT_SAMPLE 14400	0.842071	-0.525034	0.123514	2.47261
			*CONTROL_ROT_SAMPLE 19200	-0.50477	0.839835	-0.199712	3.65377
			*CONTROL_ROT_SAMPLE 24000	-0.216573	0.9399	-0.263977	3.40192
			*CONTROL_ROT_SAMPLE 28800	0.597218	-0.795141	-0.105267	1.8183
			*CONTROL_ROT_SAMPLE 33600	-0.353314	0.92721	0.124303	4.16152
			*CONTROL_ROT_SAMPLE 38400	-0.234418	0.968016	0.0894058	3.85716
		}
		*CONTROL_SCALE_TRACK {
			*CONTROL_SCALE_SAMPLE	0	1	1	1	0	0	0	0
		}
	}
}
*HELPEROBJECT {
	*NODE_NAME "Bip01 R Forearm"
	*NODE_PARENT "Bip01 R UpperArm"
	*NODE_TM {
		*NODE_NAME "Bip01 R Forearm"
		*TM_ROW0 -0.227626	-0.535956	-0.812981
		*TM_ROW1 -0.10842	0.843657	-0.525823
		*TM_ROW2 0.967694	-0.0315472	-0.250146
		*TM_ROW3 -48.2433	11.4822	137.073
		*TM_POS -48.2433	11.4822	137.073
		*TM_ROTAXIS 0.260582	-0.938772	0.225397
		*TM_ROTANGLE 1.89342
		*TM_SCALE 1	1	1
		*TM_SCALEAXIS 0	0	0
		*TM_SCALEAXISANG 0	0	0
	}
	*TM_ANIMATION {
		*NODE_NAME  "Bip01 R Forearm"
		*CONTROL_POS_TRACK {
			*CONTROL_POS_SAMPLE 0	-15.4736	-63.2025	210.76
			*CONTROL_POS_SAMPLE 4800	-46.1361	-49.5965	209.767
			*CONTROL_POS_SAMPLE 9600	-60.2851	-23.6318	206.624
			*CONTROL_POS_SAMPLE 14400	2.54293	-83.4796	172.461
			*CONTROL_POS_SAMPLE 19200	-45.6118	-68.9165	173.264
			*CONTROL_POS_SAMPLE 24000	-73.5766	-41.6441	173.518
			*CONTROL_POS_SAMPLE 28800	-9.52252	-71.3993	126.71
			*CONTROL_POS_SAMPLE 33600	-43.3425	-53.2767	137.413
			*CONTROL_POS_SAMPLE 38400	-67.3066	-30.765	145.809
		}
		*CONTROL_ROT_TRACK {
			*CONTROL_ROT_SAMPLE 0	0.893838	-0.367401	0.25704	3.25676
			*CONTROL_ROT_SAMPLE 4800	0.747106	-0.528715	0.402855	3.35066
			*CONTROL_ROT_SAMPLE 9600	-0.522703	0.706665	-0.476872	2.90106
			*CONTROL_ROT_SAMPLE 14400	0.9018	-0.397103	0.170487	2.51466
			*CONTROL_ROT_SAMPLE 19200	-0.665877	0.703469	-0.248476	3.55619
			*CONTROL_ROT_SAMPLE 24000	-0.367172	0.886817	-0.280609	3.31127
			*CONTROL_ROT_SAMPLE 28800	0.806068	-0.576563	0.133523	1.82714
			*CONTROL_ROT_SAMPLE 33600	-0.617263	0.785288	-0.0480552	4.18491
			*CONTROL_ROT_SAMPLE 38400	-0.404273	0.914383	0.0216079	3.87708
		}
		*CONTROL_SCALE_TRACK {
			*CONTROL_SCALE_SAMPLE	0	1	1	1	0	0	0	0
		}
	}
}
*HELPEROBJECT {
	*NODE_NAME "Bip01 R Hand"
	*NODE_PARENT "Bip01 R Forearm"
	*NODE_TM {
		*NODE_NAME "Bip01 R Hand"
		*TM_ROW0 -0.227626	-0.535955	-0.812981
		*TM_ROW1 0.967607	-0.0308752	-0.250566
		*TM_ROW2 0.109191	-0.843682	0.525622
		*TM_ROW3 -59.4585	-14.9245	97.0171
		*TM_POS -59.4585	-14.9245	97.0171
		*TM_ROTAXIS -0.318728	-0.495556	0.807983
		*TM_ROTANGLE 1.94598
		*TM_SCALE 1	1	1
		*TM_SCALEAXIS 0	0	0
		*TM_SCALEAXISANG 0	0	0
	}
	*TM_ANIMATION {
		*NODE_NAME  "Bip01 R Hand"
		*CONTROL_POS_TRACK {
			*CONTROL_POS_SAMPLE 0	14.05	-94	235.406
			*CONTROL_POS_SAMPLE 4800	-39.9294	-83.976	244.509
			*CONTROL_POS_SAMPLE 9600	-81.6004	-53.9092	239.127
			*CONTROL_POS_SAMPLE 14400	35.16	-120.34	174.693
			*CONTROL_POS_SAMPLE 19200	-48.8672	-118.051	174.916
			*CONTROL_POS_SAMPLE 24000	-108.95	-75.8342	176.221
			*CONTROL_POS_SAMPLE 28800	18.1151	-106.468	105.88
			*CONTROL_POS_SAMPLE 33600	-39.921	-91.2277	106.179
			*CONTROL_POS_SAMPLE 38400	-89.8179	-61.7695	114.832
		}
		*CONTROL_ROT_TRACK {
			*CONTROL_ROT_SAMPLE 0	0.151695	-0.240295	0.958774	1.77419
			*CONTROL_ROT_SAMPLE 4800	0.00290893	0.0646117	-0.997906	4.14904
			*CONTROL_ROT_SAMPLE 9600	0.154706	-0.0241061	-0.987666	3.65638
			*CONTROL_ROT_SAMPLE 14400	-0.253904	-0.55998	0.788642	1.52389
			*CONTROL_ROT_SAMPLE 19200	0.324266	0.345241	-0.880716	4.06489
			*CONTROL_ROT_SAMPLE 24000	0.361916	0.200148	-0.910471	3.38344
			*CONTROL_ROT_SAMPLE 28800	-0.621076	-0.592703	0.512803	1.88963
			*CONTROL_ROT_SAMPLE 33600	0.544124	0.539507	-0.642542	3.85836
			*CONTROL_ROT_SAMPLE 38400	0.49096	0.465444	-0.736424	3.27592
		}
		*CONTROL_SCALE_TRACK {
			*CONTROL_SCALE_SAMPLE	0	1	1	1	0	0	0	0
		}
	}
}
*HELPEROBJECT {
	*NODE_NAME "Bip01 R Finger0"
	*NODE_PARENT "Bip01 R Hand"
	*NODE_TM {
		*NODE_NAME "Bip01 R Finger0"
		*TM_ROW0 -0.227626	-0.535955	-0.812981
		*TM_ROW1 0.967694	-0.0315475	-0.250146
		*TM_ROW2 0.10842	-0.843657	0.525821
		*TM_ROW3 -63.9724	-32.6734	67.1956
		*TM_POS -63.9724	-32.6734	67.1956
		*TM_ROTAXIS -0.318972	-0.495191	0.80811
		*TM_ROTANGLE 1.94623
		*TM_SCALE 1	1	1
		*TM_SCALEAXIS 0	0	0
		*TM_SCALEAXISANG 0	0	0
	}
	*TM_ANIMATION {
		*NODE_NAME  "Bip01 R Finger0"
		*CONTROL_POS_TRACK {
			*CONTROL_POS_SAMPLE 0	10.7663	-128.517	230.669
			*CONTROL_POS_SAMPLE 4800	-55.4815	-115.119	240.915
			*CONTROL_POS_SAMPLE 9600	-108.213	-74.2035	228.901
			*CONTROL_POS_SAMPLE 14400	41.8602	-140.96	147.223
			*CONTROL_POS_SAMPLE 19200	-60.5459	-136.857	147.811
			*CONTROL_POS_SAMPLE 24000	-131.706	-81.1777	150.177
			*CONTROL_POS_SAMPLE 28800	28.206	-104.867	72.4091
			*CONTROL_POS_SAMPLE 33600	-44.3524	-87.7379	71.6412
			*CONTROL_POS_SAMPLE 38400	-104.788	-50.5246	85.267
		}
		*CONTROL_ROT_TRACK {
			*CONTROL_ROT_SAMPLE 0	0.151389	-0.239938	0.958911	1.77407
			*CONTROL_ROT_SAMPLE 4800	0.00312086	0.0642279	-0.99793	4.14903
			*CONTROL_ROT_SAMPLE 9600	0.154805	-0.0244855	-0.987642	3.65626
			*CONTROL_ROT_SAMPLE 14400	-0.254281	-0.559619	0.788776	1.52409
			*CONTROL_ROT_SAMPLE 19200	0.324438	0.344881	-0.880794	4.06464
			*CONTROL_ROT_SAMPLE 24000	0.361957	0.199794	-0.910533	3.38316
			*CONTROL_ROT_SAMPLE 28800	-0.621247	-0.592404	0.512943	1.89011
			*CONTROL_ROT_SAMPLE 33600	0.544226	0.539218	-0.642699	3.85794
			*CONTROL_ROT_SAMPLE 38400	0.49098	0.465155	-0.736593	3.27554
		}
		*CONTROL_SCALE_TRACK {
			*CONTROL_SCALE_SAMPLE	0	1	1	1	0	0	0	0
		}
	}
}
*HELPEROBJECT {
	*NODE_NAME "ZS_RIGHTHAND"
	*NODE_PARENT "Bip01 R Hand"
	*NODE_TM {
		*NODE_NAME "ZS_RIGHTHAND"
		*TM_ROW0 -0.0919255	0.847042	-0.523517
		*TM_ROW1 0.0985439	0.530901	0.841685
		*TM_ROW2 0.990878	0.0257829	-0.132274
		*TM_ROW3 -57.3666	-39.9319	91.4154
		*TM_POS -57.3666	-39.9319	91.4154
		*TM_ROTAXIS -0.434918	-0.807251	-0.398988
		*TM_ROTANGLE 1.92479
		*TM_SCALE 1	1	1
		*TM_SCALEAXIS 0	0	0
		*TM_SCALEAXISANG 0	0	0
	}
	*TM_ANIMATION {
		*NODE_NAME  "ZS_RIGHTHAND"
		*CONTROL_POS_TRACK {
			*CONTROL_POS_SAMPLE 0	21.6883	-121.511	242.429
			*CONTROL_POS_SAMPLE 4800	-46.4503	-110.573	255.214
			*CONTROL_POS_SAMPLE 9600	-102.752	-73.3083	245.516
			*CONTROL_POS_SAMPLE 14400	49.6139	-143.011	162.793
			*CONTROL_POS_SAMPLE 19200	-55.6164	-144.067	162.992
			*CONTROL_POS_SAMPLE 24000	-132.088	-90.2227	165.169
			*CONTROL_POS_SAMPLE 28800	32.1548	-118.309	82.9182
			*CONTROL_POS_SAMPLE 33600	-42.1938	-103.264	79.4487
			*CONTROL_POS_SAMPLE 38400	-107.14	-66.6875	91.5878
		}
		*CONTROL_ROT_TRACK {
			*CONTROL_ROT_SAMPLE 0	0.148942	-0.445205	-0.882955	1.92385
			*CONTROL_ROT_SAMPLE 4800	0.294072	-0.498338	-0.815586	1.45357
			*CONTROL_ROT_SAMPLE 9600	0.435988	-0.575098	-0.692226	0.905398
			*CONTROL_ROT_SAMPLE 14400	-0.00350336	0.00667033	-0.999972	2.05718
			*CONTROL_ROT_SAMPLE 19200	-0.0427504	-0.0233265	-0.998813	1.26484
			*CONTROL_ROT_SAMPLE 24000	-0.182645	-0.101477	-0.977928	0.535127
			*CONTROL_ROT_SAMPLE 28800	-0.144814	0.429164	-0.891542	1.96693
			*CONTROL_ROT_SAMPLE 33600	-0.34776	0.415426	-0.840526	1.45047
			*CONTROL_ROT_SAMPLE 38400	-0.659032	0.394784	-0.640173	0.968647
		}
		*CONTROL_SCALE_TRACK {
			*CONTROL_SCALE_SAMPLE	0	1	1	1	0	0	0	0
		}
	}
}
*HELPEROBJECT {
	*NODE_NAME "Bip01 L Clavicle"
	*NODE_PARENT "Bip01 Neck"
	*NODE_TM {
		*NODE_NAME "Bip01 L Clavicle"
		*TM_ROW0 0.930678	-0.0635258	-0.36028
		*TM_ROW1 -1.46404e-006	0.984808	-0.173648
		*TM_ROW2 0.365838	0.161611	0.916539
		*TM_ROW3 20.767	-1.85461	184.641
		*TM_POS 20.767	-1.85461	184.641
		*TM_ROTAXIS 0.417874	-0.905048	0.079178
		*TM_ROTANGLE 0.412771
		*TM_SCALE 1	1	1
		*TM_SCALEAXIS 0	0	0
		*TM_SCALEAXISANG 0	0	0
	}
	*TM_ANIMATION {
		*NODE_NAME  "Bip01 L Clavicle"
		*CONTROL_POS_TRACK {
			*CONTROL_POS_SAMPLE 0	28.2318	2.37424	177.55
			*CONTROL_POS_SAMPLE 4800	29.9609	-3.09427	177.507
			*CONTROL_POS_SAMPLE 9600	28.9471	-11.6243	179.696
			*CONTROL_POS_SAMPLE 14400	26.3669	-9.00641	182.227
			*CONTROL_POS_SAMPLE 19200	28.9135	-17.7333	178.049
			*CONTROL_POS_SAMPLE 24000	23.5961	-22.5623	181.299
			*CONTROL_POS_SAMPLE 28800	26.9837	-16.0585	179.267
			*CONTROL_POS_SAMPLE 33600	28.8828	-25.8479	172.346
			*CONTROL_POS_SAMPLE 38400	16.6132	-36.0304	173.654
		}
		*CONTROL_ROT_TRACK {
			*CONTROL_ROT_SAMPLE 0	0.261505	-0.630089	-0.731165	0.847617
			*CONTROL_ROT_SAMPLE 4800	0.309788	-0.919729	0.241103	0.696726
			*CONTROL_ROT_SAMPLE 9600	0.219592	-0.322242	0.920836	1.03766
			*CONTROL_ROT_SAMPLE 14400	-0.450209	-0.698479	-0.556272	0.691471
			*CONTROL_ROT_SAMPLE 19200	-0.565768	-0.810725	0.150434	0.632229
			*CONTROL_ROT_SAMPLE 24000	-0.493137	-0.447331	0.746131	0.896559
			*CONTROL_ROT_SAMPLE 28800	-0.532172	-0.32968	-0.779811	1.05892
			*CONTROL_ROT_SAMPLE 33600	-0.740622	-0.670484	0.0439304	0.925802
			*CONTROL_ROT_SAMPLE 38400	-0.700295	-0.390591	0.597516	1.18633
		}
		*CONTROL_SCALE_TRACK {
			*CONTROL_SCALE_SAMPLE	0	1	1	1	0	0	0	0
		}
	}
}
*HELPEROBJECT {
	*NODE_NAME "Bip01 L UpperArm"
	*NODE_PARENT "Bip01 L Clavicle"
	*NODE_TM {
		*NODE_NAME "Bip01 L UpperArm"
		*TM_ROW0 0.226575	0.326403	-0.917674
		*TM_ROW1 -0.110602	0.944704	0.308709
		*TM_ROW2 0.967694	0.0315509	0.250147
		*TM_ROW3 38.1611	-3.04189	177.907
		*TM_POS 38.1611	-3.04189	177.907
		*TM_ROTAXIS -0.141762	-0.964335	-0.223521
		*TM_ROTANGLE 1.35849
		*TM_SCALE 1	1	1
		*TM_SCALEAXIS 0	0	0
		*TM_SCALEAXISANG 0	0	0
	}
	*TM_ANIMATION {
		*NODE_NAME  "Bip01 L UpperArm"
		*CONTROL_POS_TRACK {
			*CONTROL_POS_SAMPLE 0	41.0324	11.5773	167.513
			*CONTROL_POS_SAMPLE 4800	44.7127	-7.22704	166.802
			*CONTROL_POS_SAMPLE 9600	38.8889	-27.0963	176.368
			*CONTROL_POS_SAMPLE 14400	41.6336	-1.02741	174.977
			*CONTROL_POS_SAMPLE 19200	45.146	-17.7382	168.787
			*CONTROL_POS_SAMPLE 24000	36.9707	-31.9071	172.183
			*CONTROL_POS_SAMPLE 28800	38.8385	-1.6796	177.851
			*CONTROL_POS_SAMPLE 33600	44.2064	-22.803	162.089
			*CONTROL_POS_SAMPLE 38400	29.35	-43.1874	161.998
		}
		*CONTROL_ROT_TRACK {
			*CONTROL_ROT_SAMPLE 0	-0.0804948	-0.84177	-0.533801	1.43911
			*CONTROL_ROT_SAMPLE 4800	-0.418794	-0.867324	0.268999	0.840058
			*CONTROL_ROT_SAMPLE 9600	-0.00115697	-0.777526	0.62885	1.22417
			*CONTROL_ROT_SAMPLE 14400	0.0111912	-0.885917	-0.463709	1.13833
			*CONTROL_ROT_SAMPLE 19200	-0.645657	-0.752069	0.132362	1.19351
			*CONTROL_ROT_SAMPLE 24000	-0.478455	-0.706648	0.521276	1.21157
			*CONTROL_ROT_SAMPLE 28800	-0.458552	-0.579725	-0.673535	1.27898
			*CONTROL_ROT_SAMPLE 33600	-0.645626	-0.752091	0.132384	1.19349
			*CONTROL_ROT_SAMPLE 38400	-0.616869	-0.653749	0.438274	1.4641
		}
		*CONTROL_SCALE_TRACK {
			*CONTROL_SCALE_SAMPLE	0	1	1	1	0	0	0	0
		}
	}
}
*HELPEROBJECT {
	*NODE_NAME "Bip01 L Forearm"
	*NODE_PARENT "Bip01 L UpperArm"
	*NODE_TM {
		*NODE_NAME "Bip01 L Forearm"
		*TM_ROW0 0.240525	-0.41305	-0.878372
		*TM_ROW1 0.07561	0.910162	-0.407295
		*TM_ROW2 0.967694	0.0315509	0.250147
		*TM_ROW3 48.2432	11.4823	137.073
		*TM_POS 48.2432	11.4823	137.073
		*TM_ROTAXIS 0.223967	-0.942148	0.24939
		*TM_ROTANGLE 1.36901
		*TM_SCALE 1	1	1
		*TM_SCALEAXIS 0	0	0
		*TM_SCALEAXISANG 0	0	0
	}
	*TM_ANIMATION {
		*NODE_NAME  "Bip01 L Forearm"
		*CONTROL_POS_TRACK {
			*CONTROL_POS_SAMPLE 0	47.1255	37.7436	132.041
			*CONTROL_POS_SAMPLE 4800	77.0067	-10.7654	136.394
			*CONTROL_POS_SAMPLE 9600	54.0051	-53.3887	143.806
			*CONTROL_POS_SAMPLE 14400	60.2862	17.4498	139.051
			*CONTROL_POS_SAMPLE 19200	73.254	-9.56689	135.273
			*CONTROL_POS_SAMPLE 24000	59.2178	-43.8662	135.549
			*CONTROL_POS_SAMPLE 28800	58.305	35.4489	162.934
			*CONTROL_POS_SAMPLE 33600	72.3134	-14.6332	128.574
			*CONTROL_POS_SAMPLE 38400	49.2166	-46.5443	122.324
		}
		*CONTROL_ROT_TRACK {
			*CONTROL_ROT_SAMPLE 0	0.455843	-0.865652	0.207012	1.21213
			*CONTROL_ROT_SAMPLE 4800	0.134386	-0.477769	0.868146	1.82604
			*CONTROL_ROT_SAMPLE 9600	0.223181	-0.515764	0.827151	1.83786
			*CONTROL_ROT_SAMPLE 14400	0.336181	-0.9385	0.0787372	0.998963
			*CONTROL_ROT_SAMPLE 19200	-0.101541	-0.730623	0.675188	1.71169
			*CONTROL_ROT_SAMPLE 24000	-0.0395765	-0.585553	0.809667	1.95095
			*CONTROL_ROT_SAMPLE 28800	-0.356171	-0.865922	-0.351172	0.98113
			*CONTROL_ROT_SAMPLE 33600	-0.101511	-0.730614	0.675202	1.7117
			*CONTROL_ROT_SAMPLE 38400	-0.0927426	0.609922	-0.787016	3.60023
		}
		*CONTROL_SCALE_TRACK {
			*CONTROL_SCALE_SAMPLE	0	1	1	1	0	0	0	0
		}
	}
}
*HELPEROBJECT {
	*NODE_NAME "Bip01 L Hand"
	*NODE_PARENT "Bip01 L Forearm"
	*NODE_TM {
		*NODE_NAME "Bip01 L Hand"
		*TM_ROW0 0.240523	-0.41305	-0.878372
		*TM_ROW1 -0.967634	-0.0308247	-0.25047
		*TM_ROW2 0.0763812	0.910187	-0.407095
		*TM_ROW3 60.0939	-8.86877	93.7952
		*TM_POS 60.0939	-8.86877	93.7952
		*TM_ROTAXIS 0.724528	-0.595995	-0.346193
		*TM_ROTANGLE 2.21267
		*TM_SCALE 1	1	1
		*TM_SCALEAXIS 0	0	0
		*TM_SCALEAXISANG 0	0	0
	}
	*TM_ANIMATION {
		*NODE_NAME  "Bip01 L Hand"
		*CONTROL_POS_TRACK {
			*CONTROL_POS_SAMPLE 0	71.0646	15.5754	95.1218
			*CONTROL_POS_SAMPLE 4800	65.6812	-56.1155	120.817
			*CONTROL_POS_SAMPLE 9600	44.1047	-99.8651	130.791
			*CONTROL_POS_SAMPLE 14400	89.5045	7.05432	100.765
			*CONTROL_POS_SAMPLE 19200	66.9133	-38.3352	95.7799
			*CONTROL_POS_SAMPLE 24000	41.0406	-79.3446	106.595
			*CONTROL_POS_SAMPLE 28800	88.4776	56.5737	130.211
			*CONTROL_POS_SAMPLE 33600	65.9727	-43.4023	89.0821
			*CONTROL_POS_SAMPLE 38400	5.84202	-68.9961	115.842
		}
		*CONTROL_ROT_TRACK {
			*CONTROL_ROT_SAMPLE 0	0.833423	-0.471057	-0.288982	2.32323
			*CONTROL_ROT_SAMPLE 4800	-0.54321	0.80627	-0.234203	3.87234
			*CONTROL_ROT_SAMPLE 9600	-0.581804	0.792235	-0.184031	3.75884
			*CONTROL_ROT_SAMPLE 14400	0.852081	-0.399902	-0.337691	2.07776
			*CONTROL_ROT_SAMPLE 19200	0.478275	-0.877543	-0.0342145	2.05265
			*CONTROL_ROT_SAMPLE 24000	-0.411167	0.899959	-0.144969	4.00818
			*CONTROL_ROT_SAMPLE 28800	0.753643	-0.256271	-0.605266	1.4678
			*CONTROL_ROT_SAMPLE 33600	0.478286	-0.877538	-0.0341995	2.05269
			*CONTROL_ROT_SAMPLE 38400	-0.225617	0.966426	-0.122952	3.33584
		}
		*CONTROL_SCALE_TRACK {
			*CONTROL_SCALE_SAMPLE	0	1	1	1	0	0	0	0
		}
	}
}
*HELPEROBJECT {
	*NODE_NAME "Bip01 L Finger0"
	*NODE_PARENT "Bip01 L Hand"
	*NODE_TM {
		*NODE_NAME "Bip01 L Finger0"
		*TM_ROW0 0.240524	-0.41305	-0.878372
		*TM_ROW1 -0.967694	-0.0315497	-0.250147
		*TM_ROW2 0.0756107	0.910162	-0.407294
		*TM_ROW3 65.0173	-22.263	61.8409
		*TM_POS 65.0173	-22.263	61.8409
		*TM_ROTAXIS 0.724623	-0.595771	-0.34638
		*TM_ROTANGLE 2.21325
		*TM_SCALE 1	1	1
		*TM_SCALEAXIS 0	0	0
		*TM_SCALEAXISANG 0	0	0
	}
	*TM_ANIMATION {
		*NODE_NAME  "Bip01 L Finger0"
		*CONTROL_POS_TRACK {
			*CONTROL_POS_SAMPLE 0	84.7073	-0.207142	67.0246
			*CONTROL_POS_SAMPLE 4800	56.3727	-86.6695	106.518
			*CONTROL_POS_SAMPLE 9600	35.2262	-131.408	118.508
			*CONTROL_POS_SAMPLE 14400	107.113	-0.0619309	71.3715
			*CONTROL_POS_SAMPLE 19200	60.983	-55.6645	65.9601
			*CONTROL_POS_SAMPLE 24000	27.3211	-101.766	83.493
			*CONTROL_POS_SAMPLE 28800	106.764	73.1396	105.394
			*CONTROL_POS_SAMPLE 33600	60.0416	-60.733	59.2637
			*CONTROL_POS_SAMPLE 38400	-25.9825	-81.9024	109.111
		}
		*CONTROL_ROT_TRACK {
			*CONTROL_ROT_SAMPLE 0	0.833474	-0.470881	-0.289123	2.32387
			*CONTROL_ROT_SAMPLE 4800	-0.543314	0.806296	-0.233875	3.87192
			*CONTROL_ROT_SAMPLE 9600	-0.581885	0.792249	-0.183713	3.7584
			*CONTROL_ROT_SAMPLE 14400	0.852143	-0.399695	-0.33778	2.07841
			*CONTROL_ROT_SAMPLE 19200	0.478455	-0.877432	-0.0345481	2.05302
			*CONTROL_ROT_SAMPLE 24000	-0.411314	0.899949	-0.144613	4.00786
			*CONTROL_ROT_SAMPLE 28800	0.753827	-0.255956	-0.60517	1.46837
			*CONTROL_ROT_SAMPLE 33600	0.478465	-0.877427	-0.0345331	2.05306
			*CONTROL_ROT_SAMPLE 38400	-0.225653	0.966465	-0.122579	3.33567
		}
		*CONTROL_SCALE_TRACK {
			*CONTROL_SCALE_SAMPLE	0	1	1	1	0	0	0	0
		}
	}
}
*HELPEROBJECT {
	*NODE_NAME "ZS_LEFTHAND"
	*NODE_PARENT "Bip01 L Hand"
	*NODE_TM {
		*NODE_NAME "ZS_LEFTHAND"
		*TM_ROW0 -0.0590281	-0.912622	0.404521
		*TM_ROW1 0.111153	-0.408716	-0.905867
		*TM_ROW2 0.992049	-0.00850807	0.125566
		*TM_ROW3 59.611	-32.9569	84.9709
		*TM_POS 59.611	-32.9569	84.9709
		*TM_ROTAXIS -0.605198	0.396241	-0.690455
		*TM_ROTANGLE 3.97671
		*TM_SCALE 1	1	1
		*TM_SCALEAXIS 0	0	0
		*TM_SCALEAXISANG 0	0	0
	}
}
*HELPEROBJECT {
	*NODE_NAME "ZS_CROSSBOW"
	*NODE_PARENT "Bip01 Spine3"
	*NODE_TM {
		*NODE_NAME "ZS_CROSSBOW"
		*TM_ROW0 -0.405534	-0.0900488	-0.909634
		*TM_ROW1 0.862856	0.290741	-0.413461
		*TM_ROW2 0.301699	-0.952555	-0.0402061
		*TM_ROW3 -22.0241	17.4491	156.732
		*TM_POS -22.0241	17.4491	156.732
		*TM_ROTAXIS 0.330169	0.741883	-0.583608
		*TM_ROTANGLE 4.09673
		*TM_SCALE 1	1	1
		*TM_SCALEAXIS 0	0	0
		*TM_SCALEAXISANG 0	0	0
	}
}
*HELPEROBJECT {
	*NODE_NAME "Bip01 L Thigh"
	*NODE_PARENT "Bip01 Spine"
	*NODE_TM {
		*NODE_NAME "Bip01 L Thigh"
		*TM_ROW0 0.053579	-0.575272	-0.816206
		*TM_ROW1 -0.0377807	-0.817963	0.57403
		*TM_ROW2 -0.997849	8.09121e-005	-0.0655597
		*TM_ROW3 18.9348	6.04516e-005	100.39
		*TM_POS 18.9348	6.04516e-005	100.39
		*TM_ROTAXIS 0.711181	-0.225074	-0.666006
		*TM_ROTANGLE 3.55695
		*TM_SCALE 1	1	1
		*TM_SCALEAXIS 0	0	0
		*TM_SCALEAXISANG 0	0	0
	}
}
*HELPEROBJECT {
	*NODE_NAME "Bip01 L Calf"
	*NODE_PARENT "Bip01 L Thigh"
	*NODE_TM {
		*NODE_NAME "Bip01 L Calf"
		*TM_ROW0 0.0442902	0.738124	-0.67321
		*TM_ROW1 0.0483363	-0.674665	-0.73654
		*TM_ROW2 -0.997849	8.10328e-005	-0.0655593
		*TM_ROW3 21.1926	-24.2423	65.9946
		*TM_POS 21.1926	-24.2423	65.9946
		*TM_ROTAXIS 0.694861	0.306235	-0.650683
		*TM_ROTANGLE 2.58293
		*TM_SCALE 1	1	1
		*TM_SCALEAXIS 0	0	0
		*TM_SCALEAXISANG 0	0	0
	}
}
*HELPEROBJECT {
	*NODE_NAME "Bip01 L HorseLink"
	*NODE_PARENT "Bip01 L Calf"
	*NODE_TM {
		*NODE_NAME "Bip01 L HorseLink"
		*TM_ROW0 0.0655604	0.00141326	-0.997848
		*TM_ROW1 1.15718e-005	-0.999999	-0.00141548
		*TM_ROW2 -0.997849	8.1244e-005	-0.06556
		*TM_ROW3 22.6569	0.160504	43.7379
		*TM_POS 22.6569	0.160504	43.7379
		*TM_ROTAXIS 0.729918	0.00048801	-0.683535
		*TM_ROTANGLE 3.14057
		*TM_SCALE 1	1	1
		*TM_SCALEAXIS 0	0	0
		*TM_SCALEAXISANG 0	0	0
	}
}
*HELPEROBJECT {
	*NODE_NAME "Bip01 L Foot"
	*NODE_PARENT "Bip01 L HorseLink"
	*NODE_TM {
		*NODE_NAME "Bip01 L Foot"
		*TM_ROW0 -1.15149e-006	-1.43094e-006	-1
		*TM_ROW1 0.17365	-0.984807	1.25858e-006
		*TM_ROW2 -0.984807	-0.17365	1.57511e-006
		*TM_ROW3 24.2903	0.195716	18.8773
		*TM_POS 24.2903	0.195716	18.8773
		*TM_ROTAXIS 0.705757	0.061746	-0.705758
		*TM_ROTANGLE 3.26493
		*TM_SCALE 1	1	1
		*TM_SCALEAXIS 0	0	0
		*TM_SCALEAXISANG 0	0	0
	}
}
*HELPEROBJECT {
	*NODE_NAME "Bip01 L Toe0"
	*NODE_PARENT "Bip01 L Foot"
	*NODE_TM {
		*NODE_NAME "Bip01 L Toe0"
		*TM_ROW0 0.17365	-0.984807	8.26451e-007
		*TM_ROW1 8.23665e-007	9.46649e-007	1
		*TM_ROW2 -0.984808	-0.17365	1.00887e-006
		*TM_ROW3 30.6862	-36.0772	0.3113
		*TM_POS 30.6862	-36.0772	0.3113
		*TM_ROTAXIS -0.644401	0.540716	0.540716
		*TM_ROTANGLE 1.99673
		*TM_SCALE 1	1	1
		*TM_SCALEAXIS 0	0	0
		*TM_SCALEAXISANG 0	0	0
	}
}
*HELPEROBJECT {
	*NODE_NAME "Bip01 R Thigh"
	*NODE_PARENT "Bip01 Spine"
	*NODE_TM {
		*NODE_NAME "Bip01 R Thigh"
		*TM_ROW0 -0.0535765	-0.575272	-0.816206
		*TM_ROW1 0.0377831	-0.817962	0.57403
		*TM_ROW2 -0.997849	-8.41892e-005	0.0655594
		*TM_ROW3 -18.9348	6.04389e-006	100.39
		*TM_POS -18.9348	6.04389e-006	100.39
		*TM_ROTAXIS 0.6681	-0.211379	-0.713416
		*TM_ROTANGLE 3.58571
		*TM_SCALE 1	1	1
		*TM_SCALEAXIS 0	0	0
		*TM_SCALEAXISANG 0	0	0
	}
}
*HELPEROBJECT {
	*NODE_NAME "Bip01 R Calf"
	*NODE_PARENT "Bip01 R Thigh"
	*NODE_TM {
		*NODE_NAME "Bip01 R Calf"
		*TM_ROW0 -0.0442933	0.738124	-0.67321
		*TM_ROW1 -0.0483345	-0.674665	-0.73654
		*TM_ROW2 -0.997849	-8.4541e-005	0.06556
		*TM_ROW3 -21.1925	-24.2423	65.9946
		*TM_POS -21.1925	-24.2423	65.9946
		*TM_ROTAXIS 0.654459	0.288494	-0.698895
		*TM_ROTANGLE 2.54401
		*TM_SCALE 1	1	1
		*TM_SCALEAXIS 0	0	0
		*TM_SCALEAXISANG 0	0	0
	}
}
*HELPEROBJECT {
	*NODE_NAME "Bip01 R HorseLink"
	*NODE_PARENT "Bip01 R Calf"
	*NODE_TM {
		*NODE_NAME "Bip01 R HorseLink"
		*TM_ROW0 -0.0655601	0.00141258	-0.997848
		*TM_ROW1 -7.29476e-006	-0.999999	-0.00141515
		*TM_ROW2 -0.997849	-8.54982e-005	0.0655603
		*TM_ROW3 -22.6569	0.160446	43.7379
		*TM_POS -22.6569	0.160446	43.7379
		*TM_ROTAXIS 0.683535	0.000513978	-0.729918
		*TM_ROTANGLE 3.14062
		*TM_SCALE 1	1	1
		*TM_SCALEAXIS 0	0	0
		*TM_SCALEAXISANG 0	0	0
	}
}
*HELPEROBJECT {
	*NODE_NAME "Bip01 R Foot"
	*NODE_PARENT "Bip01 R HorseLink"
	*NODE_TM {
		*NODE_NAME "Bip01 R Foot"
		*TM_ROW0 -6.60007e-008	-1.2867e-006	-1
		*TM_ROW1 -0.173647	-0.984808	1.27949e-006
		*TM_ROW2 -0.984808	0.173647	-7.77815e-008
		*TM_ROW3 -24.2903	0.19563	18.8773
		*TM_POS -24.2903	0.19563	18.8773
		*TM_ROTAXIS 0.705758	-0.061746	-0.705757
		*TM_ROTANGLE 3.01826
		*TM_SCALE 1	1	1
		*TM_SCALEAXIS 0	0	0
		*TM_SCALEAXISANG 0	0	0
	}
}
*HELPEROBJECT {
	*NODE_NAME "Bip01 R Toe0"
	*NODE_PARENT "Bip01 R Foot"
	*NODE_TM {
		*NODE_NAME "Bip01 R Toe0"
		*TM_ROW0 -0.173647	-0.984808	1.12303e-006
		*TM_ROW1 -4.70441e-007	1.42826e-006	1
		*TM_ROW2 -0.984808	0.173647	-4.95014e-007
		*TM_ROW3 -30.6861	-36.0773	0.311313
		*TM_POS -30.6861	-36.0773	0.311313
		*TM_ROTAXIS -0.510274	0.608121	0.60812
		*TM_ROTANGLE 2.19793
		*TM_SCALE 1	1	1
		*TM_SCALEAXIS 0	0	0
		*TM_SCALEAXISANG 0	0	0
	}
}
*HELPEROBJECT {
	*NODE_NAME "ZS_SWORD"
	*NODE_PARENT "Bip01 Spine"
	*NODE_TM {
		*NODE_NAME "ZS_SWORD"
		*TM_ROW0 -0.103765	-0.493366	0.863611
		*TM_ROW1 0.0576065	-0.869821	-0.489992
		*TM_ROW2 0.992932	-0.00109431	0.118678
		*TM_ROW3 29.1669	-4.3507	116.705
		*TM_POS 29.1669	-4.3507	116.705
		*TM_ROTAXIS -0.653717	0.172919	-0.736718
		*TM_ROTANGLE 3.52484
		*TM_SCALE 1	1	1
		*TM_SCALEAXIS 0	0	0
		*TM_SCALEAXISANG 0	0	0
	}
}
*HELPEROBJECT {
	*NODE_NAME "ZS_LONGSWORD"
	*NODE_PARENT "Bip01 Spine"
	*NODE_TM {
		*NODE_NAME "ZS_LONGSWORD"
		*TM_ROW0 -0.103765	-0.493366	0.863611
		*TM_ROW1 0.0576065	-0.869821	-0.489992
		*TM_ROW2 0.992932	-0.00109431	0.118678
		*TM_ROW3 29.1669	-4.3507	116.705
		*TM_POS 29.1669	-4.3507	116.705
		*TM_ROTAXIS -0.653717	0.172919	-0.736718
		*TM_ROTANGLE 3.52484
		*TM_SCALE 1	1	1
		*TM_SCALEAXIS 0	0	0
		*TM_SCALEAXISANG 0	0	0
	}
}
