*3DSMAX_ASCIIEXPORT	110
*COMMENT "[ GothicSourcer v3.14 ] - June 2007"
*SCENE {
	*SCENE_FILENAME "DEM_LOOK_M01.MAX"
	*SCENE_FIRSTFRAME 0
	*SCENE_LASTFRAME 8
	*SCENE_FRAMESPEED 1
	*SCENE_TICKSPERFRAME 4800
	*SCENE_BACKGROUND_STATIC 0	0	0
	*SCENE_AMBIENT_STATIC 0.2	0.2	0.2
}
*HELPEROBJECT {
	*NODE_NAME "Bip01"
	*NODE_TM {
		*NODE_NAME "Bip01"
		*TM_ROW0 1.26759e-006	-1	0
		*TM_ROW1 1	1.26759e-006	0
		*TM_ROW2 -0	-0	1
		*TM_ROW3 0.005492	32.2142	120.378
		*TM_POS 0.005492	32.2142	120.378
		*TM_ROTAXIS 0	0	1
		*TM_ROTANGLE 1.5708
		*TM_SCALE 1	1	1
		*TM_SCALEAXIS 0	0	0
		*TM_SCALEAXISANG 0	0	0
	}
}
*HELPEROBJECT {
	*NODE_NAME "Bip01 Pelvis"
	*NODE_PARENT "Bip01"
	*NODE_TM {
		*NODE_NAME "Bip01 Pelvis"
		*TM_ROW0 -1.19209e-006	2.95918e-007	1
		*TM_ROW1 2.53251e-006	-1	2.95921e-007
		*TM_ROW2 1	2.53251e-006	1.66893e-006
		*TM_ROW3 0.005507	21.0385	120.378
		*TM_POS 0.005507	21.0385	120.378
		*TM_ROTAXIS -0.707106	-1e-006	-0.707107
		*TM_ROTANGLE 3.14159
		*TM_SCALE 1	1	1
		*TM_SCALEAXIS 0	0	0
		*TM_SCALEAXISANG 0	0	0
	}
}
*HELPEROBJECT {
	*NODE_NAME "Bip01 Spine"
	*NODE_PARENT "Bip01 Pelvis"
	*NODE_TM {
		*NODE_NAME "Bip01 Spine"
		*TM_ROW0 -5.96046e-008	-0.174432	0.984669
		*TM_ROW1 -1.2368e-006	-0.984669	-0.174432
		*TM_ROW2 1	-1.2368e-006	-5.96047e-008
		*TM_ROW3 0.005507	21.054	131.097
		*TM_POS 0.005507	21.054	131.097
		*TM_ROTAXIS 0.705745	-0.062028	0.705745
		*TM_ROTANGLE 3.0177
		*TM_SCALE 1	1	1
		*TM_SCALEAXIS 0	0	0
		*TM_SCALEAXISANG 0	0	0
	}
}
*HELPEROBJECT {
	*NODE_NAME "Bip01 Spine1"
	*NODE_PARENT "Bip01 Spine"
	*NODE_TM {
		*NODE_NAME "Bip01 Spine1"
		*TM_ROW0 -1.78814e-007	-0.259588	0.965719
		*TM_ROW1 -1.56462e-006	-0.965719	-0.259588
		*TM_ROW2 1	-1.56462e-006	-1.78814e-007
		*TM_ROW3 0.005512	17.6387	150.465
		*TM_POS 0.005512	17.6387	150.465
		*TM_ROTAXIS 0.704044	-0.092975	0.704044
		*TM_ROTANGLE 2.95618
		*TM_SCALE 1	1	1
		*TM_SCALEAXIS 0	0	0
		*TM_SCALEAXISANG 0	0	0
	}
}
*HELPEROBJECT {
	*NODE_NAME "Bip01 Spine2"
	*NODE_PARENT "Bip01 Spine1"
	*NODE_TM {
		*NODE_NAME "Bip01 Spine2"
		*TM_ROW0 9.53674e-007	-0.42334	0.905971
		*TM_ROW1 -2.25008e-006	-0.905971	-0.42334
		*TM_ROW2 1	-1.62423e-006	-1.78814e-006
		*TM_ROW3 0.005519	12.5478	169.464
		*TM_POS 0.005519	12.5478	169.464
		*TM_ROTAXIS 0.698544	-0.155156	0.698543
		*TM_ROTANGLE 2.83374
		*TM_SCALE 1	1	1
		*TM_SCALEAXIS 0	0	0
		*TM_SCALEAXISANG 0	0	0
	}
}
*HELPEROBJECT {
	*NODE_NAME "Bip01 Spine3"
	*NODE_PARENT "Bip01 Spine2"
	*NODE_TM {
		*NODE_NAME "Bip01 Spine3"
		*TM_ROW0 1.3113e-006	-0.500689	0.865627
		*TM_ROW1 -6.85453e-007	-0.865627	-0.500689
		*TM_ROW2 1	5.96052e-008	-1.37091e-006
		*TM_ROW3 0.005531	4.2359	187.288
		*TM_POS 0.005531	4.2359	187.288
		*TM_ROTAXIS 0.694709	-0.186443	0.694708
		*TM_ROTANGLE 2.77294
		*TM_SCALE 1	1	1
		*TM_SCALEAXIS 0	0	0
		*TM_SCALEAXISANG 0	0	0
	}
	*TM_ANIMATION {
		*NODE_NAME  "Bip01 Spine3"
		*CONTROL_POS_TRACK {
			*CONTROL_POS_SAMPLE 0	0.00135615	4.23731	187.285
			*CONTROL_POS_SAMPLE 4800	0.00554854	4.23779	187.286
			*CONTROL_POS_SAMPLE 9600	0.00893739	4.23732	187.285
			*CONTROL_POS_SAMPLE 14400	0.00148606	4.23581	187.288
			*CONTROL_POS_SAMPLE 19200	0.00559359	4.23635	187.289
			*CONTROL_POS_SAMPLE 24000	0.00856074	4.23585	187.288
			*CONTROL_POS_SAMPLE 28800	0.00148386	4.23429	187.29
			*CONTROL_POS_SAMPLE 33600	0.0053087	4.2347	187.291
			*CONTROL_POS_SAMPLE 38400	0.00861061	4.23491	187.29
		}
		*CONTROL_ROT_TRACK {
			*CONTROL_ROT_SAMPLE 0	-0.68052	0.0204943	-0.732443	3.53663
			*CONTROL_ROT_SAMPLE 4800	0.702359	-0.119702	0.701686	2.90847
			*CONTROL_ROT_SAMPLE 9600	0.714733	-0.191522	0.672663	3.06168
			*CONTROL_ROT_SAMPLE 14400	-0.687192	0.0950186	-0.720235	3.69255
			*CONTROL_ROT_SAMPLE 19200	0.694785	-0.187729	0.694285	2.77563
			*CONTROL_ROT_SAMPLE 24000	0.696159	-0.260947	0.668782	2.9317
			*CONTROL_ROT_SAMPLE 28800	-0.689823	0.159536	-0.706182	3.82087
			*CONTROL_ROT_SAMPLE 33600	0.683796	-0.255249	0.683572	2.6469
			*CONTROL_ROT_SAMPLE 38400	0.679066	-0.314454	0.663316	2.83173
		}
		*CONTROL_SCALE_TRACK {
			*CONTROL_SCALE_SAMPLE	0	1	1	1	0	0	0	0
		}
	}
}
*HELPEROBJECT {
	*NODE_NAME "Bip01 Neck"
	*NODE_PARENT "Bip01 Spine3"
	*NODE_TM {
		*NODE_NAME "Bip01 Neck"
		*TM_ROW0 1.2517e-006	-0.998406	0.0564403
		*TM_ROW1 -2.38419e-006	-0.0564402	-0.998406
		*TM_ROW2 1	1.04308e-006	-2.38419e-006
		*TM_ROW3 0.005544	-5.61036	204.318
		*TM_POS 0.005544	-5.61036	204.318
		*TM_ROTAXIS 0.587916	-0.555619	0.587914
		*TM_ROTANGLE 2.1273
		*TM_SCALE 1	1	1
		*TM_SCALEAXIS 0	0	0
		*TM_SCALEAXISANG 0	0	0
	}
	*TM_ANIMATION {
		*NODE_NAME  "Bip01 Neck"
		*CONTROL_POS_TRACK {
			*CONTROL_POS_SAMPLE 0	-0.638508	-1.82864	205.984
			*CONTROL_POS_SAMPLE 4800	0.0119487	-2.20742	205.868
			*CONTROL_POS_SAMPLE 9600	0.467112	-2.1891	205.868
			*CONTROL_POS_SAMPLE 14400	0.44376	-5.55508	204.342
			*CONTROL_POS_SAMPLE 19200	-0.000555324	-5.6078	204.318
			*CONTROL_POS_SAMPLE 24000	-0.372637	-5.56908	204.336
			*CONTROL_POS_SAMPLE 28800	1.33848	-8.33649	202.359
			*CONTROL_POS_SAMPLE 33600	-0.0148693	-8.59884	202.196
			*CONTROL_POS_SAMPLE 38400	-1.01473	-7.93924	202.705
		}
		*CONTROL_ROT_TRACK {
			*CONTROL_ROT_SAMPLE 0	-0.689717	0.153963	-0.707521	3.81001
			*CONTROL_ROT_SAMPLE 4800	0.683628	-0.256013	0.683454	2.64551
			*CONTROL_ROT_SAMPLE 9600	0.674668	-0.32701	0.661731	2.80835
			*CONTROL_ROT_SAMPLE 14400	0.676377	-0.370791	0.636418	2.09217
			*CONTROL_ROT_SAMPLE 19200	-0.628853	0.456541	-0.629377	3.99336
			*CONTROL_ROT_SAMPLE 24000	-0.588491	0.518954	-0.619971	3.82419
			*CONTROL_ROT_SAMPLE 28800	0.676079	-0.372922	0.635489	2.0888
			*CONTROL_ROT_SAMPLE 33600	-0.627143	0.461166	-0.627709	4.00106
			*CONTROL_ROT_SAMPLE 38400	-0.593214	0.51036	-0.622599	3.80898
		}
		*CONTROL_SCALE_TRACK {
			*CONTROL_SCALE_SAMPLE	0	1	1	1	0	0	0	0
		}
	}
}
*HELPEROBJECT {
	*NODE_NAME "Bip01 Neck1"
	*NODE_PARENT "Bip01 Neck"
	*NODE_TM {
		*NODE_NAME "Bip01 Neck1"
		*TM_ROW0 7.15256e-007	-0.99965	0.0264661
		*TM_ROW1 -2.68221e-006	-0.0264662	-0.99965
		*TM_ROW2 1	7.15256e-007	-2.74181e-006
		*TM_ROW3 0.005555	-13.2888	204.758
		*TM_POS 0.005555	-13.2888	204.758
		*TM_ROTAXIS 0.582378	-0.567163	0.582376
		*TM_ROTANGLE 2.10975
		*TM_SCALE 1	1	1
		*TM_SCALEAXIS 0	0	0
		*TM_SCALEAXISANG 0	0	0
	}
	*TM_ANIMATION {
		*NODE_NAME  "Bip01 Neck1"
		*CONTROL_POS_TRACK {
			*CONTROL_POS_SAMPLE 0	-0.146407	-6.65314	211.951
			*CONTROL_POS_SAMPLE 4800	0.0030885	-7.23343	211.687
			*CONTROL_POS_SAMPLE 9600	0.00916613	-7.14844	211.726
			*CONTROL_POS_SAMPLE 14400	1.88268	-12.6869	206.835
			*CONTROL_POS_SAMPLE 19200	-0.021951	-12.9101	206.731
			*CONTROL_POS_SAMPLE 24000	-1.60931	-12.746	206.807
			*CONTROL_POS_SAMPLE 28800	2.78535	-15.4817	204.814
			*CONTROL_POS_SAMPLE 33600	-0.0363439	-15.9318	204.52
			*CONTROL_POS_SAMPLE 38400	-2.22284	-15.0597	205.353
		}
		*CONTROL_ROT_TRACK {
			*CONTROL_ROT_SAMPLE 0	-0.685513	0.0713795	-0.724553	3.64395
			*CONTROL_ROT_SAMPLE 4800	0.696771	-0.172323	0.696287	2.80549
			*CONTROL_ROT_SAMPLE 9600	0.700946	-0.244374	0.670042	2.96277
			*CONTROL_ROT_SAMPLE 14400	0.674482	-0.383017	0.631167	2.07315
			*CONTROL_ROT_SAMPLE 19200	-0.624629	0.467938	-0.625198	4.01218
			*CONTROL_ROT_SAMPLE 24000	-0.582587	0.529488	-0.616632	3.84274
			*CONTROL_ROT_SAMPLE 28800	0.650701	-0.494599	0.57616	1.91162
			*CONTROL_ROT_SAMPLE 33600	-0.579103	0.572796	-0.580125	4.1776
			*CONTROL_ROT_SAMPLE 38400	-0.531031	0.612261	-0.585784	3.98553
		}
		*CONTROL_SCALE_TRACK {
			*CONTROL_SCALE_SAMPLE	0	1	1	1	0	0	0	0
		}
	}
}
*HELPEROBJECT {
	*NODE_NAME "Bip01 Neck2"
	*NODE_PARENT "Bip01 Neck1"
	*NODE_TM {
		*NODE_NAME "Bip01 Neck2"
		*TM_ROW0 1.93715e-006	-0.999994	-0.00352974
		*TM_ROW1 -3.18885e-006	0.00352971	-0.999994
		*TM_ROW2 1	1.93715e-006	-3.18885e-006
		*TM_ROW3 0.005565	-20.977	204.968
		*TM_POS 0.005565	-20.977	204.968
		*TM_ROTAXIS 0.576671	-0.578709	0.576668
		*TM_ROTANGLE 2.09236
		*TM_SCALE 1	1	1
		*TM_SCALEAXIS 0	0	0
		*TM_SCALEAXISANG 0	0	0
	}
	*TM_ANIMATION {
		*NODE_NAME  "Bip01 Neck2"
		*CONTROL_POS_TRACK {
			*CONTROL_POS_SAMPLE 0	-0.107221	-10.0367	218.856
			*CONTROL_POS_SAMPLE 4800	0.00085396	-10.7888	218.505
			*CONTROL_POS_SAMPLE 9600	-0.0609167	-10.6729	218.561
			*CONTROL_POS_SAMPLE 14400	3.36163	-19.8831	209.11
			*CONTROL_POS_SAMPLE 19200	-0.0439428	-20.2814	208.924
			*CONTROL_POS_SAMPLE 24000	-2.88035	-19.9886	209.061
			*CONTROL_POS_SAMPLE 28800	4.55903	-22.9626	205.082
			*CONTROL_POS_SAMPLE 33600	-0.0625502	-23.6238	204.636
			*CONTROL_POS_SAMPLE 38400	-3.72365	-22.5902	205.823
		}
		*CONTROL_ROT_TRACK {
			*CONTROL_ROT_SAMPLE 0	-0.68063	0.0214428	-0.732314	3.53866
			*CONTROL_ROT_SAMPLE 4800	0.702273	-0.12069	0.701603	2.90652
			*CONTROL_ROT_SAMPLE 9600	0.714493	-0.192521	0.672633	3.05981
			*CONTROL_ROT_SAMPLE 14400	0.672446	-0.395284	0.625753	2.05434
			*CONTROL_ROT_SAMPLE 19200	-0.620263	0.479356	-0.620879	4.03086
			*CONTROL_ROT_SAMPLE 24000	-0.576562	0.539987	-0.61318	3.86114
			*CONTROL_ROT_SAMPLE 28800	0.590235	-0.657762	0.467943	1.71251
			*CONTROL_ROT_SAMPLE 33600	0.492014	-0.717089	0.493665	1.90111
			*CONTROL_ROT_SAMPLE 38400	0.428709	-0.740235	0.517939	2.08769
		}
		*CONTROL_SCALE_TRACK {
			*CONTROL_SCALE_SAMPLE	0	1	1	1	0	0	0	0
		}
	}
}
*HELPEROBJECT {
	*NODE_NAME "Bip01 Head"
	*NODE_PARENT "Bip01 Neck2"
	*NODE_TM {
		*NODE_NAME "Bip01 Head"
		*TM_ROW0 5.96047e-007	-0.707106	0.707107
		*TM_ROW1 -2.02656e-006	-0.707108	-0.707106
		*TM_ROW2 1	-9.53674e-007	-1.96695e-006
		*TM_ROW3 0.005576	-28.6679	204.941
		*TM_POS 0.005576	-28.6679	204.941
		*TM_ROTAXIS 0.678599	-0.281085	0.678598
		*TM_ROTANGLE 2.59357
		*TM_SCALE 1	1	1
		*TM_SCALEAXIS 0	0	0
		*TM_SCALEAXISANG 0	0	0
	}
	*TM_ANIMATION {
		*NODE_NAME  "Bip01 Head"
		*CONTROL_POS_TRACK {
			*CONTROL_POS_SAMPLE 0	-0.351691	-12.4302	226.161
			*CONTROL_POS_SAMPLE 4800	0.00280113	-13.3308	225.764
			*CONTROL_POS_SAMPLE 9600	0.112881	-13.2073	225.819
			*CONTROL_POS_SAMPLE 14400	4.88019	-27.1386	211.159
			*CONTROL_POS_SAMPLE 19200	-0.0665263	-27.7168	210.889
			*CONTROL_POS_SAMPLE 24000	-4.18541	-27.2916	211.088
			*CONTROL_POS_SAMPLE 28800	6.53021	-29.9328	202.498
			*CONTROL_POS_SAMPLE 33600	-0.0915775	-30.8086	201.894
			*CONTROL_POS_SAMPLE 38400	-5.41247	-29.6997	203.425
		}
		*CONTROL_ROT_TRACK {
			*CONTROL_ROT_SAMPLE 0	0.737901	0.268508	0.619198	2.69819
			*CONTROL_ROT_SAMPLE 4800	-0.707101	4.06525e-005	-0.707113	3.14165
			*CONTROL_ROT_SAMPLE 9600	0.71577	-0.260535	0.647915	3.60467
			*CONTROL_ROT_SAMPLE 14400	0.575957	-0.00687933	0.817451	1.78038
			*CONTROL_ROT_SAMPLE 19200	0.67862	-0.281081	0.678579	2.59359
			*CONTROL_ROT_SAMPLE 24000	0.674362	-0.565256	0.475101	3.07764
			*CONTROL_ROT_SAMPLE 28800	0.624823	-0.153461	0.765537	1.65848
			*CONTROL_ROT_SAMPLE 33600	0.621547	-0.476852	0.621524	2.25163
			*CONTROL_ROT_SAMPLE 38400	-0.576997	0.652435	-0.491328	3.51861
		}
		*CONTROL_SCALE_TRACK {
			*CONTROL_SCALE_SAMPLE	0	1	1	1	0	0	0	0
		}
	}
}
*HELPEROBJECT {
	*NODE_NAME "Bip01 Ponytail1"
	*NODE_PARENT "Bip01 Head"
	*NODE_TM {
		*NODE_NAME "Bip01 Ponytail1"
		*TM_ROW0 0.173649	-0.951622	-0.253499
		*TM_ROW1 -0.000141799	0.257386	-0.966308
		*TM_ROW2 0.984807	0.167835	0.0445599
		*TM_ROW3 10.3871	-43.5718	189.863
		*TM_POS 10.3871	-43.5718	189.863
		*TM_ROTAXIS 0.587631	-0.641601	0.492988
		*TM_ROTANGLE 1.8361
		*TM_SCALE 1	1	1
		*TM_SCALEAXIS 0	0	0
		*TM_SCALEAXISANG 0	0	0
	}
	*TM_ANIMATION {
		*NODE_NAME  "Bip01 Ponytail1"
		*CONTROL_POS_TRACK {
			*CONTROL_POS_SAMPLE 0	21.0984	-22.1241	224.231
			*CONTROL_POS_SAMPLE 4800	10.3837	-34.5451	225.634
			*CONTROL_POS_SAMPLE 9600	-5.61859	-36.0903	224.66
			*CONTROL_POS_SAMPLE 14400	27.6883	-25.6735	205.218
			*CONTROL_POS_SAMPLE 19200	10.3137	-42.6279	195.804
			*CONTROL_POS_SAMPLE 24000	-12.6633	-39.9435	193.04
			*CONTROL_POS_SAMPLE 28800	27.4375	-26.006	192.252
			*CONTROL_POS_SAMPLE 33600	10.2902	-36.1816	181.378
			*CONTROL_POS_SAMPLE 38400	-8.77441	-36.1031	180.949
		}
		*CONTROL_ROT_TRACK {
			*CONTROL_ROT_SAMPLE 0	0.545748	-0.826815	-0.136149	1.68693
			*CONTROL_ROT_SAMPLE 4800	0.230028	-0.95008	0.210796	1.53468
			*CONTROL_ROT_SAMPLE 9600	-0.0234124	-0.847417	0.530411	1.55954
			*CONTROL_ROT_SAMPLE 14400	0.420907	-0.837014	-0.349636	1.22968
			*CONTROL_ROT_SAMPLE 19200	0.141281	-0.981473	0.12942	1.50227
			*CONTROL_ROT_SAMPLE 24000	-0.126376	-0.944525	0.303153	1.81683
			*CONTROL_ROT_SAMPLE 28800	0.37367	-0.8871	-0.270968	1.22456
			*CONTROL_ROT_SAMPLE 33600	0.0215609	-0.999575	0.0196399	1.48402
			*CONTROL_ROT_SAMPLE 38400	-0.141935	-0.955256	0.259502	1.61042
		}
		*CONTROL_SCALE_TRACK {
			*CONTROL_SCALE_SAMPLE	0	1	1	1	0	0	0	0
		}
	}
}
*HELPEROBJECT {
	*NODE_NAME "Bip01 Ponytail11"
	*NODE_PARENT "Bip01 Ponytail1"
	*NODE_TM {
		*NODE_NAME "Bip01 Ponytail11"
		*TM_ROW0 -0.0631957	-0.423933	-0.903486
		*TM_ROW1 -0.134657	0.90064	-0.413178
		*TM_ROW2 0.988875	0.0955493	-0.114002
		*TM_ROW3 12.5778	-55.5793	186.673
		*TM_POS 12.5778	-55.5793	186.673
		*TM_ROTAXIS 0.256831	-0.955358	0.146041
		*TM_ROTANGLE 1.70952
		*TM_SCALE 1	1	1
		*TM_SCALEAXIS 0	0	0
		*TM_SCALEAXISANG 0	0	0
	}
	*TM_ANIMATION {
		*NODE_NAME  "Bip01 Ponytail11"
		*CONTROL_POS_TRACK {
			*CONTROL_POS_SAMPLE 0	23.8353	-26.7763	212.832
			*CONTROL_POS_SAMPLE 4800	11.4819	-39.8687	214.254
			*CONTROL_POS_SAMPLE 9600	-5.47605	-42.5397	213.822
			*CONTROL_POS_SAMPLE 14400	33.4003	-24.4839	194.037
			*CONTROL_POS_SAMPLE 19200	11.4119	-45.8963	183.673
			*CONTROL_POS_SAMPLE 24000	-15.4897	-41.7891	180.889
			*CONTROL_POS_SAMPLE 28800	32.8846	-25.5639	180.89
			*CONTROL_POS_SAMPLE 33600	11.3881	-36.6885	168.828
			*CONTROL_POS_SAMPLE 38400	-9.0149	-37.6061	168.433
		}
		*CONTROL_ROT_TRACK {
			*CONTROL_ROT_SAMPLE 0	0.299143	-0.897879	-0.322996	1.89514
			*CONTROL_ROT_SAMPLE 4800	-0.0238216	-0.997393	-0.0681113	1.58332
			*CONTROL_ROT_SAMPLE 9600	-0.275682	-0.927073	0.254038	1.41987
			*CONTROL_ROT_SAMPLE 14400	0.25717	-0.853388	-0.453424	1.7399
			*CONTROL_ROT_SAMPLE 19200	-0.0704036	-0.991642	-0.108114	1.58426
			*CONTROL_ROT_SAMPLE 24000	-0.355512	-0.920358	0.162951	1.58734
			*CONTROL_ROT_SAMPLE 28800	0.296291	-0.930115	-0.217019	1.71619
			*CONTROL_ROT_SAMPLE 33600	-0.0452713	-0.997304	-0.0577437	1.57376
			*CONTROL_ROT_SAMPLE 38400	-0.213161	-0.958752	0.188032	1.60304
		}
		*CONTROL_SCALE_TRACK {
			*CONTROL_SCALE_SAMPLE	0	1	1	1	0	0	0	0
		}
	}
}
*HELPEROBJECT {
	*NODE_NAME "Bip01 Ponytail12"
	*NODE_PARENT "Bip01 Ponytail11"
	*NODE_TM {
		*NODE_NAME "Bip01 Ponytail12"
		*TM_ROW0 0.328429	-0.643957	-0.69098
		*TM_ROW1 -0.148653	0.687204	-0.711093
		*TM_ROW2 0.932758	0.33626	0.129971
		*TM_ROW3 11.6158	-62.0488	172.906
		*TM_POS 11.6158	-62.0488	172.906
		*TM_ROTAXIS 0.52507	-0.814029	0.248311
		*TM_ROTANGLE 1.49793
		*TM_SCALE 1	1	1
		*TM_SCALEAXIS 0	0	0
		*TM_SCALEAXISANG 0	0	0
	}
	*TM_ANIMATION {
		*NODE_NAME  "Bip01 Ponytail12"
		*CONTROL_POS_TRACK {
			*CONTROL_POS_SAMPLE 0	20.7827	-27.5159	197.915
			*CONTROL_POS_SAMPLE 4800	11.2997	-38.4737	199.075
			*CONTROL_POS_SAMPLE 9600	-2.20466	-43.0666	198.943
			*CONTROL_POS_SAMPLE 14400	32.0189	-21.5853	179.132
			*CONTROL_POS_SAMPLE 19200	11.2831	-43.1785	168.67
			*CONTROL_POS_SAMPLE 24000	-13.7881	-39.2101	165.958
			*CONTROL_POS_SAMPLE 28800	32.2131	-27.1087	165.739
			*CONTROL_POS_SAMPLE 33600	11.3741	-35.1277	153.664
			*CONTROL_POS_SAMPLE 38400	-8.79562	-37.2644	153.194
		}
		*CONTROL_ROT_TRACK {
			*CONTROL_ROT_SAMPLE 0	0.339952	-0.87665	-0.340465	1.711
			*CONTROL_ROT_SAMPLE 4800	0.0251546	-0.999384	-0.0244842	1.40463
			*CONTROL_ROT_SAMPLE 9600	-0.219834	-0.907696	0.357435	1.28706
			*CONTROL_ROT_SAMPLE 14400	0.162401	-0.847242	-0.505774	1.94922
			*CONTROL_ROT_SAMPLE 19200	-0.228101	-0.946613	-0.2278	1.46062
			*CONTROL_ROT_SAMPLE 24000	-0.509435	-0.856143	0.0865719	1.41021
			*CONTROL_ROT_SAMPLE 28800	0.325805	-0.914025	-0.24168	1.54552
			*CONTROL_ROT_SAMPLE 33600	-0.026151	-0.999054	-0.0347406	1.39722
			*CONTROL_ROT_SAMPLE 38400	-0.185139	-0.951225	0.246766	1.44599
		}
		*CONTROL_SCALE_TRACK {
			*CONTROL_SCALE_SAMPLE	0	1	1	1	0	0	0	0
		}
	}
}
*HELPEROBJECT {
	*NODE_NAME "Bip01 Ponytail2"
	*NODE_PARENT "Bip01 Head"
	*NODE_TM {
		*NODE_NAME "Bip01 Ponytail2"
		*TM_ROW0 -0.342019	-0.903658	-0.257733
		*TM_ROW1 0.000270754	0.274179	-0.961679
		*TM_ROW2 0.939693	-0.328982	-0.0935297
		*TM_ROW3 -9.90131	-43.642	189.96
		*TM_POS -9.90131	-43.642	189.96
		*TM_ROTAXIS -0.388573	0.735404	-0.555151
		*TM_ROTANGLE 4.09282
		*TM_SCALE 1	1	1
		*TM_SCALEAXIS 0	0	0
		*TM_SCALEAXISANG 0	0	0
	}
	*TM_ANIMATION {
		*NODE_NAME  "Bip01 Ponytail2"
		*CONTROL_POS_TRACK {
			*CONTROL_POS_SAMPLE 0	5.79623	-34.9393	227.868
			*CONTROL_POS_SAMPLE 4800	-9.9044	-34.5258	225.752
			*CONTROL_POS_SAMPLE 9600	-21.0629	-23.1077	226.792
			*CONTROL_POS_SAMPLE 14400	16.0203	-37.0555	193.138
			*CONTROL_POS_SAMPLE 19200	-9.97423	-42.6976	195.901
			*CONTROL_POS_SAMPLE 24000	-26.3799	-30.0185	204.22
			*CONTROL_POS_SAMPLE 28800	13.8094	-36.1422	181.154
			*CONTROL_POS_SAMPLE 33600	-9.99809	-36.291	181.426
			*CONTROL_POS_SAMPLE 38400	-24.7708	-27.9672	190.412
		}
		*CONTROL_ROT_TRACK {
			*CONTROL_ROT_SAMPLE 0	0.529007	-0.847704	-0.0393645	1.90122
			*CONTROL_ROT_SAMPLE 4800	0.196196	-0.952256	0.233913	1.79318
			*CONTROL_ROT_SAMPLE 9600	-0.0755577	-0.88003	0.46887	1.86741
			*CONTROL_ROT_SAMPLE 14400	0.40462	-0.869281	-0.283959	1.39294
			*CONTROL_ROT_SAMPLE 19200	0.105441	-0.986446	0.125725	1.75876
			*CONTROL_ROT_SAMPLE 24000	0.167197	0.956351	-0.239662	4.09145
			*CONTROL_ROT_SAMPLE 28800	0.337117	-0.915231	-0.22069	1.48448
			*CONTROL_ROT_SAMPLE 33600	-0.00476022	-0.999973	-0.00555733	1.7453
			*CONTROL_ROT_SAMPLE 38400	-0.192716	-0.966439	0.169868	2.06077
		}
		*CONTROL_SCALE_TRACK {
			*CONTROL_SCALE_SAMPLE	0	1	1	1	0	0	0	0
		}
	}
}
*HELPEROBJECT {
	*NODE_NAME "Bip01 Ponytail21"
	*NODE_PARENT "Bip01 Ponytail2"
	*NODE_TM {
		*NODE_NAME "Bip01 Ponytail21"
		*TM_ROW0 0.114457	-0.462789	-0.879048
		*TM_ROW1 0.261409	0.86771	-0.422783
		*TM_ROW2 0.958418	-0.181401	0.220293
		*TM_ROW3 -14.2161	-55.0444	186.716
		*TM_POS -14.2161	-55.0444	186.716
		*TM_ROTAXIS 0.121314	-0.923477	0.363969
		*TM_ROTANGLE 1.46939
		*TM_SCALE 1	1	1
		*TM_SCALEAXIS 0	0	0
		*TM_SCALEAXISANG 0	0	0
	}
	*TM_ANIMATION {
		*NODE_NAME  "Bip01 Ponytail21"
		*CONTROL_POS_TRACK {
			*CONTROL_POS_SAMPLE 0	6.38496	-41.9677	217.411
			*CONTROL_POS_SAMPLE 4800	-12.0943	-40.2888	214.747
			*CONTROL_POS_SAMPLE 9600	-24.6622	-27.6865	215.603
			*CONTROL_POS_SAMPLE 14400	19.9571	-37.191	181.158
			*CONTROL_POS_SAMPLE 19200	-12.1648	-45.823	183.882
			*CONTROL_POS_SAMPLE 24000	-33.1646	-29.2966	193.614
			*CONTROL_POS_SAMPLE 28800	16.2116	-36.9353	168.802
			*CONTROL_POS_SAMPLE 33600	-12.1871	-36.1637	169.01
			*CONTROL_POS_SAMPLE 38400	-30.021	-26.4144	179.054
		}
		*CONTROL_ROT_TRACK {
			*CONTROL_ROT_SAMPLE 0	0.215398	-0.932573	-0.289675	1.83433
			*CONTROL_ROT_SAMPLE 4800	-0.130483	-0.991183	-0.0230377	1.55323
			*CONTROL_ROT_SAMPLE 9600	-0.398879	-0.854089	0.333808	1.36604
			*CONTROL_ROT_SAMPLE 14400	0.199539	-0.861304	-0.467269	1.62176
			*CONTROL_ROT_SAMPLE 19200	-0.12464	-0.990925	-0.0503274	1.57039
			*CONTROL_ROT_SAMPLE 24000	-0.39525	-0.881725	0.257563	1.64873
			*CONTROL_ROT_SAMPLE 28800	0.254016	-0.929918	-0.265949	1.68443
			*CONTROL_ROT_SAMPLE 33600	-0.107114	-0.991283	-0.0767164	1.57968
			*CONTROL_ROT_SAMPLE 38400	-0.289795	-0.935058	0.204171	1.62625
		}
		*CONTROL_SCALE_TRACK {
			*CONTROL_SCALE_SAMPLE	0	1	1	1	0	0	0	0
		}
	}
}
*HELPEROBJECT {
	*NODE_NAME "Bip01 Ponytail22"
	*NODE_PARENT "Bip01 Ponytail21"
	*NODE_TM {
		*NODE_NAME "Bip01 Ponytail22"
		*TM_ROW0 -0.154087	-0.70165	-0.695661
		*TM_ROW1 0.285225	0.642509	-0.711216
		*TM_ROW2 0.945994	-0.30801	0.101126
		*TM_ROW3 -12.4741	-62.1061	173.322
		*TM_POS -12.4741	-62.1061	173.322
		*TM_ROTAXIS 0.205988	-0.838679	0.504169
		*TM_ROTANGLE 1.77749
		*TM_SCALE 1	1	1
		*TM_SCALEAXIS 0	0	0
		*TM_SCALEAXISANG 0	0	0
	}
	*TM_ANIMATION {
		*NODE_NAME  "Bip01 Ponytail22"
		*CONTROL_POS_TRACK {
			*CONTROL_POS_SAMPLE 0	3.31075	-41.573	202.486
			*CONTROL_POS_SAMPLE 4800	-11.5726	-38.0106	199.684
			*CONTROL_POS_SAMPLE 9600	-19.6368	-28.5389	201.237
			*CONTROL_POS_SAMPLE 14400	19.8246	-32.8368	166.546
			*CONTROL_POS_SAMPLE 19200	-11.9229	-43.183	168.866
			*CONTROL_POS_SAMPLE 24000	-31.7907	-27.4917	178.536
			*CONTROL_POS_SAMPLE 28800	15.5834	-36.9253	153.571
			*CONTROL_POS_SAMPLE 33600	-12.1466	-33.3711	154.024
			*CONTROL_POS_SAMPLE 38400	-29.52	-25.171	163.869
		}
		*CONTROL_ROT_TRACK {
			*CONTROL_ROT_SAMPLE 0	0.290258	-0.932454	-0.215126	1.8759
			*CONTROL_ROT_SAMPLE 4800	-0.0553124	-0.997264	0.0490407	1.64254
			*CONTROL_ROT_SAMPLE 9600	-0.321437	-0.849165	0.419044	1.40457
			*CONTROL_ROT_SAMPLE 14400	0.139828	-0.857026	-0.495939	1.95669
			*CONTROL_ROT_SAMPLE 19200	-0.227915	-0.957534	-0.17659	1.68208
			*CONTROL_ROT_SAMPLE 24000	-0.523741	-0.836239	0.162481	1.54672
			*CONTROL_ROT_SAMPLE 28800	0.259419	-0.934699	-0.242981	1.76396
			*CONTROL_ROT_SAMPLE 33600	-0.096405	-0.992539	-0.0746437	1.66574
			*CONTROL_ROT_SAMPLE 38400	-0.288879	-0.928358	0.233882	1.52685
		}
		*CONTROL_SCALE_TRACK {
			*CONTROL_SCALE_SAMPLE	0	1	1	1	0	0	0	0
		}
	}
}
*HELPEROBJECT {
	*NODE_NAME "Bip01 L Clavicle"
	*NODE_PARENT "Bip01 Neck"
	*NODE_TM {
		*NODE_NAME "Bip01 L Clavicle"
		*TM_ROW0 0.853012	0.260947	-0.45197
		*TM_ROW1 -1.35601e-006	0.866026	0.5
		*TM_ROW2 0.521891	-0.426505	0.73873
		*TM_ROW3 22.2379	1.18985	208.388
		*TM_POS 22.2379	1.18985	208.388
		*TM_ROTAXIS -0.67664	-0.711225	-0.190574
		*TM_ROTANGLE 0.754106
		*TM_SCALE 1	1	1
		*TM_SCALEAXIS 0	0	0
		*TM_SCALEAXISANG 0	0	0
	}
}
*HELPEROBJECT {
	*NODE_NAME "Bip01 L UpperArm"
	*NODE_PARENT "Bip01 L Clavicle"
	*NODE_TM {
		*NODE_NAME "Bip01 L UpperArm"
		*TM_ROW0 0.476005	-0.0347258	-0.878757
		*TM_ROW1 0.0162555	0.999397	-0.0306877
		*TM_ROW2 0.879292	0.000322902	0.476282
		*TM_ROW3 45.8409	8.41029	195.882
		*TM_POS 45.8409	8.41029	195.882
		*TM_ROTAXIS 0.0176291	-0.999424	0.0289821
		*TM_ROTANGLE 1.07487
		*TM_SCALE 1	1	1
		*TM_SCALEAXIS 0	0	0
		*TM_SCALEAXISANG 0	0	0
	}
}
*HELPEROBJECT {
	*NODE_NAME "Bip01 L Forearm"
	*NODE_PARENT "Bip01 L UpperArm"
	*NODE_TM {
		*NODE_NAME "Bip01 L Forearm"
		*TM_ROW0 0.475984	-0.0360169	-0.878716
		*TM_ROW1 0.0168705	0.999351	-0.0318229
		*TM_ROW2 0.879292	0.000322876	0.476282
		*TM_ROW3 60.1284	7.36799	169.506
		*TM_POS 60.1284	7.36799	169.506
		*TM_ROTAXIS 0.018274	-0.999381	0.0300651
		*TM_ROTANGLE 1.07491
		*TM_SCALE 1	1	1
		*TM_SCALEAXIS 0	0	0
		*TM_SCALEAXISANG 0	0	0
	}
}
*HELPEROBJECT {
	*NODE_NAME "Bip01 L Hand"
	*NODE_PARENT "Bip01 L Forearm"
	*NODE_TM {
		*NODE_NAME "Bip01 L Hand"
		*TM_ROW0 0.232188	-0.0348738	-0.972046
		*TM_ROW1 -0.972511	0.00980563	-0.23265
		*TM_ROW2 0.0176448	0.999344	-0.0316382
		*TM_ROW3 76.4517	6.13283	139.371
		*TM_POS 76.4517	6.13283	139.371
		*TM_ROTAXIS 0.670468	-0.538603	-0.510275
		*TM_ROTANGLE 1.97667
		*TM_SCALE 1	1	1
		*TM_SCALEAXIS 0	0	0
		*TM_SCALEAXISANG 0	0	0
	}
}
*HELPEROBJECT {
	*NODE_NAME "Bip01 L Finger0"
	*NODE_PARENT "Bip01 L Hand"
	*NODE_TM {
		*NODE_NAME "Bip01 L Finger0"
		*TM_ROW0 -0.398276	-0.515546	-0.758676
		*TM_ROW1 -0.0260248	0.833124	-0.552474
		*TM_ROW2 0.916896	-0.200293	-0.34523
		*TM_ROW3 72.0769	-8.72793	127.78
		*TM_POS 72.0769	-8.72793	127.78
		*TM_ROTAXIS 0.197767	-0.940916	0.27489
		*TM_ROTANGLE 2.04338
		*TM_SCALE 1	1	1
		*TM_SCALEAXIS 0	0	0
		*TM_SCALEAXISANG 0	0	0
	}
}
*HELPEROBJECT {
	*NODE_NAME "Bip01 L Finger01"
	*NODE_PARENT "Bip01 L Finger0"
	*NODE_TM {
		*NODE_NAME "Bip01 L Finger01"
		*TM_ROW0 -0.395469	-0.339097	-0.853591
		*TM_ROW1 0.0539009	0.919182	-0.390126
		*TM_ROW2 0.916896	-0.200292	-0.34523
		*TM_ROW3 67.4577	-14.7072	118.981
		*TM_POS 67.4577	-14.7072	118.981
		*TM_ROTAXIS 0.104105	-0.970934	0.21552
		*TM_ROTANGLE 1.99408
		*TM_SCALE 1	1	1
		*TM_SCALEAXIS 0	0	0
		*TM_SCALEAXISANG 0	0	0
	}
}
*HELPEROBJECT {
	*NODE_NAME "Bip01 L Finger1"
	*NODE_PARENT "Bip01 L Hand"
	*NODE_TM {
		*NODE_NAME "Bip01 L Finger1"
		*TM_ROW0 -0.0463881	-0.13533	-0.989714
		*TM_ROW1 -0.99885	0.018273	0.0443177
		*TM_ROW2 0.0120875	0.990632	-0.136022
		*TM_ROW3 81.9046	-0.434605	112.578
		*TM_POS 81.9046	-0.434605	112.578
		*TM_ROTAXIS -0.581889	0.616008	0.530979
		*TM_ROTANGLE 4.09112
		*TM_SCALE 1	1	1
		*TM_SCALEAXIS 0	0	0
		*TM_SCALEAXISANG 0	0	0
	}
}
*HELPEROBJECT {
	*NODE_NAME "Bip01 L Finger11"
	*NODE_PARENT "Bip01 L Finger1"
	*NODE_TM {
		*NODE_NAME "Bip01 L Finger11"
		*TM_ROW0 -0.303329	-0.125989	-0.94452
		*TM_ROW1 -0.952809	0.0526768	0.298965
		*TM_ROW2 0.0120879	0.990632	-0.136022
		*TM_ROW3 81.188	-2.52523	97.2889
		*TM_POS 81.188	-2.52523	97.2889
		*TM_ROTAXIS -0.479916	0.663746	0.573692
		*TM_ROTANGLE 3.94628
		*TM_SCALE 1	1	1
		*TM_SCALEAXIS 0	0	0
		*TM_SCALEAXISANG 0	0	0
	}
}
*HELPEROBJECT {
	*NODE_NAME "Bip01 L Finger2"
	*NODE_PARENT "Bip01 L Hand"
	*NODE_TM {
		*NODE_NAME "Bip01 L Finger2"
		*TM_ROW0 -0.0361533	-0.0311973	-0.998859
		*TM_ROW1 -0.999204	0.0180022	0.0356036
		*TM_ROW2 0.0168709	0.999351	-0.0318232
		*TM_ROW3 83.0036	15.2951	112.335
		*TM_POS 83.0036	15.2951	112.335
		*TM_ROTAXIS -0.566171	0.596709	0.568673
		*TM_ROTANGLE 4.15969
		*TM_SCALE 1	1	1
		*TM_SCALEAXIS 0	0	0
		*TM_SCALEAXISANG 0	0	0
	}
}
*HELPEROBJECT {
	*NODE_NAME "Bip01 L Finger21"
	*NODE_PARENT "Bip01 L Finger2"
	*NODE_TM {
		*NODE_NAME "Bip01 L Finger21"
		*TM_ROW0 -0.217639	-0.0273944	-0.975645
		*TM_ROW1 -0.975883	0.0233862	0.217035
		*TM_ROW2 0.0168709	0.999351	-0.0318233
		*TM_ROW3 82.4432	14.8115	96.8516
		*TM_POS 82.4432	14.8115	96.8516
		*TM_ROTAXIS -0.495103	0.628132	0.600269
		*TM_ROTANGLE 4.05249
		*TM_SCALE 1	1	1
		*TM_SCALEAXIS 0	0	0
		*TM_SCALEAXISANG 0	0	0
	}
}
*HELPEROBJECT {
	*NODE_NAME "Bip01 R Clavicle"
	*NODE_PARENT "Bip01 Neck"
	*NODE_TM {
		*NODE_NAME "Bip01 R Clavicle"
		*TM_ROW0 -0.853013	0.260943	-0.451971
		*TM_ROW1 -1.63913e-006	0.866026	0.499999
		*TM_ROW2 0.52189	0.426507	-0.738731
		*TM_ROW3 -22.2268	1.18979	208.388
		*TM_POS -22.2268	1.18979	208.388
		*TM_ROTAXIS 0.072701	0.96337	0.258134
		*TM_ROTANGLE 3.67149
		*TM_SCALE 1	1	1
		*TM_SCALEAXIS 0	0	0
		*TM_SCALEAXISANG 0	0	0
	}
}
*HELPEROBJECT {
	*NODE_NAME "Bip01 R UpperArm"
	*NODE_PARENT "Bip01 R Clavicle"
	*NODE_TM {
		*NODE_NAME "Bip01 R UpperArm"
		*TM_ROW0 -0.476005	-0.0347273	-0.878756
		*TM_ROW1 -0.0162588	0.999397	-0.0306878
		*TM_ROW2 0.879292	-0.000320096	-0.476283
		*TM_ROW3 -45.8299	8.41016	195.882
		*TM_POS -45.8299	8.41016	195.882
		*TM_ROTAXIS 0.01727	-0.999796	0.010503
		*TM_ROTANGLE 2.0674
		*TM_SCALE 1	1	1
		*TM_SCALEAXIS 0	0	0
		*TM_SCALEAXISANG 0	0	0
	}
}
*HELPEROBJECT {
	*NODE_NAME "Bip01 R Forearm"
	*NODE_PARENT "Bip01 R UpperArm"
	*NODE_TM {
		*NODE_NAME "Bip01 R Forearm"
		*TM_ROW0 -0.475984	-0.0360192	-0.878716
		*TM_ROW1 -0.0168737	0.999352	-0.0318239
		*TM_ROW2 0.879292	-0.000320456	-0.476283
		*TM_ROW3 -60.1173	7.36782	169.506
		*TM_POS -60.1173	7.36782	169.506
		*TM_ROTAXIS 0.017916	-0.99978	0.010888
		*TM_ROTANGLE 2.06742
		*TM_SCALE 1	1	1
		*TM_SCALEAXIS 0	0	0
		*TM_SCALEAXISANG 0	0	0
	}
}
*HELPEROBJECT {
	*NODE_NAME "Bip01 R Hand"
	*NODE_PARENT "Bip01 R Forearm"
	*NODE_TM {
		*NODE_NAME "Bip01 R Hand"
		*TM_ROW0 -0.232187	-0.034874	-0.972046
		*TM_ROW1 0.972511	0.00980807	-0.23265
		*TM_ROW2 0.0176472	-0.999344	0.0316382
		*TM_ROW3 -76.4407	6.13262	139.371
		*TM_POS -76.4407	6.13262	139.371
		*TM_ROTAXIS 0.477125	0.615901	-0.626911
		*TM_ROTANGLE 4.07466
		*TM_SCALE 1	1	1
		*TM_SCALEAXIS 0	0	0
		*TM_SCALEAXISANG 0	0	0
	}
}
*HELPEROBJECT {
	*NODE_NAME "Bip01 R Finger0"
	*NODE_PARENT "Bip01 R Hand"
	*NODE_TM {
		*NODE_NAME "Bip01 R Finger0"
		*TM_ROW0 0.398277	-0.515545	-0.758676
		*TM_ROW1 0.0260224	0.833124	-0.552473
		*TM_ROW2 0.916896	0.200295	0.34523
		*TM_ROW3 -72.0658	-8.72814	127.78
		*TM_POS -72.0658	-8.72814	127.78
		*TM_ROTAXIS 0.393076	-0.87494	0.282792
		*TM_ROTANGLE 1.27833
		*TM_SCALE 1	1	1
		*TM_SCALEAXIS 0	0	0
		*TM_SCALEAXISANG 0	0	0
	}
}
*HELPEROBJECT {
	*NODE_NAME "Bip01 R Finger01"
	*NODE_PARENT "Bip01 R Finger0"
	*NODE_TM {
		*NODE_NAME "Bip01 R Finger01"
		*TM_ROW0 0.39547	-0.339096	-0.853591
		*TM_ROW1 -0.0539039	0.919182	-0.390127
		*TM_ROW2 0.916896	0.200295	0.34523
		*TM_ROW3 -67.4466	-14.7074	118.981
		*TM_POS -67.4466	-14.7074	118.981
		*TM_ROTAXIS 0.312723	-0.937756	0.151055
		*TM_ROTANGLE 1.23455
		*TM_SCALE 1	1	1
		*TM_SCALEAXIS 0	0	0
		*TM_SCALEAXISANG 0	0	0
	}
}
*HELPEROBJECT {
	*NODE_NAME "Bip01 R Finger1"
	*NODE_PARENT "Bip01 R Hand"
	*NODE_TM {
		*NODE_NAME "Bip01 R Finger1"
		*TM_ROW0 0.0463898	-0.135328	-0.989714
		*TM_ROW1 0.99885	0.018276	0.044319
		*TM_ROW2 0.0120904	-0.990633	0.13602
		*TM_ROW3 -81.8935	-0.434836	112.579
		*TM_POS -81.8935	-0.434836	112.579
		*TM_ROTAXIS -0.56452	-0.54644	0.618644
		*TM_ROTANGLE 1.98194
		*TM_SCALE 1	1	1
		*TM_SCALEAXIS 0	0	0
		*TM_SCALEAXISANG 0	0	0
	}
}
*HELPEROBJECT {
	*NODE_NAME "Bip01 R Finger11"
	*NODE_PARENT "Bip01 R Finger1"
	*NODE_TM {
		*NODE_NAME "Bip01 R Finger11"
		*TM_ROW0 0.303331	-0.125988	-0.94452
		*TM_ROW1 0.952809	0.0526786	0.298966
		*TM_ROW2 0.0120898	-0.990632	0.136022
		*TM_ROW3 -81.1768	-2.52546	97.2889
		*TM_POS -81.1768	-2.52546	97.2889
		*TM_ROTAXIS -0.66666	-0.494521	0.557686
		*TM_ROTANGLE 1.82759
		*TM_SCALE 1	1	1
		*TM_SCALEAXIS 0	0	0
		*TM_SCALEAXISANG 0	0	0
	}
}
*HELPEROBJECT {
	*NODE_NAME "Bip01 R Finger2"
	*NODE_PARENT "Bip01 R Hand"
	*NODE_TM {
		*NODE_NAME "Bip01 R Finger2"
		*TM_ROW0 0.036153	-0.0311962	-0.998859
		*TM_ROW1 0.999204	0.0180049	0.035603
		*TM_ROW2 0.0168735	-0.999352	0.0318224
		*TM_ROW3 -82.9925	15.2948	112.335
		*TM_POS -82.9925	15.2948	112.335
		*TM_ROTAXIS -0.581787	-0.570982	0.579227
		*TM_ROTANGLE 2.04543
		*TM_SCALE 1	1	1
		*TM_SCALEAXIS 0	0	0
		*TM_SCALEAXISANG 0	0	0
	}
}
*HELPEROBJECT {
	*NODE_NAME "Bip01 R Finger21"
	*NODE_PARENT "Bip01 R Finger2"
	*NODE_TM {
		*NODE_NAME "Bip01 R Finger21"
		*TM_ROW0 0.217638	-0.0273932	-0.975645
		*TM_ROW1 0.975884	0.0233891	0.217035
		*TM_ROW2 0.0168741	-0.999351	0.0318231
		*TM_ROW3 -82.4321	14.8112	96.8516
		*TM_POS -82.4321	14.8112	96.8516
		*TM_ROTAXIS -0.652872	-0.532716	0.53849
		*TM_ROTANGLE 1.9429
		*TM_SCALE 1	1	1
		*TM_SCALEAXIS 0	0	0
		*TM_SCALEAXISANG 0	0	0
	}
}
*HELPEROBJECT {
	*NODE_NAME "Bip01 Hold Wings"
	*NODE_PARENT "Bip01 Spine3"
	*NODE_TM {
		*NODE_NAME "Bip01 Hold Wings"
		*TM_ROW0 -5.96049e-008	1	2.30656e-007
		*TM_ROW1 2.98023e-007	2.17519e-008	1
		*TM_ROW2 1	2.98024e-007	-5.96044e-008
		*TM_ROW3 -9.99043e-007	17.5486	216.98
		*TM_POS -9.99043e-007	17.5486	216.98
		*TM_ROTAXIS 0.57735	0.57735	0.57735
		*TM_ROTANGLE 4.18879
		*TM_SCALE 1	1	1
		*TM_SCALEAXIS 0	0	0
		*TM_SCALEAXISANG 0	0	0
	}
}
*HELPEROBJECT {
	*NODE_NAME "Bip01 L-Wing01"
	*NODE_PARENT "Bip01 Hold Wings"
	*NODE_TM {
		*NODE_NAME "Bip01 L-Wing01"
		*TM_ROW0 1	6.4789e-013	2.3324e-013
		*TM_ROW1 -2.20317e-013	0.934622	-0.355642
		*TM_ROW2 -2.36045e-013	0.355642	0.934622
		*TM_ROW3 14.2424	21.7259	224.52
		*TM_POS 14.2424	21.7259	224.52
		*TM_ROTAXIS 1	6.59772e-013	-1.22062e-012
		*TM_ROTANGLE 0.363601
		*TM_SCALE 1	1	1
		*TM_SCALEAXIS 0	0	0
		*TM_SCALEAXISANG 0	0	0
	}
}
*HELPEROBJECT {
	*NODE_NAME "Bip01 L-Wing02"
	*NODE_PARENT "Bip01 L-Wing01"
	*NODE_TM {
		*NODE_NAME "Bip01 L-Wing02"
		*TM_ROW0 0.00988738	0.656039	-0.754662
		*TM_ROW1 -0.999887	0.0150693	-2.39607e-007
		*TM_ROW2 0.0113721	0.754577	0.656113
		*TM_ROW3 14.2424	30.0194	246.315
		*TM_POS 14.2424	30.0194	246.315
		*TM_ROTAXIS 0.382179	-0.387982	-0.838695
		*TM_ROTANGLE 1.73095
		*TM_SCALE 1	1	1
		*TM_SCALEAXIS 0	0	0
		*TM_SCALEAXISANG 0	0	0
	}
}
*HELPEROBJECT {
	*NODE_NAME "Bip01 L-Wing03"
	*NODE_PARENT "Bip01 L-Wing02"
	*NODE_TM {
		*NODE_NAME "Bip01 L-Wing03"
		*TM_ROW0 0.999976	1.01075e-007	-0.00695319
		*TM_ROW1 0.00101243	0.989341	0.145617
		*TM_ROW2 0.00687908	-0.14562	0.989317
		*TM_ROW3 14.638	56.2654	269.137
		*TM_POS 14.638	56.2654	269.137
		*TM_ROTAXIS -0.998868	-0.0474411	0.00347201
		*TM_ROTANGLE 0.146305
		*TM_SCALE 1	1	1
		*TM_SCALEAXIS 0	0	0
		*TM_SCALEAXISANG 0	0	0
	}
}
*HELPEROBJECT {
	*NODE_NAME "Bip01 L-Wing04"
	*NODE_PARENT "Bip01 L-Wing03"
	*NODE_TM {
		*NODE_NAME "Bip01 L-Wing04"
		*TM_ROW0 0.000182317	0.694112	-0.719868
		*TM_ROW1 -1	0.000262947	2.38398e-007
		*TM_ROW2 0.000189482	0.719868	0.694111
		*TM_ROW3 15.0331	47.9018	325.957
		*TM_POS 15.0331	47.9018	325.957
		*TM_ROTAXIS 0.364206	-0.364302	-0.85711
		*TM_ROTANGLE 1.72412
		*TM_SCALE 1	1	1
		*TM_SCALEAXIS 0	0	0
		*TM_SCALEAXISANG 0	0	0
	}
}
*HELPEROBJECT {
	*NODE_NAME "Bip01 L-Wing02X"
	*NODE_PARENT "Bip01 L-Wing02"
	*NODE_TM {
		*NODE_NAME "Bip01 L-Wing02X"
		*TM_ROW0 1.79434e-007	-0.1061	-0.994355
		*TM_ROW1 -1	1.78372e-007	-2.08307e-007
		*TM_ROW2 2.08192e-007	0.994355	-0.1061
		*TM_ROW3 14.4961	59.581	267.828
		*TM_POS 14.4961	59.581	267.828
		*TM_ROTAXIS 0.596746	-0.596746	-0.536459
		*TM_ROTANGLE 2.15682
		*TM_SCALE 1	1	1
		*TM_SCALEAXIS 0	0	0
		*TM_SCALEAXISANG 0	0	0
	}
}
*HELPEROBJECT {
	*NODE_NAME "Bip01 L-Wing01X"
	*NODE_PARENT "Bip01 L-Wing01"
	*NODE_TM {
		*NODE_NAME "Bip01 L-Wing01X"
		*TM_ROW0 -1	1.19876e-007	-3.02989e-007
		*TM_ROW1 -1.19877e-007	0.729303	0.684192
		*TM_ROW2 3.02989e-007	0.684192	-0.729302
		*TM_ROW3 14.4961	34.3268	242.705
		*TM_POS 14.4961	34.3268	242.705
		*TM_ROTAXIS -2.63626e-013	0.929866	0.367898
		*TM_ROTANGLE 3.14159
		*TM_SCALE 1	1	1
		*TM_SCALEAXIS 0	0	0
		*TM_SCALEAXISANG 0	0	0
	}
}
*HELPEROBJECT {
	*NODE_NAME "Bip01 R-Wing01X"
	*NODE_PARENT "Bip01 Hold Wings"
	*NODE_TM {
		*NODE_NAME "Bip01 R-Wing01X"
		*TM_ROW0 1	6.4789e-013	2.3324e-013
		*TM_ROW1 2.07883e-013	-0.934622	0.355642
		*TM_ROW2 2.02295e-013	-0.355642	-0.934622
		*TM_ROW3 -14.2424	21.7259	224.52
		*TM_POS -14.2424	21.7259	224.52
		*TM_ROTAXIS 1	2.21173e-013	1.12563e-013
		*TM_ROTANGLE 3.50519
		*TM_SCALE 1	1	1
		*TM_SCALEAXIS 0	0	0
		*TM_SCALEAXISANG 0	0	0
	}
}
*HELPEROBJECT {
	*NODE_NAME "Bip01 R-Wing02"
	*NODE_PARENT "Bip01 R-Wing01X"
	*NODE_TM {
		*NODE_NAME "Bip01 R-Wing02"
		*TM_ROW0 0.00988704	-0.656039	0.754662
		*TM_ROW1 -0.999887	-0.0150689	3.06132e-008
		*TM_ROW2 0.0113719	-0.754577	-0.656113
		*TM_ROW3 -14.2424	30.0194	246.315
		*TM_POS -14.2424	30.0194	246.315
		*TM_ROTAXIS 0.677603	-0.667468	0.308772
		*TM_ROTANGLE 3.73212
		*TM_SCALE 1	1	1
		*TM_SCALEAXIS 0	0	0
		*TM_SCALEAXISANG 0	0	0
	}
}
*HELPEROBJECT {
	*NODE_NAME "Bip01 R-Wing03"
	*NODE_PARENT "Bip01 R-Wing02"
	*NODE_TM {
		*NODE_NAME "Bip01 R-Wing03"
		*TM_ROW0 0.999976	-1.02716e-006	0.00695388
		*TM_ROW1 0.00101161	-0.989341	-0.145616
		*TM_ROW2 0.00687991	0.14562	-0.989317
		*TM_ROW3 -14.638	56.2654	269.137
		*TM_POS -14.638	56.2654	269.137
		*TM_ROTAXIS 0.999994	0.000254	0.003477
		*TM_ROTANGLE 2.99545
		*TM_SCALE 1	1	1
		*TM_SCALEAXIS 0	0	0
		*TM_SCALEAXISANG 0	0	0
	}
}
*HELPEROBJECT {
	*NODE_NAME "Bip01 R-Wing04"
	*NODE_PARENT "Bip01 R-Wing03"
	*NODE_TM {
		*NODE_NAME "Bip01 R-Wing04"
		*TM_ROW0 0.000182449	-0.694112	0.719867
		*TM_ROW1 -1	-0.000262797	-1.17982e-007
		*TM_ROW2 0.000189335	-0.719867	-0.694112
		*TM_ROW3 -15.0331	47.9019	325.957
		*TM_POS -15.0331	47.9019	325.957
		*TM_ROTAXIS 0.67728	-0.677102	0.287792
		*TM_ROTANGLE 3.70189
		*TM_SCALE 1	1	1
		*TM_SCALEAXIS 0	0	0
		*TM_SCALEAXISANG 0	0	0
	}
}
*HELPEROBJECT {
	*NODE_NAME "Bip01 R-Wing02X"
	*NODE_PARENT "Bip01 R-Wing02"
	*NODE_TM {
		*NODE_NAME "Bip01 R-Wing02X"
		*TM_ROW0 2.36604e-007	0.1061	0.994355
		*TM_ROW1 -1	2.38915e-007	1.79652e-007
		*TM_ROW2 -1.78675e-007	-0.994356	0.1061
		*TM_ROW3 -14.4961	59.581	267.828
		*TM_POS -14.4961	59.581	267.828
		*TM_ROTAXIS -0.55578	0.55578	-0.618238
		*TM_ROTANGLE 2.03415
		*TM_SCALE 1	1	1
		*TM_SCALEAXIS 0	0	0
		*TM_SCALEAXISANG 0	0	0
	}
}
*HELPEROBJECT {
	*NODE_NAME "Bip01 R-Wing01"
	*NODE_PARENT "Bip01 R-Wing01X"
	*NODE_TM {
		*NODE_NAME "Bip01 R-Wing01"
		*TM_ROW0 -1	-5.83801e-007	-2.30979e-007
		*TM_ROW1 5.83801e-007	-0.729302	-0.684192
		*TM_ROW2 2.30979e-007	-0.684192	0.729303
		*TM_ROW3 -14.4961	34.3269	242.705
		*TM_POS -14.4961	34.3269	242.705
		*TM_ROTAXIS 2.67447e-014	0.367898	-0.929866
		*TM_ROTANGLE 3.14159
		*TM_SCALE 1	1	1
		*TM_SCALEAXIS 0	0	0
		*TM_SCALEAXISANG 0	0	0
	}
}
*HELPEROBJECT {
	*NODE_NAME "Bip01 L Thigh"
	*NODE_PARENT "Bip01 Pelvis"
	*NODE_TM {
		*NODE_NAME "Bip01 L Thigh"
		*TM_ROW0 1.78814e-007	-0.0998334	-0.995004
		*TM_ROW1 2.04518e-006	-0.995004	0.0998334
		*TM_ROW2 -1	-2.04518e-006	1.78814e-007
		*TM_ROW3 12.612	21.0386	120.378
		*TM_POS 12.612	21.0386	120.378
		*TM_ROTAXIS 0.706665	-0.035362	-0.706665
		*TM_ROTANGLE 3.21229
		*TM_SCALE 1	1	1
		*TM_SCALEAXIS 0	0	0
		*TM_SCALEAXISANG 0	0	0
	}
}
*HELPEROBJECT {
	*NODE_NAME "Bip01 L Calf"
	*NODE_PARENT "Bip01 L Thigh"
	*NODE_TM {
		*NODE_NAME "Bip01 L Calf"
		*TM_ROW0 -1.19209e-007	0.0998333	-0.995004
		*TM_ROW1 8.75443e-007	-0.995004	-0.0998333
		*TM_ROW2 -1	-8.75444e-007	-1.19209e-007
		*TM_ROW3 12.612	21.0024	120.018
		*TM_POS 12.612	21.0024	120.018
		*TM_ROTAXIS 0.706665	0.035363	-0.706665
		*TM_ROTANGLE 3.0709
		*TM_SCALE 1	1	1
		*TM_SCALEAXIS 0	0	0
		*TM_SCALEAXISANG 0	0	0
	}
}
*HELPEROBJECT {
	*NODE_NAME "Bip01 L Foot"
	*NODE_PARENT "Bip01 L Calf"
	*NODE_TM {
		*NODE_NAME "Bip01 L Foot"
		*TM_ROW0 1.19209e-007	-9.22182e-007	-1
		*TM_ROW1 9.04754e-007	-1	9.19256e-007
		*TM_ROW2 -1	-9.04755e-007	1.1921e-007
		*TM_ROW3 12.612	21.0527	119.517
		*TM_POS 12.612	21.0527	119.517
		*TM_ROTAXIS 0.707107	-5.12715e-009	-0.707107
		*TM_ROTANGLE 3.14159
		*TM_SCALE 1	1	1
		*TM_SCALEAXIS 0	0	0
		*TM_SCALEAXISANG 0	0	0
	}
}
*HELPEROBJECT {
	*NODE_NAME "Bip01 L Toe0"
	*NODE_PARENT "Bip01 L Foot"
	*NODE_TM {
		*NODE_NAME "Bip01 L Toe0"
		*TM_ROW0 1.81794e-006	-1	1.03909e-007
		*TM_ROW1 8.94071e-008	1.66439e-007	1
		*TM_ROW2 -1	-1.72854e-006	1.49012e-007
		*TM_ROW3 12.612	20.7856	119.306
		*TM_POS 12.612	20.7856	119.306
		*TM_ROTAXIS -0.577351	0.57735	0.57735
		*TM_ROTANGLE 2.09439
		*TM_SCALE 1	1	1
		*TM_SCALEAXIS 0	0	0
		*TM_SCALEAXISANG 0	0	0
	}
}
*HELPEROBJECT {
	*NODE_NAME "Bip01 R Thigh"
	*NODE_PARENT "Bip01 Pelvis"
	*NODE_TM {
		*NODE_NAME "Bip01 R Thigh"
		*TM_ROW0 1.78814e-007	-0.0998334	-0.995004
		*TM_ROW1 2.04518e-006	-0.995004	0.0998334
		*TM_ROW2 -1	-2.04518e-006	1.78814e-007
		*TM_ROW3 -12.601	21.0385	120.378
		*TM_POS -12.601	21.0385	120.378
		*TM_ROTAXIS 0.706665	-0.035362	-0.706665
		*TM_ROTANGLE 3.21229
		*TM_SCALE 1	1	1
		*TM_SCALEAXIS 0	0	0
		*TM_SCALEAXISANG 0	0	0
	}
}
*HELPEROBJECT {
	*NODE_NAME "Bip01 R Calf"
	*NODE_PARENT "Bip01 R Thigh"
	*NODE_TM {
		*NODE_NAME "Bip01 R Calf"
		*TM_ROW0 -1.19209e-007	0.0998333	-0.995004
		*TM_ROW1 8.75443e-007	-0.995004	-0.0998333
		*TM_ROW2 -1	-8.75444e-007	-1.19209e-007
		*TM_ROW3 -12.601	21.0024	120.018
		*TM_POS -12.601	21.0024	120.018
		*TM_ROTAXIS 0.706665	0.035363	-0.706665
		*TM_ROTANGLE 3.0709
		*TM_SCALE 1	1	1
		*TM_SCALEAXIS 0	0	0
		*TM_SCALEAXISANG 0	0	0
	}
}
*HELPEROBJECT {
	*NODE_NAME "Bip01 R Foot"
	*NODE_PARENT "Bip01 R Calf"
	*NODE_TM {
		*NODE_NAME "Bip01 R Foot"
		*TM_ROW0 1.19209e-007	-9.22182e-007	-1
		*TM_ROW1 9.04754e-007	-1	9.19256e-007
		*TM_ROW2 -1	-9.04755e-007	1.1921e-007
		*TM_ROW3 -12.601	21.0526	119.517
		*TM_POS -12.601	21.0526	119.517
		*TM_ROTAXIS 0.707107	-5.12715e-009	-0.707107
		*TM_ROTANGLE 3.14159
		*TM_SCALE 1	1	1
		*TM_SCALEAXIS 0	0	0
		*TM_SCALEAXISANG 0	0	0
	}
}
*HELPEROBJECT {
	*NODE_NAME "Bip01 R Toe0"
	*NODE_PARENT "Bip01 R Foot"
	*NODE_TM {
		*NODE_NAME "Bip01 R Toe0"
		*TM_ROW0 1.81794e-006	-1	1.03909e-007
		*TM_ROW1 8.94071e-008	1.66439e-007	1
		*TM_ROW2 -1	-1.72854e-006	1.49012e-007
		*TM_ROW3 -12.601	20.7856	119.306
		*TM_POS -12.601	20.7856	119.306
		*TM_ROTAXIS -0.577351	0.57735	0.57735
		*TM_ROTANGLE 2.09439
		*TM_SCALE 1	1	1
		*TM_SCALEAXIS 0	0	0
		*TM_SCALEAXISANG 0	0	0
	}
}
*HELPEROBJECT {
	*NODE_NAME "Bip01 Tail"
	*NODE_PARENT "Bip01 Pelvis"
	*NODE_TM {
		*NODE_NAME "Bip01 Tail"
		*TM_ROW0 -1.89961e-007	0.043282	-0.999063
		*TM_ROW1 -3.99724e-006	0.999063	0.043282
		*TM_ROW2 1	4.00096e-006	-1.6793e-008
		*TM_ROW3 0.005495	20.275	110.923
		*TM_POS 0.005495	20.275	110.923
		*TM_ROTAXIS -0.021639	-0.999532	-0.021643
		*TM_ROTANGLE 1.57126
		*TM_SCALE 1	1	1
		*TM_SCALEAXIS 0	0	0
		*TM_SCALEAXISANG 0	0	0
	}
}
*HELPEROBJECT {
	*NODE_NAME "Bip01 Tail1"
	*NODE_PARENT "Bip01 Tail"
	*NODE_TM {
		*NODE_NAME "Bip01 Tail1"
		*TM_ROW0 1.69501e-007	0.0856908	-0.996322
		*TM_ROW1 -5.01797e-006	0.996322	0.0856908
		*TM_ROW2 1	4.98444e-006	5.98607e-007
