*3DSMAX_ASCIIEXPORT	110
*COMMENT "[ GothicSourcer v3.14 ] - June 2007"
*SCENE {
	*SCENE_FILENAME "HUM_BODY_COOKSMITH.MAX"
	*SCENE_FIRSTFRAME 0
	*SCENE_LASTFRAME 100
	*SCENE_FRAMESPEED 25
	*SCENE_TICKSPERFRAME 192
	*SCENE_BACKGROUND_STATIC 0	0	0
	*SCENE_AMBIENT_STATIC 0.2	0.2	0.2
}
*MATERIAL_LIST {
	*MATERIAL_COUNT 2
	*MATERIAL 0 {
		*MATERIAL_NAME "NAKED;UARMR"
		*MATERIAL_CLASS "Standard"
		*MATERIAL_AMBIENT 0.411765	0.435294	0.403922
		*MATERIAL_DIFFUSE 0.411765	0.435294	0.403922
		*MATERIAL_SPECULAR 0.9	0.9	0.9
		*MATERIAL_SHINE 0.1
		*MATERIAL_SHINESTRENGTH 0
		*MATERIAL_TRANSPARENCY 0
		*MATERIAL_WIRESIZE 1
		*MATERIAL_SHADING Blinn
		*MATERIAL_XP_FALLOFF 0
		*MATERIAL_SELFILLUM 0
		*MATERIAL_FALLOFF In
		*MATERIAL_XP_TYPE Filter
		*MAP_DIFFUSE {
			*MAP_NAME "Map #1"
			*MAP_CLASS "Bitmap"
			*MAP_SUBNO 1
			*MAP_AMOUNT 1
			*BITMAP "HUM_HEAD_VLK_V02_C1.TGA"
			*MAP_TYPE Screen
			*UVW_U_OFFSET 0
			*UVW_V_OFFSET 0
			*UVW_U_TILING 1
			*UVW_V_TILING 1
			*UVW_ANGLE 0
			*UVW_BLUR 1
			*UVW_BLUR_OFFSET 0
			*UVW_NOUSE_AMT 1
			*UVW_NOISE_SIZE 1
			*UVW_NOISE_LEVEL 1
			*UVW_NOISE_PHASE 0
			*BITMAP_FILTER Pyramidal
		}
	}
	*MATERIAL 1 {
		*MATERIAL_NAME "KOCH"
		*MATERIAL_CLASS "Standard"
		*MATERIAL_AMBIENT 1	0	0
		*MATERIAL_DIFFUSE 1	0	0
		*MATERIAL_SPECULAR 0.9	0.9	0.9
		*MATERIAL_SHINE 0.1
		*MATERIAL_SHINESTRENGTH 0
		*MATERIAL_TRANSPARENCY 0
		*MATERIAL_WIRESIZE 1
		*MATERIAL_SHADING Blinn
		*MATERIAL_XP_FALLOFF 0
		*MATERIAL_SELFILLUM 0
		*MATERIAL_FALLOFF In
		*MATERIAL_XP_TYPE Filter
		*MAP_DIFFUSE {
			*MAP_NAME "Map #2"
			*MAP_CLASS "Bitmap"
			*MAP_SUBNO 1
			*MAP_AMOUNT 1
			*BITMAP "HUM_BODY_COOKSMITH_V0_C0.TGA"
			*MAP_TYPE Screen
			*UVW_U_OFFSET 0
			*UVW_V_OFFSET 0
			*UVW_U_TILING 1
			*UVW_V_TILING 1
			*UVW_ANGLE 0
			*UVW_BLUR 1
			*UVW_BLUR_OFFSET 0
			*UVW_NOUSE_AMT 1
			*UVW_NOISE_SIZE 1
			*UVW_NOISE_LEVEL 1
			*UVW_NOISE_PHASE 0
			*BITMAP_FILTER Pyramidal
		}
	}
}
*HELPEROBJECT {
	*NODE_NAME "Bip01"
	*NODE_TM {
		*NODE_NAME "Bip01"
		*TM_ROW0 6.27438e-006	-1	0
		*TM_ROW1 1	6.27438e-006	0
		*TM_ROW2 -0	-0	1
		*TM_ROW3 0	-7.37745	99.9496
		*TM_POS 0	-7.37745	99.9496
		*TM_ROTAXIS 0	0	1
		*TM_ROTANGLE 1.57079
		*TM_SCALE 1	1	1
		*TM_SCALEAXIS 0	0	0
		*TM_SCALEAXISANG 0	0	0
	}
}
*HELPEROBJECT {
	*NODE_NAME "Bip01 Pelvis"
	*NODE_PARENT "Bip01"
	*NODE_TM {
		*NODE_NAME "Bip01 Pelvis"
		*TM_ROW0 -5.96046e-008	1.79264e-006	1
		*TM_ROW1 -1.79264e-006	-1	1.79264e-006
		*TM_ROW2 1	-1.79264e-006	-5.96046e-008
		*TM_ROW3 1e-005	-8.0113	99.9496
		*TM_POS 1e-005	-8.0113	99.9496
		*TM_ROTAXIS 0.707107	0	0.707107
		*TM_ROTANGLE 3.1416
		*TM_SCALE 1	1	1
		*TM_SCALEAXIS 0	0	0
		*TM_SCALEAXISANG 0	0	0
	}
}
*HELPEROBJECT {
	*NODE_NAME "Bip01 Spine"
	*NODE_PARENT "Bip01 Pelvis"
	*NODE_TM {
		*NODE_NAME "Bip01 Spine"
		*TM_ROW0 5.96047e-008	-0.0205947	0.999788
		*TM_ROW1 5.48642e-006	-0.999788	-0.0205947
		*TM_ROW2 1	5.48642e-006	5.96047e-008
		*TM_ROW3 1e-005	-7.92216	102.35
		*TM_POS 1e-005	-7.92216	102.35
		*TM_ROTAXIS 0.707088	-0.00727998	0.707088
		*TM_ROTANGLE 3.12703
		*TM_SCALE 1	1	1
		*TM_SCALEAXIS 0	0	0
		*TM_SCALEAXISANG 0	0	0
	}
}
*HELPEROBJECT {
	*NODE_NAME "Bip01 Spine1"
	*NODE_PARENT "Bip01 Spine"
	*NODE_TM {
		*NODE_NAME "Bip01 Spine1"
		*TM_ROW0 5.96047e-008	-0.00276992	0.999996
		*TM_ROW1 -1.92621e-006	-0.999996	-0.00276991
		*TM_ROW2 1	-1.92621e-006	5.96047e-008
		*TM_ROW3 1e-005	-8.11442	112.175
		*TM_POS 1e-005	-8.11442	112.175
		*TM_ROTAXIS 0.707106	-0.000979995	0.707107
		*TM_ROTANGLE 3.13964
		*TM_SCALE 1	1	1
		*TM_SCALEAXIS 0	0	0
		*TM_SCALEAXISANG 0	0	0
	}
}
*HELPEROBJECT {
	*NODE_NAME "Bip01 Spine2"
	*NODE_PARENT "Bip01 Spine1"
	*NODE_TM {
		*NODE_NAME "Bip01 Spine2"
		*TM_ROW0 5.96048e-008	0.180243	0.983622
		*TM_ROW1 1.67638e-006	-0.983622	0.180243
		*TM_ROW2 1	1.67638e-006	5.96047e-008
		*TM_ROW3 1e-005	-8.1264	124.961
		*TM_POS 1e-005	-8.1264	124.961
		*TM_ROTAXIS 0.705652	0.0641202	0.705652
		*TM_ROTANGLE 3.26966
		*TM_SCALE 1	1	1
		*TM_SCALEAXIS 0	0	0
		*TM_SCALEAXISANG 0	0	0
	}
}
*HELPEROBJECT {
	*NODE_NAME "Bip01 Neck"
	*NODE_PARENT "Bip01 Spine2"
	*NODE_TM {
		*NODE_NAME "Bip01 Neck"
		*TM_ROW0 5.96046e-007	-0.167043	0.98595
		*TM_ROW1 4.70132e-006	-0.98595	-0.167043
		*TM_ROW2 1	4.70132e-006	5.96047e-007
		*TM_ROW3 1.03264e-011	-2.71656	154.454
		*TM_POS 1.03264e-011	-2.71656	154.454
		*TM_ROTAXIS -0.70586	0.05937	-0.705859
		*TM_ROTANGLE 3.2602
		*TM_SCALE 1	1	1
		*TM_SCALEAXIS 0	0	0
		*TM_SCALEAXISANG 0	0	0
	}
}
*HELPEROBJECT {
	*NODE_NAME "Bip01 Head"
	*NODE_PARENT "Bip01 Neck"
	*NODE_TM {
		*NODE_NAME "Bip01 Head"
		*TM_ROW0 -5.96047e-008	1.76447e-006	1
		*TM_ROW1 -1.79264e-006	-1	1.80855e-006
		*TM_ROW2 1	-1.79264e-006	-5.96046e-008
		*TM_ROW3 2.27758e-011	-3.85901	161.198
		*TM_POS 2.27758e-011	-3.85901	161.198
		*TM_ROTAXIS -0.707107	-5.62215e-009	-0.707107
		*TM_ROTANGLE 3.14159
		*TM_SCALE 1	1	1
		*TM_SCALEAXIS 0	0	0
		*TM_SCALEAXISANG 0	0	0
	}
}
*HELPEROBJECT {
	*NODE_NAME "ZS_HELMET"
	*NODE_PARENT "Bip01 Head"
	*NODE_TM {
		*NODE_NAME "ZS_HELMET"
		*TM_ROW0 1	7.87298e-013	7.61567e-014
		*TM_ROW1 -1.53811e-013	0.996917	-0.0784593
		*TM_ROW2 -5.53111e-014	0.0784593	0.996918
		*TM_ROW3 1e-005	-7.06248	173.704
		*TM_POS 1e-005	-7.06248	173.704
		*TM_ROTAXIS 1	8.37809e-013	-5.99744e-012
		*TM_ROTANGLE 0.078541
		*TM_SCALE 1	1	1
		*TM_SCALEAXIS 0	0	0
		*TM_SCALEAXISANG 0	0	0
	}
}
*HELPEROBJECT {
	*NODE_NAME "Bip01 L Clavicle"
	*NODE_PARENT "Bip01 Neck"
	*NODE_TM {
		*NODE_NAME "Bip01 L Clavicle"
		*TM_ROW0 0.935229	-0.203893	-0.289439
		*TM_ROW1 0.156435	0.971369	-0.178803
		*TM_ROW2 0.317608	0.121943	0.940348
		*TM_ROW3 7.96399	-1.25804	148.729
		*TM_POS 7.96399	-1.25804	148.729
		*TM_ROTAXIS 0.391939	-0.791119	0.469589
		*TM_ROTANGLE 0.39376
		*TM_SCALE 1	1	1
		*TM_SCALEAXIS 0	0	0
		*TM_SCALEAXISANG 0	0	0
	}
}
*HELPEROBJECT {
	*NODE_NAME "Bip01 L UpperArm"
	*NODE_PARENT "Bip01 L Clavicle"
	*NODE_TM {
		*NODE_NAME "Bip01 L UpperArm"
		*TM_ROW0 0.246229	0.0989027	-0.964152
		*TM_ROW1 0.412789	0.889345	0.196649
		*TM_ROW2 0.876913	-0.446412	0.178157
		*TM_ROW3 20.4269	-3.97508	144.872
		*TM_POS 20.4269	-3.97508	144.872
		*TM_ROTAXIS -0.325561	-0.932072	0.15891
		*TM_ROTANGLE 1.41328
		*TM_SCALE 1	1	1
		*TM_SCALEAXIS 0	0	0
		*TM_SCALEAXISANG 0	0	0
	}
}
*HELPEROBJECT {
	*NODE_NAME "Bip01 L Forearm"
	*NODE_PARENT "Bip01 L UpperArm"
	*NODE_TM {
		*NODE_NAME "Bip01 L Forearm"
		*TM_ROW0 0.0455122	-0.291882	-0.955371
		*TM_ROW1 0.478489	0.845886	-0.235638
		*TM_ROW2 0.876913	-0.44641	0.17816
		*TM_ROW3 27.2982	-1.21526	117.966
		*TM_POS 27.2982	-1.21526	117.966
		*TM_ROTAXIS -0.10545	-0.916697	0.385419
		*TM_ROTANGLE 1.53601
		*TM_SCALE 1	1	1
		*TM_SCALEAXIS 0	0	0
		*TM_SCALEAXISANG 0	0	0
	}
}
*HELPEROBJECT {
	*NODE_NAME "Bip01 L Hand"
	*NODE_PARENT "Bip01 L Forearm"
	*NODE_TM {
		*NODE_NAME "Bip01 L Hand"
		*TM_ROW0 0.0455132	-0.291886	-0.95537
		*TM_ROW1 -0.876533	0.44708	-0.17835
		*TM_ROW2 0.479185	0.845531	-0.2355
		*TM_ROW3 28.5642	-9.33438	91.391
		*TM_POS 28.5642	-9.33438	91.391
		*TM_ROTAXIS 0.551391	-0.772552	-0.314851
		*TM_ROTANGLE 1.95137
		*TM_SCALE 1	1	1
		*TM_SCALEAXIS 0	0	0
		*TM_SCALEAXISANG 0	0	0
	}
}
*HELPEROBJECT {
	*NODE_NAME "Bip01 L Finger0"
	*NODE_PARENT "Bip01 L Hand"
	*NODE_TM {
		*NODE_NAME "Bip01 L Finger0"
		*TM_ROW0 0.0455153	-0.291888	-0.955369
		*TM_ROW1 -0.876915	0.446405	-0.178165
		*TM_ROW2 0.478485	0.845886	-0.235643
		*TM_ROW3 29.15	-13.0909	79.0956
		*TM_POS 29.15	-13.0909	79.0956
		*TM_ROTAXIS 0.551581	-0.772311	-0.31511
		*TM_ROTANGLE 1.95181
		*TM_SCALE 1	1	1
		*TM_SCALEAXIS 0	0	0
		*TM_SCALEAXISANG 0	0	0
	}
}
*HELPEROBJECT {
	*NODE_NAME "ZS_LEFTHAND"
	*NODE_PARENT "Bip01 L Hand"
	*NODE_TM {
		*NODE_NAME "ZS_LEFTHAND"
		*TM_ROW0 0.435606	0.890062	-0.134303
		*TM_ROW1 0.180312	-0.232461	-0.955745
		*TM_ROW2 -0.881893	0.392112	-0.261751
		*TM_ROW3 26.7605	-11.5467	82.7857
		*TM_POS 26.7605	-11.5467	82.7857
		*TM_ROTAXIS 0.794322	0.440571	-0.418271
		*TM_ROTANGLE 2.12858
		*TM_SCALE 1	1	1
		*TM_SCALEAXIS 0	0	0
		*TM_SCALEAXISANG 0	0	0
	}
}
*HELPEROBJECT {
	*NODE_NAME "ZS_LEFTARM"
	*NODE_PARENT "Bip01 L Forearm"
	*NODE_TM {
		*NODE_NAME "ZS_LEFTARM"
		*TM_ROW0 0.0759923	-0.150176	-0.985735
		*TM_ROW1 0.524499	0.846792	-0.0885737
		*TM_ROW2 0.848013	-0.510286	0.143117
		*TM_ROW3 26.9101	-7.67833	110.055
		*TM_POS 26.9101	-7.67833	110.055
		*TM_ROTAXIS -0.21097	-0.917372	0.337521
		*TM_ROTANGLE 1.53784
		*TM_SCALE 1	1	1
		*TM_SCALEAXIS 0	0	0
		*TM_SCALEAXISANG 0	0	0
	}
}
*HELPEROBJECT {
	*NODE_NAME "Bip01 R Clavicle"
	*NODE_PARENT "Bip01 Neck"
	*NODE_TM {
		*NODE_NAME "Bip01 R Clavicle"
		*TM_ROW0 -0.935227	-0.203899	-0.28944
		*TM_ROW1 -0.156442	0.971369	-0.178799
		*TM_ROW2 0.317609	-0.121937	-0.940349
		*TM_ROW3 -7.96398	-1.25806	148.729
		*TM_POS -7.96398	-1.25806	148.729
		*TM_ROTAXIS -0.0929799	0.992639	-0.0776
		*TM_ROTANGLE 3.45235
		*TM_SCALE 1	1	1
		*TM_SCALEAXIS 0	0	0
		*TM_SCALEAXISANG 0	0	0
	}
}
*HELPEROBJECT {
	*NODE_NAME "Bip01 R UpperArm"
	*NODE_PARENT "Bip01 R Clavicle"
	*NODE_TM {
		*NODE_NAME "Bip01 R UpperArm"
		*TM_ROW0 -0.246232	0.0988932	-0.964153
		*TM_ROW1 -0.412793	0.889345	0.196642
		*TM_ROW2 0.876911	0.446415	-0.178163
		*TM_ROW3 -20.4269	-3.97513	144.872
		*TM_POS -20.4269	-3.97513	144.872
		*TM_ROTAXIS 0.12961	-0.955353	-0.265521
		*TM_ROTANGLE 1.84162
		*TM_SCALE 1	1	1
		*TM_SCALEAXIS 0	0	0
		*TM_SCALEAXISANG 0	0	0
	}
}
*HELPEROBJECT {
	*NODE_NAME "Bip01 R Forearm"
	*NODE_PARENT "Bip01 R UpperArm"
	*NODE_TM {
		*NODE_NAME "Bip01 R Forearm"
		*TM_ROW0 -0.0455087	-0.291889	-0.955369
		*TM_ROW1 -0.478487	0.845885	-0.235646
		*TM_ROW2 0.876914	0.446408	-0.17816
		*TM_ROW3 -27.2982	-1.21534	117.966
		*TM_POS -27.2982	-1.21534	117.966
		*TM_ROTAXIS 0.347279	-0.932937	-0.0950097
		*TM_ROTANGLE 1.76083
		*TM_SCALE 1	1	1
		*TM_SCALEAXIS 0	0	0
		*TM_SCALEAXISANG 0	0	0
	}
}
*HELPEROBJECT {
	*NODE_NAME "Bip01 R Hand"
	*NODE_PARENT "Bip01 R Forearm"
	*NODE_TM {
		*NODE_NAME "Bip01 R Hand"
		*TM_ROW0 -0.0455115	-0.291885	-0.95537
		*TM_ROW1 0.87653	0.447088	-0.17835
		*TM_ROW2 0.479192	-0.845527	0.235499
		*TM_ROW3 -28.5642	-9.33445	91.391
		*TM_POS -28.5642	-9.33445	91.391
		*TM_ROTAXIS -0.33922	-0.72939	0.59407
		*TM_ROTANGLE 1.75327
		*TM_SCALE 1	1	1
		*TM_SCALEAXIS 0	0	0
		*TM_SCALEAXISANG 0	0	0
	}
}
*HELPEROBJECT {
	*NODE_NAME "Bip01 R Finger0"
	*NODE_PARENT "Bip01 R Hand"
	*NODE_TM {
		*NODE_NAME "Bip01 R Finger0"
		*TM_ROW0 -0.0455056	-0.291877	-0.955373
		*TM_ROW1 0.876914	0.446413	-0.178152
		*TM_ROW2 0.478489	-0.845886	0.235636
		*TM_ROW3 -29.1499	-13.0909	79.0956
		*TM_POS -29.1499	-13.0909	79.0956
		*TM_ROTAXIS -0.33952	-0.729071	0.594291
		*TM_ROTANGLE 1.75354
		*TM_SCALE 1	1	1
		*TM_SCALEAXIS 0	0	0
		*TM_SCALEAXISANG 0	0	0
	}
}
*HELPEROBJECT {
	*NODE_NAME "ZS_RIGHTHAND"
	*NODE_PARENT "Bip01 R Hand"
	*NODE_TM {
		*NODE_NAME "ZS_RIGHTHAND"
		*TM_ROW0 -0.464344	0.856417	-0.225687
		*TM_ROW1 0.177861	0.339806	0.923525
		*TM_ROW2 0.867612	0.388692	-0.31011
		*TM_ROW3 -20.9389	-19.9852	85.8932
		*TM_POS -20.9389	-19.9852	85.8932
		*TM_ROTAXIS 0.383811	0.784581	0.486951
		*TM_ROTANGLE 3.91244
		*TM_SCALE 1	1	1
		*TM_SCALEAXIS 0	0	0
		*TM_SCALEAXISANG 0	0	0
	}
}
*HELPEROBJECT {
	*NODE_NAME "ZS_CROSSBOW"
	*NODE_PARENT "Bip01 Spine2"
	*NODE_TM {
		*NODE_NAME "ZS_CROSSBOW"
		*TM_ROW0 -0.382687	-0.111464	0.91713
		*TM_ROW1 -0.923878	0.0461715	-0.379891
		*TM_ROW2 -1.2517e-006	-0.992695	-0.120648
		*TM_ROW3 -14.434	10.5915	165.98
		*TM_POS -14.434	10.5915	165.98
		*TM_ROTAXIS -0.447329	0.669479	-0.593039
		*TM_ROTANGLE 2.38705
		*TM_SCALE 1	1	1
		*TM_SCALEAXIS 0	0	0
		*TM_SCALEAXISANG 0	0	0
	}
}
*HELPEROBJECT {
	*NODE_NAME "ZS_LONGSWORD"
	*NODE_PARENT "Bip01 Spine2"
	*NODE_TM {
		*NODE_NAME "ZS_LONGSWORD"
		*TM_ROW0 -0.499829	-0.0915011	0.861277
		*TM_ROW1 -0.865729	0.0828188	-0.493614
		*TM_ROW2 -0.0261636	-0.992355	-0.12061
		*TM_ROW3 -18.1593	6.92629	157.64
		*TM_POS -18.1593	6.92629	157.64
		*TM_ROTAXIS -0.38996	0.69388	-0.60536
		*TM_ROTANGLE 2.44778
		*TM_SCALE 1	1	1
		*TM_SCALEAXIS 0	0	0
		*TM_SCALEAXISANG 0	0	0
	}
}
*HELPEROBJECT {
	*NODE_NAME "ZS_SHIELD"
	*NODE_PARENT "Bip01 Spine2"
	*NODE_TM {
		*NODE_NAME "ZS_SHIELD"
		*TM_ROW0 -0.0138681	0.114196	-0.993362
		*TM_ROW1 -0.908393	0.413755	0.0602465
		*TM_ROW2 0.417888	0.903198	0.0979964
		*TM_ROW3 8.76511	9.5282	131.875
		*TM_POS 8.76511	9.5282	131.875
		*TM_ROTAXIS 0.435421	-0.728972	-0.528212
		*TM_ROTANGLE 1.82457
		*TM_SCALE 1	1	1
		*TM_SCALEAXIS 0	0	0
		*TM_SCALEAXISANG 0	0	0
	}
}
*HELPEROBJECT {
	*NODE_NAME "ZS_BOW"
	*NODE_PARENT "Bip01 Spine2"
	*NODE_TM {
		*NODE_NAME "ZS_BOW"
		*TM_ROW0 -0.341816	-0.0868229	0.935748
		*TM_ROW1 0.0119438	0.995242	0.0967059
		*TM_ROW2 -0.939691	0.044232	-0.339153
		*TM_ROW3 0.5012	12.4143	124.55
		*TM_POS 0.5012	12.4143	124.55
		*TM_ROTAXIS -0.0279299	0.998227	0.0525698
		*TM_ROTANGLE 1.92076
		*TM_SCALE 1	1	1
		*TM_SCALEAXIS 0	0	0
		*TM_SCALEAXISANG 0	0	0
	}
}
*HELPEROBJECT {
	*NODE_NAME "ZS_SWORD"
	*NODE_PARENT "Bip01 Spine"
	*NODE_TM {
		*NODE_NAME "ZS_SWORD"
		*TM_ROW0 5.79282e-007	-0.347172	0.937802
		*TM_ROW1 1.04309e-007	0.937802	0.347172
		*TM_ROW2 -1	-1.04308e-007	5.79283e-007
		*TM_ROW3 17.5015	-4.36211	106.367
		*TM_POS 17.5015	-4.36211	106.367
		*TM_ROTAXIS -0.17367	0.96937	0.17367
		*TM_ROTANGLE 1.6019
		*TM_SCALE 1	1	1
		*TM_SCALEAXIS 0	0	0
		*TM_SCALEAXISANG 0	0	0
	}
}
*HELPEROBJECT {
	*NODE_NAME "Bip01 L Thigh"
	*NODE_PARENT "Bip01 Pelvis"
	*NODE_TM {
		*NODE_NAME "Bip01 L Thigh"
		*TM_ROW0 0.0534878	-0.0367886	-0.997891
		*TM_ROW1 -0.00216181	-0.999323	0.0367256
		*TM_ROW2 -0.998566	0.000192882	-0.0535313
		*TM_ROW3 9.01023	-8.01129	99.9496
		*TM_POS 9.01023	-8.01129	99.9496
		*TM_ROTAXIS 0.72572	-0.01342	-0.68786
		*TM_ROTANGLE 3.16677
		*TM_SCALE 1	1	1
		*TM_SCALEAXIS 0	0	0
		*TM_SCALEAXISANG 0	0	0
	}
}
*HELPEROBJECT {
	*NODE_NAME "Bip01 L Calf"
	*NODE_PARENT "Bip01 L Thigh"
	*NODE_TM {
		*NODE_NAME "Bip01 L Calf"
		*TM_ROW0 0.0525131	0.197552	-0.978885
		*TM_ROW1 0.0103904	-0.980292	-0.197278
		*TM_ROW2 -0.998566	0.000188708	-0.0535307
		*TM_ROW3 11.1149	-9.45845	60.6877
		*TM_POS 11.1149	-9.45845	60.6877
		*TM_ROTAXIS 0.723901	0.0721501	-0.686121
		*TM_ROTANGLE 3.00478
		*TM_SCALE 1	1	1
		*TM_SCALEAXIS 0	0	0
		*TM_SCALEAXISANG 0	0	0
	}
}
*HELPEROBJECT {
	*NODE_NAME "Bip01 L Foot"
	*NODE_PARENT "Bip01 L Calf"
	*NODE_TM {
		*NODE_NAME "Bip01 L Foot"
		*TM_ROW0 -5.93318e-007	7.27489e-006	-1
		*TM_ROW1 0.173652	-0.984807	-7.26412e-006
		*TM_ROW2 -0.984807	-0.173652	-5.97767e-007
		*TM_ROW3 13.6935	0.240668	12.6267
		*TM_POS 13.6935	0.240668	12.6267
		*TM_ROTAXIS 0.705757	0.0617498	-0.705757
		*TM_ROTANGLE 3.26493
		*TM_SCALE 1	1	1
		*TM_SCALEAXIS 0	0	0
		*TM_SCALEAXISANG 0	0	0
	}
}
*HELPEROBJECT {
	*NODE_NAME "Bip01 L Toe0"
	*NODE_PARENT "Bip01 L Foot"
	*NODE_TM {
		*NODE_NAME "Bip01 L Toe0"
		*TM_ROW0 0.173646	-0.984808	5.05914e-006
		*TM_ROW1 5.06367e-006	5.91264e-006	1
		*TM_ROW2 -0.984808	-0.173646	5.92894e-006
		*TM_ROW3 17.6256	-22.0591	5.26591e-006
		*TM_POS 17.6256	-22.0591	5.26591e-006
		*TM_ROTAXIS -0.644398	0.540718	0.540718
		*TM_ROTANGLE 1.99673
		*TM_SCALE 1	1	1
		*TM_SCALEAXIS 0	0	0
		*TM_SCALEAXISANG 0	0	0
	}
}
*HELPEROBJECT {
	*NODE_NAME "Bip01 R Thigh"
	*NODE_PARENT "Bip01 Pelvis"
	*NODE_TM {
		*NODE_NAME "Bip01 R Thigh"
		*TM_ROW0 -0.0535034	-0.0367749	-0.99789
		*TM_ROW1 0.00205776	-0.999324	0.0367174
		*TM_ROW2 -0.998566	-8.89041e-005	0.0535432
		*TM_ROW3 -9.01021	-8.01132	99.9496
		*TM_POS -9.01021	-8.01132	99.9496
		*TM_ROTAXIS 0.687862	-0.01262	-0.725732
		*TM_ROTANGLE 3.16835
		*TM_SCALE 1	1	1
		*TM_SCALEAXIS 0	0	0
		*TM_SCALEAXISANG 0	0	0
	}
}
*HELPEROBJECT {
	*NODE_NAME "Bip01 R Calf"
	*NODE_PARENT "Bip01 R Thigh"
	*NODE_TM {
		*NODE_NAME "Bip01 R Calf"
		*TM_ROW0 -0.0525025	0.197539	-0.978888
		*TM_ROW1 -0.0104967	-0.980295	-0.19726
		*TM_ROW2 -0.998566	-8.16064e-005	0.0535415
		*TM_ROW3 -11.1154	-9.45856	60.6878
		*TM_POS -11.1154	-9.45856	60.6878
		*TM_ROTAXIS 0.686298	0.0684898	-0.724088
		*TM_ROTANGLE 2.99744
		*TM_SCALE 1	1	1
		*TM_SCALEAXIS 0	0	0
		*TM_SCALEAXISANG 0	0	0
	}
}
*HELPEROBJECT {
	*NODE_NAME "Bip01 R Foot"
	*NODE_PARENT "Bip01 R Calf"
	*NODE_TM {
		*NODE_NAME "Bip01 R Foot"
		*TM_ROW0 -5.86373e-007	-7.29557e-006	-1
		*TM_ROW1 -0.173652	-0.984807	7.26572e-006
		*TM_ROW2 -0.984807	0.173652	-5.93781e-007
		*TM_ROW3 -13.6935	0.24065	12.6267
		*TM_POS -13.6935	0.24065	12.6267
		*TM_ROTAXIS 0.705757	-0.0617498	-0.705757
		*TM_ROTANGLE 3.01826
		*TM_SCALE 1	1	1
		*TM_SCALEAXIS 0	0	0
		*TM_SCALEAXISANG 0	0	0
	}
}
*HELPEROBJECT {
	*NODE_NAME "Bip01 R Toe0"
	*NODE_PARENT "Bip01 R Foot"
	*NODE_TM {
		*NODE_NAME "Bip01 R Toe0"
		*TM_ROW0 -0.173651	-0.984807	3.52553e-006
		*TM_ROW1 3.507e-006	3.07854e-006	1
		*TM_ROW2 -0.984807	0.173651	3.0421e-006
		*TM_ROW3 -17.6255	-22.0592	2.91014e-005
		*TM_POS -17.6255	-22.0592	2.91014e-005
		*TM_ROTAXIS -0.510271	0.608121	0.608121
		*TM_ROTANGLE 2.19793
		*TM_SCALE 1	1	1
		*TM_SCALEAXIS 0	0	0
		*TM_SCALEAXISANG 0	0	0
	}
}
*GEOMOBJECT {
	*NODE_NAME "zm_Frill"
	*NODE_PARENT "Bip01 Head"
	*NODE_TM {
		*NODE_NAME "zm_Frill"
		*TM_ROW0 -5.96047e-008	1.76447e-006	1
		*TM_ROW1 -1.79264e-006	-1	1.80855e-006
		*TM_ROW2 1	-1.79264e-006	-5.96046e-008
		*TM_ROW3 2.27758e-011	-3.85901	161.198
		*TM_POS 2.27758e-011	-3.85901	161.198
		*TM_ROTAXIS -0.707107	-5.62215e-009	-0.707107
		*TM_ROTANGLE 3.14159
		*TM_SCALE 1	1	1
		*TM_SCALEAXIS 0	0	0
		*TM_SCALEAXISANG 0	0	0
	}
	*MATERIAL_REF 0
	*MESH {
		*TIMEVALUE 0
		*MESH_NUMVERTEX 101
		*MESH_NUMFACES 181
		*MESH_VERTEX_LIST {
			*MESH_VERTEX 0	-6.13091	2.94794	179.005
			*MESH_VERTEX 1	5.09354	-3.32637	160.027
			*MESH_VERTEX 2	2.87987	-12.407	181.135
			*MESH_VERTEX 3	6.4528	2.42532	179.181
			*MESH_VERTEX 4	2.38056	-15.7503	164.012
			*MESH_VERTEX 5	-4.67467	-2.92069	159.89
			*MESH_VERTEX 6	-3.96147	-13.2555	164.962
			*MESH_VERTEX 7	-3.13759	-15.5266	163.89
			*MESH_VERTEX 8	2.33716	-15.5319	159.449
			*MESH_VERTEX 9	-2.89694	-15.3149	159.374
			*MESH_VERTEX 10	-4.19934	-5.27808	183.429
			*MESH_VERTEX 11	-3.72319	-12.1265	181.025
			*MESH_VERTEX 12	-5.63676	5.14616	171.758
			*MESH_VERTEX 13	6.39476	4.64648	171.927
			*MESH_VERTEX 14	0.175161	3.31965	181.719
			*MESH_VERTEX 15	3.77231	-5.60916	183.541
			*MESH_VERTEX 16	0.364429	6.27868	176.981
			*MESH_VERTEX 17	3.37702	-13.7151	162.691
			*MESH_VERTEX 18	3.31639	-13.5578	165.032
			*MESH_VERTEX 19	-0.483165	-17.4848	167.036
			*MESH_VERTEX 20	9.32327	-0.0313619	172.266
			*MESH_VERTEX 21	1.16298	-15.9724	164.07
			*MESH_VERTEX 22	-8.95132	0.727594	172.01
			*MESH_VERTEX 23	-0.402029	-15.3735	163.818
			*MESH_VERTEX 24	-0.402654	-15.3072	165.081
			*MESH_VERTEX 25	0.419855	3.19679	164.373
			*MESH_VERTEX 26	-1.94512	-15.8434	164.027
			*MESH_VERTEX 27	-3.80176	-13.4169	162.59
			*MESH_VERTEX 28	-0.316234	-14.9074	164.023
			*MESH_VERTEX 29	-0.272503	-15	162.681
			*MESH_VERTEX 30	-0.435123	-14.5303	172.365
			*MESH_VERTEX 31	-2.3931	-15.1808	166.786
			*MESH_VERTEX 32	1.61721	-15.3471	166.843
			*MESH_VERTEX 33	4.48816	-13.9461	173.773
			*MESH_VERTEX 34	-5.33047	-13.5383	173.636
			*MESH_VERTEX 35	-0.0746677	-1.99847	183.787
			*MESH_VERTEX 36	5.18471	-9.58781	159.695
			*MESH_VERTEX 37	7.88121	-1.22096	173.37
			*MESH_VERTEX 38	8.09717	-2.95046	166.231
			*MESH_VERTEX 39	-5.27528	-9.1534	159.548
			*MESH_VERTEX 40	-7.6443	-0.576171	173.153
			*MESH_VERTEX 41	-7.80317	-2.2901	166.008
			*MESH_VERTEX 42	-5.6729	-11.8072	172.95
			*MESH_VERTEX 43	4.99501	-12.2502	173.099
			*MESH_VERTEX 44	-6.17532	-10.1905	179.566
			*MESH_VERTEX 45	5.46095	-10.6738	179.729
			*MESH_VERTEX 46	-0.413239	-16.0502	164.086
			*MESH_VERTEX 47	6.06035	1.38961	164.565
			*MESH_VERTEX 48	-5.36778	1.86422	164.405
			*MESH_VERTEX 49	-6.09077	-12.8183	168.722
			*MESH_VERTEX 50	-1.09847	-17.6091	168.223
			*MESH_VERTEX 51	0.0812616	-17.6581	168.235
			*MESH_VERTEX 52	5.46919	-13.2957	168.892
			*MESH_VERTEX 53	1.01798	-13.4912	170.986
			*MESH_VERTEX 54	-1.75794	-13.3759	170.947
			*MESH_VERTEX 55	0.445608	6.21902	171.009
			*MESH_VERTEX 56	-0.326513	-8.12527	183.601
			*MESH_VERTEX 57	-3.96315	-13.3973	163.64
			*MESH_VERTEX 58	-6.80866	-1.15893	165.373
			*MESH_VERTEX 59	7.21803	-1.74147	165.569
			*MESH_VERTEX 60	6.84138	-6.00972	180.034
			*MESH_VERTEX 61	-7.19022	-5.38974	179.835
			*MESH_VERTEX 62	5.49596	0.053893	181.736
			*MESH_VERTEX 63	-0.466479	-14.9316	173.414
			*MESH_VERTEX 64	5.52679	-12.0774	170.722
			*MESH_VERTEX 65	-6.09747	-11.5762	170.816
			*MESH_VERTEX 66	7.76578	-4.75574	173.27
			*MESH_VERTEX 67	9.0638	-2.49244	173.193
			*MESH_VERTEX 68	-7.82201	-4.10837	173.052
			*MESH_VERTEX 69	-8.9228	-1.74545	172.941
			*MESH_VERTEX 70	-6.94726	-5.53392	165.163
			*MESH_VERTEX 71	-5.42148	-0.187087	181.633
			*MESH_VERTEX 72	6.95428	-7.17072	165.434
			*MESH_VERTEX 73	-5.42509	-12.7525	164.017
			*MESH_VERTEX 74	0.865499	-13.7636	172.768
			*MESH_VERTEX 75	-1.67845	-13.658	172.732
			*MESH_VERTEX 76	4.86505	-13.1799	164.161
			*MESH_VERTEX 77	-3.9137	-12.7357	172.656
			*MESH_VERTEX 78	-2.30576	-13.8096	172.926
			*MESH_VERTEX 79	-3.10199	-14.3327	173.718
			*MESH_VERTEX 80	-0.423226	-16.0561	164.025
			*MESH_VERTEX 81	2.20007	-14.5529	173.792
			*MESH_VERTEX 82	3.19957	-12.7022	171.864
			*MESH_VERTEX 83	1.47242	-13.9665	172.979
			*MESH_VERTEX 84	3.17229	-13.03	172.755
			*MESH_VERTEX 85	-3.87519	-12.4084	171.765
			*MESH_VERTEX 86	3.31639	-13.5578	165.032
			*MESH_VERTEX 87	2.91165	-12.9216	172.988
			*MESH_VERTEX 88	-3.65265	-12.7059	172.955
			*MESH_VERTEX 89	-3.96147	-13.2555	164.962
			*MESH_VERTEX 90	-3.96315	-13.3973	163.64
			*MESH_VERTEX 91	0.893378	-13.3368	173.065
			*MESH_VERTEX 92	-1.67753	-13.2261	173.085
			*MESH_VERTEX 93	-5.37803	-11.282	172.897
			*MESH_VERTEX 94	4.77408	-11.7076	172.984
			*MESH_VERTEX 95	3.3147	-13.6996	163.71
			*MESH_VERTEX 96	3.3147	-13.6996	163.71
			*MESH_VERTEX 97	-3.82211	-13.476	163.867
			*MESH_VERTEX 98	3.35689	-13.7755	163.949
			*MESH_VERTEX 99	1.01045	-13.6889	170.938
			*MESH_VERTEX 100	-6.10508	-11.7734	170.774
		}
		*MESH_FACE_LIST {
			*MESH_FACE    0:    A:    11 B:    63 C:    2 AB:    1 BC:    1 CA:    1	 *MESH_SMOOTHING 1 	*MESH_MTLID 0
			*MESH_FACE    1:    A:    76 B:    36 C:    72 AB:    1 BC:    1 CA:    1	 *MESH_SMOOTHING 1 	*MESH_MTLID 0
			*MESH_FACE    2:    A:    71 B:    35 C:    14 AB:    1 BC:    1 CA:    1	 *MESH_SMOOTHING 1 	*MESH_MTLID 0
			*MESH_FACE    3:    A:    55 B:    25 C:    12 AB:    1 BC:    1 CA:    1	 *MESH_SMOOTHING 1 	*MESH_MTLID 0
			*MESH_FACE    4:    A:    36 B:    76 C:    8 AB:    1 BC:    1 CA:    1	 *MESH_SMOOTHING 1 	*MESH_MTLID 0
			*MESH_FACE    5:    A:    9 B:    73 C:    39 AB:    1 BC:    1 CA:    1	 *MESH_SMOOTHING 1 	*MESH_MTLID 0
			*MESH_FACE    6:    A:    39 B:    36 C:    9 AB:    1 BC:    1 CA:    1	 *MESH_SMOOTHING 1 	*MESH_MTLID 0
			*MESH_FACE    7:    A:    25 B:    13 C:    47 AB:    1 BC:    1 CA:    1	 *MESH_SMOOTHING 1 	*MESH_MTLID 0
			*MESH_FACE    8:    A:    36 B:    8 C:    9 AB:    1 BC:    1 CA:    1	 *MESH_SMOOTHING 1 	*MESH_MTLID 0
			*MESH_FACE    9:    A:    52 B:    32 C:    4 AB:    1 BC:    1 CA:    1	 *MESH_SMOOTHING 1 	*MESH_MTLID 0
			*MESH_FACE    10:    A:    46 B:    89 C:    24 AB:    1 BC:    1 CA:    1	 *MESH_SMOOTHING 1 	*MESH_MTLID 0
			*MESH_FACE    11:    A:    21 B:    29 C:    80 AB:    1 BC:    1 CA:    1	 *MESH_SMOOTHING 1 	*MESH_MTLID 0
			*MESH_FACE    12:    A:    8 B:    76 C:    4 AB:    1 BC:    1 CA:    1	 *MESH_SMOOTHING 1 	*MESH_MTLID 0
			*MESH_FACE    13:    A:    8 B:    21 C:    80 AB:    1 BC:    1 CA:    1	 *MESH_SMOOTHING 1 	*MESH_MTLID 0
			*MESH_FACE    14:    A:    9 B:    7 C:    73 AB:    1 BC:    1 CA:    1	 *MESH_SMOOTHING 1 	*MESH_MTLID 0
			*MESH_FACE    15:    A:    8 B:    80 C:    9 AB:    1 BC:    1 CA:    1	 *MESH_SMOOTHING 1 	*MESH_MTLID 0
			*MESH_FACE    16:    A:    35 B:    71 C:    10 AB:    1 BC:    1 CA:    1	 *MESH_SMOOTHING 1 	*MESH_MTLID 0
			*MESH_FACE    17:    A:    39 B:    73 C:    70 AB:    1 BC:    1 CA:    1	 *MESH_SMOOTHING 1 	*MESH_MTLID 0
			*MESH_FACE    18:    A:    11 B:    2 C:    56 AB:    1 BC:    1 CA:    1	 *MESH_SMOOTHING 1 	*MESH_MTLID 0
			*MESH_FACE    19:    A:    10 B:    71 C:    61 AB:    1 BC:    1 CA:    1	 *MESH_SMOOTHING 1 	*MESH_MTLID 0
			*MESH_FACE    20:    A:    16 B:    12 C:    0 AB:    1 BC:    1 CA:    1	 *MESH_SMOOTHING 1 	*MESH_MTLID 0
			*MESH_FACE    21:    A:    12 B:    48 C:    58 AB:    1 BC:    1 CA:    1	 *MESH_SMOOTHING 1 	*MESH_MTLID 0
			*MESH_FACE    22:    A:    47 B:    13 C:    59 AB:    1 BC:    1 CA:    1	 *MESH_SMOOTHING 1 	*MESH_MTLID 0
			*MESH_FACE    23:    A:    16 B:    0 C:    14 AB:    1 BC:    1 CA:    1	 *MESH_SMOOTHING 1 	*MESH_MTLID 0
			*MESH_FACE    24:    A:    35 B:    62 C:    14 AB:    1 BC:    1 CA:    1	 *MESH_SMOOTHING 1 	*MESH_MTLID 0
			*MESH_FACE    25:    A:    3 B:    16 C:    14 AB:    1 BC:    1 CA:    1	 *MESH_SMOOTHING 1 	*MESH_MTLID 0
			*MESH_FACE    26:    A:    62 B:    15 C:    60 AB:    1 BC:    1 CA:    1	 *MESH_SMOOTHING 1 	*MESH_MTLID 0
			*MESH_FACE    27:    A:    56 B:    2 C:    15 AB:    1 BC:    1 CA:    1	 *MESH_SMOOTHING 1 	*MESH_MTLID 0
			*MESH_FACE    28:    A:    13 B:    16 C:    3 AB:    1 BC:    1 CA:    1	 *MESH_SMOOTHING 1 	*MESH_MTLID 0
			*MESH_FACE    29:    A:    55 B:    13 C:    25 AB:    1 BC:    1 CA:    1	 *MESH_SMOOTHING 1 	*MESH_MTLID 0
			*MESH_FACE    30:    A:    17 B:    29 C:    21 AB:    1 BC:    1 CA:    1	 *MESH_SMOOTHING 1 	*MESH_MTLID 0
			*MESH_FACE    31:    A:    18 B:    4 C:    46 AB:    1 BC:    1 CA:    1	 *MESH_SMOOTHING 1 	*MESH_MTLID 0
			*MESH_FACE    32:    A:    21 B:    18 C:    17 AB:    1 BC:    1 CA:    1	 *MESH_SMOOTHING 1 	*MESH_MTLID 0
			*MESH_FACE    33:    A:    24 B:    6 C:    57 AB:    1 BC:    1 CA:    1	 *MESH_SMOOTHING 1 	*MESH_MTLID 0
			*MESH_FACE    34:    A:    53 B:    32 C:    52 AB:    1 BC:    1 CA:    1	 *MESH_SMOOTHING 1 	*MESH_MTLID 0
			*MESH_FACE    35:    A:    46 B:    4 C:    32 AB:    1 BC:    1 CA:    1	 *MESH_SMOOTHING 1 	*MESH_MTLID 0
			*MESH_FACE    36:    A:    37 B:    3 C:    60 AB:    1 BC:    1 CA:    1	 *MESH_SMOOTHING 1 	*MESH_MTLID 0
			*MESH_FACE    37:    A:    13 B:    3 C:    37 AB:    1 BC:    1 CA:    1	 *MESH_SMOOTHING 1 	*MESH_MTLID 0
			*MESH_FACE    38:    A:    8 B:    4 C:    21 AB:    1 BC:    1 CA:    1	 *MESH_SMOOTHING 1 	*MESH_MTLID 0
			*MESH_FACE    39:    A:    18 B:    21 C:    4 AB:    1 BC:    1 CA:    1	 *MESH_SMOOTHING 1 	*MESH_MTLID 0
			*MESH_FACE    40:    A:    12 B:    40 C:    0 AB:    1 BC:    1 CA:    1	 *MESH_SMOOTHING 1 	*MESH_MTLID 0
			*MESH_FACE    41:    A:    0 B:    40 C:    61 AB:    1 BC:    1 CA:    1	 *MESH_SMOOTHING 1 	*MESH_MTLID 0
			*MESH_FACE    42:    A:    86 B:    6 C:    57 AB:    1 BC:    1 CA:    1	 *MESH_SMOOTHING 1 	*MESH_MTLID 0
			*MESH_FACE    43:    A:    46 B:    24 C:    18 AB:    1 BC:    1 CA:    1	 *MESH_SMOOTHING 1 	*MESH_MTLID 0
			*MESH_FACE    44:    A:    24 B:    6 C:    18 AB:    1 BC:    1 CA:    1	 *MESH_SMOOTHING 1 	*MESH_MTLID 0
			*MESH_FACE    45:    A:    18 B:    24 C:    23 AB:    1 BC:    1 CA:    1	 *MESH_SMOOTHING 1 	*MESH_MTLID 0
			*MESH_FACE    46:    A:    12 B:    25 C:    48 AB:    1 BC:    1 CA:    1	 *MESH_SMOOTHING 1 	*MESH_MTLID 0
			*MESH_FACE    47:    A:    25 B:    1 C:    5 AB:    1 BC:    1 CA:    1	 *MESH_SMOOTHING 1 	*MESH_MTLID 0
			*MESH_FACE    48:    A:    9 B:    26 C:    7 AB:    1 BC:    1 CA:    1	 *MESH_SMOOTHING 1 	*MESH_MTLID 0
			*MESH_FACE    49:    A:    7 B:    26 C:    89 AB:    1 BC:    1 CA:    1	 *MESH_SMOOTHING 1 	*MESH_MTLID 0
			*MESH_FACE    50:    A:    89 B:    26 C:    27 AB:    1 BC:    1 CA:    1	 *MESH_SMOOTHING 1 	*MESH_MTLID 0
			*MESH_FACE    51:    A:    27 B:    17 C:    6 AB:    1 BC:    1 CA:    1	 *MESH_SMOOTHING 1 	*MESH_MTLID 0
			*MESH_FACE    52:    A:    28 B:    29 C:    17 AB:    1 BC:    1 CA:    1	 *MESH_SMOOTHING 1 	*MESH_MTLID 0
			*MESH_FACE    53:    A:    26 B:    29 C:    27 AB:    1 BC:    1 CA:    1	 *MESH_SMOOTHING 1 	*MESH_MTLID 0
			*MESH_FACE    54:    A:    27 B:    29 C:    28 AB:    1 BC:    1 CA:    1	 *MESH_SMOOTHING 1 	*MESH_MTLID 0
			*MESH_FACE    55:    A:    50 B:    54 C:    31 AB:    1 BC:    1 CA:    1	 *MESH_SMOOTHING 1 	*MESH_MTLID 0
			*MESH_FACE    56:    A:    31 B:    54 C:    49 AB:    1 BC:    1 CA:    1	 *MESH_SMOOTHING 1 	*MESH_MTLID 0
			*MESH_FACE    57:    A:    31 B:    46 C:    32 AB:    1 BC:    1 CA:    1	 *MESH_SMOOTHING 1 	*MESH_MTLID 0
			*MESH_FACE    58:    A:    31 B:    49 C:    7 AB:    1 BC:    1 CA:    1	 *MESH_SMOOTHING 1 	*MESH_MTLID 0
			*MESH_FACE    59:    A:    19 B:    31 C:    32 AB:    1 BC:    1 CA:    1	 *MESH_SMOOTHING 1 	*MESH_MTLID 0
			*MESH_FACE    60:    A:    51 B:    32 C:    53 AB:    1 BC:    1 CA:    1	 *MESH_SMOOTHING 1 	*MESH_MTLID 0
			*MESH_FACE    61:    A:    63 B:    81 C:    2 AB:    1 BC:    1 CA:    1	 *MESH_SMOOTHING 1 	*MESH_MTLID 0
			*MESH_FACE    62:    A:    45 B:    43 C:    66 AB:    1 BC:    1 CA:    1	 *MESH_SMOOTHING 1 	*MESH_MTLID 0
			*MESH_FACE    63:    A:    79 B:    63 C:    11 AB:    1 BC:    1 CA:    1	 *MESH_SMOOTHING 1 	*MESH_MTLID 0
			*MESH_FACE    64:    A:    44 B:    68 C:    42 AB:    1 BC:    1 CA:    1	 *MESH_SMOOTHING 1 	*MESH_MTLID 0
			*MESH_FACE    65:    A:    62 B:    35 C:    15 AB:    1 BC:    1 CA:    1	 *MESH_SMOOTHING 1 	*MESH_MTLID 0
			*MESH_FACE    66:    A:    35 B:    56 C:    15 AB:    1 BC:    1 CA:    1	 *MESH_SMOOTHING 1 	*MESH_MTLID 0
			*MESH_FACE    67:    A:    36 B:    1 C:    72 AB:    1 BC:    1 CA:    1	 *MESH_SMOOTHING 1 	*MESH_MTLID 0
			*MESH_FACE    68:    A:    39 B:    1 C:    36 AB:    1 BC:    1 CA:    1	 *MESH_SMOOTHING 1 	*MESH_MTLID 0
			*MESH_FACE    69:    A:    13 B:    37 C:    59 AB:    1 BC:    1 CA:    1	 *MESH_SMOOTHING 1 	*MESH_MTLID 0
			*MESH_FACE    70:    A:    72 B:    66 C:    64 AB:    1 BC:    1 CA:    1	 *MESH_SMOOTHING 1 	*MESH_MTLID 0
			*MESH_FACE    71:    A:    38 B:    20 C:    67 AB:    1 BC:    1 CA:    1	 *MESH_SMOOTHING 1 	*MESH_MTLID 0
			*MESH_FACE    72:    A:    1 B:    59 C:    72 AB:    1 BC:    1 CA:    1	 *MESH_SMOOTHING 1 	*MESH_MTLID 0
			*MESH_FACE    73:    A:    5 B:    39 C:    70 AB:    1 BC:    1 CA:    1	 *MESH_SMOOTHING 1 	*MESH_MTLID 0
			*MESH_FACE    74:    A:    5 B:    1 C:    39 AB:    1 BC:    1 CA:    1	 *MESH_SMOOTHING 1 	*MESH_MTLID 0
			*MESH_FACE    75:    A:    40 B:    12 C:    58 AB:    1 BC:    1 CA:    1	 *MESH_SMOOTHING 1 	*MESH_MTLID 0
			*MESH_FACE    76:    A:    65 B:    68 C:    70 AB:    1 BC:    1 CA:    1	 *MESH_SMOOTHING 1 	*MESH_MTLID 0
			*MESH_FACE    77:    A:    22 B:    41 C:    69 AB:    1 BC:    1 CA:    1	 *MESH_SMOOTHING 1 	*MESH_MTLID 0
			*MESH_FACE    78:    A:    58 B:    5 C:    70 AB:    1 BC:    1 CA:    1	 *MESH_SMOOTHING 1 	*MESH_MTLID 0
			*MESH_FACE    79:    A:    42 B:    34 C:    44 AB:    1 BC:    1 CA:    1	 *MESH_SMOOTHING 1 	*MESH_MTLID 0
			*MESH_FACE    80:    A:    79 B:    78 C:    63 AB:    1 BC:    1 CA:    1	 *MESH_SMOOTHING 1 	*MESH_MTLID 0
			*MESH_FACE    81:    A:    33 B:    43 C:    45 AB:    1 BC:    1 CA:    1	 *MESH_SMOOTHING 1 	*MESH_MTLID 0
			*MESH_FACE    82:    A:    43 B:    33 C:    83 AB:    1 BC:    1 CA:    1	 *MESH_SMOOTHING 1 	*MESH_MTLID 0
			*MESH_FACE    83:    A:    44 B:    11 C:    10 AB:    1 BC:    1 CA:    1	 *MESH_SMOOTHING 1 	*MESH_MTLID 0
			*MESH_FACE    84:    A:    11 B:    44 C:    34 AB:    1 BC:    1 CA:    1	 *MESH_SMOOTHING 1 	*MESH_MTLID 0
			*MESH_FACE    85:    A:    2 B:    45 C:    15 AB:    1 BC:    1 CA:    1	 *MESH_SMOOTHING 1 	*MESH_MTLID 0
			*MESH_FACE    86:    A:    45 B:    2 C:    33 AB:    1 BC:    1 CA:    1	 *MESH_SMOOTHING 1 	*MESH_MTLID 0
			*MESH_FACE    87:    A:    7 B:    46 C:    31 AB:    1 BC:    1 CA:    1	 *MESH_SMOOTHING 1 	*MESH_MTLID 0
			*MESH_FACE    88:    A:    7 B:    89 C:    46 AB:    1 BC:    1 CA:    1	 *MESH_SMOOTHING 1 	*MESH_MTLID 0
			*MESH_FACE    89:    A:    1 B:    47 C:    59 AB:    1 BC:    1 CA:    1	 *MESH_SMOOTHING 1 	*MESH_MTLID 0
			*MESH_FACE    90:    A:    1 B:    25 C:    47 AB:    1 BC:    1 CA:    1	 *MESH_SMOOTHING 1 	*MESH_MTLID 0
			*MESH_FACE    91:    A:    48 B:    5 C:    58 AB:    1 BC:    1 CA:    1	 *MESH_SMOOTHING 1 	*MESH_MTLID 0
			*MESH_FACE    92:    A:    25 B:    5 C:    48 AB:    1 BC:    1 CA:    1	 *MESH_SMOOTHING 1 	*MESH_MTLID 0
			*MESH_FACE    93:    A:    49 B:    54 C:    65 AB:    1 BC:    1 CA:    1	 *MESH_SMOOTHING 1 	*MESH_MTLID 0
			*MESH_FACE    94:    A:    70 B:    49 C:    65 AB:    1 BC:    1 CA:    1	 *MESH_SMOOTHING 1 	*MESH_MTLID 0
			*MESH_FACE    95:    A:    51 B:    30 C:    50 AB:    1 BC:    1 CA:    1	 *MESH_SMOOTHING 1 	*MESH_MTLID 0
			*MESH_FACE    96:    A:    19 B:    50 C:    31 AB:    1 BC:    1 CA:    1	 *MESH_SMOOTHING 1 	*MESH_MTLID 0
			*MESH_FACE    97:    A:    19 B:    51 C:    50 AB:    1 BC:    1 CA:    1	 *MESH_SMOOTHING 1 	*MESH_MTLID 0
			*MESH_FACE    98:    A:    32 B:    51 C:    19 AB:    1 BC:    1 CA:    1	 *MESH_SMOOTHING 1 	*MESH_MTLID 0
			*MESH_FACE    99:    A:    53 B:    64 C:    82 AB:    1 BC:    1 CA:    1	 *MESH_SMOOTHING 1 	*MESH_MTLID 0
			*MESH_FACE    100:    A:    64 B:    66 C:    43 AB:    1 BC:    1 CA:    1	 *MESH_SMOOTHING 1 	*MESH_MTLID 0
			*MESH_FACE    101:    A:    51 B:    53 C:    30 AB:    1 BC:    1 CA:    1	 *MESH_SMOOTHING 1 	*MESH_MTLID 0
			*MESH_FACE    102:    A:    53 B:    82 C:    74 AB:    1 BC:    1 CA:    1	 *MESH_SMOOTHING 1 	*MESH_MTLID 0
			*MESH_FACE    103:    A:    30 B:    54 C:    50 AB:    1 BC:    1 CA:    1	 *MESH_SMOOTHING 1 	*MESH_MTLID 0
			*MESH_FACE    104:    A:    54 B:    75 C:    85 AB:    1 BC:    1 CA:    1	 *MESH_SMOOTHING 1 	*MESH_MTLID 0
			*MESH_FACE    105:    A:    13 B:    55 C:    16 AB:    1 BC:    1 CA:    1	 *MESH_SMOOTHING 1 	*MESH_MTLID 0
			*MESH_FACE    106:    A:    55 B:    12 C:    16 AB:    1 BC:    1 CA:    1	 *MESH_SMOOTHING 1 	*MESH_MTLID 0
			*MESH_FACE    107:    A:    56 B:    10 C:    11 AB:    1 BC:    1 CA:    1	 *MESH_SMOOTHING 1 	*MESH_MTLID 0
			*MESH_FACE    108:    A:    10 B:    56 C:    35 AB:    1 BC:    1 CA:    1	 *MESH_SMOOTHING 1 	*MESH_MTLID 0
			*MESH_FACE    109:    A:    57 B:    23 C:    24 AB:    1 BC:    1 CA:    1	 *MESH_SMOOTHING 1 	*MESH_MTLID 0
			*MESH_FACE    110:    A:    40 B:    58 C:    22 AB:    1 BC:    1 CA:    1	 *MESH_SMOOTHING 1 	*MESH_MTLID 0
			*MESH_FACE    111:    A:    22 B:    58 C:    41 AB:    1 BC:    1 CA:    1	 *MESH_SMOOTHING 1 	*MESH_MTLID 0
			*MESH_FACE    112:    A:    59 B:    37 C:    20 AB:    1 BC:    1 CA:    1	 *MESH_SMOOTHING 1 	*MESH_MTLID 0
			*MESH_FACE    113:    A:    59 B:    20 C:    38 AB:    1 BC:    1 CA:    1	 *MESH_SMOOTHING 1 	*MESH_MTLID 0
			*MESH_FACE    114:    A:    45 B:    60 C:    15 AB:    1 BC:    1 CA:    1	 *MESH_SMOOTHING 1 	*MESH_MTLID 0
			*MESH_FACE    115:    A:    45 B:    66 C:    60 AB:    1 BC:    1 CA:    1	 *MESH_SMOOTHING 1 	*MESH_MTLID 0
			*MESH_FACE    116:    A:    61 B:    44 C:    10 AB:    1 BC:    1 CA:    1	 *MESH_SMOOTHING 1 	*MESH_MTLID 0
			*MESH_FACE    117:    A:    44 B:    61 C:    68 AB:    1 BC:    1 CA:    1	 *MESH_SMOOTHING 1 	*MESH_MTLID 0
			*MESH_FACE    118:    A:    14 B:    62 C:    3 AB:    1 BC:    1 CA:    1	 *MESH_SMOOTHING 1 	*MESH_MTLID 0
			*MESH_FACE    119:    A:    3 B:    62 C:    60 AB:    1 BC:    1 CA:    1	 *MESH_SMOOTHING 1 	*MESH_MTLID 0
			*MESH_FACE    120:    A:    75 B:    54 C:    30 AB:    1 BC:    1 CA:    1	 *MESH_SMOOTHING 1 	*MESH_MTLID 0
			*MESH_FACE    121:    A:    53 B:    74 C:    30 AB:    1 BC:    1 CA:    1	 *MESH_SMOOTHING 1 	*MESH_MTLID 0
			*MESH_FACE    122:    A:    53 B:    52 C:    64 AB:    1 BC:    1 CA:    1	 *MESH_SMOOTHING 1 	*MESH_MTLID 0
			*MESH_FACE    123:    A:    64 B:    52 C:    72 AB:    1 BC:    1 CA:    1	 *MESH_SMOOTHING 1 	*MESH_MTLID 0
			*MESH_FACE    124:    A:    68 B:    65 C:    42 AB:    1 BC:    1 CA:    1	 *MESH_SMOOTHING 1 	*MESH_MTLID 0
			*MESH_FACE    125:    A:    54 B:    85 C:    65 AB:    1 BC:    1 CA:    1	 *MESH_SMOOTHING 1 	*MESH_MTLID 0
			*MESH_FACE    126:    A:    37 B:    60 C:    66 AB:    1 BC:    1 CA:    1	 *MESH_SMOOTHING 1 	*MESH_MTLID 0
			*MESH_FACE    127:    A:    67 B:    20 C:    37 AB:    1 BC:    1 CA:    1	 *MESH_SMOOTHING 1 	*MESH_MTLID 0
			*MESH_FACE    128:    A:    66 B:    67 C:    37 AB:    1 BC:    1 CA:    1	 *MESH_SMOOTHING 1 	*MESH_MTLID 0
			*MESH_FACE    129:    A:    72 B:    67 C:    66 AB:    1 BC:    1 CA:    1	 *MESH_SMOOTHING 1 	*MESH_MTLID 0
			*MESH_FACE    130:    A:    61 B:    40 C:    68 AB:    1 BC:    1 CA:    1	 *MESH_SMOOTHING 1 	*MESH_MTLID 0
			*MESH_FACE    131:    A:    22 B:    69 C:    40 AB:    1 BC:    1 CA:    1	 *MESH_SMOOTHING 1 	*MESH_MTLID 0
			*MESH_FACE    132:    A:    69 B:    68 C:    40 AB:    1 BC:    1 CA:    1	 *MESH_SMOOTHING 1 	*MESH_MTLID 0
			*MESH_FACE    133:    A:    69 B:    70 C:    68 AB:    1 BC:    1 CA:    1	 *MESH_SMOOTHING 1 	*MESH_MTLID 0
			*MESH_FACE    134:    A:    41 B:    70 C:    69 AB:    1 BC:    1 CA:    1	 *MESH_SMOOTHING 1 	*MESH_MTLID 0
			*MESH_FACE    135:    A:    70 B:    41 C:    58 AB:    1 BC:    1 CA:    1	 *MESH_SMOOTHING 1 	*MESH_MTLID 0
			*MESH_FACE    136:    A:    71 B:    14 C:    0 AB:    1 BC:    1 CA:    1	 *MESH_SMOOTHING 1 	*MESH_MTLID 0
			*MESH_FACE    137:    A:    0 B:    61 C:    71 AB:    1 BC:    1 CA:    1	 *MESH_SMOOTHING 1 	*MESH_MTLID 0
			*MESH_FACE    138:    A:    38 B:    72 C:    59 AB:    1 BC:    1 CA:    1	 *MESH_SMOOTHING 1 	*MESH_MTLID 0
			*MESH_FACE    139:    A:    38 B:    67 C:    72 AB:    1 BC:    1 CA:    1	 *MESH_SMOOTHING 1 	*MESH_MTLID 0
			*MESH_FACE    140:    A:    73 B:    7 C:    49 AB:    1 BC:    1 CA:    1	 *MESH_SMOOTHING 1 	*MESH_MTLID 0
			*MESH_FACE    141:    A:    49 B:    70 C:    73 AB:    1 BC:    1 CA:    1	 *MESH_SMOOTHING 1 	*MESH_MTLID 0
			*MESH_FACE    142:    A:    63 B:    30 C:    74 AB:    1 BC:    1 CA:    1	 *MESH_SMOOTHING 1 	*MESH_MTLID 0
			*MESH_FACE    143:    A:    83 B:    81 C:    63 AB:    1 BC:    1 CA:    1	 *MESH_SMOOTHING 1 	*MESH_MTLID 0
			*MESH_FACE    144:    A:    30 B:    63 C:    75 AB:    1 BC:    1 CA:    1	 *MESH_SMOOTHING 1 	*MESH_MTLID 0
			*MESH_FACE    145:    A:    78 B:    75 C:    63 AB:    1 BC:    1 CA:    1	 *MESH_SMOOTHING 1 	*MESH_MTLID 0
			*MESH_FACE    146:    A:    4 B:    76 C:    52 AB:    1 BC:    1 CA:    1	 *MESH_SMOOTHING 1 	*MESH_MTLID 0
			*MESH_FACE    147:    A:    72 B:    52 C:    76 AB:    1 BC:    1 CA:    1	 *MESH_SMOOTHING 1 	*MESH_MTLID 0
			*MESH_FACE    148:    A:    85 B:    75 C:    77 AB:    1 BC:    1 CA:    1	 *MESH_SMOOTHING 1 	*MESH_MTLID 0
			*MESH_FACE    149:    A:    77 B:    42 C:    88 AB:    1 BC:    1 CA:    1	 *MESH_SMOOTHING 1 	*MESH_MTLID 0
			*MESH_FACE    150:    A:    34 B:    42 C:    78 AB:    1 BC:    1 CA:    1	 *MESH_SMOOTHING 1 	*MESH_MTLID 0
			*MESH_FACE    151:    A:    78 B:    77 C:    75 AB:    1 BC:    1 CA:    1	 *MESH_SMOOTHING 1 	*MESH_MTLID 0
			*MESH_FACE    152:    A:    78 B:    42 C:    77 AB:    1 BC:    1 CA:    1	 *MESH_SMOOTHING 1 	*MESH_MTLID 0
			*MESH_FACE    153:    A:    34 B:    78 C:    79 AB:    1 BC:    1 CA:    1	 *MESH_SMOOTHING 1 	*MESH_MTLID 0
			*MESH_FACE    154:    A:    34 B:    79 C:    11 AB:    1 BC:    1 CA:    1	 *MESH_SMOOTHING 1 	*MESH_MTLID 0
			*MESH_FACE    155:    A:    80 B:    26 C:    9 AB:    1 BC:    1 CA:    1	 *MESH_SMOOTHING 1 	*MESH_MTLID 0
			*MESH_FACE    156:    A:    80 B:    29 C:    26 AB:    1 BC:    1 CA:    1	 *MESH_SMOOTHING 1 	*MESH_MTLID 0
			*MESH_FACE    157:    A:    81 B:    33 C:    2 AB:    1 BC:    1 CA:    1	 *MESH_SMOOTHING 1 	*MESH_MTLID 0
			*MESH_FACE    158:    A:    83 B:    33 C:    81 AB:    1 BC:    1 CA:    1	 *MESH_SMOOTHING 1 	*MESH_MTLID 0
			*MESH_FACE    159:    A:    82 B:    64 C:    43 AB:    1 BC:    1 CA:    1	 *MESH_SMOOTHING 1 	*MESH_MTLID 0
			*MESH_FACE    160:    A:    84 B:    82 C:    43 AB:    1 BC:    1 CA:    1	 *MESH_SMOOTHING 1 	*MESH_MTLID 0
