*3DSMAX_ASCIIEXPORT	110
*COMMENT "[ GothicSourcer v3.14 ] - June 2007"
*SCENE {
	*SCENE_FILENAME "LAB_PSI_USE.MAX"
	*SCENE_FIRSTFRAME 0
	*SCENE_LASTFRAME 369
	*SCENE_FRAMESPEED 25
	*SCENE_TICKSPERFRAME 192
	*SCENE_BACKGROUND_STATIC 0	0	0
	*SCENE_AMBIENT_STATIC 0.2	0.2	0.2
}
*HELPEROBJECT {
	*NODE_NAME "Bip01 Lab"
	*NODE_TM {
		*NODE_NAME "Bip01 Lab"
		*TM_ROW0 1	-0	0
		*TM_ROW1 -0	-3.61999e-006	-1
		*TM_ROW2 -0	1	-3.61999e-006
		*TM_ROW3 -98.4359	-379.152	-0.70602
		*TM_POS -98.4359	-379.152	-0.70602
		*TM_ROTAXIS 1	0	-0
		*TM_ROTANGLE 1.5708
		*TM_SCALE 1	1	1
		*TM_SCALEAXIS 0	0	0
		*TM_SCALEAXISANG 0	0	0
	}
}
*GEOMOBJECT {
	*NODE_NAME "zm_Fireplace"
	*NODE_PARENT "Bip01 Lab"
	*NODE_TM {
		*NODE_NAME "zm_Fireplace"
		*TM_ROW0 -0.00872355	0.999962	9.90547e-014
		*TM_ROW1 -0.999962	-0.00872355	9.31037e-016
		*TM_ROW2 -0	1.16054e-014	1
		*TM_ROW3 156.491	-380.303	-2.95112e-009
		*TM_POS 156.491	-380.303	-2.95112e-009
		*TM_ROTAXIS 5.33741e-015	4.95293e-014	-1
		*TM_ROTANGLE 1.57952
		*TM_SCALE 1	1	1
		*TM_SCALEAXIS 0	0	0
		*TM_SCALEAXISANG 0	0	0
	}
}
*GEOMOBJECT {
	*NODE_NAME "zm_Laboratorydesk"
	*NODE_PARENT "Bip01 Lab"
	*NODE_TM {
		*NODE_NAME "zm_Laboratorydesk"
		*TM_ROW0 -3.61999e-006	-1	0
		*TM_ROW1 1	-3.61999e-006	2.18408e-019
		*TM_ROW2 -0	1.16054e-014	1
		*TM_ROW3 -133.333	-333.333	92.2126
		*TM_POS -133.333	-333.333	92.2126
		*TM_ROTAXIS 5.80262e-015	0	1
		*TM_ROTANGLE 1.5708
		*TM_SCALE 1	1	1
		*TM_SCALEAXIS 0	0	0
		*TM_SCALEAXISANG 0	0	0
	}
}
*GEOMOBJECT {
	*NODE_NAME "zm_Crate_Small_0"
	*NODE_PARENT "Bip01 Lab"
	*NODE_TM {
		*NODE_NAME "zm_Crate_Small_0"
		*TM_ROW0 0.970295	0.241926	-7.92852e-015
		*TM_ROW1 -0.241926	0.970295	1.12267e-013
		*TM_ROW2 -0	-0	1
		*TM_ROW3 -144.816	-381.314	0.39666
		*TM_POS -144.816	-381.314	0.39666
		*TM_ROTAXIS -2.32027e-013	-1.63863e-014	-1
		*TM_ROTANGLE 0.24435
		*TM_SCALE 1	1	1
		*TM_SCALEAXIS 0	0	0
		*TM_SCALEAXISANG 0	0	0
	}
}
*GEOMOBJECT {
	*NODE_NAME "zm_Kocher"
	*NODE_PARENT "Bip01 Lab"
	*NODE_TM {
		*NODE_NAME "zm_Kocher"
		*TM_ROW0 0.605988	-0.795474	-1.19209e-007
		*TM_ROW1 -1.19209e-007	-2.23517e-007	1
		*TM_ROW2 -0.795474	-0.605988	-2.23517e-007
		*TM_ROW3 50.3983	-382.564	159.875
		*TM_POS 50.3983	-382.564	159.875
		*TM_ROTAXIS -0.819045	0.405688	0.405688
		*TM_ROTANGLE 1.7691
		*TM_SCALE 1	1	1
		*TM_SCALEAXIS 0	0	0
		*TM_SCALEAXISANG 0	0	0
	}
}
*GEOMOBJECT {
	*NODE_NAME "zm_Halter"
	*NODE_PARENT "Bip01 Lab"
	*NODE_TM {
		*NODE_NAME "zm_Halter"
		*TM_ROW0 -0.931692	-0.363249	-3.8743e-007
		*TM_ROW1 -3.8743e-007	-5.96046e-008	1
		*TM_ROW2 -0.363249	0.931692	-5.96047e-008
		*TM_ROW3 -4.92331	-382.744	102.528
		*TM_POS -4.92331	-382.744	102.528
		*TM_ROTAXIS -0.131809	0.700937	0.700937
		*TM_ROTANGLE 2.87949
		*TM_SCALE 1	1	1
		*TM_SCALEAXIS 0	0	0
		*TM_SCALEAXISANG 0	0	0
	}
}
*GEOMOBJECT {
	*NODE_NAME "zm_Rohr"
	*NODE_PARENT "Bip01 Lab"
	*NODE_TM {
		*NODE_NAME "zm_Rohr"
		*TM_ROW0 -0.999195	-0.0401297	6.69993e-006
		*TM_ROW1 6.69994e-006	1.19209e-007	1
		*TM_ROW2 -0.0401297	0.999195	1.19209e-007
		*TM_ROW3 -15.7636	-385.128	186.423
		*TM_POS -15.7636	-385.128	186.423
		*TM_ROTAXIS 0.0141899	-0.707036	-0.707036
		*TM_ROTANGLE 3.16998
		*TM_SCALE 1	1	1
		*TM_SCALEAXIS 0	0	0
		*TM_SCALEAXISANG 0	0	0
	}
}
*HELPEROBJECT {
	*NODE_NAME "Bip01 Ausguss"
	*NODE_PARENT "Bip01 Lab"
	*NODE_TM {
		*NODE_NAME "Bip01 Ausguss"
		*TM_ROW0 0.983887	0.178795	2.83122e-007
		*TM_ROW1 -2.83122e-007	3.20002e-006	-1
		*TM_ROW2 -0.178795	0.983886	3.20002e-006
		*TM_ROW3 -99.1962	-380.059	169.968
		*TM_POS -99.1962	-380.059	169.968
		*TM_ROTAXIS 0.991975	0.0894005	-0.0894005
		*TM_ROTANGLE 1.57885
		*TM_SCALE 1	1	1
		*TM_SCALEAXIS 0	0	0
		*TM_SCALEAXISANG 0	0	0
	}
}
*GEOMOBJECT {
	*NODE_NAME "zm_Glas03"
	*NODE_PARENT "Bip01 Lab"
	*NODE_TM {
		*NODE_NAME "zm_Glas03"
		*TM_ROW0 -3.61999e-006	-1	0
		*TM_ROW1 1	-3.61999e-006	2.18408e-019
		*TM_ROW2 -0	1.16054e-014	1
		*TM_ROW3 -244.799	-401.875	110.853
		*TM_POS -244.799	-401.875	110.853
		*TM_ROTAXIS 5.80262e-015	0	1
		*TM_ROTANGLE 1.5708
		*TM_SCALE 1	1	1
		*TM_SCALEAXIS 0	0	0
		*TM_SCALEAXISANG 0	0	0
	}
}
*GEOMOBJECT {
	*NODE_NAME "zm_Glas02"
	*NODE_PARENT "Bip01 Lab"
	*NODE_TM {
		*NODE_NAME "zm_Glas02"
		*TM_ROW0 -3.61999e-006	-1	0
		*TM_ROW1 1	-3.61999e-006	2.18408e-019
		*TM_ROW2 -0	1.16054e-014	1
		*TM_ROW3 -249.741	-390.776	110.853
		*TM_POS -249.741	-390.776	110.853
		*TM_ROTAXIS 5.80262e-015	0	1
		*TM_ROTANGLE 1.5708
		*TM_SCALE 1	1	1
		*TM_SCALEAXIS 0	0	0
		*TM_SCALEAXISANG 0	0	0
	}
}
*GEOMOBJECT {
	*NODE_NAME "zm_Glas01"
	*NODE_PARENT "Bip01 Lab"
	*NODE_TM {
		*NODE_NAME "zm_Glas01"
		*TM_ROW0 -3.61999e-006	-1	0
		*TM_ROW1 1	-3.61999e-006	2.18408e-019
		*TM_ROW2 -0	1.16054e-014	1
		*TM_ROW3 -254.402	-380.306	110.853
		*TM_POS -254.402	-380.306	110.853
		*TM_ROTAXIS 5.80262e-015	0	1
		*TM_ROTANGLE 1.5708
		*TM_SCALE 1	1	1
		*TM_SCALEAXIS 0	0	0
		*TM_SCALEAXISANG 0	0	0
	}
}
*GEOMOBJECT {
	*NODE_NAME "zm_Lilshelf"
	*NODE_PARENT "Bip01 Lab"
	*NODE_TM {
		*NODE_NAME "zm_Lilshelf"
		*TM_ROW0 0.406734	-0.913547	-5.48314e-014
		*TM_ROW1 0.913547	0.406734	2.91749e-014
		*TM_ROW2 -0	-0	1
		*TM_ROW3 -261.023	-374.333	83.2097
		*TM_POS -261.023	-374.333	83.2097
		*TM_ROTAXIS -1.59679e-014	-3.00102e-014	1
		*TM_ROTANGLE 1.15192
		*TM_SCALE 1	1	1
		*TM_SCALEAXIS 0	0	0
		*TM_SCALEAXISANG 0	0	0
	}
}
*GEOMOBJECT {
	*NODE_NAME "zm_Book1"
	*NODE_PARENT "Bip01 Lab"
	*NODE_TM {
		*NODE_NAME "zm_Book1"
		*TM_ROW0 0.182232	0.983256	-1.6211e-006
		*TM_ROW1 0.983256	-0.182232	1.94915e-006
		*TM_ROW2 1.6211e-006	-1.94915e-006	-1
		*TM_ROW3 -245.088	-223.864	101.396
		*TM_POS -245.088	-223.864	101.396
		*TM_ROTAXIS 0.768841	0.639441	7.39339e-014
		*TM_ROTANGLE 3.1416
		*TM_SCALE 1	1	1
		*TM_SCALEAXIS 0	0	0
		*TM_SCALEAXISANG 0	0	0
	}
}
*GEOMOBJECT {
	*NODE_NAME "zm_Patch"
	*NODE_PARENT "Bip01 Lab"
	*NODE_TM {
		*NODE_NAME "zm_Patch"
		*TM_ROW0 0.414694	-0.909961	4.5383e-014
		*TM_ROW1 0.909961	0.414694	4.18801e-014
		*TM_ROW2 -0	-0	1
		*TM_ROW3 -103.026	-383.881	100.709
		*TM_POS -103.026	-383.881	100.709
		*TM_ROTAXIS -2.3012e-014	2.49368e-014	1
		*TM_ROTANGLE 1.14319
		*TM_SCALE 1	1	1
		*TM_SCALEAXIS 0	0	0
		*TM_SCALEAXISANG 0	0	0
	}
}
*HELPEROBJECT {
	*NODE_NAME "ZS_POS0"
	*NODE_PARENT "Bip01 Lab"
	*NODE_TM {
		*NODE_NAME "ZS_POS0"
		*TM_ROW0 -1	2.53518e-006	-2.23643e-019
		*TM_ROW1 -2.53518e-006	-1	0
		*TM_ROW2 -0	-0	1
		*TM_ROW3 -33.5172	-327.117	97.4065
		*TM_POS -33.5172	-327.117	97.4065
		*TM_ROTAXIS 5.59108e-020	0	-1
		*TM_ROTANGLE 3.14159
		*TM_SCALE 1	1	1
		*TM_SCALEAXIS 0	0	0
		*TM_SCALEAXISANG 0	0	0
	}
}
*HELPEROBJECT {
	*NODE_NAME "Bip01 Kesselqualm"
	*NODE_PARENT "Bip01 Lab"
	*NODE_TM {
		*NODE_NAME "Bip01 Kesselqualm"
		*TM_ROW0 1	-0	0
		*TM_ROW1 -0	-3.61999e-006	-1
		*TM_ROW2 -0	1	-3.61999e-006
		*TM_ROW3 155.615	-379.152	75.9576
		*TM_POS 155.615	-379.152	75.9576
		*TM_ROTAXIS 1	0	-0
		*TM_ROTANGLE 1.5708
		*TM_SCALE 1	1	1
		*TM_SCALEAXIS 0	0	0
		*TM_SCALEAXISANG 0	0	0
	}
}
*HELPEROBJECT {
	*NODE_NAME "Bip01 Feuer"
	*NODE_PARENT "Bip01 Lab"
	*NODE_TM {
		*NODE_NAME "Bip01 Feuer"
		*TM_ROW0 1	-0	0
		*TM_ROW1 -0	-3.61999e-006	-1
		*TM_ROW2 -0	1	-3.61999e-006
		*TM_ROW3 155.615	-379.152	0.93909
		*TM_POS 155.615	-379.152	0.93909
		*TM_ROTAXIS 1	0	-0
		*TM_ROTANGLE 1.5708
		*TM_SCALE 1	1	1
		*TM_SCALEAXIS 0	0	0
		*TM_SCALEAXISANG 0	0	0
	}
}
*HELPEROBJECT {
	*NODE_NAME "Bip01 Erle"
	*NODE_PARENT "Bip01 Lab"
	*NODE_TM {
		*NODE_NAME "Bip01 Erle"
		*TM_ROW0 0.983885	0.178803	9.45015e-015
		*TM_ROW1 -0.178803	0.983885	2.62556e-014
		*TM_ROW2 -0	-0	1
		*TM_ROW3 50.5393	-382.809	143.976
		*TM_POS 50.5393	-382.809	143.976
		*TM_ROTAXIS -7.34204e-014	2.64261e-014	-1
		*TM_ROTANGLE 0.179771
		*TM_SCALE 1	1	1
		*TM_SCALEAXIS 0	0	0
		*TM_SCALEAXISANG 0	0	0
	}
}
