*3DSMAX_ASCIIEXPORT	110
*COMMENT "[ GothicSourcer v3.14 ] - June 2007"
*SCENE {
	*SCENE_FILENAME "GOB_SLIDE_M01.MAX"
	*SCENE_FIRSTFRAME 0
	*SCENE_LASTFRAME 0
	*SCENE_FRAMESPEED 25
	*SCENE_TICKSPERFRAME 192
	*SCENE_BACKGROUND_STATIC 0	0	0
	*SCENE_AMBIENT_STATIC 0.2	0.2	0.2
}
*HELPEROBJECT {
	*NODE_NAME "Bip01"
	*NODE_TM {
		*NODE_NAME "Bip01"
		*TM_ROW0 -0.662678	-0.748904	0
		*TM_ROW1 0.748904	-0.662678	0
		*TM_ROW2 -0	-0	1
		*TM_ROW3 0.4299	-10.5589	37.2794
		*TM_POS 0.4299	-10.5589	37.2794
		*TM_ROTAXIS 0	0	-1
		*TM_ROTANGLE 3.988
		*TM_SCALE 1	1	1
		*TM_SCALEAXIS 0	0	0
		*TM_SCALEAXISANG 0	0	0
	}
	*TM_ANIMATION {
		*NODE_NAME  "Bip01"
		*CONTROL_POS_TRACK {
			*CONTROL_POS_SAMPLE 0	0.000568245	0.334876	43.9133
		}
		*CONTROL_ROT_TRACK {
			*CONTROL_ROT_SAMPLE 0	0	0	1	1.33523
		}
		*CONTROL_SCALE_TRACK {
			*CONTROL_SCALE_SAMPLE	0	1	1	1	0	0	0	0
		}
	}
}
*HELPEROBJECT {
	*NODE_NAME "Bip01 Pelvis"
	*NODE_PARENT "Bip01"
	*NODE_TM {
		*NODE_NAME "Bip01 Pelvis"
		*TM_ROW0 0.0158127	-0.0139464	0.999778
		*TM_ROW1 -0.662637	-0.748941	3.30508e-005
		*TM_ROW2 0.748774	-0.66249	-0.021084
		*TM_ROW3 -1.6186	-8.5959	37.2794
		*TM_POS -1.6186	-8.5959	37.2794
		*TM_ROTAXIS 0.689702	-0.261301	0.675302
		*TM_ROTANGLE 3.64259
		*TM_SCALE 1	1	1
		*TM_SCALEAXIS 0	0	0
		*TM_SCALEAXISANG 0	0	0
	}
	*TM_ANIMATION {
		*NODE_NAME  "Bip01 Pelvis"
		*CONTROL_POS_TRACK {
			*CONTROL_POS_SAMPLE 0	2.43169	5.856	43.9127
		}
		*CONTROL_ROT_TRACK {
			*CONTROL_ROT_SAMPLE 0	-0.704622	-0.083379	-0.704667	3.30808
		}
		*CONTROL_SCALE_TRACK {
			*CONTROL_SCALE_SAMPLE	0	1	1	1	0	0	0	0
		}
	}
}
*HELPEROBJECT {
	*NODE_NAME "Bip01 Spine"
	*NODE_PARENT "Bip01 Pelvis"
	*NODE_TM {
		*NODE_NAME "Bip01 Spine"
		*TM_ROW0 0.0652491	0.0158674	0.997743
		*TM_ROW1 -0.487717	-0.871802	0.0457595
		*TM_ROW2 0.87056	-0.489602	-0.0491453
		*TM_ROW3 -1.6144	-8.5884	40.6264
		*TM_POS -1.6144	-8.5884	40.6264
		*TM_ROTAXIS 0.717727	-0.170507	0.675126
		*TM_ROTANGLE 3.52379
		*TM_SCALE 1	1	1
		*TM_SCALEAXIS 0	0	0
		*TM_SCALEAXISANG 0	0	0
	}
	*TM_ANIMATION {
		*NODE_NAME  "Bip01 Spine"
		*CONTROL_POS_TRACK {
			*CONTROL_POS_SAMPLE 0	2.42887	5.86425	47.2619
		}
		*CONTROL_ROT_TRACK {
			*CONTROL_ROT_SAMPLE 0	-0.634079	0.0267089	-0.772807	3.48331
		}
		*CONTROL_SCALE_TRACK {
			*CONTROL_SCALE_SAMPLE	0	1	1	1	0	0	0	0
		}
	}
}
*HELPEROBJECT {
	*NODE_NAME "Bip01 Spine1"
	*NODE_PARENT "Bip01 Spine"
	*NODE_TM {
		*NODE_NAME "Bip01 Spine1"
		*TM_ROW0 -0.08704	-0.407704	0.908956
		*TM_ROW1 -0.289952	-0.862549	-0.414653
		*TM_ROW2 0.953075	-0.299645	-0.0431381
		*TM_ROW3 -0.9062	-8.4061	51.3961
		*TM_POS -0.9062	-8.4061	51.3961
		*TM_ROTAXIS -0.6749	0.2589	-0.691
		*TM_ROTANGLE 3.2269
		*TM_SCALE 1	1	1
		*TM_SCALEAXIS 0	0	0
		*TM_SCALEAXISANG 0	0	0
	}
	*TM_ANIMATION {
		*NODE_NAME  "Bip01 Spine1"
		*CONTROL_POS_TRACK {
			*CONTROL_POS_SAMPLE 0	0.684276	2.72524	57.4413
		}
		*CONTROL_ROT_TRACK {
			*CONTROL_ROT_SAMPLE 0	-0.640388	0.172894	-0.748339	3.8211
		}
		*CONTROL_SCALE_TRACK {
			*CONTROL_SCALE_SAMPLE	0	1	1	1	0	0	0	0
		}
	}
}
*HELPEROBJECT {
	*NODE_NAME "Bip01 Spine2"
	*NODE_PARENT "Bip01 Spine1"
	*NODE_TM {
		*NODE_NAME "Bip01 Spine2"
		*TM_ROW0 -0.163541	-0.785477	0.596892
		*TM_ROW1 -0.0291108	-0.600932	-0.79877
		*TM_ROW2 0.986107	-0.148008	0.0754115
		*TM_ROW3 -2.3155	-14.9979	66.1132
		*TM_POS -2.3155	-14.9979	66.1132
		*TM_ROTAXIS -0.607613	0.363408	-0.706216
		*TM_ROTANGLE 3.7067
		*TM_SCALE 1	1	1
		*TM_SCALEAXIS 0	0	0
		*TM_SCALEAXISANG 0	0	0
	}
	*TM_ANIMATION {
		*NODE_NAME  "Bip01 Spine2"
		*CONTROL_POS_TRACK {
			*CONTROL_POS_SAMPLE 0	-0.108208	-8.06549	69.4781
		}
		*CONTROL_ROT_TRACK {
			*CONTROL_ROT_SAMPLE 0	-0.636138	0.276768	-0.720227	4.03677
		}
		*CONTROL_SCALE_TRACK {
			*CONTROL_SCALE_SAMPLE	0	1	1	1	0	0	0	0
		}
	}
}
*HELPEROBJECT {
	*NODE_NAME "Bip01 Neck"
	*NODE_PARENT "Bip01 Spine2"
	*NODE_TM {
		*NODE_NAME "Bip01 Neck"
		*TM_ROW0 -0.15759	-0.690766	0.705697
		*TM_ROW1 -0.0522998	-0.707785	-0.704489
		*TM_ROW2 0.986119	-0.147928	0.0754127
		*TM_ROW3 -4.0806	-23.4715	72.5534
		*TM_POS -4.0806	-23.4715	72.5534
		*TM_ROTAXIS -0.623802	0.314301	-0.715602
		*TM_ROTANGLE 3.604
		*TM_SCALE 1	1	1
		*TM_SCALEAXIS 0	0	0
		*TM_SCALEAXISANG 0	0	0
	}
	*TM_ANIMATION {
		*NODE_NAME  "Bip01 Neck"
		*CONTROL_POS_TRACK {
			*CONTROL_POS_SAMPLE 0	0.240042	-17.2154	75.1832
		}
		*CONTROL_ROT_TRACK {
			*CONTROL_ROT_SAMPLE 0	-0.639207	0.224757	-0.735458	3.93155
		}
		*CONTROL_SCALE_TRACK {
			*CONTROL_SCALE_SAMPLE	0	1	1	1	0	0	0	0
		}
	}
}
*HELPEROBJECT {
	*NODE_NAME "Bip01 Head"
	*NODE_PARENT "Bip01 Neck"
	*NODE_TM {
		*NODE_NAME "Bip01 Head"
		*TM_ROW0 0.0141952	0.0262869	0.999554
		*TM_ROW1 -0.121323	-0.992223	0.0278169
		*TM_ROW2 0.992512	-0.121663	-0.0108952
		*TM_ROW3 -4.3071	-24.4633	73.5666
		*TM_POS -4.3071	-24.4633	73.5666
		*TM_ROTAXIS 0.711146	-0.0335022	0.702246
		*TM_ROTANGLE 3.24689
		*TM_SCALE 1	1	1
		*TM_SCALEAXIS 0	0	0
		*TM_SCALEAXISANG 0	0	0
	}
	*TM_ANIMATION {
		*NODE_NAME  "Bip01 Head"
		*CONTROL_POS_TRACK {
			*CONTROL_POS_SAMPLE 0	0.228294	-18.3163	76.104
		}
		*CONTROL_ROT_TRACK {
			*CONTROL_ROT_SAMPLE 0	0.772543	-0.0648686	0.63164	3.03002
		}
		*CONTROL_SCALE_TRACK {
			*CONTROL_SCALE_SAMPLE	0	1	1	1	0	0	0	0
		}
	}
}
*HELPEROBJECT {
	*NODE_NAME "Bip01 L Clavicle"
	*NODE_PARENT "Bip01 Neck"
	*NODE_TM {
		*NODE_NAME "Bip01 L Clavicle"
		*TM_ROW0 0.943458	-0.331491	-0.00108481
		*TM_ROW1 0.200021	0.566666	0.799301
		*TM_ROW2 -0.264346	-0.754324	0.60093
		*TM_ROW3 1.6581	-21.0193	73.5751
		*TM_POS 1.6581	-21.0193	73.5751
		*TM_ROTAXIS -0.934231	0.158305	0.319611
		*TM_ROTANGLE 0.9818
		*TM_SCALE 1	1	1
		*TM_SCALEAXIS 0	0	0
		*TM_SCALEAXISANG 0	0	0
	}
	*TM_ANIMATION {
		*NODE_NAME  "Bip01 L Clavicle"
		*CONTROL_POS_TRACK {
			*CONTROL_POS_SAMPLE 0	4.65056	-13.1452	77.1759
		}
		*CONTROL_ROT_TRACK {
			*CONTROL_ROT_SAMPLE 0	-0.921304	0.387617	-0.0308647	1.13662
		}
		*CONTROL_SCALE_TRACK {
			*CONTROL_SCALE_SAMPLE	0	1	1	1	0	0	0	0
		}
	}
}
*HELPEROBJECT {
	*NODE_NAME "Bip01 L UpperArm"
	*NODE_PARENT "Bip01 L Clavicle"
	*NODE_TM {
		*NODE_NAME "Bip01 L UpperArm"
		*TM_ROW0 -0.0644155	-0.199659	-0.977746
		*TM_ROW1 0.930773	0.341314	-0.131018
		*TM_ROW2 0.359877	-0.918499	0.163851
		*TM_ROW3 11.4534	-24.4605	73.5643
		*TM_POS 11.4534	-24.4605	73.5643
		*TM_ROTAXIS -0.4101	-0.6966	0.5887
		*TM_ROTANGLE 1.8542
		*TM_SCALE 1	1	1
		*TM_SCALEAXIS 0	0	0
		*TM_SCALEAXISANG 0	0	0
	}
	*TM_ANIMATION {
		*NODE_NAME  "Bip01 L UpperArm"
		*CONTROL_POS_TRACK {
			*CONTROL_POS_SAMPLE 0	14.1229	-15.0021	80.9968
		}
		*CONTROL_ROT_TRACK {
			*CONTROL_ROT_SAMPLE 0	0.512874	-0.268843	-0.815281	1.03363
		}
		*CONTROL_SCALE_TRACK {
			*CONTROL_SCALE_SAMPLE	0	1	1	1	0	0	0	0
		}
	}
}
*HELPEROBJECT {
	*NODE_NAME "Bip01 L Forearm"
	*NODE_PARENT "Bip01 L UpperArm"
	*NODE_TM {
		*NODE_NAME "Bip01 L Forearm"
		*TM_ROW0 -0.711939	-0.383901	-0.588016
		*TM_ROW1 0.603018	0.094902	-0.792062
		*TM_ROW2 0.359877	-0.918485	0.163935
		*TM_ROW3 10.1108	-28.6226	53.188
		*TM_POS 10.1108	-28.6226	53.188
		*TM_ROTAXIS 0.0919955	0.689766	-0.718164
		*TM_ROTANGLE 3.8991
		*TM_SCALE 1	1	1
		*TM_SCALEAXIS 0	0	0
		*TM_SCALEAXISANG 0	0	0
	}
	*TM_ANIMATION {
		*NODE_NAME  "Bip01 L Forearm"
		*CONTROL_POS_TRACK {
			*CONTROL_POS_SAMPLE 0	27.4641	-1.80816	71.9279
		}
		*CONTROL_ROT_TRACK {
			*CONTROL_ROT_SAMPLE 0	0.69189	0.175513	0.700345	0.824872
		}
		*CONTROL_SCALE_TRACK {
			*CONTROL_SCALE_SAMPLE	0	1	1	1	0	0	0	0
		}
	}
}
*HELPEROBJECT {
	*NODE_NAME "Bip01 L Hand"
	*NODE_PARENT "Bip01 L Forearm"
	*NODE_TM {
		*NODE_NAME "Bip01 L Hand"
		*TM_ROW0 -0.92634	-0.127053	-0.354615
		*TM_ROW1 -0.291119	0.838886	0.459914
		*TM_ROW2 0.239048	0.529272	-0.814081
		*TM_ROW3 -4.7265	-36.6228	40.9335
		*TM_POS -4.7265	-36.6228	40.9335
		*TM_ROTAXIS -0.111902	0.957815	0.264704
		*TM_ROTANGLE 3.45669
		*TM_SCALE 1	1	1
		*TM_SCALEAXIS 0	0	0
		*TM_SCALEAXISANG 0	0	0
	}
	*TM_ANIMATION {
		*NODE_NAME  "Bip01 L Hand"
		*CONTROL_POS_TRACK {
			*CONTROL_POS_SAMPLE 0	44.8129	-11.7153	77.8592
		}
		*CONTROL_ROT_TRACK {
			*CONTROL_ROT_SAMPLE 0	0.91669	-0.220921	0.332976	1.72884
		}
		*CONTROL_SCALE_TRACK {
			*CONTROL_SCALE_SAMPLE	0	1	1	1	0	0	0	0
		}
	}
}
*HELPEROBJECT {
	*NODE_NAME "Bip01 L Finger0"
	*NODE_PARENT "Bip01 L Hand"
	*NODE_TM {
		*NODE_NAME "Bip01 L Finger0"
		*TM_ROW0 -0.926371	-0.126932	-0.354577
		*TM_ROW1 -0.291194	0.838473	0.460619
		*TM_ROW2 0.238835	0.529954	-0.813699
		*TM_ROW3 -13.7358	-37.8575	37.485
		*TM_POS -13.7358	-37.8575	37.485
		*TM_ROTAXIS -0.111901	0.957705	0.265101
		*TM_ROTANGLE 3.45659
		*TM_SCALE 1	1	1
		*TM_SCALEAXIS 0	0	0
		*TM_SCALEAXISANG 0	0	0
	}
	*TM_ANIMATION {
		*NODE_NAME  "Bip01 L Finger0"
		*CONTROL_POS_TRACK {
			*CONTROL_POS_SAMPLE 0	52.7405	-17.1932	79.1738
		}
		*CONTROL_ROT_TRACK {
			*CONTROL_ROT_SAMPLE 0	0.916742	-0.220982	0.332791	1.72955
		}
		*CONTROL_SCALE_TRACK {
			*CONTROL_SCALE_SAMPLE	0	1	1	1	0	0	0	0
		}
	}
}
*HELPEROBJECT {
	*NODE_NAME "Bip01 R Clavicle"
	*NODE_PARENT "Bip01 Neck"
	*NODE_TM {
		*NODE_NAME "Bip01 R Clavicle"
		*TM_ROW0 -0.987988	-0.0414555	-0.148864
		*TM_ROW1 -0.14242	0.618096	0.773094
		*TM_ROW2 0.0599635	0.785009	-0.616575
		*TM_ROW3 -8.9386	-19.4286	72.7637
		*TM_POS -8.9386	-19.4286	72.7637
		*TM_ROTAXIS -0.0513006	0.89911	0.434705
		*TM_ROTANGLE 3.25799
		*TM_SCALE 1	1	1
		*TM_SCALEAXIS 0	0	0
		*TM_SCALEAXISANG 0	0	0
	}
	*TM_ANIMATION {
		*NODE_NAME  "Bip01 R Clavicle"
		*CONTROL_POS_TRACK {
			*CONTROL_POS_SAMPLE 0	-5.67299	-14.9978	74.8359
		}
		*CONTROL_ROT_TRACK {
			*CONTROL_ROT_SAMPLE 0	-0.238564	0.862476	0.446342	2.93649
		}
		*CONTROL_SCALE_TRACK {
			*CONTROL_SCALE_SAMPLE	0	1	1	1	0	0	0	0
		}
	}
}
*HELPEROBJECT {
	*NODE_NAME "Bip01 R UpperArm"
	*NODE_PARENT "Bip01 R Clavicle"
	*NODE_TM {
		*NODE_NAME "Bip01 R UpperArm"
		*TM_ROW0 -0.430332	0.0959014	-0.897562
		*TM_ROW1 -0.427383	0.854181	0.296174
		*TM_ROW2 0.795083	0.511056	-0.326595
		*TM_ROW3 -19.196	-19.8596	71.2177
		*TM_POS -19.196	-19.8596	71.2177
		*TM_ROTAXIS 0.120404	-0.948436	-0.293211
		*TM_ROTANGLE 2.0391
		*TM_SCALE 1	1	1
		*TM_SCALEAXIS 0	0	0
		*TM_SCALEAXISANG 0	0	0
	}
	*TM_ANIMATION {
		*NODE_NAME  "Bip01 R UpperArm"
		*CONTROL_POS_TRACK {
			*CONTROL_POS_SAMPLE 0	-14.6671	-20.1695	74.4716
		}
		*CONTROL_ROT_TRACK {
			*CONTROL_ROT_SAMPLE 0	0.143268	0.977529	-0.154631	3.79852
		}
		*CONTROL_SCALE_TRACK {
			*CONTROL_SCALE_SAMPLE	0	1	1	1	0	0	0	0
		}
	}
}
*HELPEROBJECT {
	*NODE_NAME "Bip01 R Forearm"
	*NODE_PARENT "Bip01 R UpperArm"
	*NODE_TM {
		*NODE_NAME "Bip01 R Forearm"
		*TM_ROW0 0.483965	-0.859145	-0.166277
		*TM_ROW1 -0.365478	-0.0257978	-0.930462
		*TM_ROW2 0.795112	0.511082	-0.326484
		*TM_ROW3 -28.1632	-17.8611	52.5116
		*TM_POS -28.1632	-17.8611	52.5116
		*TM_ROTAXIS 0.800114	-0.533609	0.274005
		*TM_ROTANGLE 2.0199
		*TM_SCALE 1	1	1
		*TM_SCALEAXIS 0	0	0
		*TM_SCALEAXISANG 0	0	0
	}
	*TM_ANIMATION {
		*NODE_NAME  "Bip01 R Forearm"
		*CONTROL_POS_TRACK {
			*CONTROL_POS_SAMPLE 0	-30.4039	-16.908	61.2041
		}
		*CONTROL_ROT_TRACK {
			*CONTROL_ROT_SAMPLE 0	-0.392505	0.868414	-0.302981	3.52921
		}
		*CONTROL_SCALE_TRACK {
			*CONTROL_SCALE_SAMPLE	0	1	1	1	0	0	0	0
		}
	}
}
*HELPEROBJECT {
	*NODE_NAME "Bip01 R Hand"
	*NODE_PARENT "Bip01 R Forearm"
	*NODE_TM {
		*NODE_NAME "Bip01 R Hand"
		*TM_ROW0 0.620576	-0.764034	-0.17646
		*TM_ROW1 0.752719	0.517355	0.407133
		*TM_ROW2 -0.219771	-0.385481	0.896161
		*TM_ROW3 -18.0762	-35.7655	49.0467
		*TM_POS -18.0762	-35.7655	49.0467
		*TM_ROTAXIS -0.462999	0.0252998	0.885998
		*TM_ROTANGLE 1.0274
		*TM_SCALE 1	1	1
		*TM_SCALEAXIS 0	0	0
		*TM_SCALEAXISANG 0	0	0
	}
	*TM_ANIMATION {
		*NODE_NAME  "Bip01 R Hand"
		*CONTROL_POS_TRACK {
			*CONTROL_POS_SAMPLE 0	-43.5149	-32.9748	59.137
		}
		*CONTROL_ROT_TRACK {
			*CONTROL_ROT_SAMPLE 0	-0.232353	0.635009	-0.736733	4.05668
		}
		*CONTROL_SCALE_TRACK {
			*CONTROL_SCALE_SAMPLE	0	1	1	1	0	0	0	0
		}
	}
}
*HELPEROBJECT {
	*NODE_NAME "Bip01 R Finger0"
	*NODE_PARENT "Bip01 R Hand"
	*NODE_TM {
		*NODE_NAME "Bip01 R Finger0"
		*TM_ROW0 0.620536	-0.764078	-0.176408
		*TM_ROW1 0.752564	0.517023	0.407842
		*TM_ROW2 -0.220416	-0.385839	0.895849
		*TM_ROW3 -12.041	-43.1963	47.3309
		*TM_POS -12.041	-43.1963	47.3309
		*TM_ROTAXIS -0.46351	0.0257005	0.885719
		*TM_ROTANGLE 1.0278
		*TM_SCALE 1	1	1
		*TM_SCALEAXIS 0	0	0
		*TM_SCALEAXISANG 0	0	0
	}
	*TM_ANIMATION {
		*NODE_NAME  "Bip01 R Finger0"
		*CONTROL_POS_TRACK {
			*CONTROL_POS_SAMPLE 0	-48.6001	-40.9633	56.9223
		}
		*CONTROL_ROT_TRACK {
			*CONTROL_ROT_SAMPLE 0	-0.232173	0.634753	-0.73701	4.05686
		}
		*CONTROL_SCALE_TRACK {
			*CONTROL_SCALE_SAMPLE	0	1	1	1	0	0	0	0
		}
	}
}
*HELPEROBJECT {
	*NODE_NAME "ZS_RIGHTHAND"
	*NODE_PARENT "Bip01 R Hand"
	*NODE_TM {
		*NODE_NAME "ZS_RIGHTHAND"
		*TM_ROW0 0.212131	0.410196	-0.886983
		*TM_ROW1 -0.697822	0.698995	0.156368
		*TM_ROW2 0.684138	0.585786	0.434523
		*TM_ROW3 -16.2754	-43.1848	54.3136
		*TM_POS -16.2754	-43.1848	54.3136
		*TM_ROTAXIS 0.21799	-0.797562	-0.562473
		*TM_ROTANGLE 1.3971
		*TM_SCALE 1	1	1
		*TM_SCALEAXIS 0	0	0
		*TM_SCALEAXISANG 0	0	0
	}
	*TM_ANIMATION {
		*NODE_NAME  "ZS_RIGHTHAND"
		*CONTROL_POS_TRACK {
			*CONTROL_POS_SAMPLE 0	-41.0991	-41.8859	60.0174
		}
		*CONTROL_ROT_TRACK {
			*CONTROL_ROT_SAMPLE 0	0.298683	0.946767	0.120087	3.50637
		}
		*CONTROL_SCALE_TRACK {
			*CONTROL_SCALE_SAMPLE	0	1	1	1	0	0	0	0
		}
	}
}
*HELPEROBJECT {
	*NODE_NAME "Bip01 L Thigh"
	*NODE_PARENT "Bip01 Spine"
	*NODE_TM {
		*NODE_NAME "Bip01 L Thigh"
		*TM_ROW0 -0.198108	-0.885846	-0.419558
		*TM_ROW1 -0.32575	-0.34421	0.880571
		*TM_ROW2 -0.924467	0.31112	-0.220373
		*TM_ROW3 6.166	-15.4836	37.0602
		*TM_POS 6.166	-15.4836	37.0602
		*TM_ROTAXIS 0.602631	-0.534328	-0.592731
		*TM_ROTANGLE 3.63369
		*TM_SCALE 1	1	1
		*TM_SCALEAXIS 0	0	0
		*TM_SCALEAXISANG 0	0	0
	}
	*TM_ANIMATION {
		*NODE_NAME  "Bip01 L Thigh"
		*CONTROL_POS_TRACK {
			*CONTROL_POS_SAMPLE 0	12.5398	8.2841	43.9126
		}
		*CONTROL_ROT_TRACK {
			*CONTROL_ROT_SAMPLE 0	0.676739	-0.370508	-0.636198	3.9736
		}
		*CONTROL_SCALE_TRACK {
			*CONTROL_SCALE_SAMPLE	0	1	1	1	0	0	0	0
		}
	}
}
*HELPEROBJECT {
	*NODE_NAME "Bip01 L Calf"
	*NODE_PARENT "Bip01 L Thigh"
	*NODE_TM {
		*NODE_NAME "Bip01 L Calf"
		*TM_ROW0 0.287995	0.190926	-0.938406
		*TM_ROW1 -0.24987	-0.930997	-0.266103
		*TM_ROW2 -0.924459	0.311116	-0.220416
		*TM_ROW3 1.5838	-35.9769	27.3543
		*TM_POS 1.5838	-35.9769	27.3543
		*TM_ROTAXIS 0.794614	-0.0192003	-0.606811
		*TM_ROTANGLE 2.76989
		*TM_SCALE 1	1	1
		*TM_SCALEAXIS 0	0	0
		*TM_SCALEAXISANG 0	0	0
	}
	*TM_ANIMATION {
		*NODE_NAME  "Bip01 L Calf"
		*CONTROL_POS_TRACK {
			*CONTROL_POS_SAMPLE 0	14.6913	-12.3024	33.5817
		}
		*CONTROL_ROT_TRACK {
			*CONTROL_ROT_SAMPLE 0	0.686458	0.180376	-0.704443	2.92818
		}
		*CONTROL_SCALE_TRACK {
			*CONTROL_SCALE_SAMPLE	0	1	1	1	0	0	0	0
		}
	}
}
*HELPEROBJECT {
	*NODE_NAME "Bip01 L Foot"
	*NODE_PARENT "Bip01 L Calf"
	*NODE_TM {
		*NODE_NAME "Bip01 L Foot"
		*TM_ROW0 -0.00405442	-0.00680616	-0.999969
		*TM_ROW1 0.0972292	-0.995242	0.00637977
		*TM_ROW2 -0.995254	-0.0972004	0.00469715
		*TM_ROW3 8.2456	-31.5604	5.6451
		*TM_POS 8.2456	-31.5604	5.6451
		*TM_ROTAXIS 0.705191	0.0320996	-0.708291
		*TM_ROTANGLE 3.2151
		*TM_SCALE 1	1	1
		*TM_SCALEAXIS 0	0	0
		*TM_SCALEAXISANG 0	0	0
	}
}
*HELPEROBJECT {
	*NODE_NAME "Bip01 L Toe0"
	*NODE_PARENT "Bip01 L Foot"
	*NODE_TM {
		*NODE_NAME "Bip01 L Toe0"
		*TM_ROW0 0.0972632	-0.995239	0.00634178
		*TM_ROW1 0.00402619	0.00676544	0.999969
		*TM_ROW2 -0.99525	-0.0972347	0.00466499
		*TM_ROW3 9.8417	-48.1601	0.155805
		*TM_POS 9.8417	-48.1601	0.155805
		*TM_ROTAXIS -0.612822	0.55942	0.55812
		*TM_ROTANGLE 2.0327
		*TM_SCALE 1	1	1
		*TM_SCALEAXIS 0	0	0
		*TM_SCALEAXISANG 0	0	0
	}
}
*HELPEROBJECT {
	*NODE_NAME "Bip01 R Thigh"
	*NODE_PARENT "Bip01 Spine"
	*NODE_TM {
		*NODE_NAME "Bip01 R Thigh"
		*TM_ROW0 -0.642959	-0.106141	-0.75851
		*TM_ROW1 -0.649738	-0.448766	0.613555
		*TM_ROW2 -0.405516	0.887324	0.219575
		*TM_ROW3 -9.4033	-1.7082	37.4987
		*TM_POS -9.4033	-1.7082	37.4987
		*TM_ROTAXIS 0.389098	-0.501697	-0.772595
		*TM_ROTANGLE 2.7821
		*TM_SCALE 1	1	1
		*TM_SCALEAXIS 0	0	0
		*TM_SCALEAXISANG 0	0	0
	}
	*TM_ANIMATION {
		*NODE_NAME  "Bip01 R Thigh"
		*CONTROL_POS_TRACK {
			*CONTROL_POS_SAMPLE 0	-7.6784	3.42923	43.9119
		}
		*CONTROL_ROT_TRACK {
			*CONTROL_ROT_SAMPLE 0	0.463633	-0.532937	-0.70783	3.48391
		}
		*CONTROL_SCALE_TRACK {
			*CONTROL_SCALE_SAMPLE	0	1	1	1	0	0	0	0
		}
	}
}
*HELPEROBJECT {
	*NODE_NAME "Bip01 R Calf"
	*NODE_PARENT "Bip01 R Thigh"
	*NODE_TM {
		*NODE_NAME "Bip01 R Calf"
		*TM_ROW0 0.645245	0.447984	-0.618845
		*TM_ROW1 -0.647501	-0.10923	-0.754196
		*TM_ROW2 -0.405464	0.887344	0.21959
		*TM_ROW3 -24.2785	-4.1629	19.9523
		*TM_POS -24.2785	-4.1629	19.9523
		*TM_ROTAXIS 0.826967	-0.107496	-0.551878
		*TM_ROTANGLE 1.6933
		*TM_SCALE 1	1	1
		*TM_SCALEAXIS 0	0	0
		*TM_SCALEAXISANG 0	0	0
	}
	*TM_ANIMATION {
		*NODE_NAME  "Bip01 R Calf"
		*CONTROL_POS_TRACK {
			*CONTROL_POS_SAMPLE 0	-19.8123	-13.1677	33.3067
		}
		*CONTROL_ROT_TRACK {
			*CONTROL_ROT_SAMPLE 0	0.751426	-0.042822	-0.658427	2.36113
		}
		*CONTROL_SCALE_TRACK {
			*CONTROL_SCALE_SAMPLE	0	1	1	1	0	0	0	0
		}
	}
}
*HELPEROBJECT {
	*NODE_NAME "Bip01 R Foot"
	*NODE_PARENT "Bip01 R Calf"
	*NODE_TM {
		*NODE_NAME "Bip01 R Foot"
		*TM_ROW0 0.000854253	-0.00987536	-0.999951
		*TM_ROW1 -0.999991	0.00399025	-0.000894007
		*TM_ROW2 0.00399876	0.999943	-0.00987181
		*TM_ROW3 -9.3517	6.1999	5.63531
		*TM_POS -9.3517	6.1999	5.63531
		*TM_ROTAXIS -0.578807	0.580607	0.572607
		*TM_ROTANGLE 4.18589
		*TM_SCALE 1	1	1
		*TM_SCALEAXIS 0	0	0
		*TM_SCALEAXISANG 0	0	0
	}
}
*HELPEROBJECT {
	*NODE_NAME "Bip01 R Toe0"
	*NODE_PARENT "Bip01 R Foot"
	*NODE_TM {
		*NODE_NAME "Bip01 R Toe0"
		*TM_ROW0 -0.999991	0.00402087	-0.000934172
		*TM_ROW1 -0.000894057	0.00990132	0.999951
		*TM_ROW2 0.00402981	0.999943	-0.00989738
		*TM_ROW3 -25.9878	6.2115	0.0255061
		*TM_POS -25.9878	6.2115	0.0255061
		*TM_ROTAXIS 0.00110007	0.710598	0.703598
		*TM_ROTANGLE 3.14509
		*TM_SCALE 1	1	1
		*TM_SCALEAXIS 0	0	0
		*TM_SCALEAXISANG 0	0	0
	}
}
