*3DSMAX_ASCIIEXPORT	110
*COMMENT "[ GothicSourcer v3.14 ] - June 2007"
*SCENE {
	*SCENE_FILENAME "WAR_BODY.MAX"
	*SCENE_FIRSTFRAME 0
	*SCENE_LASTFRAME 100
	*SCENE_FRAMESPEED 25
	*SCENE_TICKSPERFRAME 192
	*SCENE_BACKGROUND_STATIC 0	0	0
	*SCENE_AMBIENT_STATIC 0.2	0.2	0.2
}
*MATERIAL_LIST {
	*MATERIAL_COUNT 1
	*MATERIAL 0 {
		*MATERIAL_NAME "MATERIAL #8"
		*MATERIAL_CLASS "Standard"
		*MATERIAL_AMBIENT 0.317647	0.235294	0.109804
		*MATERIAL_DIFFUSE 0.317647	0.235294	0.109804
		*MATERIAL_SPECULAR 0.9	0.9	0.9
		*MATERIAL_SHINE 0.1
		*MATERIAL_SHINESTRENGTH 0
		*MATERIAL_TRANSPARENCY 0
		*MATERIAL_WIRESIZE 1
		*MATERIAL_SHADING Blinn
		*MATERIAL_XP_FALLOFF 0
		*MATERIAL_SELFILLUM 0
		*MATERIAL_FALLOFF In
		*MATERIAL_XP_TYPE Filter
		*MAP_DIFFUSE {
			*MAP_NAME "Map #1"
			*MAP_CLASS "Bitmap"
			*MAP_SUBNO 1
			*MAP_AMOUNT 1
			*BITMAP "WAR_BODY_V0.TGA"
			*MAP_TYPE Screen
			*UVW_U_OFFSET 0
			*UVW_V_OFFSET 0
			*UVW_U_TILING 1
			*UVW_V_TILING 1
			*UVW_ANGLE 0
			*UVW_BLUR 1
			*UVW_BLUR_OFFSET 0
			*UVW_NOUSE_AMT 1
			*UVW_NOISE_SIZE 1
			*UVW_NOISE_LEVEL 1
			*UVW_NOISE_PHASE 0
			*BITMAP_FILTER Pyramidal
		}
	}
}
*HELPEROBJECT {
	*NODE_NAME "Bip01"
	*NODE_TM {
		*NODE_NAME "Bip01"
		*TM_ROW0 1.26759e-006	-1	0
		*TM_ROW1 1	1.26759e-006	0
		*TM_ROW2 -0	-0	1
		*TM_ROW3 -0.039402	110.084	98.727
		*TM_POS -0.039402	110.084	98.727
		*TM_ROTAXIS 0	0	1
		*TM_ROTANGLE 1.5708
		*TM_SCALE 1	1	1
		*TM_SCALEAXIS 0	0	0
		*TM_SCALEAXISANG 0	0	0
	}
}
*HELPEROBJECT {
	*NODE_NAME "Bip01 Pelvis"
	*NODE_PARENT "Bip01"
	*NODE_TM {
		*NODE_NAME "Bip01 Pelvis"
		*TM_ROW0 -1.19209e-006	-1.64892e-007	1
		*TM_ROW1 2.99332e-006	-1	-1.64887e-007
		*TM_ROW2 1	2.99332e-006	1.66893e-006
		*TM_ROW3 -0.038947	110.084	98.727
		*TM_POS -0.038947	110.084	98.727
		*TM_ROTAXIS -0.707106	-1e-006	-0.707107
		*TM_ROTANGLE 3.14159
		*TM_SCALE 1	1	1
		*TM_SCALEAXIS 0	0	0
		*TM_SCALEAXISANG 0	0	0
	}
}
*HELPEROBJECT {
	*NODE_NAME "Bip01 Spine"
	*NODE_PARENT "Bip01 Pelvis"
	*NODE_TM {
		*NODE_NAME "Bip01 Spine"
		*TM_ROW0 -9.0003e-006	-0.942372	-0.334567
		*TM_ROW1 6.55651e-007	0.334567	-0.942372
		*TM_ROW2 1	-8.76188e-006	-2.32458e-006
		*TM_ROW3 -0.038947	110.074	107.448
		*TM_POS -0.038947	110.074	107.448
		*TM_ROTAXIS 0.499649	-0.707599	0.499654
		*TM_ROTANGLE 1.90998
		*TM_SCALE 1	1	1
		*TM_SCALEAXIS 0	0	0
		*TM_SCALEAXISANG 0	0	0
	}
}
*HELPEROBJECT {
	*NODE_NAME "Bip01 Spine1"
	*NODE_PARENT "Bip01 Spine"
	*NODE_TM {
		*NODE_NAME "Bip01 Spine1"
		*TM_ROW0 -1.01328e-005	-0.979764	-0.200158
		*TM_ROW1 -6.25849e-007	0.200158	-0.979764
		*TM_ROW2 1	-9.80496e-006	-2.6226e-006
		*TM_ROW3 -0.039315	72.835	94.2601
		*TM_POS -0.039315	72.835	94.2601
		*TM_ROTAXIS 0.534481	-0.654717	0.534486
		*TM_ROTANGLE 1.98223
		*TM_SCALE 1	1	1
		*TM_SCALEAXIS 0	0	0
		*TM_SCALEAXISANG 0	0	0
	}
}
*HELPEROBJECT {
	*NODE_NAME "Bip01 Spine2"
	*NODE_PARENT "Bip01 Spine1"
	*NODE_TM {
		*NODE_NAME "Bip01 Spine2"
		*TM_ROW0 -9.89437e-006	-0.999013	-0.0444253
		*TM_ROW1 -2.74181e-006	0.0444253	-0.999013
		*TM_ROW2 1	-9.74536e-006	-3.21865e-006
		*TM_ROW3 -0.039698	34.1236	86.3834
		*TM_POS -0.039698	34.1236	86.3834
		*TM_ROTAXIS 0.568603	-0.594456	0.568607
		*TM_ROTANGLE 2.06894
		*TM_SCALE 1	1	1
		*TM_SCALEAXIS 0	0	0
		*TM_SCALEAXISANG 0	0	0
	}
}
*HELPEROBJECT {
	*NODE_NAME "Bip01 Neck"
	*NODE_PARENT "Bip01 Spine2"
	*NODE_TM {
		*NODE_NAME "Bip01 Neck"
		*TM_ROW0 -1.07586e-005	-0.999989	-0.00462749
		*TM_ROW1 -2.20537e-006	0.00462759	-0.999989
		*TM_ROW2 1	-1.0848e-005	-2.11597e-006
		*TM_ROW3 -0.040089	-5.34694	84.6372
		*TM_POS -0.040089	-5.34694	84.6372
		*TM_ROTAXIS 0.576454	-0.579134	0.576459
		*TM_ROTANGLE 2.09173
		*TM_SCALE 1	1	1
		*TM_SCALEAXIS 0	0	0
		*TM_SCALEAXISANG 0	0	0
	}
}
*HELPEROBJECT {
	*NODE_NAME "Bip01 Neck1"
	*NODE_PARENT "Bip01 Neck"
	*NODE_TM {
		*NODE_NAME "Bip01 Neck1"
		*TM_ROW0 -9.65595e-006	-0.999401	-0.0346202
		*TM_ROW1 -2.65241e-006	0.0346203	-0.9994
		*TM_ROW2 1	-9.62615e-006	-2.89083e-006
		*TM_ROW3 -0.040202	-16.7736	84.5959
		*TM_POS -0.040202	-16.7736	84.5959
		*TM_ROTAXIS 0.570567	-0.59068	0.570571
		*TM_ROTANGLE 2.07453
		*TM_SCALE 1	1	1
		*TM_SCALEAXIS 0	0	0
		*TM_SCALEAXISANG 0	0	0
	}
}
*HELPEROBJECT {
	*NODE_NAME "Bip01 Head"
	*NODE_PARENT "Bip01 Neck1"
	*NODE_TM {
		*NODE_NAME "Bip01 Head"
		*TM_ROW0 1.19209e-006	-0.996195	0.0871579
		*TM_ROW1 -2.5332e-006	-0.0871578	-0.996194
		*TM_ROW2 1	8.64266e-007	-2.50339e-006
		*TM_ROW3 -0.040346	-31.2588	84.0941
		*TM_POS -0.040346	-31.2588	84.0941
		*TM_ROTAXIS 0.593427	-0.543774	0.593425
		*TM_ROTANGLE 2.14549
		*TM_SCALE 1	1	1
		*TM_SCALEAXIS 0	0	0
		*TM_SCALEAXISANG 0	0	0
	}
}
*HELPEROBJECT {
	*NODE_NAME "Bip01 Ponytail1"
	*NODE_PARENT "Bip01 Head"
	*NODE_TM {
		*NODE_NAME "Bip01 Ponytail1"
		*TM_ROW0 2.563e-006	-0.995427	-0.09552
		*TM_ROW1 8.88109e-006	0.0955199	-0.995427
		*TM_ROW2 1	1.75834e-006	9.05991e-006
		*TM_ROW3 -0.040341	-36.3665	70.3009
		*TM_POS -0.040341	-36.3665	70.3009
		*TM_ROTAXIS 0.558039	-0.61415	0.558043
		*TM_ROTANGLE 2.04007
		*TM_SCALE 1	1	1
		*TM_SCALEAXIS 0	0	0
		*TM_SCALEAXISANG 0	0	0
	}
}
*HELPEROBJECT {
	*NODE_NAME "Bip01 Tongue01"
	*NODE_PARENT "Bip01 Head"
	*NODE_TM {
		*NODE_NAME "Bip01 Tongue01"
		*TM_ROW0 1	-1.59802e-012	1.28402e-013
		*TM_ROW1 8.9677e-013	1	1.26148e-008
		*TM_ROW2 -8.60425e-014	-1.03923e-008	1
		*TM_ROW3 4.70035e-005	-30.9688	73.9912
		*TM_POS 4.70035e-005	-30.9688	73.9912
		*TM_ROTAXIS 0	0	0
		*TM_ROTANGLE 0
		*TM_SCALE 1	1	1
		*TM_SCALEAXIS 0	0	0
		*TM_SCALEAXISANG 0	0	0
	}
}
*HELPEROBJECT {
	*NODE_NAME "Bip01 Tongue02"
	*NODE_PARENT "Bip01 Tongue01"
	*NODE_TM {
		*NODE_NAME "Bip01 Tongue02"
		*TM_ROW0 1	-1.59802e-012	1.28402e-013
		*TM_ROW1 8.9677e-013	1	1.26148e-008
		*TM_ROW2 -8.60425e-014	-1.03923e-008	1
		*TM_ROW3 4.60035e-005	-38.6476	73.8345
		*TM_POS 4.60035e-005	-38.6476	73.8345
		*TM_ROTAXIS 0	0	0
		*TM_ROTANGLE 0
		*TM_SCALE 1	1	1
		*TM_SCALEAXIS 0	0	0
		*TM_SCALEAXISANG 0	0	0
	}
}
*HELPEROBJECT {
	*NODE_NAME "Bip01 Tongue03"
	*NODE_PARENT "Bip01 Tongue02"
	*NODE_TM {
		*NODE_NAME "Bip01 Tongue03"
		*TM_ROW0 1	-1.59802e-012	1.28402e-013
		*TM_ROW1 8.9677e-013	1	1.26148e-008
		*TM_ROW2 -8.60425e-014	-1.03923e-008	1
		*TM_ROW3 4.40035e-005	-80.4889	76.5151
		*TM_POS 4.40035e-005	-80.4889	76.5151
		*TM_ROTAXIS 0	0	0
		*TM_ROTANGLE 0
		*TM_SCALE 1	1	1
		*TM_SCALEAXIS 0	0	0
		*TM_SCALEAXISANG 0	0	0
	}
}
*HELPEROBJECT {
	*NODE_NAME "Bip01 Tongue04"
	*NODE_PARENT "Bip01 Tongue03"
	*NODE_TM {
		*NODE_NAME "Bip01 Tongue04"
		*TM_ROW0 1	-1.59802e-012	1.28402e-013
		*TM_ROW1 8.9677e-013	1	1.26148e-008
		*TM_ROW2 -8.60425e-014	-1.03923e-008	1
		*TM_ROW3 4.30035e-005	-99.897	71.3685
		*TM_POS 4.30035e-005	-99.897	71.3685
		*TM_ROTAXIS 0	0	0
		*TM_ROTANGLE 0
		*TM_SCALE 1	1	1
		*TM_SCALEAXIS 0	0	0
		*TM_SCALEAXISANG 0	0	0
	}
}
*HELPEROBJECT {
	*NODE_NAME "Bip01 Tongue05"
	*NODE_PARENT "Bip01 Tongue04"
	*NODE_TM {
		*NODE_NAME "Bip01 Tongue05"
		*TM_ROW0 1	-1.59802e-012	1.28402e-013
		*TM_ROW1 8.9677e-013	1	1.26148e-008
		*TM_ROW2 -8.60425e-014	-1.03923e-008	1
		*TM_ROW3 4.30035e-005	-109.733	72.3334
		*TM_POS 4.30035e-005	-109.733	72.3334
		*TM_ROTAXIS 0	0	0
		*TM_ROTANGLE 0
		*TM_SCALE 1	1	1
		*TM_SCALEAXIS 0	0	0
		*TM_SCALEAXISANG 0	0	0
	}
}
*HELPEROBJECT {
	*NODE_NAME "Bip01 L Clavicle"
	*NODE_PARENT "Bip01 Neck"
	*NODE_TM {
		*NODE_NAME "Bip01 L Clavicle"
		*TM_ROW0 0.87497	0.483716	0.0211252
		*TM_ROW1 -5.21541e-007	-0.0436301	0.999048
		*TM_ROW2 0.484177	-0.874137	-0.0381748
		*TM_ROW3 21.555	17.5991	69.9667
		*TM_POS 21.555	17.5991	69.9667
		*TM_ROTAXIS -0.941641	-0.232774	-0.243162
		*TM_ROTANGLE 1.6744
		*TM_SCALE 1	1	1
		*TM_SCALEAXIS 0	0	0
		*TM_SCALEAXISANG 0	0	0
	}
}
*HELPEROBJECT {
	*NODE_NAME "Bip01 L UpperArm"
	*NODE_PARENT "Bip01 L Clavicle"
	*NODE_TM {
		*NODE_NAME "Bip01 L UpperArm"
		*TM_ROW0 0.575364	0.815243	0.0658395
		*TM_ROW1 -0.284358	0.12391	0.950677
		*TM_ROW2 0.766875	-0.565707	0.303114
		*TM_ROW3 39.0007	27.2438	70.3879
		*TM_POS 39.0007	27.2438	70.3879
		*TM_ROTAXIS -0.758193	-0.350518	-0.549801
		*TM_ROTANGLE 1.5696
		*TM_SCALE 1	1	1
		*TM_SCALEAXIS 0	0	0
		*TM_SCALEAXISANG 0	0	0
	}
}
*HELPEROBJECT {
	*NODE_NAME "Bip01 L Forearm"
	*NODE_PARENT "Bip01 L UpperArm"
	*NODE_TM {
		*NODE_NAME "Bip01 L Forearm"
		*TM_ROW0 0.142745	-0.310117	-0.939921
		*TM_ROW1 0.625721	0.76407	-0.157069
		*TM_ROW2 0.766875	-0.565708	0.303114
		*TM_ROW3 72.1812	74.2578	74.1848
		*TM_POS 72.1812	74.2578	74.1848
		*TM_ROTAXIS -0.205454	-0.858138	0.470518
		*TM_ROTANGLE 1.46564
		*TM_SCALE 1	1	1
		*TM_SCALEAXIS 0	0	0
		*TM_SCALEAXISANG 0	0	0
	}
}
*HELPEROBJECT {
	*NODE_NAME "Bip01 L Hand"
	*NODE_PARENT "Bip01 L Forearm"
	*NODE_TM {
		*NODE_NAME "Bip01 L Hand"
		*TM_ROW0 -0.0725941	-0.736352	-0.672693
		*TM_ROW1 0.0216965	0.673147	-0.73919
		*TM_ROW2 0.997126	-0.0682562	-0.0328902
		*TM_ROW3 78.9681	59.5129	29.4954
		*TM_POS 78.9681	59.5129	29.4954
		*TM_ROTAXIS 0.343591	-0.855128	0.388203
		*TM_ROTANGLE 1.78868
		*TM_SCALE 1	1	1
		*TM_SCALEAXIS 0	0	0
		*TM_SCALEAXISANG 0	0	0
	}
}
*HELPEROBJECT {
	*NODE_NAME "Bip01 L Finger0"
	*NODE_PARENT "Bip01 L Hand"
	*NODE_TM {
		*NODE_NAME "Bip01 L Finger0"
		*TM_ROW0 -0.0698239	-0.995353	-0.0663145
		*TM_ROW1 -0.028833	0.0684627	-0.997237
		*TM_ROW2 0.997143	-0.0677192	-0.0334793
		*TM_ROW3 76.6891	36.3954	8.3764
		*TM_POS 76.6891	36.3954	8.3764
		*TM_ROTAXIS -0.543113	0.621373	-0.564733
		*TM_ROTANGLE 4.16856
		*TM_SCALE 1	1	1
		*TM_SCALEAXIS 0	0	0
		*TM_SCALEAXISANG 0	0	0
	}
}
*HELPEROBJECT {
	*NODE_NAME "Bip01 R Clavicle"
	*NODE_PARENT "Bip01 Neck"
	*NODE_TM {
		*NODE_NAME "Bip01 R Clavicle"
		*TM_ROW0 -0.87496	0.483733	0.0211244
		*TM_ROW1 -9.83477e-007	-0.0436297	0.999048
		*TM_ROW2 0.484194	0.874127	0.0381749
		*TM_ROW3 -21.6347	17.5995	69.9667
		*TM_POS -21.6347	17.5995	69.9667
		*TM_ROTAXIS -0.183382	-0.679782	-0.710117
		*TM_ROTANGLE 2.79404
		*TM_SCALE 1	1	1
		*TM_SCALEAXIS 0	0	0
		*TM_SCALEAXISANG 0	0	0
	}
}
*HELPEROBJECT {
	*NODE_NAME "Bip01 R UpperArm"
	*NODE_PARENT "Bip01 R Clavicle"
	*NODE_TM {
		*NODE_NAME "Bip01 R UpperArm"
		*TM_ROW0 -0.575366	0.815242	0.0658406
		*TM_ROW1 0.284357	0.12391	0.950677
		*TM_ROW2 0.766874	0.56571	-0.303113
		*TM_ROW3 -39.0802	27.2445	70.3879
		*TM_POS -39.0802	27.2445	70.3879
		*TM_ROTAXIS 0.401033	0.730288	0.553039
		*TM_ROTANGLE 3.64221
		*TM_SCALE 1	1	1
		*TM_SCALEAXIS 0	0	0
		*TM_SCALEAXISANG 0	0	0
	}
}
*HELPEROBJECT {
	*NODE_NAME "Bip01 R Forearm"
	*NODE_PARENT "Bip01 R UpperArm"
	*NODE_TM {
		*NODE_NAME "Bip01 R Forearm"
		*TM_ROW0 -0.142744	-0.310118	-0.939921
		*TM_ROW1 -0.625723	0.764068	-0.157069
		*TM_ROW2 0.766874	0.56571	-0.303114
		*TM_ROW3 -72.2608	74.2584	74.1848
		*TM_POS -72.2608	74.2584	74.1848
		*TM_ROTAXIS 0.384415	-0.907771	-0.167857
		*TM_ROTANGLE 1.91866
		*TM_SCALE 1	1	1
		*TM_SCALEAXIS 0	0	0
		*TM_SCALEAXISANG 0	0	0
	}
}
*HELPEROBJECT {
	*NODE_NAME "Bip01 R Hand"
	*NODE_PARENT "Bip01 R Forearm"
	*NODE_TM {
		*NODE_NAME "Bip01 R Hand"
		*TM_ROW0 0.0725964	-0.736352	-0.672692
		*TM_ROW1 -0.0216987	0.673147	-0.739191
		*TM_ROW2 0.997125	0.0682591	0.0328901
		*TM_ROW3 -79.0478	59.5136	29.4953
		*TM_POS -79.0478	59.5136	29.4953
		*TM_ROTAXIS 0.406221	-0.840071	0.359536
		*TM_ROTANGLE 1.68171
		*TM_SCALE 1	1	1
		*TM_SCALEAXIS 0	0	0
		*TM_SCALEAXISANG 0	0	0
	}
}
*HELPEROBJECT {
	*NODE_NAME "Bip01 R Finger0"
	*NODE_PARENT "Bip01 R Hand"
	*NODE_TM {
		*NODE_NAME "Bip01 R Finger0"
		*TM_ROW0 0.0698272	-0.995352	-0.0663148
		*TM_ROW1 0.0288324	0.0684632	-0.997237
		*TM_ROW2 0.997142	0.0677223	0.0334789
		*TM_ROW3 -76.7686	36.3961	8.37638
		*TM_POS -76.7686	36.3961	8.37638
		*TM_ROTAXIS 0.584998	-0.584173	0.5626
		*TM_ROTANGLE 1.99777
		*TM_SCALE 1	1	1
		*TM_SCALEAXIS 0	0	0
		*TM_SCALEAXISANG 0	0	0
	}
}
*HELPEROBJECT {
	*NODE_NAME "Bip01 L Thigh"
	*NODE_PARENT "Bip01 Pelvis"
	*NODE_TM {
		*NODE_NAME "Bip01 L Thigh"
		*TM_ROW0 0.79061	0.239582	-0.563504
		*TM_ROW1 0.605831	-0.172438	0.776682
		*TM_ROW2 0.0889093	-0.95544	-0.281477
		*TM_ROW3 10.186	110.084	98.727
		*TM_POS 10.186	110.084	98.727
		*TM_ROTAXIS -0.918019	-0.345777	0.194111
		*TM_ROTANGLE 1.90885
		*TM_SCALE 1	1	1
		*TM_SCALEAXIS 0	0	0
		*TM_SCALEAXISANG 0	0	0
	}
}
*HELPEROBJECT {
	*NODE_NAME "Bip01 L Calf"
	*NODE_PARENT "Bip01 L Thigh"
	*NODE_TM {
		*NODE_NAME "Bip01 L Calf"
		*TM_ROW0 -0.824711	0.0878492	-0.55869
		*TM_ROW1 0.558522	0.28181	-0.780152
		*TM_ROW2 0.0889084	-0.95544	-0.281477
		*TM_ROW3 57.3038	124.363	65.1439
		*TM_POS 57.3038	124.363	65.1439
		*TM_ROTAXIS 0.213887	0.790199	-0.574315
		*TM_ROTANGLE 3.56379
		*TM_SCALE 1	1	1
		*TM_SCALEAXIS 0	0	0
		*TM_SCALEAXISANG 0	0	0
	}
}
*HELPEROBJECT {
	*NODE_NAME "Bip01 L HorseLink"
	*NODE_PARENT "Bip01 L Calf"
	*NODE_TM {
		*NODE_NAME "Bip01 L HorseLink"
		*TM_ROW0 0.51741	0.285778	-0.806609
		*TM_ROW1 0.851106	-0.0739241	0.519763
		*TM_ROW2 0.0889092	-0.95544	-0.281477
		*TM_ROW3 23.5733	127.956	42.2937
		*TM_POS 23.5733	127.956	42.2937
		*TM_ROTAXIS -0.812347	-0.493133	0.311308
		*TM_ROTANGLE 2.00313
		*TM_SCALE 1	1	1
		*TM_SCALEAXIS 0	0	0
		*TM_SCALEAXISANG 0	0	0
	}
}
*HELPEROBJECT {
	*NODE_NAME "Bip01 L Foot"
	*NODE_PARENT "Bip01 L HorseLink"
	*NODE_TM {
		*NODE_NAME "Bip01 L Foot"
		*TM_ROW0 -3.33108e-007	3.56113e-007	-1
		*TM_ROW1 0.999657	-0.0261756	-3.34955e-007
		*TM_ROW2 -0.0261755	-0.999657	-3.90603e-007
		*TM_ROW3 40.1386	137.105	16.4694
		*TM_POS 40.1386	137.105	16.4694
		*TM_ROTAXIS 0.582323	0.567275	-0.582323
		*TM_ROTANGLE 4.17361
		*TM_SCALE 1	1	1
		*TM_SCALEAXIS 0	0	0
		*TM_SCALEAXISANG 0	0	0
	}
}
*HELPEROBJECT {
	*NODE_NAME "Bip01 L Toe0"
	*NODE_PARENT "Bip01 L Foot"
	*NODE_TM {
		*NODE_NAME "Bip01 L Toe0"
		*TM_ROW0 0.999657	-0.026176	1.80162e-008
		*TM_ROW1 -8.87816e-008	-3.78494e-007	1
		*TM_ROW2 -0.026176	-0.999657	-3.5338e-007
		*TM_ROW3 71.352	136.288	-4.20707
		*TM_POS 71.352	136.288	-4.20707
		*TM_ROTAXIS -0.999829	0.013088	0.013088
		*TM_ROTANGLE 1.57097
		*TM_SCALE 1	1	1
		*TM_SCALEAXIS 0	0	0
		*TM_SCALEAXISANG 0	0	0
	}
}
*HELPEROBJECT {
	*NODE_NAME "Bip01 R Thigh"
	*NODE_PARENT "Bip01 Pelvis"
	*NODE_TM {
		*NODE_NAME "Bip01 R Thigh"
		*TM_ROW0 -0.799436	0.256586	-0.5432
		*TM_ROW1 -0.592825	-0.190537	0.782467
		*TM_ROW2 0.0972703	0.947554	0.304433
		*TM_ROW3 -10.2639	110.084	98.727
		*TM_POS -10.2639	110.084	98.727
		*TM_ROTAXIS 0.153349	-0.59493	-0.789014
		*TM_ROTANGLE 2.5732
		*TM_SCALE 1	1	1
		*TM_SCALEAXIS 0	0	0
		*TM_SCALEAXISANG 0	0	0
	}
}
*HELPEROBJECT {
	*NODE_NAME "Bip01 R Calf"
	*NODE_PARENT "Bip01 R Thigh"
	*NODE_TM {
		*NODE_NAME "Bip01 R Calf"
		*TM_ROW0 0.835685	0.0883652	-0.542053
		*TM_ROW1 -0.540526	0.307136	-0.783262
		*TM_ROW2 0.097271	0.947554	0.304433
		*TM_ROW3 -57.9077	125.376	66.354
		*TM_POS -57.9077	125.376	66.354
		*TM_ROTAXIS 0.887894	-0.327968	-0.322616
		*TM_ROTANGLE 1.34526
		*TM_SCALE 1	1	1
		*TM_SCALEAXIS 0	0	0
		*TM_SCALEAXISANG 0	0	0
	}
}
*HELPEROBJECT {
	*NODE_NAME "Bip01 R HorseLink"
	*NODE_PARENT "Bip01 R Calf"
	*NODE_TM {
		*NODE_NAME "Bip01 R HorseLink"
		*TM_ROW0 -0.515017	0.309667	-0.79929
		*TM_ROW1 -0.851643	-0.0790415	0.518128
		*TM_ROW2 0.0972699	0.947554	0.304434
		*TM_ROW3 -23.7284	128.99	44.1842
		*TM_POS -23.7284	128.99	44.1842
		*TM_ROTAXIS 0.280913	-0.586492	-0.759681
		*TM_ROTANGLE 2.27157
		*TM_SCALE 1	1	1
		*TM_SCALEAXIS 0	0	0
		*TM_SCALEAXISANG 0	0	0
	}
}
*HELPEROBJECT {
	*NODE_NAME "Bip01 R Foot"
	*NODE_PARENT "Bip01 R HorseLink"
	*NODE_TM {
		*NODE_NAME "Bip01 R Foot"
		*TM_ROW0 2.74687e-009	-1.71557e-007	-1
		*TM_ROW1 -0.999657	-0.0261786	7.09515e-008
		*TM_ROW2 -0.0261787	0.999657	2.97313e-008
		*TM_ROW3 -40.217	138.905	18.5943
		*TM_POS -40.217	138.905	18.5943
		*TM_ROTAXIS 0.582323	-0.567273	-0.582323
		*TM_ROTANGLE 2.10958
		*TM_SCALE 1	1	1
		*TM_SCALEAXIS 0	0	0
		*TM_SCALEAXISANG 0	0	0
	}
}
*HELPEROBJECT {
	*NODE_NAME "Bip01 R Toe0"
	*NODE_PARENT "Bip01 R Foot"
	*NODE_TM {
		*NODE_NAME "Bip01 R Toe0"
		*TM_ROW0 -0.999657	-0.0261786	-8.29638e-007
		*TM_ROW1 -7.54324e-007	1.41755e-007	1
		*TM_ROW2 -0.0261786	0.999657	2.97313e-008
		*TM_ROW3 -71.4305	138.087	-2.08224
		*TM_POS -71.4305	138.087	-2.08224
		*TM_ROTAXIS -0.00925699	0.707076	0.707076
		*TM_ROTANGLE 3.12308
		*TM_SCALE 1	1	1
		*TM_SCALEAXIS 0	0	0
		*TM_SCALEAXISANG 0	0	0
	}
}
*HELPEROBJECT {
	*NODE_NAME "Bip01 Tail"
	*NODE_PARENT "Bip01 Pelvis"
	*NODE_TM {
		*NODE_NAME "Bip01 Tail"
		*TM_ROW0 -1.16229e-006	0.942529	-0.334124
		*TM_ROW1 -3.36766e-006	0.334124	0.942529
		*TM_ROW2 1	2.29478e-006	2.80142e-006
		*TM_ROW3 -0.038957	125.834	105.843
		*TM_POS -0.038957	125.834	105.843
		*TM_ROTAXIS -0.499776	-0.707421	-0.499779
		*TM_ROTANGLE 1.91021
		*TM_SCALE 1	1	1
		*TM_SCALEAXIS 0	0	0
		*TM_SCALEAXISANG 0	0	0
	}
}
*HELPEROBJECT {
	*NODE_NAME "Bip01 Tail1"
	*NODE_PARENT "Bip01 Tail"
	*NODE_TM {
		*NODE_NAME "Bip01 Tail1"
		*TM_ROW0 -8.64267e-007	0.947856	-0.318699
		*TM_ROW1 -3.57628e-006	0.318699	0.947856
		*TM_ROW2 1	2.02656e-006	3.15905e-006
		*TM_ROW3 -0.039018	170.344	90.0349
		*TM_POS -0.039018	170.344	90.0349
		*TM_ROTAXIS -0.504076	-0.701293	-0.504079
		*TM_ROTANGLE 1.9184
		*TM_SCALE 1	1	1
		*TM_SCALEAXIS 0	0	0
		*TM_SCALEAXISANG 0	0	0
	}
}
*HELPEROBJECT {
	*NODE_NAME "Bip01 Tail2"
	*NODE_PARENT "Bip01 Tail1"
	*NODE_TM {
		*NODE_NAME "Bip01 Tail2"
		*TM_ROW0 -1.63913e-006	0.950249	-0.311492
		*TM_ROW1 -3.03984e-006	0.311492	0.950249
		*TM_ROW2 1	2.563e-006	2.41399e-006
		*TM_ROW3 -0.039064	203.215	78.9546
		*TM_POS -0.039064	203.215	78.9546
		*TM_ROTAXIS -0.506055	-0.698437	-0.506058
		*TM_ROTANGLE 1.92224
		*TM_SCALE 1	1	1
		*TM_SCALEAXIS 0	0	0
		*TM_SCALEAXISANG 0	0	0
	}
}
*HELPEROBJECT {
	*NODE_NAME "Bip01 Tail3"
	*NODE_PARENT "Bip01 Tail2"
	*NODE_TM {
		*NODE_NAME "Bip01 Tail3"
		*TM_ROW0 -1.16229e-006	0.952587	-0.304267
		*TM_ROW1 -3.36766e-006	0.304267	0.952587
		*TM_ROW2 1	2.26498e-006	2.89083e-006
		*TM_ROW3 -0.039107	234.94	68.5342
		*TM_POS -0.039107	234.94	68.5342
		*TM_ROTAXIS -0.508021	-0.695576	-0.508024
		*TM_ROTANGLE 1.92609
		*TM_SCALE 1	1	1
		*TM_SCALEAXIS 0	0	0
		*TM_SCALEAXISANG 0	0	0
	}
}
*HELPEROBJECT {
	*NODE_NAME "Bip01 Tail4"
	*NODE_PARENT "Bip01 Tail3"
	*NODE_TM {
		*NODE_NAME "Bip01 Tail4"
		*TM_ROW0 -1.3411e-006	0.954869	-0.297025
		*TM_ROW1 -3.36766e-006	0.297025	0.95487
		*TM_ROW2 1	2.23517e-006	2.77162e-006
		*TM_ROW3 -0.039139	258.36	61.0339
		*TM_POS -0.039139	258.36	61.0339
		*TM_ROTAXIS -0.509974	-0.692713	-0.509977
		*TM_ROTANGLE 1.92996
		*TM_SCALE 1	1	1
		*TM_SCALEAXIS 0	0	0
		*TM_SCALEAXISANG 0	0	0
	}
}
*HELPEROBJECT {
	*NODE_NAME "Dummy"
	*NODE_PARENT "Bip01 Ponytail1"
	*NODE_TM {
		*NODE_NAME "Dummy"
		*TM_ROW0 -1	-0	0
		*TM_ROW1 -0	-1	0
		*TM_ROW2 -0	-0	1
		*TM_ROW3 -0.0403385	-38.9203	63.4043
		*TM_POS -0.0403385	-38.9203	63.4043
		*TM_ROTAXIS 0	0	-1
		*TM_ROTANGLE 3.14159
		*TM_SCALE 1	1	1
		*TM_SCALEAXIS 0	0	0
		*TM_SCALEAXISANG 0	0	0
	}
}
*HELPEROBJECT {
	*NODE_NAME "Dummy1"
	*NODE_PARENT "Bip01 Tongue05"
	*NODE_TM {
		*NODE_NAME "Dummy1"
		*TM_ROW0 -1	-0	0
		*TM_ROW1 -0	-1	0
		*TM_ROW2 -0	-0	1
		*TM_ROW3 4.30035e-005	-114.652	72.8158
		*TM_POS 4.30035e-005	-114.652	72.8158
		*TM_ROTAXIS 0	0	-1
		*TM_ROTANGLE 3.14159
		*TM_SCALE 1	1	1
		*TM_SCALEAXIS 0	0	0
		*TM_SCALEAXISANG 0	0	0
	}
}
*HELPEROBJECT {
	*NODE_NAME "Dummy2"
	*NODE_PARENT "Bip01 L Finger0"
	*NODE_TM {
		*NODE_NAME "Dummy2"
		*TM_ROW0 -1	-0	0
		*TM_ROW1 -0	-1	0
		*TM_ROW2 -0	-0	1
		*TM_ROW3 75.5495	24.8366	-2.18308
		*TM_POS 75.5495	24.8366	-2.18308
		*TM_ROTAXIS 0	0	-1
		*TM_ROTANGLE 3.14159
		*TM_SCALE 1	1	1
		*TM_SCALEAXIS 0	0	0
		*TM_SCALEAXISANG 0	0	0
	}
}
*HELPEROBJECT {
	*NODE_NAME "Dummy3"
	*NODE_PARENT "Bip01 R Finger0"
	*NODE_TM {
		*NODE_NAME "Dummy3"
		*TM_ROW0 -1	-0	0
		*TM_ROW1 -0	-1	0
		*TM_ROW2 -0	-0	1
		*TM_ROW3 -75.6291	24.8373	-2.1831
		*TM_POS -75.6291	24.8373	-2.1831
		*TM_ROTAXIS 0	0	-1
		*TM_ROTANGLE 3.14159
		*TM_SCALE 1	1	1
		*TM_SCALEAXIS 0	0	0
		*TM_SCALEAXISANG 0	0	0
	}
}
*HELPEROBJECT {
	*NODE_NAME "Dummy4"
	*NODE_PARENT "Bip01 L Toe0"
	*NODE_TM {
		*NODE_NAME "Dummy4"
		*TM_ROW0 -1	-0	0
		*TM_ROW1 -0	-1	0
		*TM_ROW2 -0	-0	1
		*TM_ROW3 86.9587	135.879	-14.5453
		*TM_POS 86.9587	135.879	-14.5453
		*TM_ROTAXIS 0	0	-1
		*TM_ROTANGLE 3.14159
		*TM_SCALE 1	1	1
		*TM_SCALEAXIS 0	0	0
		*TM_SCALEAXISANG 0	0	0
	}
}
*HELPEROBJECT {
	*NODE_NAME "Dummy5"
	*NODE_PARENT "Bip01 R Toe0"
	*NODE_TM {
		*NODE_NAME "Dummy5"
		*TM_ROW0 -1	-0	0
		*TM_ROW1 -0	-1	0
		*TM_ROW2 -0	-0	1
		*TM_ROW3 -87.0372	137.679	-12.4205
		*TM_POS -87.0372	137.679	-12.4205
		*TM_ROTAXIS 0	0	-1
		*TM_ROTANGLE 3.14159
		*TM_SCALE 1	1	1
		*TM_SCALEAXIS 0	0	0
		*TM_SCALEAXISANG 0	0	0
	}
}
*HELPEROBJECT {
	*NODE_NAME "Dummy6"
	*NODE_PARENT "Bip01 Tail4"
	*NODE_TM {
		*NODE_NAME "Dummy6"
		*TM_ROW0 -1	-0	0
		*TM_ROW1 -0	-1	0
		*TM_ROW2 -0	-0	1
		*TM_ROW3 -0.039155	270.07	57.2838
		*TM_POS -0.039155	270.07	57.2838
		*TM_ROTAXIS 0	0	-1
		*TM_ROTANGLE 3.14159
		*TM_SCALE 1	1	1
		*TM_SCALEAXIS 0	0	0
		*TM_SCALEAXISANG 0	0	0
	}
}
*GEOMOBJECT {
	*NODE_NAME "zm_Skin"
	*NODE_PARENT "Bip01"
	*NODE_TM {
		*NODE_NAME "zm_Skin"
		*TM_ROW0 -1	-0	0
		*TM_ROW1 -0	-1	0
		*TM_ROW2 -0	-0	1
		*TM_ROW3 -0	-0	0
		*TM_POS -0	-0	0
		*TM_ROTAXIS 0	0	-1
		*TM_ROTANGLE 3.14159
		*TM_SCALE 1	1	1
		*TM_SCALEAXIS 0	0	0
		*TM_SCALEAXISANG 0	0	0
	}
	*MATERIAL_REF 0
	*MESH_SOFTSKIN {
		*TIMEVALUE 0
		*MESH_NUMVERTEX 280
		*MESH_NUMFACES 556
		*MESH_VERTEX_LIST {
			*MESH_VERTEX 0	-24.5549	111.859	107.39
			*MESH_VERTEX 1	9.2366	-75.7025	80.4603
			*MESH_VERTEX 2	72.9135	63.7347	28.3914
			*MESH_VERTEX 3	50.7189	112.263	59.3826
			*MESH_VERTEX 4	-2.60015e-005	280.144	52.5784
			*MESH_VERTEX 5	24.6834	111.916	107.174
			*MESH_VERTEX 6	-72.9168	63.7255	28.3723
			*MESH_VERTEX 7	-96.0808	154.269	-0.177074
			*MESH_VERTEX 8	-14.1416	130.816	36.7729
			*MESH_VERTEX 9	-67.6803	129.396	0.158337
			*MESH_VERTEX 10	96.0806	152.47	-2.302
			*MESH_VERTEX 11	67.6927	127.59	-1.97448
			*MESH_VERTEX 12	39.0356	125.354	20.8009
			*MESH_VERTEX 13	72.5671	5.41212	0.0741697
			*MESH_VERTEX 14	85.799	11.2139	0.547944
			*MESH_VERTEX 15	57.0695	47.013	3.53043
			*MESH_VERTEX 16	-72.5695	5.39289	0.0725124
			*MESH_VERTEX 17	-85.8013	11.1947	0.5463
			*MESH_VERTEX 18	-57.0713	46.9942	3.52946
			*MESH_VERTEX 19	-72.1741	118.999	62.1846
			*MESH_VERTEX 20	-39.1323	127.066	22.6625
			*MESH_VERTEX 21	25.8906	137.825	42.9094
			*MESH_VERTEX 22	-22.825	104.008	80.0322
			*MESH_VERTEX 23	-17.9238	-42.256	75.2036
			*MESH_VERTEX 24	-62.0224	61.6477	54.574
			*MESH_VERTEX 25	17.9237	-42.256	75.2036
			*MESH_VERTEX 26	-3.19952e-005	-76.5448	75.4082
			*MESH_VERTEX 27	62.0525	61.6475	54.5796
			*MESH_VERTEX 28	-59.0238	11.0215	0.503719
			*MESH_VERTEX 29	-68.1082	34.3479	2.38133
			*MESH_VERTEX 30	59.0214	11.0407	0.505389
			*MESH_VERTEX 31	68.1058	34.3672	2.38299
			*MESH_VERTEX 32	-96.1064	119.32	0.115377
			*MESH_VERTEX 33	-59.7768	117.408	0.12784
			*MESH_VERTEX 34	96.1064	117.52	-2.00954
			*MESH_VERTEX 35	59.812	115.589	-2.01765
			*MESH_VERTEX 36	101.2	134.493	-1.9932
			*MESH_VERTEX 37	69.1148	141.802	-1.9687
			*MESH_VERTEX 38	-101.2	136.293	0.131721
			*MESH_VERTEX 39	-69.1225	143.605	0.152601
			*MESH_VERTEX 40	-77.0618	51.0483	28.9874
			*MESH_VERTEX 41	77.0551	51.0625	28.9968
			*MESH_VERTEX 42	-19.8969	-52.0687	88.1922
			*MESH_VERTEX 43	-15.2544	-39.5476	65.5107
			*MESH_VERTEX 44	19.8968	-52.0687	88.1921
			*MESH_VERTEX 45	15.2543	-39.5476	65.5107
			*MESH_VERTEX 46	45.7848	44.5306	79.6525
			*MESH_VERTEX 47	24.7227	37.9246	48.1658
			*MESH_VERTEX 48	94.2556	40.325	2.8127
			*MESH_VERTEX 49	31.5683	16.7684	89.0876
			*MESH_VERTEX 50	83.8393	69.1087	76.4251
			*MESH_VERTEX 51	60.589	78.8549	84.0576
			*MESH_VERTEX 52	-94.2579	40.3076	2.81184
			*MESH_VERTEX 53	-45.7889	44.5349	79.6317
			*MESH_VERTEX 54	-24.7173	37.9315	48.1717
			*MESH_VERTEX 55	-31.5701	16.7662	89.0867
			*MESH_VERTEX 56	-83.8437	69.1127	76.3988
			*MESH_VERTEX 57	-60.5946	78.8591	84.0324
			*MESH_VERTEX 58	22.6129	103.777	80.0052
			*MESH_VERTEX 59	14.1033	129.691	34.8208
			*MESH_VERTEX 60	-19.752	120.858	87.0973
			*MESH_VERTEX 61	-80.0418	33.4864	2.34097
			*MESH_VERTEX 62	80.0393	33.5056	2.34264
			*MESH_VERTEX 63	38.0015	146.656	5.24186
			*MESH_VERTEX 64	-37.9967	148.5	7.39568
			*MESH_VERTEX 65	0.000125998	68.3911	119.679
			*MESH_VERTEX 66	-25.8606	138.861	45.0484
			*MESH_VERTEX 67	-51.3571	113.322	60.427
			*MESH_VERTEX 68	-69.1843	133.485	66.1366
			*MESH_VERTEX 69	-10.1074	136.378	103.618
			*MESH_VERTEX 70	0.000419002	125.364	89.0783
			*MESH_VERTEX 71	71.5932	117.757	61.1437
			*MESH_VERTEX 72	68.7328	132.359	64.7497
			*MESH_VERTEX 73	10.1076	136.378	103.618
			*MESH_VERTEX 74	19.5642	120.564	86.7427
			*MESH_VERTEX 75	-9.23665	-75.7025	80.4604
			*MESH_VERTEX 76	-41.466	144.655	24.702
			*MESH_VERTEX 77	-38.1635	124.705	39.2597
			*MESH_VERTEX 78	41.5203	142.933	22.4871
			*MESH_VERTEX 79	38.0838	123.391	37.5643
			*MESH_VERTEX 80	36.3293	122.921	62.8752
			*MESH_VERTEX 81	-36.9192	123.782	64.0969
			*MESH_VERTEX 82	25.448	98.0355	96.811
			*MESH_VERTEX 83	-25.4983	98.0877	96.8196
			*MESH_VERTEX 84	-68.1219	111.969	81.7132
			*MESH_VERTEX 85	67.7317	111.298	80.6882
			*MESH_VERTEX 86	52.2712	135.834	65.8098
			*MESH_VERTEX 87	59.1546	126.883	11.0101
			*MESH_VERTEX 88	75.8709	133.966	11.7941
			*MESH_VERTEX 89	59.1065	145.713	12.2788
			*MESH_VERTEX 90	-59.1416	128.709	13.1424
			*MESH_VERTEX 91	-75.871	135.766	13.919
			*MESH_VERTEX 92	-59.1187	147.538	14.408
			*MESH_VERTEX 93	-52.6898	136.767	67.3475
			*MESH_VERTEX 94	35.3551	25.6867	49.0608
			*MESH_VERTEX 95	-35.3466	25.6948	49.059
			*MESH_VERTEX 96	74.7049	58.7381	72.265
			*MESH_VERTEX 97	-74.7071	58.7439	72.2415
			*MESH_VERTEX 98	-5.19964e-005	-35.5991	64.5314
			*MESH_VERTEX 99	74.6697	26.8619	14.0009
			*MESH_VERTEX 100	67.0782	42.9344	18.7
			*MESH_VERTEX 101	84.6888	41.38	18.582
			*MESH_VERTEX 102	-74.6721	26.8427	13.9992
			*MESH_VERTEX 103	-67.0805	42.9168	18.6984
			*MESH_VERTEX 104	-84.6912	41.3633	18.5792
			*MESH_VERTEX 105	-64.2638	82.0712	67.7303
			*MESH_VERTEX 106	64.2591	82.0672	67.7568
			*MESH_VERTEX 107	-33.8116	48.2206	71.4173
			*MESH_VERTEX 108	33.8187	48.2223	71.3978
			*MESH_VERTEX 109	28.4425	118.388	39.7999
			*MESH_VERTEX 110	-28.5978	119.549	41.3972
			*MESH_VERTEX 111	-36.6169	131.496	7.00489
			*MESH_VERTEX 112	-25.8003	133.802	26.4945
			*MESH_VERTEX 113	37.0944	134.629	39.0247
			*MESH_VERTEX 114	-0.039679	36.5841	38.9297
			*MESH_VERTEX 115	36.6025	129.65	4.90187
			*MESH_VERTEX 116	25.7751	132.303	24.4915
			*MESH_VERTEX 117	-37.0675	135.885	41.0374
			*MESH_VERTEX 118	85.7017	60.2865	12.9882
			*MESH_VERTEX 119	77.7169	81.2408	74.0488
			*MESH_VERTEX 120	-85.702	60.272	12.9823
			*MESH_VERTEX 121	-77.7219	81.2446	74.0213
			*MESH_VERTEX 122	33.9928	40.2097	93.0613
			*MESH_VERTEX 123	-33.9927	40.21	93.0613
			*MESH_VERTEX 124	-20.9827	121.953	101.528
			*MESH_VERTEX 125	21.091	121.941	101.145
			*MESH_VERTEX 126	26.2049	35.8559	106.983
			*MESH_VERTEX 127	-26.2049	35.8561	106.984
			*MESH_VERTEX 128	50.8746	136.265	79.2785
			*MESH_VERTEX 129	-51.1701	136.894	80.6643
			*MESH_VERTEX 130	0.000304997	92.6777	126.58
			*MESH_VERTEX 131	87.1858	57.1999	30.4498
			*MESH_VERTEX 132	-87.1892	57.19	30.4293
			*MESH_VERTEX 133	56.2393	40.5532	74.373
			*MESH_VERTEX 134	72.0176	66.3949	85.2628
			*MESH_VERTEX 135	-56.2417	40.5585	74.3517
			*MESH_VERTEX 136	-72.0212	66.4003	85.2375
			*MESH_VERTEX 137	-64.986	123.381	86.7894
			*MESH_VERTEX 138	64.7364	122.853	85.5113
			*MESH_VERTEX 139	-58.6003	103.188	70.6992
			*MESH_VERTEX 140	57.9912	102.282	70.0608
			*MESH_VERTEX 141	62.0574	155.941	-1.96282
			*MESH_VERTEX 142	-62.0883	157.754	0.150331
			*MESH_VERTEX 143	-59.1569	49.586	50.2975
			*MESH_VERTEX 144	59.1563	49.581	50.3161
			*MESH_VERTEX 145	-1.69967e-005	-82.7437	80.2789
			*MESH_VERTEX 146	-2.69961e-005	-78.7758	90.3023
			*MESH_VERTEX 147	-16.7353	-33.3102	99.2097
			*MESH_VERTEX 148	16.7351	-33.3102	99.2096
			*MESH_VERTEX 149	-25.0015	9.56587	57.6756
			*MESH_VERTEX 150	-54.3302	37.0839	59.3361
			*MESH_VERTEX 151	25.0008	9.5651	57.6757
			*MESH_VERTEX 152	54.33	37.079	59.3546
			*MESH_VERTEX 153	24.7096	-4.51316	74.0414
			*MESH_VERTEX 154	-24.7097	-4.51297	74.0415
			*MESH_VERTEX 155	-0.040029	0.666138	52.3832
			*MESH_VERTEX 156	-24.92	72.0071	98.5905
			*MESH_VERTEX 157	24.9202	72.0069	98.5905
			*MESH_VERTEX 158	72.7737	60.7946	13.7311
			*MESH_VERTEX 159	-72.7741	60.7792	13.7266
			*MESH_VERTEX 160	-0.039053	106.372	70.9301
			*MESH_VERTEX 161	-0.039434	62.8043	43.2708
			*MESH_VERTEX 162	47.4614	19.0465	62.4573
			*MESH_VERTEX 163	-47.4592	19.0502	62.4442
			*MESH_VERTEX 164	-73.3703	121.609	12.0713
			*MESH_VERTEX 165	-14.8637	-18.744	63.3818
			*MESH_VERTEX 166	14.8635	-18.7441	63.3817
			*MESH_VERTEX 167	73.3703	119.809	9.94643
			*MESH_VERTEX 168	-42.6228	134.154	26.0565
			*MESH_VERTEX 169	42.596	132.46	24.0093
			*MESH_VERTEX 170	14.1065	127.12	98.1024
			*MESH_VERTEX 171	12.1835	116.158	112.747
			*MESH_VERTEX 172	5.67404	203.228	78.636
			*MESH_VERTEX 173	3.40203	258.213	60.1639
			*MESH_VERTEX 174	-5.67393	203.228	78.636
			*MESH_VERTEX 175	-3.40203	258.213	60.1638
			*MESH_VERTEX 176	33.0916	74.9176	79.3982
			*MESH_VERTEX 177	-14.046	127.141	98.3261
			*MESH_VERTEX 178	-12.1763	116.153	112.751
			*MESH_VERTEX 179	-23.117	-34.9199	83.9852
			*MESH_VERTEX 180	-20.1874	-21.842	88.5569
			*MESH_VERTEX 181	23.1168	-34.92	83.9851
			*MESH_VERTEX 182	20.1873	-21.8423	88.5567
			*MESH_VERTEX 183	-33.0914	74.9179	79.3982
			*MESH_VERTEX 184	-6.6994e-005	-50.1	102.184
			*MESH_VERTEX 185	-11.403	-60.8504	93.1346
			*MESH_VERTEX 186	-13.6945	-49.1816	99.8043
			*MESH_VERTEX 187	11.4029	-60.8505	93.1346
			*MESH_VERTEX 188	13.6944	-49.1817	99.8042
			*MESH_VERTEX 189	-2.69979e-005	-40.6856	59.2595
			*MESH_VERTEX 190	6.16969	-69.4795	70.8599
			*MESH_VERTEX 191	-6.16974	-69.4795	70.86
			*MESH_VERTEX 192	12.5798	-21.1429	99.3233
			*MESH_VERTEX 193	-12.5799	-21.1428	99.3235
			*MESH_VERTEX 194	0.000436	135.87	90.5026
			*MESH_VERTEX 195	15.6616	98.4577	116.191
			*MESH_VERTEX 196	-15.6613	98.4579	116.191
			*MESH_VERTEX 197	33.4099	7.06483	73.9774
			*MESH_VERTEX 198	-33.4104	7.06412	73.975
			*MESH_VERTEX 199	23.8816	61.2318	53.1544
			*MESH_VERTEX 200	-23.8815	61.232	53.1544
			*MESH_VERTEX 201	-6.88907	-74.4359	89.9215
			*MESH_VERTEX 202	6.88901	-74.4359	89.9214
			*MESH_VERTEX 203	-2.09966e-005	-73.3486	70.691
			*MESH_VERTEX 204	7.32018	-70.4353	76.0038
			*MESH_VERTEX 205	-7.32026	-70.4353	76.0038
			*MESH_VERTEX 206	-19.9014	-30.1683	74.4306
			*MESH_VERTEX 207	19.9012	-30.1683	74.4305
			*MESH_VERTEX 208	-19.15	126.676	48.8297
			*MESH_VERTEX 209	18.9847	125.807	46.9278
			*MESH_VERTEX 210	28.4898	124.965	52.2825
			*MESH_VERTEX 211	0.000203001	115.756	121.01
			*MESH_VERTEX 212	-6.69949e-005	-41.7469	78.1238
			*MESH_VERTEX 213	17.0167	-54.8634	79.9955
			*MESH_VERTEX 214	-17.0168	-54.8634	79.9956
			*MESH_VERTEX 215	-9.09943e-005	-31.5849	104.653
			*MESH_VERTEX 216	-28.7841	125.846	54.0233
			*MESH_VERTEX 217	20.0584	21.2495	46.9572
			*MESH_VERTEX 218	-20.0596	21.2517	46.9577
			*MESH_VERTEX 219	-44.8673	27.3774	81.189
			*MESH_VERTEX 220	44.8626	27.3725	81.2075
			*MESH_VERTEX 221	-22.5368	-2.9857	88.6425
			*MESH_VERTEX 222	22.5367	-2.98586	88.6423
			*MESH_VERTEX 223	-84.5043	67.0124	30.8954
			*MESH_VERTEX 224	84.5017	67.0173	30.9182
			*MESH_VERTEX 225	31.6443	117.971	73.0147
			*MESH_VERTEX 226	-32.1466	118.676	73.5587
			*MESH_VERTEX 227	-0.039573	39.519	119.878
			*MESH_VERTEX 228	13.9894	118.916	86.3538
			*MESH_VERTEX 229	19.2539	83.9549	61.9497
			*MESH_VERTEX 230	13.2231	-53.2378	71.2374
			*MESH_VERTEX 231	-13.2232	-53.2378	71.2374
			*MESH_VERTEX 232	-2.49975e-005	-63.9106	68.017
			*MESH_VERTEX 233	-19.2537	83.9552	61.9498
			*MESH_VERTEX 234	-15.0325	-3.89249	99.2658
			*MESH_VERTEX 235	15.0324	-3.89265	99.2656
			*MESH_VERTEX 236	0.000159999	168.403	82.713
			*MESH_VERTEX 237	-14.1762	119.167	86.5611
			*MESH_VERTEX 238	-72.2144	148.649	14.6196
			*MESH_VERTEX 239	72.2143	146.849	12.4947
			*MESH_VERTEX 240	0.000323	-4.67294	106.472
			*MESH_VERTEX 241	1.19984e-005	234.149	64.1407
			*MESH_VERTEX 242	-63.0874	25.2845	13.4683
			*MESH_VERTEX 243	63.0849	25.3037	13.47
			*MESH_VERTEX 244	-0.039912	14.9098	44.7078
			*MESH_VERTEX 245	49.122	123.123	63.8859
			*MESH_VERTEX 246	-49.6736	124.073	65.1421
			*MESH_VERTEX 247	10.8417	5.88254	55.0645
			*MESH_VERTEX 248	3.20005e-005	173.034	97.5321
			*MESH_VERTEX 249	-3.0017e-006	258.924	62.7498
			*MESH_VERTEX 250	-10.8418	5.88249	55.0646
			*MESH_VERTEX 251	11.3411	69.0074	111.332
			*MESH_VERTEX 252	-11.3409	69.0075	111.332
			*MESH_VERTEX 253	7.23751	170.799	90.3796
			*MESH_VERTEX 254	-7.23734	170.799	90.3796
			*MESH_VERTEX 255	44.0373	61.3481	58.1119
			*MESH_VERTEX 256	-44.0408	61.3516	58.0932
			*MESH_VERTEX 257	-0.039247	86.1242	56.3439
			*MESH_VERTEX 258	-14.4607	103.291	77.1936
			*MESH_VERTEX 259	0.00128	10.9168	112.464
			*MESH_VERTEX 260	14.4609	103.291	77.1935
			*MESH_VERTEX 261	4.39657	235.212	67.6724
			*MESH_VERTEX 262	-4.39653	235.212	67.6724
			*MESH_VERTEX 263	-0.040235	-19.4195	56.3446
			*MESH_VERTEX 264	-4.99946e-005	-62.9137	97.6691
			*MESH_VERTEX 265	2.60033e-005	120.052	82.6617
			*MESH_VERTEX 266	7.99921e-006	236.446	71.9043
			*MESH_VERTEX 267	-15.265	-53.7673	77.2875
			*MESH_VERTEX 268	15.2649	-53.7673	77.2875
			*MESH_VERTEX 269	-21.3126	13.3744	102.359
			*MESH_VERTEX 270	21.3126	13.3744	102.359
			*MESH_VERTEX 271	2.00097e-006	205.17	84.8963
			*MESH_VERTEX 272	14.3821	-49.3613	94.2847
			*MESH_VERTEX 273	-14.3822	-49.3613	94.2847
			*MESH_VERTEX 274	-84.4986	29.8531	11.7721
			*MESH_VERTEX 275	84.4962	29.8723	11.7738
			*MESH_VERTEX 276	-0.001525	-20.7236	104.869
			*MESH_VERTEX 277	-2.50017e-005	138.269	112.652
			*MESH_VERTEX 278	0.000102	201.173	74.0267
			*MESH_VERTEX 279	-6.00085e-006	258.246	58.381
		}
		*MESH_FACE_LIST {
			*MESH_FACE    0:    A:    126 B:    227 C:    270 AB:    1 BC:    1 CA:    1	 *MESH_SMOOTHING 1 	*MESH_MTLID 0
			*MESH_FACE    1:    A:    54 B:    114 C:    218 AB:    1 BC:    1 CA:    1	 *MESH_SMOOTHING 1 	*MESH_MTLID 0
			*MESH_FACE    2:    A:    128 B:    125 C:    5 AB:    1 BC:    1 CA:    1	 *MESH_SMOOTHING 1 	*MESH_MTLID 0
			*MESH_FACE    3:    A:    157 B:    195 C:    251 AB:    1 BC:    1 CA:    1	 *MESH_SMOOTHING 1 	*MESH_MTLID 0
			*MESH_FACE    4:    A:    172 B:    278 C:    261 AB:    1 BC:    1 CA:    1	 *MESH_SMOOTHING 1 	*MESH_MTLID 0
			*MESH_FACE    5:    A:    248 B:    253 C:    271 AB:    1 BC:    1 CA:    1	 *MESH_SMOOTHING 1 	*MESH_MTLID 0
			*MESH_FACE    6:    A:    260 B:    229 C:    257 AB:    1 BC:    1 CA:    1	 *MESH_SMOOTHING 1 	*MESH_MTLID 0
			*MESH_FACE    7:    A:    225 B:    3 C:    58 AB:    1 BC:    1 CA:    1	 *MESH_SMOOTHING 1 	*MESH_MTLID 0
			*MESH_FACE    8:    A:    227 B:    127 C:    269 AB:    1 BC:    1 CA:    1	 *MESH_SMOOTHING 1 	*MESH_MTLID 0
			*MESH_FACE    9:    A:    161 B:    233 C:    257 AB:    1 BC:    1 CA:    1	 *MESH_SMOOTHING 1 	*MESH_MTLID 0
			*MESH_FACE    10:    A:    76 B:    142 C:    92 AB:    1 BC:    1 CA:    1	 *MESH_SMOOTHING 1 	*MESH_MTLID 0
			*MESH_FACE    11:    A:    39 B:    142 C:    64 AB:    1 BC:    1 CA:    1	 *MESH_SMOOTHING 1 	*MESH_MTLID 0
			*MESH_FACE    12:    A:    141 B:    37 C:    63 AB:    1 BC:    1 CA:    1	 *MESH_SMOOTHING 1 	*MESH_MTLID 0
			*MESH_FACE    13:    A:    141 B:    78 C:    89 AB:    1 BC:    1 CA:    1	 *MESH_SMOOTHING 1 	*MESH_MTLID 0
			*MESH_FACE    14:    A:    2 B:    158 C:    15 AB:    1 BC:    1 CA:    1	 *MESH_SMOOTHING 1 	*MESH_MTLID 0
			*MESH_FACE    15:    A:    99 B:    62 C:    101 AB:    1 BC:    1 CA:    1	 *MESH_SMOOTHING 1 	*MESH_MTLID 0
			*MESH_FACE    16:    A:    14 B:    275 C:    62 AB:    1 BC:    1 CA:    1	 *MESH_SMOOTHING 1 	*MESH_MTLID 0
			*MESH_FACE    17:    A:    99 B:    101 C:    100 AB:    1 BC:    1 CA:    1	 *MESH_SMOOTHING 1 	*MESH_MTLID 0
			*MESH_FACE    18:    A:    159 B:    6 C:    18 AB:    1 BC:    1 CA:    1	 *MESH_SMOOTHING 1 	*MESH_MTLID 0
			*MESH_FACE    19:    A:    61 B:    102 C:    104 AB:    1 BC:    1 CA:    1	 *MESH_SMOOTHING 1 	*MESH_MTLID 0
			*MESH_FACE    20:    A:    274 B:    17 C:    61 AB:    1 BC:    1 CA:    1	 *MESH_SMOOTHING 1 	*MESH_MTLID 0
			*MESH_FACE    21:    A:    104 B:    102 C:    103 AB:    1 BC:    1 CA:    1	 *MESH_SMOOTHING 1 	*MESH_MTLID 0
			*MESH_FACE    22:    A:    112 B:    110 C:    20 AB:    1 BC:    1 CA:    1	 *MESH_SMOOTHING 1 	*MESH_MTLID 0
			*MESH_FACE    23:    A:    112 B:    20 C:    111 AB:    1 BC:    1 CA:    1	 *MESH_SMOOTHING 1 	*MESH_MTLID 0
			*MESH_FACE    24:    A:    168 B:    76 C:    92 AB:    1 BC:    1 CA:    1	 *MESH_SMOOTHING 1 	*MESH_MTLID 0
			*MESH_FACE    25:    A:    66 B:    117 C:    93 AB:    1 BC:    1 CA:    1	 *MESH_SMOOTHING 1 	*MESH_MTLID 0
			*MESH_FACE    26:    A:    113 B:    21 C:    86 AB:    1 BC:    1 CA:    1	 *MESH_SMOOTHING 1 	*MESH_MTLID 0
			*MESH_FACE    27:    A:    78 B:    169 C:    89 AB:    1 BC:    1 CA:    1	 *MESH_SMOOTHING 1 	*MESH_MTLID 0
			*MESH_FACE    28:    A:    109 B:    116 C:    12 AB:    1 BC:    1 CA:    1	 *MESH_SMOOTHING 1 	*MESH_MTLID 0
			*MESH_FACE    29:    A:    12 B:    116 C:    115 AB:    1 BC:    1 CA:    1	 *MESH_SMOOTHING 1 	*MESH_MTLID 0
			*MESH_FACE    30:    A:    84 B:    83 C:    0 AB:    1 BC:    1 CA:    1	 *MESH_SMOOTHING 1 	*MESH_MTLID 0
			*MESH_FACE    31:    A:    156 B:    196 C:    83 AB:    1 BC:    1 CA:    1	 *MESH_SMOOTHING 1 	*MESH_MTLID 0
			*MESH_FACE    32:    A:    278 B:    174 C:    262 AB:    1 BC:    1 CA:    1	 *MESH_SMOOTHING 1 	*MESH_MTLID 0
			*MESH_FACE    33:    A:    124 B:    129 C:    0 AB:    1 BC:    1 CA:    1	 *MESH_SMOOTHING 1 	*MESH_MTLID 0
			*MESH_FACE    34:    A:    221 B:    55 C:    154 AB:    1 BC:    1 CA:    1	 *MESH_SMOOTHING 1 	*MESH_MTLID 0
			*MESH_FACE    35:    A:    232 B:    230 C:    190 AB:    1 BC:    1 CA:    1	 *MESH_SMOOTHING 1 	*MESH_MTLID 0
			*MESH_FACE    36:    A:    223 B:    105 C:    6 AB:    1 BC:    1 CA:    1	 *MESH_SMOOTHING 1 	*MESH_MTLID 0
			*MESH_FACE    37:    A:    97 B:    132 C:    40 AB:    1 BC:    1 CA:    1	 *MESH_SMOOTHING 1 	*MESH_MTLID 0
			*MESH_FACE    38:    A:    212 B:    213 C:    1 AB:    1 BC:    1 CA:    1	 *MESH_SMOOTHING 1 	*MESH_MTLID 0
			*MESH_FACE    39:    A:    49 B:    222 C:    153 AB:    1 BC:    1 CA:    1	 *MESH_SMOOTHING 1 	*MESH_MTLID 0
			*MESH_FACE    40:    A:    267 B:    205 C:    98 AB:    1 BC:    1 CA:    1	 *MESH_SMOOTHING 1 	*MESH_MTLID 0
			*MESH_FACE    41:    A:    231 B:    232 C:    191 AB:    1 BC:    1 CA:    1	 *MESH_SMOOTHING 1 	*MESH_MTLID 0
			*MESH_FACE    42:    A:    106 B:    224 C:    2 AB:    1 BC:    1 CA:    1	 *MESH_SMOOTHING 1 	*MESH_MTLID 0
			*MESH_FACE    43:    A:    131 B:    96 C:    41 AB:    1 BC:    1 CA:    1	 *MESH_SMOOTHING 1 	*MESH_MTLID 0
			*MESH_FACE    44:    A:    28 B:    29 C:    18 AB:    1 BC:    1 CA:    1	 *MESH_SMOOTHING 1 	*MESH_MTLID 0
			*MESH_FACE    45:    A:    29 B:    159 C:    18 AB:    1 BC:    1 CA:    1	 *MESH_SMOOTHING 1 	*MESH_MTLID 0
			*MESH_FACE    46:    A:    242 B:    28 C:    18 AB:    1 BC:    1 CA:    1	 *MESH_SMOOTHING 1 	*MESH_MTLID 0
			*MESH_FACE    47:    A:    103 B:    18 C:    6 AB:    1 BC:    1 CA:    1	 *MESH_SMOOTHING 1 	*MESH_MTLID 0
			*MESH_FACE    48:    A:    31 B:    30 C:    15 AB:    1 BC:    1 CA:    1	 *MESH_SMOOTHING 1 	*MESH_MTLID 0
			*MESH_FACE    49:    A:    158 B:    31 C:    15 AB:    1 BC:    1 CA:    1	 *MESH_SMOOTHING 1 	*MESH_MTLID 0
			*MESH_FACE    50:    A:    30 B:    243 C:    15 AB:    1 BC:    1 CA:    1	 *MESH_SMOOTHING 1 	*MESH_MTLID 0
			*MESH_FACE    51:    A:    15 B:    100 C:    2 AB:    1 BC:    1 CA:    1	 *MESH_SMOOTHING 1 	*MESH_MTLID 0
			*MESH_FACE    52:    A:    90 B:    33 C:    20 AB:    1 BC:    1 CA:    1	 *MESH_SMOOTHING 1 	*MESH_MTLID 0
			*MESH_FACE    53:    A:    164 B:    32 C:    33 AB:    1 BC:    1 CA:    1	 *MESH_SMOOTHING 1 	*MESH_MTLID 0
			*MESH_FACE    54:    A:    32 B:    9 C:    33 AB:    1 BC:    1 CA:    1	 *MESH_SMOOTHING 1 	*MESH_MTLID 0
			*MESH_FACE    55:    A:    39 B:    64 C:    111 AB:    1 BC:    1 CA:    1	 *MESH_SMOOTHING 1 	*MESH_MTLID 0
