*3DSMAX_ASCIIEXPORT	110
*COMMENT "[ GothicSourcer v3.14 ] - June 2007"
*SCENE {
	*SCENE_FILENAME "BHD_BODY.MAX"
	*SCENE_FIRSTFRAME 0
	*SCENE_LASTFRAME 100
	*SCENE_FRAMESPEED 25
	*SCENE_TICKSPERFRAME 192
	*SCENE_BACKGROUND_STATIC 0	0	0
	*SCENE_AMBIENT_STATIC 0.2	0.2	0.2
}
*MATERIAL_LIST {
	*MATERIAL_COUNT 1
	*MATERIAL 0 {
		*MATERIAL_NAME "BODY"
		*MATERIAL_CLASS "Standard"
		*MATERIAL_AMBIENT 0.286275	0.231373	0.168627
		*MATERIAL_DIFFUSE 0.286275	0.231373	0.168627
		*MATERIAL_SPECULAR 0.9	0.9	0.9
		*MATERIAL_SHINE 0.1
		*MATERIAL_SHINESTRENGTH 0
		*MATERIAL_TRANSPARENCY 0
		*MATERIAL_WIRESIZE 1
		*MATERIAL_SHADING Blinn
		*MATERIAL_XP_FALLOFF 0
		*MATERIAL_SELFILLUM 0
		*MATERIAL_FALLOFF In
		*MATERIAL_XP_TYPE Filter
		*MAP_DIFFUSE {
			*MAP_NAME "Map #1"
			*MAP_CLASS "Bitmap"
			*MAP_SUBNO 1
			*MAP_AMOUNT 1
			*BITMAP "BHD_BODY_V0.TGA"
			*MAP_TYPE Screen
			*UVW_U_OFFSET 0
			*UVW_V_OFFSET 0
			*UVW_U_TILING 1
			*UVW_V_TILING 1
			*UVW_ANGLE 0
			*UVW_BLUR 1
			*UVW_BLUR_OFFSET 0
			*UVW_NOUSE_AMT 1
			*UVW_NOISE_SIZE 1
			*UVW_NOISE_LEVEL 1
			*UVW_NOISE_PHASE 0
			*BITMAP_FILTER Pyramidal
		}
	}
}
*HELPEROBJECT {
	*NODE_NAME "Bip01"
	*NODE_TM {
		*NODE_NAME "Bip01"
		*TM_ROW0 6.27438e-006	-1	0
		*TM_ROW1 1	6.27438e-006	0
		*TM_ROW2 -0	-0	1
		*TM_ROW3 -0.10485	48.9101	109.914
		*TM_POS -0.10485	48.9101	109.914
		*TM_ROTAXIS 0	0	1
		*TM_ROTANGLE 1.57079
		*TM_SCALE 1	1	1
		*TM_SCALEAXIS 0	0	0
		*TM_SCALEAXISANG 0	0	0
	}
}
*HELPEROBJECT {
	*NODE_NAME "Bip01 Pelvis"
	*NODE_PARENT "Bip01"
	*NODE_TM {
		*NODE_NAME "Bip01 Pelvis"
		*TM_ROW0 -5.96046e-008	1.79264e-006	1
		*TM_ROW1 -1.79264e-006	-1	1.79264e-006
		*TM_ROW2 1	-1.79264e-006	-5.96046e-008
		*TM_ROW3 -0.10485	48.9102	109.914
		*TM_POS -0.10485	48.9102	109.914
		*TM_ROTAXIS 0.707107	0	0.707107
		*TM_ROTANGLE 3.1416
		*TM_SCALE 1	1	1
		*TM_SCALEAXIS 0	0	0
		*TM_SCALEAXISANG 0	0	0
	}
}
*HELPEROBJECT {
	*NODE_NAME "Bip01 Spine"
	*NODE_PARENT "Bip01 Pelvis"
	*NODE_TM {
		*NODE_NAME "Bip01 Spine"
		*TM_ROW0 -3.27826e-006	-0.989133	0.147021
		*TM_ROW1 -3.99351e-006	-0.147021	-0.989134
		*TM_ROW2 1	-3.99351e-006	-3.27826e-006
		*TM_ROW3 -0.10485	46.398	118.085
		*TM_POS -0.10485	46.398	118.085
		*TM_ROTAXIS 0.60372	-0.52062	0.60372
		*TM_ROTANGLE 2.18159
		*TM_SCALE 1	1	1
		*TM_SCALEAXIS 0	0	0
		*TM_SCALEAXISANG 0	0	0
	}
}
*HELPEROBJECT {
	*NODE_NAME "Bip01 Spine1"
	*NODE_PARENT "Bip01 Spine"
	*NODE_TM {
		*NODE_NAME "Bip01 Spine1"
		*TM_ROW0 -2.98023e-006	-0.991548	0.129739
		*TM_ROW1 -3.42727e-006	-0.129739	-0.991548
		*TM_ROW2 1	-3.42727e-006	-2.98023e-006
		*TM_ROW3 -0.1048	11.9059	123.247
		*TM_POS -0.1048	11.9059	123.247
		*TM_ROTAXIS 0.600806	-0.527317	0.600807
		*TM_ROTANGLE 2.17108
		*TM_SCALE 1	1	1
		*TM_SCALEAXIS 0	0	0
		*TM_SCALEAXISANG 0	0	0
	}
}
*HELPEROBJECT {
	*NODE_NAME "Bip01 Spine2"
	*NODE_PARENT "Bip01 Spine1"
	*NODE_TM {
		*NODE_NAME "Bip01 Spine2"
		*TM_ROW0 -2.98023e-006	-0.991548	0.129739
		*TM_ROW1 -3.42727e-006	-0.129739	-0.991548
		*TM_ROW2 1	-3.42727e-006	-2.98023e-006
		*TM_ROW3 -0.10474	-31.7779	129.008
		*TM_POS -0.10474	-31.7779	129.008
		*TM_ROTAXIS 0.600806	-0.527317	0.600806
		*TM_ROTANGLE 2.17108
		*TM_SCALE 1	1	1
		*TM_SCALEAXIS 0	0	0
		*TM_SCALEAXISANG 0	0	0
	}
}
*HELPEROBJECT {
	*NODE_NAME "Bip01 Neck"
	*NODE_PARENT "Bip01 Spine2"
	*NODE_TM {
		*NODE_NAME "Bip01 Neck"
		*TM_ROW0 -2.32458e-006	-0.994994	0.0999361
		*TM_ROW1 -2.6226e-006	-0.099936	-0.994994
		*TM_ROW2 1	-2.6226e-006	-2.32458e-006
		*TM_ROW3 -0.10467	-87.1394	136.272
		*TM_POS -0.10467	-87.1394	136.272
		*TM_ROTAXIS 0.595672	-0.538842	0.595672
		*TM_ROTANGLE 2.15313
		*TM_SCALE 1	1	1
		*TM_SCALEAXIS 0	0	0
		*TM_SCALEAXISANG 0	0	0
	}
}
*HELPEROBJECT {
	*NODE_NAME "Bip01 Neck1"
	*NODE_PARENT "Bip01 Neck"
	*NODE_TM {
		*NODE_NAME "Bip01 Neck1"
		*TM_ROW0 8.9407e-006	-0.997543	0.0700525
		*TM_ROW1 -8.61287e-006	-0.0700525	-0.997543
		*TM_ROW2 1	8.31485e-006	-9.17912e-006
		*TM_ROW3 -0.10463	-112.879	138.88
		*TM_POS -0.10463	-112.879	138.88
		*TM_ROTAXIS 0.590382	-0.550372	0.590372
		*TM_ROTANGLE 2.13534
		*TM_SCALE 1	1	1
		*TM_SCALEAXIS 0	0	0
		*TM_SCALEAXISANG 0	0	0
	}
}
*HELPEROBJECT {
	*NODE_NAME "Bip01 Head"
	*NODE_PARENT "Bip01 Neck1"
	*NODE_TM {
		*NODE_NAME "Bip01 Head"
		*TM_ROW0 0.00873983	1.7932e-006	0.999962
		*TM_ROW1 -1.78479e-006	-1	1.7815e-006
		*TM_ROW2 0.999962	-1.80054e-006	-0.00873965
		*TM_ROW3 -0.10459	-141.302	140.876
		*TM_POS -0.10459	-141.302	140.876
		*TM_ROTAXIS 0.71019	2.95827e-009	0.70401
		*TM_ROTANGLE 3.1416
		*TM_SCALE 1	1	1
		*TM_SCALEAXIS 0	0	0
		*TM_SCALEAXISANG 0	0	0
	}
}
*HELPEROBJECT {
	*NODE_NAME "Bip01 Jaw"
	*NODE_PARENT "Bip01 Head"
	*NODE_TM {
		*NODE_NAME "Bip01 Jaw"
		*TM_ROW0 0.999962	5.52774e-008	-0.00872682
		*TM_ROW1 -0.000380738	0.999048	-0.0436205
		*TM_ROW2 0.00871851	0.0436222	0.99901
		*TM_ROW3 -0.11567	-122.897	127.621
		*TM_POS -0.11567	-122.897	127.621
		*TM_ROTAXIS 0.980579	-0.19608	-0.00427999
		*TM_ROTANGLE 0.0445015
		*TM_SCALE 1	1	1
		*TM_SCALEAXIS 0	0	0
		*TM_SCALEAXISANG 0	0	0
	}
}
*HELPEROBJECT {
	*NODE_NAME "Bip01 L Clavicle"
	*NODE_PARENT "Bip01 Neck"
	*NODE_TM {
		*NODE_NAME "Bip01 L Clavicle"
		*TM_ROW0 0.999822	-0.018715	0.00246013
		*TM_ROW1 3.68431e-006	0.130524	0.991445
		*TM_ROW2 -0.018876	-0.991268	0.130501
		*TM_ROW3 29.0202	-53.865	151.996
		*TM_POS 29.0202	-53.865	151.996
		*TM_ROTAXIS -0.999898	0.01076	0.00943998
		*TM_ROTANGLE 1.44
		*TM_SCALE 1	1	1
		*TM_SCALEAXIS 0	0	0
		*TM_SCALEAXISANG 0	0	0
	}
}
*HELPEROBJECT {
	*NODE_NAME "Bip01 L UpperArm"
	*NODE_PARENT "Bip01 L Clavicle"
	*NODE_TM {
		*NODE_NAME "Bip01 L UpperArm"
		*TM_ROW0 0.109588	0.0561348	-0.992391
		*TM_ROW1 0.00937204	0.998301	0.0575041
		*TM_ROW2 0.993933	-0.0156025	0.108876
		*TM_ROW3 49.7615	-54.2533	152.047
		*TM_POS 49.7615	-54.2533	152.047
		*TM_ROTAXIS -0.0367699	-0.999047	-0.0235199
		*TM_ROTANGLE 1.4622
		*TM_SCALE 1	1	1
		*TM_SCALEAXIS 0	0	0
		*TM_SCALEAXISANG 0	0	0
	}
}
*HELPEROBJECT {
	*NODE_NAME "Bip01 L Forearm"
	*NODE_PARENT "Bip01 L UpperArm"
	*NODE_TM {
		*NODE_NAME "Bip01 L Forearm"
		*TM_ROW0 0.101034	-0.261628	-0.959866
		*TM_ROW1 0.0434575	0.965043	-0.258465
		*TM_ROW2 0.993933	-0.0155997	0.108872
		*TM_ROW3 57.2928	-50.3951	83.8444
		*TM_POS 57.2928	-50.3951	83.8444
		*TM_ROTAXIS 0.1219	-0.980659	0.15313
		*TM_ROTANGLE 1.48321
		*TM_SCALE 1	1	1
		*TM_SCALEAXIS 0	0	0
		*TM_SCALEAXISANG 0	0	0
	}
}
*HELPEROBJECT {
	*NODE_NAME "Bip01 L Hand"
	*NODE_PARENT "Bip01 L Forearm"
	*NODE_TM {
		*NODE_NAME "Bip01 L Hand"
		*TM_ROW0 -0.0107088	-0.999678	-0.0230225
		*TM_ROW1 0.0110113	0.0229047	-0.999677
		*TM_ROW2 0.999882	-0.0109589	0.0107626
		*TM_ROW3 63.5006	-66.4704	24.8664
		*TM_POS 63.5006	-66.4704	24.8664
		*TM_ROTAXIS 0.566567	-0.586157	0.579157
		*TM_ROTANGLE 2.08119
		*TM_SCALE 1	1	1
		*TM_SCALEAXIS 0	0	0
		*TM_SCALEAXISANG 0	0	0
	}
}
*HELPEROBJECT {
	*NODE_NAME "Bip01 L Finger0"
	*NODE_PARENT "Bip01 L Hand"
	*NODE_TM {
		*NODE_NAME "Bip01 L Finger0"
		*TM_ROW0 -0.0107159	-0.999678	-0.0230249
		*TM_ROW1 0.0102225	0.0229155	-0.999685
		*TM_ROW2 0.99989	-0.0109479	0.00997363
		*TM_ROW3 62.9018	-122.354	23.5796
		*TM_POS 62.9018	-122.354	23.5796
		*TM_ROTAXIS 0.56672	-0.586311	0.578851
		*TM_ROTANGLE 2.08164
		*TM_SCALE 1	1	1
		*TM_SCALEAXIS 0	0	0
		*TM_SCALEAXISANG 0	0	0
	}
}
*HELPEROBJECT {
	*NODE_NAME "Bip01 R Clavicle"
	*NODE_PARENT "Bip01 Neck"
	*NODE_TM {
		*NODE_NAME "Bip01 R Clavicle"
		*TM_ROW0 -0.999955	-0.00935588	0.00123497
		*TM_ROW1 3.1353e-006	0.130535	0.991444
		*TM_ROW2 -0.00943704	0.991399	-0.130529
		*TM_ROW3 -29.2296	-53.8651	151.996
		*TM_POS -29.2296	-53.8651	151.996
		*TM_ROTAXIS -0.00311	0.751839	0.659339
		*TM_ROTANGLE 3.1345
		*TM_SCALE 1	1	1
		*TM_SCALEAXIS 0	0	0
		*TM_SCALEAXISANG 0	0	0
	}
}
*HELPEROBJECT {
	*NODE_NAME "Bip01 R UpperArm"
	*NODE_PARENT "Bip01 R Clavicle"
	*NODE_TM {
		*NODE_NAME "Bip01 R UpperArm"
		*TM_ROW0 -0.109601	0.0550877	-0.992448
		*TM_ROW1 -0.00949751	0.99836	0.0564647
		*TM_ROW2 0.99393	0.0156144	-0.108898
		*TM_ROW3 -49.9737	-54.0593	152.022
		*TM_POS -49.9737	-54.0593	152.022
		*TM_ROTAXIS -0.02055	-0.999261	-0.03249
		*TM_ROTANGLE 1.68109
		*TM_SCALE 1	1	1
		*TM_SCALEAXIS 0	0	0
		*TM_SCALEAXISANG 0	0	0
	}
}
*HELPEROBJECT {
	*NODE_NAME "Bip01 R Forearm"
	*NODE_PARENT "Bip01 R UpperArm"
	*NODE_TM {
		*NODE_NAME "Bip01 R Forearm"
		*TM_ROW0 -0.10097	-0.263608	-0.959331
		*TM_ROW1 -0.0436808	0.964504	-0.260432
		*TM_ROW2 0.99393	0.0156084	-0.108901
		*TM_ROW3 -57.5061	-50.2733	83.815
		*TM_POS -57.5061	-50.2733	83.815
		*TM_ROTAXIS 0.139071	-0.984064	0.1108
		*TM_ROTANGLE 1.69379
		*TM_SCALE 1	1	1
		*TM_SCALEAXIS 0	0	0
		*TM_SCALEAXISANG 0	0	0
	}
}
*HELPEROBJECT {
	*NODE_NAME "Bip01 R Hand"
	*NODE_PARENT "Bip01 R Forearm"
	*NODE_TM {
		*NODE_NAME "Bip01 R Hand"
		*TM_ROW0 0.0107161	-0.999677	-0.0230288
		*TM_ROW1 -0.0110219	0.0229108	-0.999677
		*TM_ROW2 0.999882	0.0109663	-0.0107727
		*TM_ROW3 -63.71	-66.4702	24.8698
		*TM_POS -63.71	-66.4702	24.8698
		*TM_ROTAXIS 0.57915	-0.58618	0.56655
		*TM_ROTANGLE 2.08125
		*TM_SCALE 1	1	1
		*TM_SCALEAXIS 0	0	0
		*TM_SCALEAXISANG 0	0	0
	}
}
*HELPEROBJECT {
	*NODE_NAME "Bip01 R Finger0"
	*NODE_PARENT "Bip01 R Hand"
	*NODE_TM {
		*NODE_NAME "Bip01 R Finger0"
		*TM_ROW0 0.0107118	-0.999678	-0.0230268
		*TM_ROW1 -0.0102216	0.0229177	-0.999685
		*TM_ROW2 0.99989	0.0109437	-0.00997266
		*TM_ROW3 -63.111	-122.354	23.5829
		*TM_POS -63.111	-122.354	23.5829
		*TM_ROTAXIS 0.578993	-0.586033	0.566863
		*TM_ROTANGLE 2.08079
		*TM_SCALE 1	1	1
		*TM_SCALEAXIS 0	0	0
		*TM_SCALEAXISANG 0	0	0
	}
}
*HELPEROBJECT {
	*NODE_NAME "Bip01 L Thigh"
	*NODE_PARENT "Bip01 Pelvis"
	*NODE_TM {
		*NODE_NAME "Bip01 L Thigh"
		*TM_ROW0 0.0750896	0.308725	-0.948183
		*TM_ROW1 -0.0292976	-0.949774	-0.311563
		*TM_ROW2 -0.996746	0.0511746	-0.0622734
		*TM_ROW3 26.3592	48.9102	109.914
		*TM_POS 26.3592	48.9102	109.914
		*TM_ROTAXIS 0.728107	0.0974796	-0.678497
		*TM_ROTANGLE 2.88985
		*TM_SCALE 1	1	1
		*TM_SCALEAXIS 0	0	0
		*TM_SCALEAXISANG 0	0	0
	}
}
*HELPEROBJECT {
	*NODE_NAME "Bip01 L Calf"
	*NODE_PARENT "Bip01 L Thigh"
	*NODE_TM {
		*NODE_NAME "Bip01 L Calf"
		*TM_ROW0 0.0705194	0.927877	-0.366156
		*TM_ROW1 0.0390407	-0.369356	-0.928468
		*TM_ROW2 -0.996746	0.0511799	-0.0622717
		*TM_ROW3 29.8641	63.3201	65.6559
		*TM_POS 29.8641	63.3201	65.6559
		*TM_ROTAXIS 0.668521	0.430321	-0.606551
		*TM_ROTANGLE 2.31932
		*TM_SCALE 1	1	1
		*TM_SCALEAXIS 0	0	0
		*TM_SCALEAXISANG 0	0	0
	}
}
*HELPEROBJECT {
	*NODE_NAME "Bip01 L HorseLink"
	*NODE_PARENT "Bip01 L Calf"
	*NODE_TM {
		*NODE_NAME "Bip01 L HorseLink"
		*TM_ROW0 0.0752791	0.314573	-0.946244
		*TM_ROW1 -0.0288308	-0.947853	-0.317402
		*TM_ROW2 -0.996746	0.0511747	-0.0622843
		*TM_ROW3 33.7412	114.336	45.524
		*TM_POS 33.7412	114.336	45.524
		*TM_ROTAXIS 0.728001	0.0997501	-0.678281
		*TM_ROTANGLE 2.88567
		*TM_SCALE 1	1	1
		*TM_SCALEAXIS 0	0	0
		*TM_SCALEAXISANG 0	0	0
	}
}
*HELPEROBJECT {
	*NODE_NAME "Bip01 L Foot"
	*NODE_PARENT "Bip01 L HorseLink"
	*NODE_TM {
		*NODE_NAME "Bip01 L Foot"
		*TM_ROW0 -4.00795e-008	-1.76444e-006	-1
		*TM_ROW1 1.79566e-006	-1	1.77716e-006
		*TM_ROW2 -1	-1.79158e-006	-5.89597e-008
		*TM_ROW3 35.7742	122.833	19.9652
		*TM_POS 35.7742	122.833	19.9652
		*TM_ROTAXIS 0.707107	1.10383e-008	-0.707107
		*TM_ROTANGLE 3.1416
		*TM_SCALE 1	1	1
		*TM_SCALEAXIS 0	0	0
		*TM_SCALEAXISANG 0	0	0
	}
}
*HELPEROBJECT {
	*NODE_NAME "Bip01 L Toe0"
	*NODE_PARENT "Bip01 L Foot"
	*NODE_TM {
		*NODE_NAME "Bip01 L Toe0"
		*TM_ROW0 3.10246e-006	-1	2.93495e-006
		*TM_ROW1 2.9309e-006	3.07124e-006	1
		*TM_ROW2 -1	-2.94936e-006	3.10009e-006
		*TM_ROW3 35.7743	80.9729	0.323418
		*TM_POS 35.7743	80.9729	0.323418
		*TM_ROTAXIS -0.57735	0.57735	0.57735
		*TM_ROTANGLE 2.09439
		*TM_SCALE 1	1	1
		*TM_SCALEAXIS 0	0	0
		*TM_SCALEAXISANG 0	0	0
	}
}
*HELPEROBJECT {
	*NODE_NAME "Bip01 R Thigh"
	*NODE_PARENT "Bip01 Pelvis"
	*NODE_TM {
		*NODE_NAME "Bip01 R Thigh"
		*TM_ROW0 -0.0750909	0.308716	-0.948185
		*TM_ROW1 0.0292983	-0.949776	-0.311555
		*TM_ROW2 -0.996746	-0.0511751	0.0622747
		*TM_ROW3 -26.5689	48.9102	109.914
		*TM_POS -26.5689	48.9102	109.914
		*TM_ROTAXIS 0.676299	0.12613	-0.725749
		*TM_ROTANGLE 2.94788
		*TM_SCALE 1	1	1
		*TM_SCALEAXIS 0	0	0
		*TM_SCALEAXISANG 0	0	0
	}
}
*HELPEROBJECT {
	*NODE_NAME "Bip01 R Calf"
	*NODE_PARENT "Bip01 R Thigh"
	*NODE_TM {
		*NODE_NAME "Bip01 R Calf"
		*TM_ROW0 -0.0705191	0.927877	-0.366157
		*TM_ROW1 -0.0390439	-0.369358	-0.928467
		*TM_ROW2 -0.996746	-0.0511785	0.0622747
		*TM_ROW3 -30.0738	63.32	65.6559
		*TM_POS -30.0738	63.32	65.6559
		*TM_ROTAXIS 0.605068	0.434918	-0.666888
		*TM_ROTANGLE 2.33063
		*TM_SCALE 1	1	1
		*TM_SCALEAXIS 0	0	0
		*TM_SCALEAXISANG 0	0	0
	}
}
*HELPEROBJECT {
	*NODE_NAME "Bip01 R HorseLink"
	*NODE_PARENT "Bip01 R Calf"
	*NODE_TM {
		*NODE_NAME "Bip01 R HorseLink"
		*TM_ROW0 -0.0752575	0.314581	-0.946243
		*TM_ROW1 0.028843	-0.94785	-0.317409
		*TM_ROW2 -0.996747	-0.0511799	0.0622596
		*TM_ROW3 -33.951	114.336	45.524
		*TM_POS -33.951	114.336	45.524
		*TM_ROTAXIS 0.67606	0.12825	-0.7256
		*TM_ROTANGLE 2.9434
		*TM_SCALE 1	1	1
		*TM_SCALEAXIS 0	0	0
		*TM_SCALEAXISANG 0	0	0
	}
}
*HELPEROBJECT {
	*NODE_NAME "Bip01 R Foot"
	*NODE_PARENT "Bip01 R HorseLink"
	*NODE_TM {
		*NODE_NAME "Bip01 R Foot"
		*TM_ROW0 -6.51281e-008	-1.86055e-006	-1
		*TM_ROW1 1.7953e-006	-1	1.76536e-006
		*TM_ROW2 -1	-1.78919e-006	-6.30578e-008
		*TM_ROW3 -35.9841	122.833	19.9652
		*TM_POS -35.9841	122.833	19.9652
		*TM_ROTAXIS 0.707107	8.42305e-009	-0.707107
		*TM_ROTANGLE 3.1416
		*TM_SCALE 1	1	1
		*TM_SCALEAXIS 0	0	0
		*TM_SCALEAXISANG 0	0	0
	}
}
*HELPEROBJECT {
	*NODE_NAME "Bip01 R Toe0"
	*NODE_PARENT "Bip01 R Foot"
	*NODE_TM {
		*NODE_NAME "Bip01 R Toe0"
		*TM_ROW0 3.1021e-006	-1	2.92315e-006
		*TM_ROW1 2.95595e-006	3.16735e-006	1
		*TM_ROW2 -1	-2.94697e-006	3.09599e-006
		*TM_ROW3 -35.9841	80.9728	0.323431
		*TM_POS -35.9841	80.9728	0.323431
		*TM_ROTAXIS -0.57735	0.57735	0.57735
		*TM_ROTANGLE 2.09439
		*TM_SCALE 1	1	1
		*TM_SCALEAXIS 0	0	0
		*TM_SCALEAXISANG 0	0	0
	}
}
*HELPEROBJECT {
	*NODE_NAME "Bip01 Tail"
	*NODE_PARENT "Bip01 Pelvis"
	*NODE_TM {
		*NODE_NAME "Bip01 Tail"
		*TM_ROW0 -3.1516e-005	0.828865	-0.559448
		*TM_ROW1 -2.07722e-005	0.559448	0.828865
		*TM_ROW2 1	3.77297e-005	-3.8743e-007
		*TM_ROW3 -0.10486	67.4683	134.386
		*TM_POS -0.10486	67.4683	134.386
		*TM_ROTAXIS -0.424851	-0.799361	-0.424881
		*TM_ROTANGLE 1.79291
		*TM_SCALE 1	1	1
		*TM_SCALEAXIS 0	0	0
		*TM_SCALEAXISANG 0	0	0
	}
}
*HELPEROBJECT {
	*NODE_NAME "Bip01 Tail1"
	*NODE_PARENT "Bip01 Tail"
	*NODE_TM {
		*NODE_NAME "Bip01 Tail1"
		*TM_ROW0 -3.16054e-005	0.792475	-0.609904
		*TM_ROW1 -2.10404e-005	0.609904	0.792475
		*TM_ROW2 1	3.78191e-005	-2.63751e-006
		*TM_ROW3 -0.10598	96.6777	114.637
		*TM_POS -0.10598	96.6777	114.637
		*TM_ROTAXIS -0.403979	-0.820718	-0.404009
		*TM_ROTANGLE 1.76712
		*TM_SCALE 1	1	1
		*TM_SCALEAXIS 0	0	0
		*TM_SCALEAXISANG 0	0	0
	}
}
*HELPEROBJECT {
	*NODE_NAME "Bip01 Tail2"
	*NODE_PARENT "Bip01 Tail1"
	*NODE_TM {
		*NODE_NAME "Bip01 Tail2"
		*TM_ROW0 -4.22597e-005	0.997381	-0.0723218
		*TM_ROW1 -1.01924e-005	0.0723218	0.997381
		*TM_ROW2 1	4.29153e-005	7.18236e-006
		*TM_ROW3 -0.10704	124.255	93.386
		*TM_POS -0.10704	124.255	93.386
		*TM_ROTAXIS -0.562889	-0.605209	-0.562919
		*TM_ROTANGLE 2.05314
		*TM_SCALE 1	1	1
		*TM_SCALEAXIS 0	0	0
		*TM_SCALEAXISANG 0	0	0
	}
}
*HELPEROBJECT {
	*NODE_NAME "Bip01 Tail3"
	*NODE_PARENT "Bip01 Tail2"
	*NODE_TM {
		*NODE_NAME "Bip01 Tail3"
		*TM_ROW0 -2.59876e-005	0.900413	0.435036
		*TM_ROW1 1.68085e-005	-0.435036	0.900413
		*TM_ROW2 1	3.08156e-005	-3.69549e-006
		*TM_ROW3 -0.10828	156.521	91.0293
		*TM_POS -0.10828	156.521	91.0293
		*TM_ROTAXIS -0.646339	-0.405559	-0.646349
		*TM_ROTANGLE 2.37105
		*TM_SCALE 1	1	1
		*TM_SCALEAXIS 0	0	0
		*TM_SCALEAXISANG 0	0	0
	}
}
*HELPEROBJECT {
	*NODE_NAME "Dummy"
	*NODE_PARENT "Bip01 Jaw"
	*NODE_TM {
		*NODE_NAME "Dummy"
		*TM_ROW0 -1	-0	0
		*TM_ROW1 -0	-1	0
		*TM_ROW2 -0	-0	1
		*TM_ROW3 -0.12121	-113.695	120.994
		*TM_POS -0.12121	-113.695	120.994
		*TM_ROTAXIS 0	0	-1
		*TM_ROTANGLE 3.14159
		*TM_SCALE 1	1	1
		*TM_SCALEAXIS 0	0	0
		*TM_SCALEAXISANG 0	0	0
	}
}
*HELPEROBJECT {
	*NODE_NAME "Dummy1"
	*NODE_PARENT "Bip01 L Finger0"
	*NODE_TM {
		*NODE_NAME "Dummy1"
		*TM_ROW0 -1	-0	0
		*TM_ROW1 -0	-1	0
		*TM_ROW2 -0	-0	1
		*TM_ROW3 62.6024	-150.296	22.9362
		*TM_POS 62.6024	-150.296	22.9362
		*TM_ROTAXIS 0	0	-1
		*TM_ROTANGLE 3.14159
		*TM_SCALE 1	1	1
		*TM_SCALEAXIS 0	0	0
		*TM_SCALEAXISANG 0	0	0
	}
}
*HELPEROBJECT {
	*NODE_NAME "Dummy2"
	*NODE_PARENT "Bip01 R Finger0"
	*NODE_TM {
		*NODE_NAME "Dummy2"
		*TM_ROW0 -1	-0	0
		*TM_ROW1 -0	-1	0
		*TM_ROW2 -0	-0	1
		*TM_ROW3 -62.8115	-150.295	22.9395
		*TM_POS -62.8115	-150.295	22.9395
		*TM_ROTAXIS 0	0	-1
		*TM_ROTANGLE 3.14159
		*TM_SCALE 1	1	1
		*TM_SCALEAXIS 0	0	0
		*TM_SCALEAXISANG 0	0	0
	}
}
*HELPEROBJECT {
	*NODE_NAME "Dummy3"
	*NODE_PARENT "Bip01 L Toe0"
	*NODE_TM {
		*NODE_NAME "Dummy3"
		*TM_ROW0 -1	-0	0
		*TM_ROW1 -0	-1	0
		*TM_ROW2 -0	-0	1
		*TM_ROW3 35.7743	60.0427	-9.49748
		*TM_POS 35.7743	60.0427	-9.49748
		*TM_ROTAXIS 0	0	-1
		*TM_ROTANGLE 3.14159
		*TM_SCALE 1	1	1
		*TM_SCALEAXIS 0	0	0
		*TM_SCALEAXISANG 0	0	0
	}
}
*HELPEROBJECT {
	*NODE_NAME "Dummy4"
	*NODE_PARENT "Bip01 R Toe0"
	*NODE_TM {
		*NODE_NAME "Dummy4"
		*TM_ROW0 -1	-0	0
		*TM_ROW1 -0	-1	0
		*TM_ROW2 -0	-0	1
		*TM_ROW3 -35.9841	60.0426	-9.49747
		*TM_POS -35.9841	60.0426	-9.49747
		*TM_ROTAXIS 0	0	-1
		*TM_ROTANGLE 3.14159
		*TM_SCALE 1	1	1
		*TM_SCALEAXIS 0	0	0
		*TM_SCALEAXISANG 0	0	0
	}
}
*HELPEROBJECT {
	*NODE_NAME "Dummy5"
	*NODE_PARENT "Bip01 Tail3"
	*NODE_TM {
		*NODE_NAME "Dummy5"
		*TM_ROW0 -1	-0	0
		*TM_ROW1 -0	-1	0
		*TM_ROW2 -0	-0	1
		*TM_ROW3 -0.1089	172.654	89.851
		*TM_POS -0.1089	172.654	89.851
		*TM_ROTAXIS 0	0	-1
		*TM_ROTANGLE 3.14159
		*TM_SCALE 1	1	1
		*TM_SCALEAXIS 0	0	0
		*TM_SCALEAXISANG 0	0	0
	}
}
*GEOMOBJECT {
	*NODE_NAME "zm_Skin"
	*NODE_PARENT "Bip01"
	*NODE_TM {
		*NODE_NAME "zm_Skin"
		*TM_ROW0 -1	-0	0
		*TM_ROW1 -0	-1	0
		*TM_ROW2 -0	-0	1
		*TM_ROW3 -0	-0	0
		*TM_POS -0	-0	0
		*TM_ROTAXIS 0	0	-1
		*TM_ROTANGLE 3.14159
		*TM_SCALE 1	1	1
		*TM_SCALEAXIS 0	0	0
		*TM_SCALEAXISANG 0	0	0
	}
	*MATERIAL_REF 0
	*MESH_SOFTSKIN {
		*TIMEVALUE 0
		*MESH_NUMVERTEX 251
		*MESH_NUMFACES 490
		*MESH_VERTEX_LIST {
			*MESH_VERTEX 0	0.00997738	-60.9776	176.885
			*MESH_VERTEX 1	-0.00426467	177.722	102.476
			*MESH_VERTEX 2	-16.1552	37.7386	134.961
			*MESH_VERTEX 3	73.9009	-66.7558	0.107744
			*MESH_VERTEX 4	-73.9263	-66.7599	0.061127
			*MESH_VERTEX 5	-12.8366	-179.374	125.279
			*MESH_VERTEX 6	28.7501	-51.8803	112.154
			*MESH_VERTEX 7	-28.7473	-51.7303	112.127
			*MESH_VERTEX 8	-35.4852	-54.9099	164.49
			*MESH_VERTEX 9	35.4833	-54.9541	164.494
			*MESH_VERTEX 10	-19.755	127.8	0.577064
			*MESH_VERTEX 11	-31.3098	124.473	54.919
			*MESH_VERTEX 12	-34.2838	97.6532	1.64676
			*MESH_VERTEX 13	19.755	127.8	0.577038
			*MESH_VERTEX 14	31.308	124.473	54.919
			*MESH_VERTEX 15	34.2836	97.6532	1.64674
			*MESH_VERTEX 16	-32.0448	56.7764	56.5194
			*MESH_VERTEX 17	-9.52143	67	131.446
			*MESH_VERTEX 18	55.8607	-62.2949	85.0567
			*MESH_VERTEX 19	76.7255	-89.9351	-0.16737
			*MESH_VERTEX 20	-55.8643	-62.1724	85.0463
			*MESH_VERTEX 21	-76.7546	-89.937	-0.214599
			*MESH_VERTEX 22	32.0419	56.7744	56.5188
			*MESH_VERTEX 23	29.3595	71.9414	73.4361
			*MESH_VERTEX 24	-29.3609	71.9413	73.4362
			*MESH_VERTEX 25	-32.7077	107.205	40.4741
			*MESH_VERTEX 26	32.7082	107.205	40.474
			*MESH_VERTEX 27	16.1556	37.7386	134.961
			*MESH_VERTEX 28	-14.3141	48.6311	102.129
			*MESH_VERTEX 29	17.8748	-163.611	125.984
			*MESH_VERTEX 30	-0.0865483	-157.166	130.525
			*MESH_VERTEX 31	-51.0361	-32.4324	122.04
			*MESH_VERTEX 32	51.0394	-32.5794	122.08
			*MESH_VERTEX 33	-62.2914	-100.722	1.52879
			*MESH_VERTEX 34	62.2971	-100.72	1.57342
			*MESH_VERTEX 35	-0.175598	-190.602	120.937
			*MESH_VERTEX 36	-18.1337	-163.614	126.299
			*MESH_VERTEX 37	-0.156347	-189.2	122.96
			*MESH_VERTEX 38	46.7814	128.028	0.577043
			*MESH_VERTEX 39	-46.7814	128.028	0.57706
			*MESH_VERTEX 40	-49.0861	-66.757	0.0600328
			*MESH_VERTEX 41	49.1179	-66.7566	0.107937
			*MESH_VERTEX 42	17.9613	-111.706	143.762
			*MESH_VERTEX 43	-21.4375	-151.638	130.269
			*MESH_VERTEX 44	0.00129385	-39.1583	97.3991
			*MESH_VERTEX 45	-17.4044	9.68485	127.751
			*MESH_VERTEX 46	19.4656	32.7128	116.411
			*MESH_VERTEX 47	14.3142	48.6314	102.13
			*MESH_VERTEX 48	9.56819	66.8856	130.921
			*MESH_VERTEX 49	-0.0765883	-140.625	126.951
			*MESH_VERTEX 50	-17.748	-140.661	143.589
			*MESH_VERTEX 51	-52.8231	-61.8432	26.2673
			*MESH_VERTEX 52	52.8389	-61.8487	26.2709
			*MESH_VERTEX 53	-56.3438	-36.0443	82.2992
			*MESH_VERTEX 54	-70.0109	-57.0811	52.7063
			*MESH_VERTEX 55	-25.434	-81.4348	134.465
			*MESH_VERTEX 56	-42.9586	-68.792	145.134
			*MESH_VERTEX 57	56.3369	-36.1632	82.3501
			*MESH_VERTEX 58	70.0097	-57.1372	52.7198
			*MESH_VERTEX 59	25.5536	-81.4371	134.465
			*MESH_VERTEX 60	42.9345	-68.9561	145.211
			*MESH_VERTEX 61	-39.4754	64.112	67.5657
			*MESH_VERTEX 62	39.4742	64.1111	67.5655
			*MESH_VERTEX 63	34.029	-32.8272	146.986
			*MESH_VERTEX 64	-33.9856	-32.7071	147.052
			*MESH_VERTEX 65	21.231	65.2435	67.7874
			*MESH_VERTEX 66	-21.2323	65.2447	67.7881
			*MESH_VERTEX 67	-37.949	-61.692	111.798
			*MESH_VERTEX 68	37.9536	-61.8412	111.807
			*MESH_VERTEX 69	11.8999	-181.084	123.772
			*MESH_VERTEX 70	-12.6864	-181.093	124.001
			*MESH_VERTEX 71	-0.132659	-191.263	125.85
			*MESH_VERTEX 72	61.5763	-53.7588	22.084
			*MESH_VERTEX 73	-61.5769	-53.7518	22.0602
			*MESH_VERTEX 74	-19.4654	33.1828	116.41
			*MESH_VERTEX 75	-72.3986	-93.6657	14.4678
			*MESH_VERTEX 76	72.3808	-93.6629	14.465
			*MESH_VERTEX 77	-47.8098	-90.4471	0.0943238
			*MESH_VERTEX 78	47.8473	-90.4494	0.14202
			*MESH_VERTEX 79	33.8805	135.254	17.4712
			*MESH_VERTEX 80	-33.882	135.254	17.4712
			*MESH_VERTEX 81	-24.3156	113.555	45.924
			*MESH_VERTEX 82	24.3154	113.554	45.9234
			*MESH_VERTEX 83	6.54565	-113.639	162.878
			*MESH_VERTEX 84	13.3995	-174.141	142.418
			*MESH_VERTEX 85	-0.0247225	-187.575	138.197
			*MESH_VERTEX 86	15.3444	-151.383	121.899
			*MESH_VERTEX 87	7.36142	-181.536	118.569
			*MESH_VERTEX 88	39.5464	114.353	45.7743
			*MESH_VERTEX 89	-39.5467	114.352	45.774
			*MESH_VERTEX 90	-51.8157	-93.6636	14.467
			*MESH_VERTEX 91	51.8453	-93.6645	14.4653
			*MESH_VERTEX 92	17.4588	9.6848	127.751
			*MESH_VERTEX 93	-39.8621	111.302	20.505
			*MESH_VERTEX 94	-27.3107	111.465	20.722
			*MESH_VERTEX 95	39.862	111.302	20.505
			*MESH_VERTEX 96	27.3107	111.465	20.7219
			*MESH_VERTEX 97	-6.91087	94.2511	111.907
			*MESH_VERTEX 98	0.0139562	65.4671	124.764
			*MESH_VERTEX 99	20.0012	-40.1	110.814
			*MESH_VERTEX 100	-19.9968	-40.1012	110.814
			*MESH_VERTEX 101	6.87143	94.2519	111.907
			*MESH_VERTEX 102	-13.3729	-174.14	142.652
			*MESH_VERTEX 103	-6.57005	-113.641	162.882
			*MESH_VERTEX 104	-17.9696	-111.712	143.766
			*MESH_VERTEX 105	-10.5934	62.3568	113.545
			*MESH_VERTEX 106	-21.8825	63.2045	125.616
			*MESH_VERTEX 107	0.0278377	9.50751	120.549
			*MESH_VERTEX 108	21.883	63.2046	125.616
			*MESH_VERTEX 109	10.5942	62.3567	113.545
			*MESH_VERTEX 110	50.563	-57.212	53.021
			*MESH_VERTEX 111	57.4967	-78.0064	23.8363
			*MESH_VERTEX 112	59.9972	-66.8117	53.9922
			*MESH_VERTEX 113	70.8359	-61.2709	25.5714
			*MESH_VERTEX 114	65.9908	-78.1159	23.782
			*MESH_VERTEX 115	-50.5643	-57.1512	53.0076
			*MESH_VERTEX 116	-57.4549	-78.0051	24.1586
			*MESH_VERTEX 117	-59.9962	-66.7938	54.0135
			*MESH_VERTEX 118	-70.8496	-61.2678	25.567
			*MESH_VERTEX 119	-65.962	-78.1413	24.1087
			*MESH_VERTEX 120	23.2274	-155.956	136.614
			*MESH_VERTEX 121	48.8591	-51.5776	149.49
			*MESH_VERTEX 122	-48.8535	-51.4064	149.476
			*MESH_VERTEX 123	0.000361386	67.8536	142.436
			*MESH_VERTEX 124	-25.4495	49.9242	127.288
			*MESH_VERTEX 125	-24.0241	64.067	101.42
			*MESH_VERTEX 126	25.4501	49.8813	127.288
			*MESH_VERTEX 127	24.0245	64.0667	101.42
			*MESH_VERTEX 128	-15.6727	-151.38	122.168
			*MESH_VERTEX 129	23.066	105.056	0.212063
			*MESH_VERTEX 130	25.7507	103.711	13.3401
			*MESH_VERTEX 131	-23.0661	104.506	0.212085
			*MESH_VERTEX 132	-25.7508	103.711	13.3401
			*MESH_VERTEX 133	-44.5555	-50.749	84.076
			*MESH_VERTEX 134	44.5506	-50.8723	84.1046
			*MESH_VERTEX 135	45.2687	106.059	-0.0981294
			*MESH_VERTEX 136	-45.2688	106.059	-0.0981136
			*MESH_VERTEX 137	-0.00546002	-112.659	131.861
			*MESH_VERTEX 138	0.028488	14.1135	148.976
			*MESH_VERTEX 139	-23.3005	-155.956	137.021
			*MESH_VERTEX 140	13.5407	-138.877	135.203
			*MESH_VERTEX 141	0.00405307	49.2876	107.243
			*MESH_VERTEX 142	12.5605	-179.374	125.058
			*MESH_VERTEX 143	-0.185917	-187.909	119.572
			*MESH_VERTEX 144	-11.9214	-181.239	127.506
			*MESH_VERTEX 145	-7.7515	-181.536	118.701
			*MESH_VERTEX 146	-14.0895	-111.322	136.394
			*MESH_VERTEX 147	-33.6634	51.2068	100.907
			*MESH_VERTEX 148	33.6632	51.2062	100.907
			*MESH_VERTEX 149	11.7194	-181.239	127.3
			*MESH_VERTEX 150	14.0782	-111.323	136.716
			*MESH_VERTEX 151	-19.9547	11.3738	135.884
			*MESH_VERTEX 152	20.0092	11.3728	135.883
			*MESH_VERTEX 153	-45.4221	123.564	20.0372
			*MESH_VERTEX 154	-40.7575	103.94	13.3401
			*MESH_VERTEX 155	45.4214	123.527	20.0371
			*MESH_VERTEX 156	40.7574	103.939	13.3401
			*MESH_VERTEX 157	17.7714	-140.661	143.417
			*MESH_VERTEX 158	10.1695	-181.659	122.198
			*MESH_VERTEX 159	-10.4958	-181.659	122.378
			*MESH_VERTEX 160	51.2467	-67.0224	109.926
			*MESH_VERTEX 161	67.547	-52.3729	82.9794
			*MESH_VERTEX 162	57.4533	-50.2994	116.537
			*MESH_VERTEX 163	-51.2393	-66.8794	109.942
			*MESH_VERTEX 164	-67.5521	-52.2546	82.9535
			*MESH_VERTEX 165	-57.4477	-50.1179	116.52
			*MESH_VERTEX 166	19.3001	-156.719	124.371
			*MESH_VERTEX 167	-7.90101	-184.73	137.933
			*MESH_VERTEX 168	7.84579	-184.73	137.795
			*MESH_VERTEX 169	-13.6076	-138.978	135.358
			*MESH_VERTEX 170	16.091	-142.486	149.937
			*MESH_VERTEX 171	-15.9319	-142.486	150.217
			*MESH_VERTEX 172	25.0953	-80.7562	143.652
			*MESH_VERTEX 173	8.70833	-84.0897	172.236
			*MESH_VERTEX 174	40.8262	-36.6709	115.2
			*MESH_VERTEX 175	-8.68107	-84.0889	172.233
			*MESH_VERTEX 176	-23.6394	123.187	20.8252
			*MESH_VERTEX 177	23.6387	123.224	20.8318
			*MESH_VERTEX 178	21.4835	-81.6802	161.191
			*MESH_VERTEX 179	12.4128	-60.9777	173.659
			*MESH_VERTEX 180	-24.4989	-80.76	143.652
			*MESH_VERTEX 181	-21.4525	-81.6856	161.195
			*MESH_VERTEX 182	-12.4079	-60.9777	173.659
			*MESH_VERTEX 183	11.4676	13.7978	144.769
			*MESH_VERTEX 184	13.1063	-112.425	155.84
			*MESH_VERTEX 185	-13.1262	-112.426	155.833
			*MESH_VERTEX 186	21.2468	-151.725	129.895
			*MESH_VERTEX 187	-12.4008	13.7978	144.769
			*MESH_VERTEX 188	-0.184266	-151.773	119.429
			*MESH_VERTEX 189	-0.213327	-182.165	116.431
			*MESH_VERTEX 190	-19.585	-156.719	124.92
			*MESH_VERTEX 191	7.65605e-005	33.1679	110.375
			*MESH_VERTEX 192	-27.9949	41.9898	76.8712
			*MESH_VERTEX 193	27.993	41.9883	76.8714
			*MESH_VERTEX 194	6.53615	-183.887	123.927
			*MESH_VERTEX 195	-6.83237	-183.912	124.109
			*MESH_VERTEX 196	41.5834	119.908	38.1861
			*MESH_VERTEX 197	-41.5841	119.907	38.186
			*MESH_VERTEX 198	-0.000994018	-29.191	168.45
			*MESH_VERTEX 199	-24.7049	120.442	38.1657
			*MESH_VERTEX 200	24.7041	120.441	38.1657
			*MESH_VERTEX 201	10.5809	-39.5073	102.269
			*MESH_VERTEX 202	-10.5763	-39.5089	102.27
			*MESH_VERTEX 203	30.9186	109.747	57.9164
			*MESH_VERTEX 204	-30.9204	109.747	57.9167
			*MESH_VERTEX 205	0.0209221	-180.225	143.413
			*MESH_VERTEX 206	22.0454	-30.4945	160.119
			*MESH_VERTEX 207	11.2254	-29.2154	165.999
			*MESH_VERTEX 208	-15.3263	-81.642	125.543
			*MESH_VERTEX 209	-23.2658	80.696	63.1769
			*MESH_VERTEX 210	23.2649	80.6956	63.176
			*MESH_VERTEX 211	-22.0405	-30.4881	160.121
			*MESH_VERTEX 212	-10.9581	-29.2163	165.999
			*MESH_VERTEX 213	-17.9308	-158.788	144.621
			*MESH_VERTEX 214	17.9913	-158.789	144.307
			*MESH_VERTEX 215	13.2397	53.327	135.462
			*MESH_VERTEX 216	0.0140815	-84.0894	173.761
			*MESH_VERTEX 217	9.35503	-164.358	148.144
			*MESH_VERTEX 218	-39.2268	78.9566	62.6058
			*MESH_VERTEX 219	39.2262	78.9571	62.6068
			*MESH_VERTEX 220	32.6631	75.3504	54.0695
			*MESH_VERTEX 221	-32.6625	75.3503	54.0693
			*MESH_VERTEX 222	15.3534	-81.6438	125.543
			*MESH_VERTEX 223	-9.23083	-164.602	148.081
			*MESH_VERTEX 224	-13.2391	53.3274	135.462
			*MESH_VERTEX 225	-0.00655578	125.161	95.8171
			*MESH_VERTEX 226	-5.27466	123.42	91.2195
			*MESH_VERTEX 227	4.34928	157.034	88.9181
			*MESH_VERTEX 228	0.00108453	43.1727	143.368
			*MESH_VERTEX 229	0.000409748	55.1436	144.703
			*MESH_VERTEX 230	0.0110384	-82.7802	116.499
			*MESH_VERTEX 231	-40.8252	-36.5189	115.153
			*MESH_VERTEX 232	-33.1716	127.449	40.1471
			*MESH_VERTEX 233	33.1698	127.449	40.1471
			*MESH_VERTEX 234	-8.19442	-185.445	123.38
			*MESH_VERTEX 235	7.88487	-185.445	123.239
			*MESH_VERTEX 236	-59.8583	-46.94	50.3537
			*MESH_VERTEX 237	59.8549	-47.0009	50.3965
			*MESH_VERTEX 238	0.0757729	-165.147	149.677
			*MESH_VERTEX 239	8.11171	-143.693	153.028
			*MESH_VERTEX 240	-15.3218	-171.939	125.026
			*MESH_VERTEX 241	-7.89978	-143.693	153.168
			*MESH_VERTEX 242	9.9408	-181.82	125.866
			*MESH_VERTEX 243	-10.2032	-181.82	126.042
			*MESH_VERTEX 244	-4.29943	157.034	88.9184
			*MESH_VERTEX 245	0.00763979	156.132	92.735
			*MESH_VERTEX 246	-0.0161383	-115.334	164.603
			*MESH_VERTEX 247	0.124044	-144.443	155.172
			*MESH_VERTEX 248	5.22764	123.421	91.2189
			*MESH_VERTEX 249	-0.00310349	99.3093	118.496
			*MESH_VERTEX 250	15.0402	-171.94	124.761
		}
		*MESH_FACE_LIST {
			*MESH_FACE    0:    A:    48 B:    249 C:    123 AB:    1 BC:    1 CA:    1	 *MESH_SMOOTHING 1 	*MESH_MTLID 0
			*MESH_FACE    1:    A:    123 B:    249 C:    17 AB:    1 BC:    1 CA:    1	 *MESH_SMOOTHING 1 	*MESH_MTLID 0
			*MESH_FACE    2:    A:    110 B:    18 C:    134 AB:    1 BC:    1 CA:    1	 *MESH_SMOOTHING 1 	*MESH_MTLID 0
			*MESH_FACE    3:    A:    178 B:    42 C:    172 AB:    1 BC:    1 CA:    1	 *MESH_SMOOTHING 1 	*MESH_MTLID 0
			*MESH_FACE    4:    A:    161 B:    57 C:    162 AB:    1 BC:    1 CA:    1	 *MESH_SMOOTHING 1 	*MESH_MTLID 0
			*MESH_FACE    5:    A:    63 B:    152 C:    206 AB:    1 BC:    1 CA:    1	 *MESH_SMOOTHING 1 	*MESH_MTLID 0
			*MESH_FACE    6:    A:    151 B:    64 C:    211 AB:    1 BC:    1 CA:    1	 *MESH_SMOOTHING 1 	*MESH_MTLID 0
			*MESH_FACE    7:    A:    53 B:    164 C:    165 AB:    1 BC:    1 CA:    1	 *MESH_SMOOTHING 1 	*MESH_MTLID 0
			*MESH_FACE    8:    A:    104 B:    181 C:    180 AB:    1 BC:    1 CA:    1	 *MESH_SMOOTHING 1 	*MESH_MTLID 0
			*MESH_FACE    9:    A:    20 B:    115 C:    133 AB:    1 BC:    1 CA:    1	 *MESH_SMOOTHING 1 	*MESH_MTLID 0
			*MESH_FACE    10:    A:    202 B:    100 C:    45 AB:    1 BC:    1 CA:    1	 *MESH_SMOOTHING 1 	*MESH_MTLID 0
			*MESH_FACE    11:    A:    208 B:    100 C:    202 AB:    1 BC:    1 CA:    1	 *MESH_SMOOTHING 1 	*MESH_MTLID 0
			*MESH_FACE    12:    A:    187 B:    211 C:    212 AB:    1 BC:    1 CA:    1	 *MESH_SMOOTHING 1 	*MESH_MTLID 0
			*MESH_FACE    13:    A:    175 B:    181 C:    185 AB:    1 BC:    1 CA:    1	 *MESH_SMOOTHING 1 	*MESH_MTLID 0
			*MESH_FACE    14:    A:    206 B:    183 C:    207 AB:    1 BC:    1 CA:    1	 *MESH_SMOOTHING 1 	*MESH_MTLID 0
			*MESH_FACE    15:    A:    178 B:    173 C:    184 AB:    1 BC:    1 CA:    1	 *MESH_SMOOTHING 1 	*MESH_MTLID 0
			*MESH_FACE    16:    A:    176 B:    132 C:    131 AB:    1 BC:    1 CA:    1	 *MESH_SMOOTHING 1 	*MESH_MTLID 0
			*MESH_FACE    17:    A:    153 B:    93 C:    197 AB:    1 BC:    1 CA:    1	 *MESH_SMOOTHING 1 	*MESH_MTLID 0
			*MESH_FACE    18:    A:    130 B:    177 C:    129 AB:    1 BC:    1 CA:    1	 *MESH_SMOOTHING 1 	*MESH_MTLID 0
			*MESH_FACE    19:    A:    95 B:    155 C:    196 AB:    1 BC:    1 CA:    1	 *MESH_SMOOTHING 1 	*MESH_MTLID 0
			*MESH_FACE    20:    A:    17 B:    224 C:    123 AB:    1 BC:    1 CA:    1	 *MESH_SMOOTHING 1 	*MESH_MTLID 0
			*MESH_FACE    21:    A:    147 B:    125 C:    61 AB:    1 BC:    1 CA:    1	 *MESH_SMOOTHING 1 	*MESH_MTLID 0
			*MESH_FACE    22:    A:    192 B:    74 C:    147 AB:    1 BC:    1 CA:    1	 *MESH_SMOOTHING 1 	*MESH_MTLID 0
			*MESH_FACE    23:    A:    107 B:    92 C:    44 AB:    1 BC:    1 CA:    1	 *MESH_SMOOTHING 1 	*MESH_MTLID 0
			*MESH_FACE    24:    A:    160 B:    18 C:    161 AB:    1 BC:    1 CA:    1	 *MESH_SMOOTHING 1 	*MESH_MTLID 0
			*MESH_FACE    25:    A:    18 B:    160 C:    68 AB:    1 BC:    1 CA:    1	 *MESH_SMOOTHING 1 	*MESH_MTLID 0
			*MESH_FACE    26:    A:    111 B:    114 C:    112 AB:    1 BC:    1 CA:    1	 *MESH_SMOOTHING 1 	*MESH_MTLID 0
			*MESH_FACE    27:    A:    58 B:    112 C:    114 AB:    1 BC:    1 CA:    1	 *MESH_SMOOTHING 1 	*MESH_MTLID 0
			*MESH_FACE    28:    A:    20 B:    163 C:    164 AB:    1 BC:    1 CA:    1	 *MESH_SMOOTHING 1 	*MESH_MTLID 0
			*MESH_FACE    29:    A:    163 B:    20 C:    67 AB:    1 BC:    1 CA:    1	 *MESH_SMOOTHING 1 	*MESH_MTLID 0
			*MESH_FACE    30:    A:    119 B:    116 C:    117 AB:    1 BC:    1 CA:    1	 *MESH_SMOOTHING 1 	*MESH_MTLID 0
			*MESH_FACE    31:    A:    117 B:    54 C:    119 AB:    1 BC:    1 CA:    1	 *MESH_SMOOTHING 1 	*MESH_MTLID 0
			*MESH_FACE    32:    A:    220 B:    210 C:    26 AB:    1 BC:    1 CA:    1	 *MESH_SMOOTHING 1 	*MESH_MTLID 0
			*MESH_FACE    33:    A:    65 B:    193 C:    47 AB:    1 BC:    1 CA:    1	 *MESH_SMOOTHING 1 	*MESH_MTLID 0
			*MESH_FACE    34:    A:    219 B:    220 C:    26 AB:    1 BC:    1 CA:    1	 *MESH_SMOOTHING 1 	*MESH_MTLID 0
			*MESH_FACE    35:    A:    62 B:    148 C:    193 AB:    1 BC:    1 CA:    1	 *MESH_SMOOTHING 1 	*MESH_MTLID 0
			*MESH_FACE    36:    A:    209 B:    221 C:    25 AB:    1 BC:    1 CA:    1	 *MESH_SMOOTHING 1 	*MESH_MTLID 0
			*MESH_FACE    37:    A:    192 B:    66 C:    28 AB:    1 BC:    1 CA:    1	 *MESH_SMOOTHING 1 	*MESH_MTLID 0
			*MESH_FACE    38:    A:    221 B:    218 C:    25 AB:    1 BC:    1 CA:    1	 *MESH_SMOOTHING 1 	*MESH_MTLID 0
			*MESH_FACE    39:    A:    147 B:    61 C:    192 AB:    1 BC:    1 CA:    1	 *MESH_SMOOTHING 1 	*MESH_MTLID 0
			*MESH_FACE    40:    A:    197 B:    232 C:    153 AB:    1 BC:    1 CA:    1	 *MESH_SMOOTHING 1 	*MESH_MTLID 0
			*MESH_FACE    41:    A:    218 B:    204 C:    89 AB:    1 BC:    1 CA:    1	 *MESH_SMOOTHING 1 	*MESH_MTLID 0
			*MESH_FACE    42:    A:    232 B:    199 C:    176 AB:    1 BC:    1 CA:    1	 *MESH_SMOOTHING 1 	*MESH_MTLID 0
			*MESH_FACE    43:    A:    204 B:    209 C:    81 AB:    1 BC:    1 CA:    1	 *MESH_SMOOTHING 1 	*MESH_MTLID 0
			*MESH_FACE    44:    A:    233 B:    196 C:    155 AB:    1 BC:    1 CA:    1	 *MESH_SMOOTHING 1 	*MESH_MTLID 0
			*MESH_FACE    45:    A:    203 B:    219 C:    88 AB:    1 BC:    1 CA:    1	 *MESH_SMOOTHING 1 	*MESH_MTLID 0
			*MESH_FACE    46:    A:    200 B:    233 C:    177 AB:    1 BC:    1 CA:    1	 *MESH_SMOOTHING 1 	*MESH_MTLID 0
			*MESH_FACE    47:    A:    210 B:    203 C:    82 AB:    1 BC:    1 CA:    1	 *MESH_SMOOTHING 1 	*MESH_MTLID 0
			*MESH_FACE    48:    A:    127 B:    148 C:    62 AB:    1 BC:    1 CA:    1	 *MESH_SMOOTHING 1 	*MESH_MTLID 0
			*MESH_FACE    49:    A:    215 B:    48 C:    123 AB:    1 BC:    1 CA:    1	 *MESH_SMOOTHING 1 	*MESH_MTLID 0
			*MESH_FACE    50:    A:    193 B:    46 C:    47 AB:    1 BC:    1 CA:    1	 *MESH_SMOOTHING 1 	*MESH_MTLID 0
			*MESH_FACE    51:    A:    46 B:    191 C:    47 AB:    1 BC:    1 CA:    1	 *MESH_SMOOTHING 1 	*MESH_MTLID 0
			*MESH_FACE    52:    A:    105 B:    66 C:    125 AB:    1 BC:    1 CA:    1	 *MESH_SMOOTHING 1 	*MESH_MTLID 0
			*MESH_FACE    53:    A:    65 B:    47 C:    109 AB:    1 BC:    1 CA:    1	 *MESH_SMOOTHING 1 	*MESH_MTLID 0
			*MESH_FACE    54:    A:    208 B:    202 C:    230 AB:    1 BC:    1 CA:    1	 *MESH_SMOOTHING 1 	*MESH_MTLID 0
			*MESH_FACE    55:    A:    184 B:    42 C:    178 AB:    1 BC:    1 CA:    1	 *MESH_SMOOTHING 1 	*MESH_MTLID 0
			*MESH_FACE    56:    A:    30 B:    29 C:    149 AB:    1 BC:    1 CA:    1	 *MESH_SMOOTHING 1 	*MESH_MTLID 0
			*MESH_FACE    57:    A:    30 B:    158 C:    29 AB:    1 BC:    1 CA:    1	 *MESH_SMOOTHING 1 	*MESH_MTLID 0
			*MESH_FACE    58:    A:    100 B:    64 C:    151 AB:    1 BC:    1 CA:    1	 *MESH_SMOOTHING 1 	*MESH_MTLID 0
			*MESH_FACE    59:    A:    53 B:    133 C:    115 AB:    1 BC:    1 CA:    1	 *MESH_SMOOTHING 1 	*MESH_MTLID 0
			*MESH_FACE    60:    A:    152 B:    63 C:    99 AB:    1 BC:    1 CA:    1	 *MESH_SMOOTHING 1 	*MESH_MTLID 0
			*MESH_FACE    61:    A:    134 B:    57 C:    110 AB:    1 BC:    1 CA:    1	 *MESH_SMOOTHING 1 	*MESH_MTLID 0
			*MESH_FACE    62:    A:    4 B:    33 C:    21 AB:    1 BC:    1 CA:    1	 *MESH_SMOOTHING 1 	*MESH_MTLID 0
			*MESH_FACE    63:    A:    75 B:    118 C:    21 AB:    1 BC:    1 CA:    1	 *MESH_SMOOTHING 1 	*MESH_MTLID 0
			*MESH_FACE    64:    A:    34 B:    3 C:    19 AB:    1 BC:    1 CA:    1	 *MESH_SMOOTHING 1 	*MESH_MTLID 0
			*MESH_FACE    65:    A:    113 B:    76 C:    19 AB:    1 BC:    1 CA:    1	 *MESH_SMOOTHING 1 	*MESH_MTLID 0
			*MESH_FACE    66:    A:    241 B:    246 C:    103 AB:    1 BC:    1 CA:    1	 *MESH_SMOOTHING 1 	*MESH_MTLID 0
			*MESH_FACE    67:    A:    36 B:    30 C:    144 AB:    1 BC:    1 CA:    1	 *MESH_SMOOTHING 1 	*MESH_MTLID 0
			*MESH_FACE    68:    A:    159 B:    30 C:    36 AB:    1 BC:    1 CA:    1	 *MESH_SMOOTHING 1 	*MESH_MTLID 0
			*MESH_FACE    69:    A:    145 B:    128 C:    188 AB:    1 BC:    1 CA:    1	 *MESH_SMOOTHING 1 	*MESH_MTLID 0
			*MESH_FACE    70:    A:    36 B:    145 C:    159 AB:    1 BC:    1 CA:    1	 *MESH_SMOOTHING 1 	*MESH_MTLID 0
			*MESH_FACE    71:    A:    159 B:    143 C:    30 AB:    1 BC:    1 CA:    1	 *MESH_SMOOTHING 1 	*MESH_MTLID 0
			*MESH_FACE    72:    A:    38 B:    15 C:    13 AB:    1 BC:    1 CA:    1	 *MESH_SMOOTHING 1 	*MESH_MTLID 0
			*MESH_FACE    73:    A:    79 B:    177 C:    233 AB:    1 BC:    1 CA:    1	 *MESH_SMOOTHING 1 	*MESH_MTLID 0
			*MESH_FACE    74:    A:    12 B:    39 C:    10 AB:    1 BC:    1 CA:    1	 *MESH_SMOOTHING 1 	*MESH_MTLID 0
			*MESH_FACE    75:    A:    176 B:    80 C:    232 AB:    1 BC:    1 CA:    1	 *MESH_SMOOTHING 1 	*MESH_MTLID 0
			*MESH_FACE    76:    A:    33 B:    4 C:    40 AB:    1 BC:    1 CA:    1	 *MESH_SMOOTHING 1 	*MESH_MTLID 0
			*MESH_FACE    77:    A:    115 B:    236 C:    53 AB:    1 BC:    1 CA:    1	 *MESH_SMOOTHING 1 	*MESH_MTLID 0
			*MESH_FACE    78:    A:    3 B:    34 C:    41 AB:    1 BC:    1 CA:    1	 *MESH_SMOOTHING 1 	*MESH_MTLID 0
			*MESH_FACE    79:    A:    237 B:    110 C:    57 AB:    1 BC:    1 CA:    1	 *MESH_SMOOTHING 1 	*MESH_MTLID 0
			*MESH_FACE    80:    A:    157 B:    42 C:    184 AB:    1 BC:    1 CA:    1	 *MESH_SMOOTHING 1 	*MESH_MTLID 0
			*MESH_FACE    81:    A:    230 B:    201 C:    222 AB:    1 BC:    1 CA:    1	 *MESH_SMOOTHING 1 	*MESH_MTLID 0
			*MESH_FACE    82:    A:    190 B:    145 C:    36 AB:    1 BC:    1 CA:    1	 *MESH_SMOOTHING 1 	*MESH_MTLID 0
			*MESH_FACE    83:    A:    144 B:    139 C:    36 AB:    1 BC:    1 CA:    1	 *MESH_SMOOTHING 1 	*MESH_MTLID 0
			*MESH_FACE    84:    A:    99 B:    201 C:    92 AB:    1 BC:    1 CA:    1	 *MESH_SMOOTHING 1 	*MESH_MTLID 0
			*MESH_FACE    85:    A:    99 B:    222 C:    201 AB:    1 BC:    1 CA:    1	 *MESH_SMOOTHING 1 	*MESH_MTLID 0
			*MESH_FACE    86:    A:    45 B:    151 C:    74 AB:    1 BC:    1 CA:    1	 *MESH_SMOOTHING 1 	*MESH_MTLID 0
			*MESH_FACE    87:    A:    100 B:    151 C:    45 AB:    1 BC:    1 CA:    1	 *MESH_SMOOTHING 1 	*MESH_MTLID 0
			*MESH_FACE    88:    A:    92 B:    107 C:    46 AB:    1 BC:    1 CA:    1	 *MESH_SMOOTHING 1 	*MESH_MTLID 0
			*MESH_FACE    89:    A:    148 B:    46 C:    193 AB:    1 BC:    1 CA:    1	 *MESH_SMOOTHING 1 	*MESH_MTLID 0
			*MESH_FACE    90:    A:    141 B:    191 C:    28 AB:    1 BC:    1 CA:    1	 *MESH_SMOOTHING 1 	*MESH_MTLID 0
			*MESH_FACE    91:    A:    141 B:    105 C:    98 AB:    1 BC:    1 CA:    1	 *MESH_SMOOTHING 1 	*MESH_MTLID 0
			*MESH_FACE    92:    A:    109 B:    127 C:    65 AB:    1 BC:    1 CA:    1	 *MESH_SMOOTHING 1 	*MESH_MTLID 0
