*3DSMAX_ASCIIEXPORT	110
*COMMENT "[ GothicSourcer v3.14 ] - June 2007"
*SCENE {
	*SCENE_FILENAME "CR2_BODY.MAX"
	*SCENE_FIRSTFRAME 0
	*SCENE_LASTFRAME 100
	*SCENE_FRAMESPEED 25
	*SCENE_TICKSPERFRAME 192
	*SCENE_BACKGROUND_STATIC 0	0	0
	*SCENE_AMBIENT_STATIC 0.2	0.2	0.2
}
*MATERIAL_LIST {
	*MATERIAL_COUNT 1
	*MATERIAL 0 {
		*MATERIAL_NAME "MATERIAL #8"
		*MATERIAL_CLASS "Standard"
		*MATERIAL_AMBIENT 0.407843	0.333333	0.266667
		*MATERIAL_DIFFUSE 0.407843	0.333333	0.266667
		*MATERIAL_SPECULAR 0.9	0.9	0.9
		*MATERIAL_SHINE 0.1
		*MATERIAL_SHINESTRENGTH 0
		*MATERIAL_TRANSPARENCY 0
		*MATERIAL_WIRESIZE 1
		*MATERIAL_SHADING Blinn
		*MATERIAL_XP_FALLOFF 0
		*MATERIAL_SELFILLUM 0
		*MATERIAL_FALLOFF In
		*MATERIAL_XP_TYPE Filter
		*MAP_DIFFUSE {
			*MAP_NAME "Map #1"
			*MAP_CLASS "Bitmap"
			*MAP_SUBNO 1
			*MAP_AMOUNT 1
			*BITMAP "CR2_BODY_V0.TGA"
			*MAP_TYPE Screen
			*UVW_U_OFFSET 0
			*UVW_V_OFFSET 0
			*UVW_U_TILING 1
			*UVW_V_TILING 1
			*UVW_ANGLE 0
			*UVW_BLUR 1
			*UVW_BLUR_OFFSET 0
			*UVW_NOUSE_AMT 1
			*UVW_NOISE_SIZE 1
			*UVW_NOISE_LEVEL 1
			*UVW_NOISE_PHASE 0
			*BITMAP_FILTER Pyramidal
		}
	}
}
*HELPEROBJECT {
	*NODE_NAME "Bip01"
	*NODE_TM {
		*NODE_NAME "Bip01"
		*TM_ROW0 1.26759e-006	-1	0
		*TM_ROW1 1	1.26759e-006	0
		*TM_ROW2 -0	-0	1
		*TM_ROW3 0.138162	28.5923	71.7112
		*TM_POS 0.138162	28.5923	71.7112
		*TM_ROTAXIS 0	0	1
		*TM_ROTANGLE 1.5708
		*TM_SCALE 1	1	1
		*TM_SCALEAXIS 0	0	0
		*TM_SCALEAXISANG 0	0	0
	}
}
*HELPEROBJECT {
	*NODE_NAME "Bip01 Pelvis"
	*NODE_PARENT "Bip01"
	*NODE_TM {
		*NODE_NAME "Bip01 Pelvis"
		*TM_ROW0 -1.19209e-006	-1.64892e-007	1
		*TM_ROW1 2.99332e-006	-1	-1.64887e-007
		*TM_ROW2 1	2.99332e-006	1.66893e-006
		*TM_ROW3 0.138205	28.5052	71.7112
		*TM_POS 0.138205	28.5052	71.7112
		*TM_ROTAXIS -0.707106	-1e-006	-0.707107
		*TM_ROTANGLE 3.14159
		*TM_SCALE 1	1	1
		*TM_SCALEAXIS 0	0	0
		*TM_SCALEAXISANG 0	0	0
	}
}
*HELPEROBJECT {
	*NODE_NAME "Bip01 Spine"
	*NODE_PARENT "Bip01 Pelvis"
	*NODE_TM {
		*NODE_NAME "Bip01 Spine"
		*TM_ROW0 1.46031e-006	-1	-0.000796169
		*TM_ROW1 -2.20537e-006	0.000796258	-1
		*TM_ROW2 1	1.2815e-006	-2.08616e-006
		*TM_ROW3 0.138185	18.8606	79.0297
		*TM_POS 0.138185	18.8606	79.0297
		*TM_ROTAXIS 0.577198	-0.577657	0.577196
		*TM_ROTANGLE 2.09394
		*TM_SCALE 1	1	1
		*TM_SCALEAXIS 0	0	0
		*TM_SCALEAXISANG 0	0	0
	}
}
*HELPEROBJECT {
	*NODE_NAME "Bip01 Spine1"
	*NODE_PARENT "Bip01 Spine"
	*NODE_TM {
		*NODE_NAME "Bip01 Spine1"
		*TM_ROW0 2.38419e-006	-0.996264	0.0863627
		*TM_ROW1 -3.12924e-006	-0.0863625	-0.996264
		*TM_ROW2 1	1.90735e-006	-3.09944e-006
		*TM_ROW3 0.138213	-1.6097	79.0269
		*TM_POS 0.138213	-1.6097	79.0269
		*TM_ROTAXIS 0.593287	-0.544081	0.593284
		*TM_ROTANGLE 2.14502
		*TM_SCALE 1	1	1
		*TM_SCALEAXIS 0	0	0
		*TM_SCALEAXISANG 0	0	0
	}
}
*HELPEROBJECT {
	*NODE_NAME "Bip01 Spine2"
	*NODE_PARENT "Bip01 Spine1"
	*NODE_TM {
		*NODE_NAME "Bip01 Spine2"
		*TM_ROW0 1.72853e-006	-0.906644	0.421897
		*TM_ROW1 -2.35438e-006	-0.421897	-0.906644
		*TM_ROW2 1	4.17232e-007	-2.74181e-006
		*TM_ROW3 0.138236	-18.6087	80.5302
		*TM_POS 0.138236	-18.6087	80.5302
		*TM_ROTAXIS 0.644616	-0.411026	0.644614
		*TM_ROTANGLE 2.36164
		*TM_SCALE 1	1	1
		*TM_SCALEAXIS 0	0	0
		*TM_SCALEAXISANG 0	0	0
	}
}
*HELPEROBJECT {
	*NODE_NAME "Bip01 L Claw"
	*NODE_PARENT "Bip01 Spine2"
	*NODE_TM {
		*NODE_NAME "Bip01 L Claw"
		*TM_ROW0 0.893131	0.445028	0.0653226
		*TM_ROW1 -0.417043	0.764911	0.490904
		*TM_ROW2 0.1685	-0.465684	0.868761
		*TM_ROW3 22.4855	-51.1352	103.972
		*TM_POS 22.4855	-51.1352	103.972
		*TM_ROTAXIS -0.74048	-0.079868	-0.667316
		*TM_ROTANGLE 0.702233
		*TM_SCALE 1	1	1
		*TM_SCALEAXIS 0	0	0
		*TM_SCALEAXISANG 0	0	0
	}
}
*HELPEROBJECT {
	*NODE_NAME "Bip01 L Claw1"
	*NODE_PARENT "Bip01 L Claw"
	*NODE_TM {
		*NODE_NAME "Bip01 L Claw1"
		*TM_ROW0 0.992257	0.1235	0.0131851
		*TM_ROW1 -0.110226	0.924548	-0.364775
		*TM_ROW2 -0.0572401	0.360497	0.931002
		*TM_ROW3 52.9415	-106.871	67.2726
		*TM_POS 52.9415	-106.871	67.2726
		*TM_ROTAXIS 0.947759	0.092029	-0.305424
		*TM_ROTANGLE 0.392636
		*TM_SCALE 1	1	1
		*TM_SCALEAXIS 0	0	0
		*TM_SCALEAXISANG 0	0	0
	}
}
*HELPEROBJECT {
	*NODE_NAME "Bip01 L Claw2"
	*NODE_PARENT "Bip01 L Claw1"
	*NODE_TM {
		*NODE_NAME "Bip01 L Claw2"
		*TM_ROW0 0.992257	0.1235	0.0131848
		*TM_ROW1 -0.0686327	0.456736	0.886951
		*TM_ROW2 0.103517	-0.880988	0.461675
		*TM_ROW3 56.6018	-137.612	79.7626
		*TM_POS 56.6018	-137.612	79.7626
		*TM_ROTAXIS -0.992867	-0.05073	-0.107901
		*TM_ROTANGLE 1.09805
		*TM_SCALE 1	1	1
		*TM_SCALEAXIS 0	0	0
		*TM_SCALEAXISANG 0	0	0
	}
}
*HELPEROBJECT {
	*NODE_NAME "Bip01 R Claw"
	*NODE_PARENT "Bip01 Spine2"
	*NODE_TM {
		*NODE_NAME "Bip01 R Claw"
		*TM_ROW0 0.893131	-0.445029	-0.0653228
		*TM_ROW1 -0.417043	-0.764911	-0.490903
		*TM_ROW2 0.1685	0.465683	-0.868762
		*TM_ROW3 -22.4856	-51.1352	103.972
		*TM_POS -22.4856	-51.1352	103.972
		*TM_ROTAXIS 0.971009	-0.237348	0.028407
		*TM_ROTANGLE 2.62655
		*TM_SCALE 1	1	1
		*TM_SCALEAXIS 0	0	0
		*TM_SCALEAXISANG 0	0	0
	}
}
*HELPEROBJECT {
	*NODE_NAME "Bip01 R Claw1"
	*NODE_PARENT "Bip01 R Claw"
	*NODE_TM {
		*NODE_NAME "Bip01 R Claw1"
		*TM_ROW0 0.992257	-0.123501	-0.0131851
		*TM_ROW1 -0.110226	-0.924548	0.364775
		*TM_ROW2 -0.0572403	-0.360497	-0.931002
		*TM_ROW3 -52.9417	-106.871	67.2726
		*TM_POS -52.9417	-106.871	67.2726
		*TM_ROTAXIS 0.997994	-0.060621	-0.018266
		*TM_ROTANGLE 3.51347
		*TM_SCALE 1	1	1
		*TM_SCALEAXIS 0	0	0
		*TM_SCALEAXISANG 0	0	0
	}
}
*HELPEROBJECT {
	*NODE_NAME "Bip01 R Claw2"
	*NODE_PARENT "Bip01 R Claw1"
	*NODE_TM {
		*NODE_NAME "Bip01 R Claw2"
		*TM_ROW0 0.992257	-0.1235	-0.0131856
		*TM_ROW1 -0.0686332	-0.456736	-0.886951
		*TM_ROW2 0.103516	0.880988	-0.461675
		*TM_ROW3 -56.602	-137.612	79.7626
		*TM_POS -56.602	-137.612	79.7626
		*TM_ROTAXIS 0.99735	-0.065835	0.030952
		*TM_ROTANGLE 2.05226
		*TM_SCALE 1	1	1
		*TM_SCALEAXIS 0	0	0
		*TM_SCALEAXISANG 0	0	0
	}
}
*HELPEROBJECT {
	*NODE_NAME "Bip01 Neck"
	*NODE_PARENT "Bip01 Spine2"
	*NODE_TM {
		*NODE_NAME "Bip01 Neck"
		*TM_ROW0 1.90735e-006	-0.860426	0.509575
		*TM_ROW1 -2.05636e-006	-0.509575	-0.860426
		*TM_ROW2 1	5.36441e-007	-2.563e-006
		*TM_ROW3 0.138286	-54.504	97.2505
		*TM_POS 0.138286	-54.504	97.2505
		*TM_ROTAXIS 0.655844	-0.373817	0.655842
		*TM_ROTANGLE 2.42613
		*TM_SCALE 1	1	1
		*TM_SCALEAXIS 0	0	0
		*TM_SCALEAXISANG 0	0	0
	}
}
*HELPEROBJECT {
	*NODE_NAME "Bip01 Neck1"
	*NODE_PARENT "Bip01 Neck"
	*NODE_TM {
		*NODE_NAME "Bip01 Neck1"
		*TM_ROW0 2.98023e-007	-0.875324	0.483536
		*TM_ROW1 -2.08616e-006	-0.483536	-0.875324
		*TM_ROW2 1	-7.15256e-007	-2.08616e-006
		*TM_ROW3 0.138308	-71.0246	107.059
		*TM_POS 0.138308	-71.0246	107.059
		*TM_ROTAXIS 0.652588	-0.385044	0.652587
		*TM_ROTANGLE 2.4065
		*TM_SCALE 1	1	1
		*TM_SCALEAXIS 0	0	0
		*TM_SCALEAXISANG 0	0	0
	}
}
*HELPEROBJECT {
	*NODE_NAME "Bip01 Head"
	*NODE_PARENT "Bip01 Neck1"
	*NODE_TM {
		*NODE_NAME "Bip01 Head"
		*TM_ROW0 1.19209e-007	1.10237e-006	1
		*TM_ROW1 -1.11829e-006	-1	1.07628e-006
		*TM_ROW2 1	-1.1183e-006	1.19209e-007
		*TM_ROW3 0.13834	-93.988	119.744
		*TM_POS 0.13834	-93.988	119.744
		*TM_ROTAXIS -0.707107	1.48545e-008	-0.707107
		*TM_ROTANGLE 3.14159
		*TM_SCALE 1	1	1
		*TM_SCALEAXIS 0	0	0
		*TM_SCALEAXISANG 0	0	0
	}
}
*HELPEROBJECT {
	*NODE_NAME "Bip01 L J1"
	*NODE_PARENT "Bip01 Head"
	*NODE_TM {
		*NODE_NAME "Bip01 L J1"
		*TM_ROW0 1	-6.96502e-006	-2.67816e-006
		*TM_ROW1 7.43426e-006	0.960896	0.276909
		*TM_ROW2 6.44753e-007	-0.276909	0.960896
		*TM_ROW3 20.9662	-92.9609	105.923
		*TM_POS 20.9662	-92.9609	105.923
		*TM_ROTAXIS -1	-6e-006	2.6e-005
		*TM_ROTANGLE 0.280576
		*TM_SCALE 1	1	1
		*TM_SCALEAXIS 0	0	0
		*TM_SCALEAXISANG 0	0	0
	}
}
*HELPEROBJECT {
	*NODE_NAME "Bip01 L J"
	*NODE_PARENT "Bip01 Head"
	*NODE_TM {
		*NODE_NAME "Bip01 L J"
		*TM_ROW0 1	-6.96502e-006	-2.67816e-006
		*TM_ROW1 7.43426e-006	0.960896	0.276909
		*TM_ROW2 6.44753e-007	-0.276909	0.960896
		*TM_ROW3 20.9662	-92.9609	114.925
		*TM_POS 20.9662	-92.9609	114.925
		*TM_ROTAXIS -1	-6e-006	2.6e-005
		*TM_ROTANGLE 0.280576
		*TM_SCALE 1	1	1
		*TM_SCALEAXIS 0	0	0
		*TM_SCALEAXISANG 0	0	0
	}
}
*HELPEROBJECT {
	*NODE_NAME "Bip01 R J1"
	*NODE_PARENT "Bip01 Head"
	*NODE_TM {
		*NODE_NAME "Bip01 R J1"
		*TM_ROW0 1	-7.8434e-006	-1.10828e-006
		*TM_ROW1 -7.8434e-006	-0.96085	-0.27707
		*TM_ROW2 1.10828e-006	0.27707	-0.96085
		*TM_ROW3 -20.9664	-92.9609	105.923
		*TM_POS -20.9664	-92.9609	105.923
		*TM_ROTAXIS 1	-4e-006	-5.79784e-014
		*TM_ROTANGLE 2.86085
		*TM_SCALE 1	1	1
		*TM_SCALEAXIS 0	0	0
		*TM_SCALEAXISANG 0	0	0
	}
}
*HELPEROBJECT {
	*NODE_NAME "Bip01 R J"
	*NODE_PARENT "Bip01 Head"
	*NODE_TM {
		*NODE_NAME "Bip01 R J"
		*TM_ROW0 1	-7.8434e-006	-1.10828e-006
		*TM_ROW1 -7.8434e-006	-0.96085	-0.277069
		*TM_ROW2 1.10828e-006	0.277069	-0.96085
		*TM_ROW3 -20.9664	-92.9609	114.925
		*TM_POS -20.9664	-92.9609	114.925
		*TM_ROTAXIS 1	-4e-006	-8.69675e-014
		*TM_ROTANGLE 2.86085
		*TM_SCALE 1	1	1
		*TM_SCALEAXIS 0	0	0
		*TM_SCALEAXISANG 0	0	0
	}
}
*HELPEROBJECT {
	*NODE_NAME "Bip01 L Clavicle"
	*NODE_PARENT "Bip01 Neck"
	*NODE_TM {
		*NODE_NAME "Bip01 L Clavicle"
		*TM_ROW0 0.999676	0.0230802	-0.0107617
		*TM_ROW1 -7.20844e-007	0.422619	0.906308
		*TM_ROW2 0.0254659	-0.906014	0.422482
		*TM_ROW3 17.3398	-19.2114	82.4134
		*TM_POS 17.3398	-19.2114	82.4134
		*TM_ROTAXIS -0.999719	-0.019984	-0.012732
		*TM_ROTANGLE 1.13472
		*TM_SCALE 1	1	1
		*TM_SCALEAXIS 0	0	0
		*TM_SCALEAXISANG 0	0	0
	}
}
*HELPEROBJECT {
	*NODE_NAME "Bip01 L UpperArm"
	*NODE_PARENT "Bip01 L Clavicle"
	*NODE_TM {
		*NODE_NAME "Bip01 L UpperArm"
		*TM_ROW0 0.873434	-0.346233	0.342397
		*TM_ROW1 -0.245115	0.294956	0.923536
		*TM_ROW2 -0.420751	-0.890575	0.172758
		*TM_ROW3 29.534	-18.9299	82.2821
		*TM_POS 29.534	-18.9299	82.2821
		*TM_ROTAXIS -0.920546	0.387249	0.0513111
		*TM_ROTANGLE 1.39938
		*TM_SCALE 1	1	1
		*TM_SCALEAXIS 0	0	0
		*TM_SCALEAXISANG 0	0	0
	}
}
*HELPEROBJECT {
	*NODE_NAME "Bip01 L Forearm"
	*NODE_PARENT "Bip01 L UpperArm"
	*NODE_TM {
		*NODE_NAME "Bip01 L Forearm"
		*TM_ROW0 0.331439	-0.328179	-0.88456
		*TM_ROW1 0.844462	-0.314922	0.433253
		*TM_ROW2 -0.420752	-0.890574	0.172757
		*TM_ROW3 79.1939	-38.6153	101.749
		*TM_POS 79.1939	-38.6153	101.749
		*TM_ROTAXIS -0.724071	-0.253681	0.641379
		*TM_ROTANGLE 1.98817
		*TM_SCALE 1	1	1
		*TM_SCALEAXIS 0	0	0
		*TM_SCALEAXISANG 0	0	0
	}
}
*HELPEROBJECT {
	*NODE_NAME "Bip01 L Hand"
	*NODE_PARENT "Bip01 L Forearm"
	*NODE_TM {
		*NODE_NAME "Bip01 L Hand"
		*TM_ROW0 0.331439	-0.328179	-0.88456
		*TM_ROW1 0.1073	0.944583	-0.310243
		*TM_ROW2 0.937355	0.00791312	0.348286
		*TM_ROW3 117.056	-76.1051	0.700955
		*TM_POS 117.056	-76.1051	0.700955
		*TM_ROTAXIS 0.167445	-0.958871	0.229192
		*TM_ROTANGLE 1.25334
		*TM_SCALE 1	1	1
		*TM_SCALEAXIS 0	0	0
		*TM_SCALEAXISANG 0	0	0
	}
}
*HELPEROBJECT {
	*NODE_NAME "Bip01 R Clavicle"
	*NODE_PARENT "Bip01 Neck"
	*NODE_TM {
		*NODE_NAME "Bip01 R Clavicle"
		*TM_ROW0 -0.999676	0.0230764	-0.0107619
		*TM_ROW1 -1.07195e-006	0.422619	0.906308
		*TM_ROW2 0.0254625	0.906014	-0.422482
		*TM_ROW3 -17.0633	-19.2115	82.4134
		*TM_POS -17.0633	-19.2115	82.4134
		*TM_ROTAXIS 0.006841	0.843372	0.537287
		*TM_ROTANGLE 3.16307
		*TM_SCALE 1	1	1
		*TM_SCALEAXIS 0	0	0
		*TM_SCALEAXISANG 0	0	0
	}
}
*HELPEROBJECT {
	*NODE_NAME "Bip01 R UpperArm"
	*NODE_PARENT "Bip01 R Clavicle"
	*NODE_TM {
		*NODE_NAME "Bip01 R UpperArm"
		*TM_ROW0 -0.873433	-0.346237	0.342396
		*TM_ROW1 0.245114	0.294957	0.923537
		*TM_ROW2 -0.420755	0.890573	-0.172757
		*TM_ROW3 -29.2576	-18.93	82.2821
		*TM_POS -29.2576	-18.93	82.2821
		*TM_ROTAXIS -0.034123	0.79	0.612156
		*TM_ROTANGLE 2.63751
		*TM_SCALE 1	1	1
		*TM_SCALEAXIS 0	0	0
		*TM_SCALEAXISANG 0	0	0
	}
}
*HELPEROBJECT {
	*NODE_NAME "Bip01 R Forearm"
	*NODE_PARENT "Bip01 R UpperArm"
	*NODE_TM {
		*NODE_NAME "Bip01 R Forearm"
		*TM_ROW0 -0.331439	-0.32818	-0.88456
		*TM_ROW1 -0.844461	-0.314924	0.433254
		*TM_ROW2 -0.420754	0.890574	-0.172757
		*TM_ROW3 -78.9174	-38.6155	101.749
		*TM_POS -78.9174	-38.6155	101.749
		*TM_ROTAXIS 0.550228	-0.558032	-0.621168
		*TM_ROTANGLE 2.71302
		*TM_SCALE 1	1	1
		*TM_SCALEAXIS 0	0	0
		*TM_SCALEAXISANG 0	0	0
	}
}
*HELPEROBJECT {
	*NODE_NAME "Bip01 R Hand"
	*NODE_PARENT "Bip01 R Forearm"
	*NODE_TM {
		*NODE_NAME "Bip01 R Hand"
		*TM_ROW0 -0.331438	-0.328179	-0.88456
		*TM_ROW1 -0.107303	0.944582	-0.310242
		*TM_ROW2 0.937355	-0.00790976	-0.348286
		*TM_ROW3 -116.78	-76.1055	0.700937
		*TM_POS -116.78	-76.1055	0.700937
		*TM_ROTAXIS 0.162545	-0.979529	0.118751
		*TM_ROTANGLE 1.94719
		*TM_SCALE 1	1	1
		*TM_SCALEAXIS 0	0	0
		*TM_SCALEAXISANG 0	0	0
	}
}
*HELPEROBJECT {
	*NODE_NAME "Bip01 L Thigh"
	*NODE_PARENT "Bip01 Spine"
	*NODE_TM {
		*NODE_NAME "Bip01 L Thigh"
		*TM_ROW0 0.870208	0.434415	0.232427
		*TM_ROW1 -0.187401	-0.144445	0.971605
		*TM_ROW2 0.455653	-0.889055	-0.0442873
		*TM_ROW3 19.1862	28.5052	71.7112
		*TM_POS 19.1862	28.5052	71.7112
		*TM_ROTAXIS -0.942358	-0.113056	-0.314928
		*TM_ROTANGLE 1.73074
		*TM_SCALE 1	1	1
		*TM_SCALEAXIS 0	0	0
		*TM_SCALEAXISANG 0	0	0
	}
}
*HELPEROBJECT {
	*NODE_NAME "Bip01 L Calf"
	*NODE_PARENT "Bip01 L Thigh"
	*NODE_TM {
		*NODE_NAME "Bip01 L Calf"
		*TM_ROW0 0.332405	0.216094	-0.918047
		*TM_ROW1 0.825765	0.403589	0.39399
		*TM_ROW2 0.455652	-0.889055	-0.0442874
		*TM_ROW3 58.5463	48.1541	82.2241
		*TM_POS 58.5463	48.1541	82.2241
		*TM_ROTAXIS -0.649283	-0.695158	0.308523
		*TM_ROTANGLE 1.72556
		*TM_SCALE 1	1	1
		*TM_SCALEAXIS 0	0	0
		*TM_SCALEAXISANG 0	0	0
	}
}
*HELPEROBJECT {
	*NODE_NAME "Bip01 L Foot"
	*NODE_PARENT "Bip01 L Calf"
	*NODE_TM {
		*NODE_NAME "Bip01 L Foot"
		*TM_ROW0 1.19384e-007	-4.5423e-007	-1
		*TM_ROW1 4.15359e-007	-1	4.37621e-007
		*TM_ROW2 -1	-4.23918e-007	1.08158e-007
		*TM_ROW3 84.4	64.9613	10.8204
		*TM_POS 84.4	64.9613	10.8204
		*TM_ROTAXIS 0.707107	-1.37429e-008	-0.707107
		*TM_ROTANGLE 3.14159
		*TM_SCALE 1	1	1
		*TM_SCALEAXIS 0	0	0
		*TM_SCALEAXISANG 0	0	0
	}
}
*HELPEROBJECT {
	*NODE_NAME "Bip01 L Toe0"
	*NODE_PARENT "Bip01 L Foot"
	*NODE_TM {
		*NODE_NAME "Bip01 L Toe0"
		*TM_ROW0 1.78936e-006	-1	8.30834e-008
		*TM_ROW1 8.92327e-008	1.59296e-007	1
		*TM_ROW2 -1	-1.70851e-006	1.3796e-007
		*TM_ROW3 84.4001	56.2818	0.0296977
		*TM_POS 84.4001	56.2818	0.0296977
		*TM_ROTAXIS -0.577351	0.57735	0.57735
		*TM_ROTANGLE 2.09439
		*TM_SCALE 1	1	1
		*TM_SCALEAXIS 0	0	0
		*TM_SCALEAXISANG 0	0	0
	}
}
*HELPEROBJECT {
	*NODE_NAME "Bip01 R Thigh"
	*NODE_PARENT "Bip01 Spine"
	*NODE_TM {
		*NODE_NAME "Bip01 R Thigh"
		*TM_ROW0 -0.870209	0.434413	0.232428
		*TM_ROW1 0.187402	-0.144445	0.971605
		*TM_ROW2 0.45565	0.889057	0.0442873
		*TM_ROW3 -18.9098	28.5051	71.7112
		*TM_POS -18.9098	28.5051	71.7112
		*TM_ROTAXIS -0.240658	-0.650774	-0.720123
		*TM_ROTANGLE 2.96923
		*TM_SCALE 1	1	1
		*TM_SCALEAXIS 0	0	0
		*TM_SCALEAXISANG 0	0	0
	}
}
*HELPEROBJECT {
	*NODE_NAME "Bip01 R Calf"
	*NODE_PARENT "Bip01 R Thigh"
	*NODE_TM {
		*NODE_NAME "Bip01 R Calf"
		*TM_ROW0 -0.332405	0.216092	-0.918047
		*TM_ROW1 -0.825766	0.403586	0.393989
		*TM_ROW2 0.455649	0.889057	0.0442871
		*TM_ROW3 -58.27	48.1539	82.2241
		*TM_POS -58.27	48.1539	82.2241
		*TM_ROTAXIS 0.275993	-0.765816	-0.580821
		*TM_ROTANGLE 2.02892
		*TM_SCALE 1	1	1
		*TM_SCALEAXIS 0	0	0
		*TM_SCALEAXISANG 0	0	0
	}
}
*HELPEROBJECT {
	*NODE_NAME "Bip01 R Foot"
	*NODE_PARENT "Bip01 R Calf"
	*NODE_TM {
		*NODE_NAME "Bip01 R Foot"
		*TM_ROW0 1.23959e-007	-4.51549e-007	-1
		*TM_ROW1 4.18951e-007	-1	4.51777e-007
		*TM_ROW2 -1	-4.9073e-007	1.39644e-007
		*TM_ROW3 -84.1237	64.9611	10.8205
		*TM_POS -84.1237	64.9611	10.8205
		*TM_ROTAXIS 0.707107	1.3772e-008	-0.707107
		*TM_ROTANGLE 3.14159
		*TM_SCALE 1	1	1
		*TM_SCALEAXIS 0	0	0
		*TM_SCALEAXISANG 0	0	0
	}
}
*HELPEROBJECT {
	*NODE_NAME "Bip01 R Toe0"
	*NODE_PARENT "Bip01 R Foot"
	*NODE_TM {
		*NODE_NAME "Bip01 R Toe0"
		*TM_ROW0 1.79295e-006	-1	9.72392e-008
		*TM_ROW1 8.46568e-008	1.56616e-007	1
		*TM_ROW2 -1	-1.77532e-006	1.69447e-007
		*TM_ROW3 -84.1237	56.2816	0.0297134
		*TM_POS -84.1237	56.2816	0.0297134
		*TM_ROTAXIS -0.577351	0.57735	0.57735
		*TM_ROTANGLE 2.09439
		*TM_SCALE 1	1	1
		*TM_SCALEAXIS 0	0	0
		*TM_SCALEAXISANG 0	0	0
	}
}
*GEOMOBJECT {
	*NODE_NAME "zm_Frill"
	*NODE_PARENT "Bip01 L Claw"
	*NODE_TM {
		*NODE_NAME "zm_Frill"
		*TM_ROW0 0.893131	0.445028	0.0653226
		*TM_ROW1 -0.417043	0.764911	0.490904
		*TM_ROW2 0.1685	-0.465684	0.868761
		*TM_ROW3 22.4855	-51.1352	103.972
		*TM_POS 22.4855	-51.1352	103.972
		*TM_ROTAXIS -0.74048	-0.079868	-0.667316
		*TM_ROTANGLE 0.702233
		*TM_SCALE 1	1	1
		*TM_SCALEAXIS 0	0	0
		*TM_SCALEAXISANG 0	0	0
	}
	*MATERIAL_REF 0
	*MESH {
		*TIMEVALUE 0
		*MESH_NUMVERTEX 13
		*MESH_NUMFACES 22
		*MESH_VERTEX_LIST {
			*MESH_VERTEX 0	53.791	-106.073	58.625
			*MESH_VERTEX 1	41.4524	-65.5465	72.4664
			*MESH_VERTEX 2	19.7304	-48.7046	106.545
			*MESH_VERTEX 3	50.6088	-115.069	74.4768
			*MESH_VERTEX 4	49.7806	-72.3095	79.5723
			*MESH_VERTEX 5	58.7305	-105.821	67.2242
			*MESH_VERTEX 6	45.3757	-107.813	65.2647
			*MESH_VERTEX 7	25.0702	-58.7158	108.795
			*MESH_VERTEX 8	36.1385	-76.2961	76.9503
			*MESH_VERTEX 9	15.7824	-57.3702	102.775
			*MESH_VERTEX 10	42.3554	-80.8081	84.2419
			*MESH_VERTEX 11	29.299	-48.1449	102.658
			*MESH_VERTEX 12	21.4438	-48.3559	97.0499
		}
		*MESH_FACE_LIST {
			*MESH_FACE    0:    A:    8 B:    1 C:    6 AB:    1 BC:    1 CA:    1	 *MESH_SMOOTHING 1 	*MESH_MTLID 0
			*MESH_FACE    1:    A:    7 B:    10 C:    4 AB:    1 BC:    1 CA:    1	 *MESH_SMOOTHING 1 	*MESH_MTLID 0
			*MESH_FACE    2:    A:    10 B:    8 C:    6 AB:    1 BC:    1 CA:    1	 *MESH_SMOOTHING 1 	*MESH_MTLID 0
			*MESH_FACE    3:    A:    5 B:    4 C:    10 AB:    1 BC:    1 CA:    1	 *MESH_SMOOTHING 1 	*MESH_MTLID 0
			*MESH_FACE    4:    A:    1 B:    4 C:    5 AB:    1 BC:    1 CA:    1	 *MESH_SMOOTHING 1 	*MESH_MTLID 0
			*MESH_FACE    5:    A:    4 B:    1 C:    12 AB:    1 BC:    1 CA:    1	 *MESH_SMOOTHING 1 	*MESH_MTLID 0
			*MESH_FACE    6:    A:    3 B:    6 C:    5 AB:    1 BC:    1 CA:    1	 *MESH_SMOOTHING 1 	*MESH_MTLID 0
			*MESH_FACE    7:    A:    5 B:    0 C:    1 AB:    1 BC:    1 CA:    1	 *MESH_SMOOTHING 1 	*MESH_MTLID 0
			*MESH_FACE    8:    A:    0 B:    6 C:    1 AB:    1 BC:    1 CA:    1	 *MESH_SMOOTHING 1 	*MESH_MTLID 0
			*MESH_FACE    9:    A:    0 B:    5 C:    6 AB:    1 BC:    1 CA:    1	 *MESH_SMOOTHING 1 	*MESH_MTLID 0
			*MESH_FACE    10:    A:    4 B:    11 C:    7 AB:    1 BC:    1 CA:    1	 *MESH_SMOOTHING 1 	*MESH_MTLID 0
			*MESH_FACE    11:    A:    8 B:    10 C:    7 AB:    1 BC:    1 CA:    1	 *MESH_SMOOTHING 1 	*MESH_MTLID 0
			*MESH_FACE    12:    A:    1 B:    8 C:    12 AB:    1 BC:    1 CA:    1	 *MESH_SMOOTHING 1 	*MESH_MTLID 0
			*MESH_FACE    13:    A:    7 B:    9 C:    8 AB:    1 BC:    1 CA:    1	 *MESH_SMOOTHING 1 	*MESH_MTLID 0
			*MESH_FACE    14:    A:    9 B:    12 C:    8 AB:    1 BC:    1 CA:    1	 *MESH_SMOOTHING 1 	*MESH_MTLID 0
			*MESH_FACE    15:    A:    9 B:    7 C:    2 AB:    1 BC:    1 CA:    1	 *MESH_SMOOTHING 1 	*MESH_MTLID 0
			*MESH_FACE    16:    A:    10 B:    3 C:    5 AB:    1 BC:    1 CA:    1	 *MESH_SMOOTHING 1 	*MESH_MTLID 0
			*MESH_FACE    17:    A:    6 B:    3 C:    10 AB:    1 BC:    1 CA:    1	 *MESH_SMOOTHING 1 	*MESH_MTLID 0
			*MESH_FACE    18:    A:    2 B:    7 C:    11 AB:    1 BC:    1 CA:    1	 *MESH_SMOOTHING 1 	*MESH_MTLID 0
			*MESH_FACE    19:    A:    12 B:    11 C:    4 AB:    1 BC:    1 CA:    1	 *MESH_SMOOTHING 1 	*MESH_MTLID 0
			*MESH_FACE    20:    A:    12 B:    9 C:    2 AB:    1 BC:    1 CA:    1	 *MESH_SMOOTHING 1 	*MESH_MTLID 0
			*MESH_FACE    21:    A:    11 B:    12 C:    2 AB:    1 BC:    1 CA:    1	 *MESH_SMOOTHING 1 	*MESH_MTLID 0
		}
		*MESH_NUMTVERTEX 17
		*MESH_TVERTLIST {
			*MESH_TVERT 0	0.671035	0.285518	0
			*MESH_TVERT 1	0.648937	0.244609	0
			*MESH_TVERT 2	0.541437	0.309199	0
			*MESH_TVERT 3	0.84642	0.268221	0
			*MESH_TVERT 4	0.685678	0.322681	0
			*MESH_TVERT 5	0.670822	0.284691	0
			*MESH_TVERT 6	0.539845	0.306364	0
			*MESH_TVERT 7	0.804932	0.188057	0
			*MESH_TVERT 8	0.800732	0.289481	0
			*MESH_TVERT 9	0.823659	0.251197	0
			*MESH_TVERT 10	0.770448	0.260423	0
			*MESH_TVERT 11	0.526292	0.269681	0
			*MESH_TVERT 12	0.797506	0.223528	0
			*MESH_TVERT 13	0.842343	0.223432	0
			*MESH_TVERT 14	0.840765	0.221506	0
			*MESH_TVERT 15	0.863248	0.215869	0
			*MESH_TVERT 16	0.549492	0.335613	0
		}
		*MESH_NUMTVFACES 22
		*MESH_TFACELIST {
			*MESH_TFACE 0	0	1	2
			*MESH_TFACE 1	3	4	5
			*MESH_TFACE 2	4	0	2
			*MESH_TFACE 3	6	5	4
			*MESH_TFACE 4	1	5	6
			*MESH_TFACE 5	5	1	7
			*MESH_TFACE 6	8	9	10
			*MESH_TFACE 7	6	11	1
			*MESH_TFACE 8	11	2	1
			*MESH_TFACE 9	12	10	9
			*MESH_TFACE 10	5	13	3
			*MESH_TFACE 11	0	4	3
			*MESH_TFACE 12	1	0	7
			*MESH_TFACE 13	3	14	0
			*MESH_TFACE 14	14	7	0
			*MESH_TFACE 15	14	3	15
			*MESH_TFACE 16	4	16	6
			*MESH_TFACE 17	2	16	4
			*MESH_TFACE 18	15	3	13
			*MESH_TFACE 19	7	13	5
			*MESH_TFACE 20	7	14	15
			*MESH_TFACE 21	13	7	15
		}
	}
}
*GEOMOBJECT {
	*NODE_NAME "zm_Frill1"
	*NODE_PARENT "Bip01 L Claw1"
	*NODE_TM {
		*NODE_NAME "zm_Frill1"
		*TM_ROW0 0.992257	0.1235	0.0131851
		*TM_ROW1 -0.110226	0.924548	-0.364775
		*TM_ROW2 -0.0572401	0.360497	0.931002
		*TM_ROW3 52.9415	-106.871	67.2726
		*TM_POS 52.9415	-106.871	67.2726
		*TM_ROTAXIS 0.947759	0.092029	-0.305424
		*TM_ROTANGLE 0.392636
		*TM_SCALE 1	1	1
		*TM_SCALEAXIS 0	0	0
		*TM_SCALEAXISANG 0	0	0
	}
	*MATERIAL_REF 0
	*MESH {
		*TIMEVALUE 0
		*MESH_NUMVERTEX 9
		*MESH_NUMFACES 12
		*MESH_VERTEX_LIST {
			*MESH_VERTEX 0	56.5619	-136.66	87.4255
			*MESH_VERTEX 1	52.7546	-107.105	46.0697
			*MESH_VERTEX 2	48.6024	-83.2135	58.8881
			*MESH_VERTEX 3	40.3006	-100.696	54.26
			*MESH_VERTEX 4	61.2917	-97.684	56.5668
			*MESH_VERTEX 5	55.218	-138.715	74.5005
			*MESH_VERTEX 6	61.0582	-136.302	81.8164
			*MESH_VERTEX 7	51.7653	-137.199	82.3379
			*MESH_VERTEX 8	52.2378	-108.172	82.2741
		}
		*MESH_FACE_LIST {
			*MESH_FACE    0:    A:    4 B:    5 C:    1 AB:    1 BC:    1 CA:    1	 *MESH_SMOOTHING 1 	*MESH_MTLID 0
			*MESH_FACE    1:    A:    5 B:    3 C:    1 AB:    1 BC:    1 CA:    1	 *MESH_SMOOTHING 1 	*MESH_MTLID 0
			*MESH_FACE    2:    A:    2 B:    3 C:    8 AB:    1 BC:    1 CA:    1	 *MESH_SMOOTHING 1 	*MESH_MTLID 0
			*MESH_FACE    3:    A:    2 B:    1 C:    3 AB:    1 BC:    1 CA:    1	 *MESH_SMOOTHING 1 	*MESH_MTLID 0
			*MESH_FACE    4:    A:    4 B:    1 C:    2 AB:    1 BC:    1 CA:    1	 *MESH_SMOOTHING 1 	*MESH_MTLID 0
			*MESH_FACE    5:    A:    2 B:    8 C:    4 AB:    1 BC:    1 CA:    1	 *MESH_SMOOTHING 1 	*MESH_MTLID 0
			*MESH_FACE    6:    A:    5 B:    4 C:    6 AB:    1 BC:    1 CA:    1	 *MESH_SMOOTHING 1 	*MESH_MTLID 0
			*MESH_FACE    7:    A:    3 B:    5 C:    7 AB:    1 BC:    1 CA:    1	 *MESH_SMOOTHING 1 	*MESH_MTLID 0
			*MESH_FACE    8:    A:    6 B:    4 C:    8 AB:    1 BC:    1 CA:    1	 *MESH_SMOOTHING 1 	*MESH_MTLID 0
			*MESH_FACE    9:    A:    7 B:    8 C:    3 AB:    1 BC:    1 CA:    1	 *MESH_SMOOTHING 1 	*MESH_MTLID 0
			*MESH_FACE    10:    A:    8 B:    7 C:    0 AB:    1 BC:    1 CA:    1	 *MESH_SMOOTHING 1 	*MESH_MTLID 0
			*MESH_FACE    11:    A:    8 B:    0 C:    6 AB:    1 BC:    1 CA:    1	 *MESH_SMOOTHING 1 	*MESH_MTLID 0
		}
		*MESH_NUMTVERTEX 9
		*MESH_TVERTLIST {
			*MESH_TVERT 0	0.668901	0.271228	0
			*MESH_TVERT 1	0.595005	0.271563	0
			*MESH_TVERT 2	0.649931	0.240578	0
			*MESH_TVERT 3	0.668097	0.273176	0
			*MESH_TVERT 4	0.700694	0.260626	0
			*MESH_TVERT 5	0.694884	0.308093	0
			*MESH_TVERT 6	0.594394	0.30527	0
			*MESH_TVERT 7	0.594304	0.304569	0
			*MESH_TVERT 8	0.587932	0.342633	0
		}
		*MESH_NUMTVFACES 12
		*MESH_TFACELIST {
			*MESH_TFACE 0	0	1	2
			*MESH_TFACE 1	1	3	2
			*MESH_TFACE 2	4	3	5
			*MESH_TFACE 3	4	2	3
			*MESH_TFACE 4	0	2	4
			*MESH_TFACE 5	4	5	0
			*MESH_TFACE 6	1	0	6
			*MESH_TFACE 7	3	1	7
			*MESH_TFACE 8	6	0	5
			*MESH_TFACE 9	7	5	3
			*MESH_TFACE 10	5	7	8
			*MESH_TFACE 11	5	8	6
		}
	}
}
*GEOMOBJECT {
	*NODE_NAME "zm_Frill2"
	*NODE_PARENT "Bip01 L Claw2"
	*NODE_TM {
		*NODE_NAME "zm_Frill2"
		*TM_ROW0 0.992257	0.1235	0.0131848
		*TM_ROW1 -0.0686327	0.456736	0.886951
		*TM_ROW2 0.103517	-0.880988	0.461675
		*TM_ROW3 56.6018	-137.612	79.7626
		*TM_POS 56.6018	-137.612	79.7626
		*TM_ROTAXIS -0.992867	-0.05073	-0.107901
		*TM_ROTANGLE 1.09805
		*TM_SCALE 1	1	1
		*TM_SCALEAXIS 0	0	0
		*TM_SCALEAXISANG 0	0	0
	}
	*MATERIAL_REF 0
	*MESH {
		*TIMEVALUE 0
		*MESH_NUMVERTEX 46
		*MESH_NUMFACES 88
		*MESH_VERTEX_LIST {
			*MESH_VERTEX 0	62.5271	-152.294	5.77859
			*MESH_VERTEX 1	75.6584	-124.918	131.609
			*MESH_VERTEX 2	63.3717	-194.186	34.1933
			*MESH_VERTEX 3	57.4223	-119.414	98.483
			*MESH_VERTEX 4	62.5625	-174.778	-0.151722
			*MESH_VERTEX 5	45.8701	-177.18	42.9628
			*MESH_VERTEX 6	67.7222	-167.347	19.7485
			*MESH_VERTEX 7	57.5714	-147.947	16.6735
			*MESH_VERTEX 8	75.3953	-174.815	42.9256
			*MESH_VERTEX 9	60.8078	-164.268	70.1001
			*MESH_VERTEX 10	65.9412	-137.496	74.2099
			*MESH_VERTEX 11	60.0898	-159.764	37.5358
			*MESH_VERTEX 12	46.947	-139.018	74.2339
			*MESH_VERTEX 13	61.6355	-124.319	115.451
			*MESH_VERTEX 14	55.151	-168.354	19.7643
			*MESH_VERTEX 15	69.1183	-122.451	113.397
			*MESH_VERTEX 16	61.6385	-129.414	100.466
			*MESH_VERTEX 17	57.8032	-146.825	44.0178
			*MESH_VERTEX 18	58.9901	-153.307	47.6895
			*MESH_VERTEX 19	56.5126	-139.31	54.0637
			*MESH_VERTEX 20	55.4231	-133.02	60.8889
			*MESH_VERTEX 21	57.6775	-145.685	57.2694
			*MESH_VERTEX 22	47.9374	-168.074	53.899
			*MESH_VERTEX 23	54.1668	-156.865	16.1406
			*MESH_VERTEX 24	72.2283	-166.128	53.8684
			*MESH_VERTEX 25	55.3321	-121.969	86.8888
			*MESH_VERTEX 26	64.2168	-156.06	16.1279
			*MESH_VERTEX 27	61.2805	-165.671	15.9698
			*MESH_VERTEX 28	48.2789	-179.617	29.8246
			*MESH_VERTEX 29	47.549	-157.396	64.3356
			*MESH_VERTEX 30	70.1741	-155.583	64.3071
			*MESH_VERTEX 31	55.8527	-135.231	66.2684
			*MESH_VERTEX 32	59.1157	-156.895	13.8917
			*MESH_VERTEX 33	65.5495	-124.446	97.7068
			*MESH_VERTEX 34	53.9856	-125.318	99.7838
			*MESH_VERTEX 35	60.0404	-139.75	90.9385
			*MESH_VERTEX 36	62.4137	-130.021	87.7854
			*MESH_VERTEX 37	64.0753	-189.77	14.036
			*MESH_VERTEX 38	73.7634	-177.575	29.7924
			*MESH_VERTEX 39	60.2144	-160.657	31.5531
			*MESH_VERTEX 40	58.2819	-151.138	23.965
			*MESH_VERTEX 41	62.9616	-185.092	52.1423
			*MESH_VERTEX 42	64.2488	-120.388	114.427
			*MESH_VERTEX 43	50.236	-129.536	89.0925
			*MESH_VERTEX 44	59.7695	-147.721	85.6649
			*MESH_VERTEX 45	66.637	-126.23	115.031
		}
		*MESH_FACE_LIST {
			*MESH_FACE    0:    A:    10 B:    44 C:    9 AB:    1 BC:    1 CA:    1	 *MESH_SMOOTHING 1 	*MESH_MTLID 0
			*MESH_FACE    1:    A:    12 B:    31 C:    29 AB:    1 BC:    1 CA:    1	 *MESH_SMOOTHING 1 	*MESH_MTLID 0
			*MESH_FACE    2:    A:    10 B:    36 C:    44 AB:    1 BC:    1 CA:    1	 *MESH_SMOOTHING 1 	*MESH_MTLID 0
			*MESH_FACE    3:    A:    44 B:    12 C:    9 AB:    1 BC:    1 CA:    1	 *MESH_SMOOTHING 1 	*MESH_MTLID 0
			*MESH_FACE    4:    A:    28 B:    14 C:    4 AB:    1 BC:    1 CA:    1	 *MESH_SMOOTHING 1 	*MESH_MTLID 0
			*MESH_FACE    5:    A:    31 B:    25 C:    10 AB:    1 BC:    1 CA:    1	 *MESH_SMOOTHING 1 	*MESH_MTLID 0
			*MESH_FACE    6:    A:    28 B:    4 C:    37 AB:    1 BC:    1 CA:    1	 *MESH_SMOOTHING 1 	*MESH_MTLID 0
			*MESH_FACE    7:    A:    12 B:    29 C:    9 AB:    1 BC:    1 CA:    1	 *MESH_SMOOTHING 1 	*MESH_MTLID 0
			*MESH_FACE    8:    A:    6 B:    40 C:    38 AB:    1 BC:    1 CA:    1	 *MESH_SMOOTHING 1 	*MESH_MTLID 0
			*MESH_FACE    9:    A:    40 B:    14 C:    28 AB:    1 BC:    1 CA:    1	 *MESH_SMOOTHING 1 	*MESH_MTLID 0
			*MESH_FACE    10:    A:    26 B:    40 C:    6 AB:    1 BC:    1 CA:    1	 *MESH_SMOOTHING 1 	*MESH_MTLID 0
			*MESH_FACE    11:    A:    32 B:    26 C:    27 AB:    1 BC:    1 CA:    1	 *MESH_SMOOTHING 1 	*MESH_MTLID 0
			*MESH_FACE    12:    A:    6 B:    38 C:    4 AB:    1 BC:    1 CA:    1	 *MESH_SMOOTHING 1 	*MESH_MTLID 0
			*MESH_FACE    13:    A:    4 B:    38 C:    37 AB:    1 BC:    1 CA:    1	 *MESH_SMOOTHING 1 	*MESH_MTLID 0
			*MESH_FACE    14:    A:    9 B:    22 C:    41 AB:    1 BC:    1 CA:    1	 *MESH_SMOOTHING 1 	*MESH_MTLID 0
			*MESH_FACE    15:    A:    24 B:    9 C:    41 AB:    1 BC:    1 CA:    1	 *MESH_SMOOTHING 1 	*MESH_MTLID 0
			*MESH_FACE    16:    A:    21 B:    30 C:    24 AB:    1 BC:    1 CA:    1	 *MESH_SMOOTHING 1 	*MESH_MTLID 0
			*MESH_FACE    17:    A:    24 B:    30 C:    9 AB:    1 BC:    1 CA:    1	 *MESH_SMOOTHING 1 	*MESH_MTLID 0
			*MESH_FACE    18:    A:    40 B:    39 C:    38 AB:    1 BC:    1 CA:    1	 *MESH_SMOOTHING 1 	*MESH_MTLID 0
			*MESH_FACE    19:    A:    39 B:    40 C:    28 AB:    1 BC:    1 CA:    1	 *MESH_SMOOTHING 1 	*MESH_MTLID 0
			*MESH_FACE    20:    A:    43 B:    12 C:    44 AB:    1 BC:    1 CA:    1	 *MESH_SMOOTHING 1 	*MESH_MTLID 0
			*MESH_FACE    21:    A:    25 B:    31 C:    12 AB:    1 BC:    1 CA:    1	 *MESH_SMOOTHING 1 	*MESH_MTLID 0
			*MESH_FACE    22:    A:    1 B:    42 C:    13 AB:    1 BC:    1 CA:    1	 *MESH_SMOOTHING 1 	*MESH_MTLID 0
			*MESH_FACE    23:    A:    25 B:    12 C:    43 AB:    1 BC:    1 CA:    1	 *MESH_SMOOTHING 1 	*MESH_MTLID 0
			*MESH_FACE    24:    A:    14 B:    23 C:    27 AB:    1 BC:    1 CA:    1	 *MESH_SMOOTHING 1 	*MESH_MTLID 0
			*MESH_FACE    25:    A:    4 B:    14 C:    27 AB:    1 BC:    1 CA:    1	 *MESH_SMOOTHING 1 	*MESH_MTLID 0
			*MESH_FACE    26:    A:    42 B:    1 C:    15 AB:    1 BC:    1 CA:    1	 *MESH_SMOOTHING 1 	*MESH_MTLID 0
			*MESH_FACE    27:    A:    10 B:    25 C:    36 AB:    1 BC:    1 CA:    1	 *MESH_SMOOTHING 1 	*MESH_MTLID 0
			*MESH_FACE    28:    A:    15 B:    1 C:    45 AB:    1 BC:    1 CA:    1	 *MESH_SMOOTHING 1 	*MESH_MTLID 0
			*MESH_FACE    29:    A:    1 B:    13 C:    45 AB:    1 BC:    1 CA:    1	 *MESH_SMOOTHING 1 	*MESH_MTLID 0
			*MESH_FACE    30:    A:    17 B:    11 C:    5 AB:    1 BC:    1 CA:    1	 *MESH_SMOOTHING 1 	*MESH_MTLID 0
			*MESH_FACE    31:    A:    11 B:    17 C:    8 AB:    1 BC:    1 CA:    1	 *MESH_SMOOTHING 1 	*MESH_MTLID 0
			*MESH_FACE    32:    A:    18 B:    17 C:    5 AB:    1 BC:    1 CA:    1	 *MESH_SMOOTHING 1 	*MESH_MTLID 0
			*MESH_FACE    33:    A:    17 B:    18 C:    8 AB:    1 BC:    1 CA:    1	 *MESH_SMOOTHING 1 	*MESH_MTLID 0
			*MESH_FACE    34:    A:    19 B:    18 C:    22 AB:    1 BC:    1 CA:    1	 *MESH_SMOOTHING 1 	*MESH_MTLID 0
			*MESH_FACE    35:    A:    18 B:    19 C:    24 AB:    1 BC:    1 CA:    1	 *MESH_SMOOTHING 1 	*MESH_MTLID 0
			*MESH_FACE    36:    A:    20 B:    21 C:    29 AB:    1 BC:    1 CA:    1	 *MESH_SMOOTHING 1 	*MESH_MTLID 0
			*MESH_FACE    37:    A:    21 B:    20 C:    30 AB:    1 BC:    1 CA:    1	 *MESH_SMOOTHING 1 	*MESH_MTLID 0
			*MESH_FACE    38:    A:    21 B:    19 C:    22 AB:    1 BC:    1 CA:    1	 *MESH_SMOOTHING 1 	*MESH_MTLID 0
			*MESH_FACE    39:    A:    19 B:    21 C:    24 AB:    1 BC:    1 CA:    1	 *MESH_SMOOTHING 1 	*MESH_MTLID 0
			*MESH_FACE    40:    A:    22 B:    5 C:    41 AB:    1 BC:    1 CA:    1	 *MESH_SMOOTHING 1 	*MESH_MTLID 0
			*MESH_FACE    41:    A:    22 B:    18 C:    5 AB:    1 BC:    1 CA:    1	 *MESH_SMOOTHING 1 	*MESH_MTLID 0
			*MESH_FACE    42:    A:    40 B:    23 C:    14 AB:    1 BC:    1 CA:    1	 *MESH_SMOOTHING 1 	*MESH_MTLID 0
			*MESH_FACE    43:    A:    7 B:    0 C:    23 AB:    1 BC:    1 CA:    1	 *MESH_SMOOTHING 1 	*MESH_MTLID 0
			*MESH_FACE    44:    A:    8 B:    24 C:    41 AB:    1 BC:    1 CA:    1	 *MESH_SMOOTHING 1 	*MESH_MTLID 0
			*MESH_FACE    45:    A:    18 B:    24 C:    8 AB:    1 BC:    1 CA:    1	 *MESH_SMOOTHING 1 	*MESH_MTLID 0
			*MESH_FACE    46:    A:    3 B:    25 C:    43 AB:    1 BC:    1 CA:    1	 *MESH_SMOOTHING 1 	*MESH_MTLID 0
			*MESH_FACE    47:    A:    25 B:    3 C:    36 AB:    1 BC:    1 CA:    1	 *MESH_SMOOTHING 1 	*MESH_MTLID 0
			*MESH_FACE    48:    A:    0 B:    7 C:    26 AB:    1 BC:    1 CA:    1	 *MESH_SMOOTHING 1 	*MESH_MTLID 0
			*MESH_FACE    49:    A:    26 B:    32 C:    0 AB:    1 BC:    1 CA:    1	 *MESH_SMOOTHING 1 	*MESH_MTLID 0
			*MESH_FACE    50:    A:    27 B:    26 C:    6 AB:    1 BC:    1 CA:    1	 *MESH_SMOOTHING 1 	*MESH_MTLID 0
			*MESH_FACE    51:    A:    4 B:    27 C:    6 AB:    1 BC:    1 CA:    1	 *MESH_SMOOTHING 1 	*MESH_MTLID 0
			*MESH_FACE    52:    A:    28 B:    2 C:    5 AB:    1 BC:    1 CA:    1	 *MESH_SMOOTHING 1 	*MESH_MTLID 0
			*MESH_FACE    53:    A:    5 B:    11 C:    28 AB:    1 BC:    1 CA:    1	 *MESH_SMOOTHING 1 	*MESH_MTLID 0
			*MESH_FACE    54:    A:    29 B:    22 C:    9 AB:    1 BC:    1 CA:    1	 *MESH_SMOOTHING 1 	*MESH_MTLID 0
			*MESH_FACE    55:    A:    29 B:    21 C:    22 AB:    1 BC:    1 CA:    1	 *MESH_SMOOTHING 1 	*MESH_MTLID 0
			*MESH_FACE    56:    A:    30 B:    10 C:    9 AB:    1 BC:    1 CA:    1	 *MESH_SMOOTHING 1 	*MESH_MTLID 0
			*MESH_FACE    57:    A:    31 B:    10 C:    30 AB:    1 BC:    1 CA:    1	 *MESH_SMOOTHING 1 	*MESH_MTLID 0
			*MESH_FACE    58:    A:    31 B:    20 C:    29 AB:    1 BC:    1 CA:    1	 *MESH_SMOOTHING 1 	*MESH_MTLID 0
			*MESH_FACE    59:    A:    20 B:    31 C:    30 AB:    1 BC:    1 CA:    1	 *MESH_SMOOTHING 1 	*MESH_MTLID 0
			*MESH_FACE    60:    A:    23 B:    32 C:    27 AB:    1 BC:    1 CA:    1	 *MESH_SMOOTHING 1 	*MESH_MTLID 0
			*MESH_FACE    61:    A:    32 B:    23 C:    0 AB:    1 BC:    1 CA:    1	 *MESH_SMOOTHING 1 	*MESH_MTLID 0
			*MESH_FACE    62:    A:    33 B:    15 C:    16 AB:    1 BC:    1 CA:    1	 *MESH_SMOOTHING 1 	*MESH_MTLID 0
			*MESH_FACE    63:    A:    3 B:    15 C:    33 AB:    1 BC:    1 CA:    1	 *MESH_SMOOTHING 1 	*MESH_MTLID 0
			*MESH_FACE    64:    A:    13 B:    34 C:    16 AB:    1 BC:    1 CA:    1	 *MESH_SMOOTHING 1 	*MESH_MTLID 0
			*MESH_FACE    65:    A:    13 B:    3 C:    34 AB:    1 BC:    1 CA:    1	 *MESH_SMOOTHING 1 	*MESH_MTLID 0
			*MESH_FACE    66:    A:    16 B:    34 C:    35 AB:    1 BC:    1 CA:    1	 *MESH_SMOOTHING 1 	*MESH_MTLID 0
			*MESH_FACE    67:    A:    33 B:    16 C:    35 AB:    1 BC:    1 CA:    1	 *MESH_SMOOTHING 1 	*MESH_MTLID 0
			*MESH_FACE    68:    A:    36 B:    33 C:    35 AB:    1 BC:    1 CA:    1	 *MESH_SMOOTHING 1 	*MESH_MTLID 0
			*MESH_FACE    69:    A:    3 B:    33 C:    36 AB:    1 BC:    1 CA:    1	 *MESH_SMOOTHING 1 	*MESH_MTLID 0
			*MESH_FACE    70:    A:    28 B:    37 C:    2 AB:    1 BC:    1 CA:    1	 *MESH_SMOOTHING 1 	*MESH_MTLID 0
			*MESH_FACE    71:    A:    37 B:    38 C:    2 AB:    1 BC:    1 CA:    1	 *MESH_SMOOTHING 1 	*MESH_MTLID 0
			*MESH_FACE    72:    A:    2 B:    38 C:    8 AB:    1 BC:    1 CA:    1	 *MESH_SMOOTHING 1 	*MESH_MTLID 0
			*MESH_FACE    73:    A:    11 B:    8 C:    38 AB:    1 BC:    1 CA:    1	 *MESH_SMOOTHING 1 	*MESH_MTLID 0
			*MESH_FACE    74:    A:    11 B:    39 C:    28 AB:    1 BC:    1 CA:    1	 *MESH_SMOOTHING 1 	*MESH_MTLID 0
			*MESH_FACE    75:    A:    39 B:    11 C:    38 AB:    1 BC:    1 CA:    1	 *MESH_SMOOTHING 1 	*MESH_MTLID 0
			*MESH_FACE    76:    A:    40 B:    7 C:    23 AB:    1 BC:    1 CA:    1	 *MESH_SMOOTHING 1 	*MESH_MTLID 0
			*MESH_FACE    77:    A:    7 B:    40 C:    26 AB:    1 BC:    1 CA:    1	 *MESH_SMOOTHING 1 	*MESH_MTLID 0
			*MESH_FACE    78:    A:    41 B:    5 C:    2 AB:    1 BC:    1 CA:    1	 *MESH_SMOOTHING 1 	*MESH_MTLID 0
			*MESH_FACE    79:    A:    8 B:    41 C:    2 AB:    1 BC:    1 CA:    1	 *MESH_SMOOTHING 1 	*MESH_MTLID 0
			*MESH_FACE    80:    A:    13 B:    42 C:    3 AB:    1 BC:    1 CA:    1	 *MESH_SMOOTHING 1 	*MESH_MTLID 0
			*MESH_FACE    81:    A:    42 B:    15 C:    3 AB:    1 BC:    1 CA:    1	 *MESH_SMOOTHING 1 	*MESH_MTLID 0
			*MESH_FACE    82:    A:    34 B:    43 C:    35 AB:    1 BC:    1 CA:    1	 *MESH_SMOOTHING 1 	*MESH_MTLID 0
			*MESH_FACE    83:    A:    34 B:    3 C:    43 AB:    1 BC:    1 CA:    1	 *MESH_SMOOTHING 1 	*MESH_MTLID 0
			*MESH_FACE    84:    A:    35 B:    43 C:    44 AB:    1 BC:    1 CA:    1	 *MESH_SMOOTHING 1 	*MESH_MTLID 0
			*MESH_FACE    85:    A:    36 B:    35 C:    44 AB:    1 BC:    1 CA:    1	 *MESH_SMOOTHING 1 	*MESH_MTLID 0
			*MESH_FACE    86:    A:    45 B:    13 C:    16 AB:    1 BC:    1 CA:    1	 *MESH_SMOOTHING 1 	*MESH_MTLID 0
			*MESH_FACE    87:    A:    15 B:    45 C:    16 AB:    1 BC:    1 CA:    1	 *MESH_SMOOTHING 1 	*MESH_MTLID 0
		}
		*MESH_NUMTVERTEX 46
		*MESH_TVERTLIST {
			*MESH_TVERT 0	0.287035	0.663558	0
			*MESH_TVERT 1	0.259336	0.608205	0
			*MESH_TVERT 2	0.161272	0.61574	0
			*MESH_TVERT 3	0.287732	0.663846	0
			*MESH_TVERT 4	0.344109	0.715664	0
			*MESH_TVERT 5	0.218751	0.684536	0
			*MESH_TVERT 6	0.344382	0.630188	0
			*MESH_TVERT 7	0.1016	0.817775	0
			*MESH_TVERT 8	0.204901	0.88076	0
			*MESH_TVERT 9	0.125833	0.99863	0
			*MESH_TVERT 10	0.389521	0.652147	0
			*MESH_TVERT 11	0.072116	0.878963	0
			*MESH_TVERT 12	0.20197	0.880384	0
			*MESH_TVERT 13	0.329771	0.91666	0
			*MESH_TVERT 14	0.102047	0.817556	0
			*MESH_TVERT 15	0.269025	0.931596	0
			*MESH_TVERT 16	0.235903	0.944205	0
			*MESH_TVERT 17	0.196074	0.917108	0
			*MESH_TVERT 18	0.168608	0.711547	0
			*MESH_TVERT 19	0.051808	0.700002	0
			*MESH_TVERT 20	0.168365	0.711663	0
			*MESH_TVERT 21	0.27677	0.737268	0
			*MESH_TVERT 22	0.219038	0.68512	0
			*MESH_TVERT 23	0.27494	0.850207	0
			*MESH_TVERT 24	0.344424	0.629869	0
			*MESH_TVERT 25	0.392973	0.44247	0
			*MESH_TVERT 26	0.428374	0.532956	0
			*MESH_TVERT 27	0.410513	0.522238	0
			*MESH_TVERT 28	0.272223	0.934416	0
			*MESH_TVERT 29	0.411774	0.521583	0
			*MESH_TVERT 30	0.397606	0.518429	0
			*MESH_TVERT 31	0.253682	0.801775	0
			*MESH_TVERT 32	0.224294	0.810542	0
			*MESH_TVERT 33	0.09996	0.748967	0
			*MESH_TVERT 34	0.09912	0.748875	0
			*MESH_TVERT 35	0.249353	0.78331	0
			*MESH_TVERT 36	0.321801	0.766456	0
			*MESH_TVERT 37	0.349621	0.742835	0
			*MESH_TVERT 38	0.317637	0.956659	0
			*MESH_TVERT 39	0.261133	0.996477	0
			*MESH_TVERT 40	0.406429	0.606605	0
			*MESH_TVERT 41	0.029672	0.741825	0
			*MESH_TVERT 42	0.372261	0.588246	0
			*MESH_TVERT 43	0.344361	0.574686	0
			*MESH_TVERT 44	0.370283	0.588629	0
			*MESH_TVERT 45	0.297077	0.599106	0
		}
		*MESH_NUMTVFACES 88
		*MESH_TFACELIST {
			*MESH_TFACE 0	0	1	2
			*MESH_TFACE 1	3	4	5
			*MESH_TFACE 2	0	6	1
			*MESH_TFACE 3	1	3	2
			*MESH_TFACE 4	7	8	9
			*MESH_TFACE 5	4	10	0
			*MESH_TFACE 6	7	9	11
			*MESH_TFACE 7	3	5	2
			*MESH_TFACE 8	12	13	14
			*MESH_TFACE 9	13	8	7
			*MESH_TFACE 10	15	13	12
			*MESH_TFACE 11	16	15	17
			*MESH_TFACE 12	12	14	9
			*MESH_TFACE 13	9	14	11
			*MESH_TFACE 14	2	18	19
			*MESH_TFACE 15	20	2	19
			*MESH_TFACE 16	21	22	20
			*MESH_TFACE 17	20	22	2
			*MESH_TFACE 18	13	23	14
			*MESH_TFACE 19	23	13	7
			*MESH_TFACE 20	24	3	1
			*MESH_TFACE 21	10	4	3
			*MESH_TFACE 22	25	26	27
			*MESH_TFACE 23	10	3	24
			*MESH_TFACE 24	8	28	17
			*MESH_TFACE 25	9	8	17
			*MESH_TFACE 26	26	25	29
			*MESH_TFACE 27	0	10	6
			*MESH_TFACE 28	29	25	30
			*MESH_TFACE 29	25	27	30
			*MESH_TFACE 30	31	32	33
			*MESH_TFACE 31	32	31	34
			*MESH_TFACE 32	35	31	33
			*MESH_TFACE 33	31	35	34
			*MESH_TFACE 34	36	35	18
			*MESH_TFACE 35	35	36	20
			*MESH_TFACE 36	37	21	5
			*MESH_TFACE 37	21	37	22
			*MESH_TFACE 38	21	36	18
			*MESH_TFACE 39	36	21	20
			*MESH_TFACE 40	18	33	19
			*MESH_TFACE 41	18	35	33
			*MESH_TFACE 42	13	28	8
			*MESH_TFACE 43	38	39	28
			*MESH_TFACE 44	34	20	19
			*MESH_TFACE 45	35	20	34
			*MESH_TFACE 46	40	10	24
			*MESH_TFACE 47	10	40	6
			*MESH_TFACE 48	39	38	15
			*MESH_TFACE 49	15	16	39
			*MESH_TFACE 50	17	15	12
			*MESH_TFACE 51	9	17	12
			*MESH_TFACE 52	7	41	33
			*MESH_TFACE 53	33	32	7
			*MESH_TFACE 54	5	18	2
			*MESH_TFACE 55	5	21	18
			*MESH_TFACE 56	22	0	2
			*MESH_TFACE 57	4	0	22
			*MESH_TFACE 58	4	37	5
			*MESH_TFACE 59	37	4	22
			*MESH_TFACE 60	28	16	17
			*MESH_TFACE 61	16	28	39
			*MESH_TFACE 62	42	29	43
			*MESH_TFACE 63	40	29	42
			*MESH_TFACE 64	27	44	43
			*MESH_TFACE 65	27	40	44
			*MESH_TFACE 66	43	44	45
			*MESH_TFACE 67	42	43	45
			*MESH_TFACE 68	6	42	45
			*MESH_TFACE 69	40	42	6
			*MESH_TFACE 70	7	11	41
			*MESH_TFACE 71	11	14	41
			*MESH_TFACE 72	41	14	34
			*MESH_TFACE 73	32	34	14
			*MESH_TFACE 74	32	23	7
			*MESH_TFACE 75	23	32	14
			*MESH_TFACE 76	13	38	28
			*MESH_TFACE 77	38	13	15
			*MESH_TFACE 78	19	33	41
			*MESH_TFACE 79	34	19	41
			*MESH_TFACE 80	27	26	40
