*3DSMAX_ASCIIEXPORT	110
*COMMENT "[ GothicSourcer v3.14 ] - June 2007"
*SCENE {
	*SCENE_FILENAME "CRQ_BODY.MAX"
	*SCENE_FIRSTFRAME 0
	*SCENE_LASTFRAME 100
	*SCENE_FRAMESPEED 25
	*SCENE_TICKSPERFRAME 192
	*SCENE_BACKGROUND_STATIC 0	0	0
	*SCENE_AMBIENT_STATIC 0.2	0.2	0.2
}
*MATERIAL_LIST {
	*MATERIAL_COUNT 1
	*MATERIAL 0 {
		*MATERIAL_NAME "MATERIAL #21"
		*MATERIAL_CLASS "Standard"
		*MATERIAL_AMBIENT 0.396078	0.321569	0.25098
		*MATERIAL_DIFFUSE 0.396078	0.321569	0.25098
		*MATERIAL_SPECULAR 0.9	0.9	0.9
		*MATERIAL_SHINE 0.1
		*MATERIAL_SHINESTRENGTH 0
		*MATERIAL_TRANSPARENCY 0
		*MATERIAL_WIRESIZE 1
		*MATERIAL_SHADING Blinn
		*MATERIAL_XP_FALLOFF 0
		*MATERIAL_SELFILLUM 0
		*MATERIAL_FALLOFF In
		*MATERIAL_XP_TYPE Filter
		*MAP_DIFFUSE {
			*MAP_NAME "Map #1"
			*MAP_CLASS "Bitmap"
			*MAP_SUBNO 1
			*MAP_AMOUNT 1
			*BITMAP "CRQ_BODY_V0.TGA"
			*MAP_TYPE Screen
			*UVW_U_OFFSET 0
			*UVW_V_OFFSET 0
			*UVW_U_TILING 1
			*UVW_V_TILING 1
			*UVW_ANGLE 0
			*UVW_BLUR 1
			*UVW_BLUR_OFFSET 0
			*UVW_NOUSE_AMT 1
			*UVW_NOISE_SIZE 1
			*UVW_NOISE_LEVEL 1
			*UVW_NOISE_PHASE 0
			*BITMAP_FILTER Pyramidal
		}
	}
}
*HELPEROBJECT {
	*NODE_NAME "Bip01"
	*NODE_TM {
		*NODE_NAME "Bip01"
		*TM_ROW0 1.26759e-006	-1	0
		*TM_ROW1 1	1.26759e-006	0
		*TM_ROW2 -0	-0	1
		*TM_ROW3 0.738424	51.8368	20
		*TM_POS 0.738424	51.8368	20
		*TM_ROTAXIS 0	0	1
		*TM_ROTANGLE 1.5708
		*TM_SCALE 1	1	1
		*TM_SCALEAXIS 0	0	0
		*TM_SCALEAXISANG 0	0	0
	}
}
*HELPEROBJECT {
	*NODE_NAME "Bip01 Pelvis"
	*NODE_PARENT "Bip01"
	*NODE_TM {
		*NODE_NAME "Bip01 Pelvis"
		*TM_ROW0 -1.19209e-006	-1.64892e-007	1
		*TM_ROW1 2.99332e-006	-1	-1.64887e-007
		*TM_ROW2 1	2.99332e-006	1.66893e-006
		*TM_ROW3 0.738419	56.0002	20
		*TM_POS 0.738419	56.0002	20
		*TM_ROTAXIS -0.707106	-1e-006	-0.707107
		*TM_ROTANGLE 3.14159
		*TM_SCALE 1	1	1
		*TM_SCALEAXIS 0	0	0
		*TM_SCALEAXISANG 0	0	0
	}
}
*HELPEROBJECT {
	*NODE_NAME "Bip01 Spine"
	*NODE_PARENT "Bip01 Pelvis"
	*NODE_TM {
		*NODE_NAME "Bip01 Spine"
		*TM_ROW0 5.96047e-008	-0.000796399	1
		*TM_ROW1 -1.21718e-006	-1	-0.000796399
		*TM_ROW2 1	-1.21718e-006	5.96046e-008
		*TM_ROW3 0.738418	56.0718	28.6545
		*TM_POS 0.738418	56.0718	28.6545
		*TM_ROTAXIS 0.707107	-0.000282	0.707107
		*TM_ROTANGLE 3.14103
		*TM_SCALE 1	1	1
		*TM_SCALEAXIS 0	0	0
		*TM_SCALEAXISANG 0	0	0
	}
}
*HELPEROBJECT {
	*NODE_NAME "Bip01 Spine1"
	*NODE_PARENT "Bip01 Spine"
	*NODE_TM {
		*NODE_NAME "Bip01 Spine1"
		*TM_ROW0 0.000235915	0.289941	0.957045
		*TM_ROW1 0.00470494	-0.957034	0.289936
		*TM_ROW2 0.999989	0.00443444	-0.00158995
		*TM_ROW3 0.738071	56.0707	118.637
		*TM_POS 0.738071	56.0707	118.637
		*TM_ROTAXIS 0.703465	0.105813	0.702809
		*TM_ROTANGLE 3.34594
		*TM_SCALE 1	1	1
		*TM_SCALEAXIS 0	0	0
		*TM_SCALEAXISANG 0	0	0
	}
}
*HELPEROBJECT {
	*NODE_NAME "Bip01 Spine2"
	*NODE_PARENT "Bip01 Spine1"
	*NODE_TM {
		*NODE_NAME "Bip01 Spine2"
		*TM_ROW0 0.0030328	-0.347677	0.93761
		*TM_ROW1 0.00360417	-0.937604	-0.347686
		*TM_ROW2 0.999989	0.00443374	-0.00159019
		*TM_ROW3 0.759709	82.9744	207.31
		*TM_POS 0.759709	82.9744	207.31
		*TM_ROTAXIS 0.702447	-0.124441	0.700773
		*TM_ROTANGLE 2.88825
		*TM_SCALE 1	1	1
		*TM_SCALEAXIS 0	0	0
		*TM_SCALEAXISANG 0	0	0
	}
}
*HELPEROBJECT {
	*NODE_NAME "Bip01 Spine3"
	*NODE_PARENT "Bip01 Spine2"
	*NODE_TM {
		*NODE_NAME "Bip01 Spine3"
		*TM_ROW0 0.00464064	-0.985827	0.1677
		*TM_ROW1 -0.000826985	-0.167706	-0.985837
		*TM_ROW2 0.999989	0.00443623	-0.00159341
		*TM_ROW3 0.941788	62.1218	263.622
		*TM_POS 0.941788	62.1218	263.622
		*TM_ROTAXIS 0.609059	-0.511892	0.605816
		*TM_ROTANGLE 2.19239
		*TM_SCALE 1	1	1
		*TM_SCALEAXIS 0	0	0
		*TM_SCALEAXISANG 0	0	0
	}
}
*HELPEROBJECT {
	*NODE_NAME "Bip01 Neck"
	*NODE_PARENT "Bip01 Spine3"
	*NODE_TM {
		*NODE_NAME "Bip01 Neck"
		*TM_ROW0 0.00371879	-0.950054	-0.312063
		*TM_ROW1 -0.00289851	0.312053	-0.95006
		*TM_ROW2 0.999989	0.0044376	-0.00159326
		*TM_ROW3 1.25082	-3.51429	274.811
		*TM_POS 1.25082	-3.51429	274.811
		*TM_ROTAXIS 0.508053	-0.698369	0.504145
		*TM_ROTANGLE 1.92081
		*TM_SCALE 1	1	1
		*TM_SCALEAXIS 0	0	0
		*TM_SCALEAXISANG 0	0	0
	}
}
*HELPEROBJECT {
	*NODE_NAME "Bip01 Neck1"
	*NODE_PARENT "Bip01 Neck"
	*NODE_TM {
		*NODE_NAME "Bip01 Neck1"
		*TM_ROW0 0.0040462	-0.635006	0.772496
		*TM_ROW1 0.00241521	-0.772494	-0.635017
		*TM_ROW2 0.999989	0.00443512	-0.00159186
		*TM_ROW3 1.3721	-34.4909	264.64
		*TM_POS 1.3721	-34.4909	264.64
		*TM_ROTAXIS 0.686766	-0.244325	0.684585
		*TM_ROTANGLE 2.65733
		*TM_SCALE 1	1	1
		*TM_SCALEAXIS 0	0	0
		*TM_SCALEAXISANG 0	0	0
	}
}
*HELPEROBJECT {
	*NODE_NAME "Bip01 Neck2"
	*NODE_PARENT "Bip01 Neck1"
	*NODE_TM {
		*NODE_NAME "Bip01 Neck2"
		*TM_ROW0 0.00418305	-0.680185	0.733028
		*TM_ROW1 0.00216851	-0.733027	-0.680196
		*TM_ROW2 0.999989	0.00443488	-0.00159127
		*TM_ROW3 1.43402	-44.1999	276.482
		*TM_POS 1.43402	-44.1999	276.482
		*TM_ROTAXIS 0.682724	-0.266217	0.680453
		*TM_ROTANGLE 2.61638
		*TM_SCALE 1	1	1
		*TM_SCALEAXIS 0	0	0
		*TM_SCALEAXISANG 0	0	0
	}
}
*HELPEROBJECT {
	*NODE_NAME "Bip01 Head"
	*NODE_PARENT "Bip01 Neck2"
	*NODE_TM {
		*NODE_NAME "Bip01 Head"
		*TM_ROW0 1.17099e-007	1.2357e-006	1
		*TM_ROW1 -1.11893e-006	-1	1.13131e-006
		*TM_ROW2 1	-1.11722e-006	1.1884e-007
		*TM_ROW3 1.53661	-60.8798	294.458
		*TM_POS 1.53661	-60.8798	294.458
		*TM_ROTAXIS -0.707107	-4.98056e-009	-0.707107
		*TM_ROTANGLE 3.14159
		*TM_SCALE 1	1	1
		*TM_SCALEAXIS 0	0	0
		*TM_SCALEAXISANG 0	0	0
	}
}
*HELPEROBJECT {
	*NODE_NAME "Bip01 Clawru"
	*NODE_PARENT "Bip01 Head"
	*NODE_TM {
		*NODE_NAME "Bip01 Clawru"
		*TM_ROW0 1	1.07228e-009	-3.69419e-010
		*TM_ROW1 6.40015e-010	1	-1.3015e-008
		*TM_ROW2 -2.11069e-009	1.17401e-007	1
		*TM_ROW3 -25.2351	-96.8015	291.63
		*TM_POS -25.2351	-96.8015	291.63
		*TM_ROTAXIS 0	0	0
		*TM_ROTANGLE 0
		*TM_SCALE 1	1	1
		*TM_SCALEAXIS 0	0	0
		*TM_SCALEAXISANG 0	0	0
	}
}
*HELPEROBJECT {
	*NODE_NAME "Bip01 Clawrl"
	*NODE_PARENT "Bip01 Head"
	*NODE_TM {
		*NODE_NAME "Bip01 Clawrl"
		*TM_ROW0 1	1.07228e-009	-3.69419e-010
		*TM_ROW1 6.40015e-010	1	-1.3015e-008
		*TM_ROW2 -2.11069e-009	1.17401e-007	1
		*TM_ROW3 -21.7557	-95.2693	286.754
		*TM_POS -21.7557	-95.2693	286.754
		*TM_ROTAXIS 0	0	0
		*TM_ROTANGLE 0
		*TM_SCALE 1	1	1
		*TM_SCALEAXIS 0	0	0
		*TM_SCALEAXISANG 0	0	0
	}
}
*HELPEROBJECT {
	*NODE_NAME "Bip01 Clawll"
	*NODE_PARENT "Bip01 Head"
	*NODE_TM {
		*NODE_NAME "Bip01 Clawll"
		*TM_ROW0 1	1.07228e-009	-3.69419e-010
		*TM_ROW1 6.40015e-010	1	-1.3015e-008
		*TM_ROW2 -2.11069e-009	1.17401e-007	1
		*TM_ROW3 23.1676	-95.2078	286.72
		*TM_POS 23.1676	-95.2078	286.72
		*TM_ROTAXIS 0	0	0
		*TM_ROTANGLE 0
		*TM_SCALE 1	1	1
		*TM_SCALEAXIS 0	0	0
		*TM_SCALEAXISANG 0	0	0
	}
}
*HELPEROBJECT {
	*NODE_NAME "Bip01 Clawlu"
	*NODE_PARENT "Bip01 Head"
	*NODE_TM {
		*NODE_NAME "Bip01 Clawlu"
		*TM_ROW0 1	1.07228e-009	-3.69419e-010
		*TM_ROW1 6.40015e-010	1	-1.3015e-008
		*TM_ROW2 -2.11069e-009	1.17401e-007	1
		*TM_ROW3 26.8312	-96.8015	291.63
		*TM_POS 26.8312	-96.8015	291.63
		*TM_ROTAXIS 0	0	0
		*TM_ROTANGLE 0
		*TM_SCALE 1	1	1
		*TM_SCALEAXIS 0	0	0
		*TM_SCALEAXISANG 0	0	0
	}
}
*HELPEROBJECT {
	*NODE_NAME "Bip01 L Clavicle"
	*NODE_PARENT "Bip01 Neck"
	*NODE_TM {
		*NODE_NAME "Bip01 L Clavicle"
		*TM_ROW0 0.999972	0.00717584	-0.00205848
		*TM_ROW1 0.000820002	0.168491	0.985703
		*TM_ROW2 0.00742008	-0.985677	0.168481
		*TM_ROW3 20.3686	-63.7814	280.07
		*TM_POS 20.3686	-63.7814	280.07
		*TM_ROTAXIS -0.999983	-0.004808	-0.003224
		*TM_ROTANGLE 1.40152
		*TM_SCALE 1	1	1
		*TM_SCALEAXIS 0	0	0
		*TM_SCALEAXISANG 0	0	0
	}
}
*HELPEROBJECT {
	*NODE_NAME "Bip01 L UpperArm"
	*NODE_PARENT "Bip01 L Clavicle"
	*NODE_TM {
		*NODE_NAME "Bip01 L UpperArm"
		*TM_ROW0 0.317444	-0.327218	-0.890033
		*TM_ROW1 -0.0916022	0.923608	-0.372233
		*TM_ROW2 0.943842	0.199692	0.26322
		*TM_ROW3 30.1516	-63.7112	280.05
		*TM_POS 30.1516	-63.7112	280.05
		*TM_ROTAXIS 0.29551	-0.947551	0.121741
		*TM_ROTANGLE 1.31591
		*TM_SCALE 1	1	1
		*TM_SCALEAXIS 0	0	0
		*TM_SCALEAXISANG 0	0	0
	}
}
*HELPEROBJECT {
	*NODE_NAME "Bip01 L Forearm"
	*NODE_PARENT "Bip01 L UpperArm"
	*NODE_TM {
		*NODE_NAME "Bip01 L Forearm"
		*TM_ROW0 0.0923829	-0.92441	0.370043
		*TM_ROW1 0.317218	-0.324946	-0.890945
		*TM_ROW2 0.943842	0.199692	0.26322
		*TM_ROW3 48.7662	-82.8989	227.859
		*TM_POS 48.7662	-82.8989	227.859
		*TM_ROTAXIS 0.623438	-0.327999	0.709748
		*TM_ROTANGLE 2.07678
		*TM_SCALE 1	1	1
		*TM_SCALEAXIS 0	0	0
		*TM_SCALEAXISANG 0	0	0
	}
}
*HELPEROBJECT {
	*NODE_NAME "Bip01 L Hand"
	*NODE_PARENT "Bip01 L Forearm"
	*NODE_TM {
		*NODE_NAME "Bip01 L Hand"
		*TM_ROW0 -0.0405593	-0.407656	-0.912235
		*TM_ROW1 -0.0806712	0.911342	-0.40367
		*TM_ROW2 0.995915	0.0572185	-0.0698494
		*TM_ROW3 55.5239	-150.518	254.927
		*TM_POS 55.5239	-150.518	254.927
		*TM_ROTAXIS 0.231594	-0.958836	0.164308
		*TM_ROTANGLE 1.6705
		*TM_SCALE 1	1	1
		*TM_SCALEAXIS 0	0	0
		*TM_SCALEAXISANG 0	0	0
	}
}
*HELPEROBJECT {
	*NODE_NAME "Bip01 L Finger0"
	*NODE_PARENT "Bip01 L Hand"
	*NODE_TM {
		*NODE_NAME "Bip01 L Finger0"
		*TM_ROW0 -0.0405587	-0.407655	-0.912235
		*TM_ROW1 -0.0814647	0.911296	-0.403613
		*TM_ROW2 0.995851	0.0579448	-0.0701705
		*TM_ROW3 49.1679	-214.402	111.97
		*TM_POS 49.1679	-214.402	111.97
		*TM_ROTAXIS 0.231935	-0.958822	0.163912
		*TM_ROTANGLE 1.67068
		*TM_SCALE 1	1	1
		*TM_SCALEAXIS 0	0	0
		*TM_SCALEAXISANG 0	0	0
	}
}
*HELPEROBJECT {
	*NODE_NAME "Bip01 R Clavicle"
	*NODE_PARENT "Bip01 Neck"
	*NODE_TM {
		*NODE_NAME "Bip01 R Clavicle"
		*TM_ROW0 -0.999998	-0.00169984	0.00112174
		*TM_ROW1 0.000819296	0.16849	0.985703
		*TM_ROW2 -0.00186453	0.985702	-0.168488
		*TM_ROW3 -17.3145	-63.9486	280.13
		*TM_POS -17.3145	-63.9486	280.13
		*TM_ROTAXIS -0.000288	0.764359	0.644791
		*TM_ROTANGLE 3.13964
		*TM_SCALE 1	1	1
		*TM_SCALEAXIS 0	0	0
		*TM_SCALEAXISANG 0	0	0
	}
}
*HELPEROBJECT {
	*NODE_NAME "Bip01 R UpperArm"
	*NODE_PARENT "Bip01 R Clavicle"
	*NODE_TM {
		*NODE_NAME "Bip01 R UpperArm"
		*TM_ROW0 -0.317444	-0.327219	-0.890032
		*TM_ROW1 0.0915996	0.923608	-0.372234
		*TM_ROW2 0.943843	-0.19969	-0.26322
		*TM_ROW3 -27.0978	-63.9652	280.141
		*TM_POS -27.0978	-63.9652	280.141
		*TM_ROTAXIS 0.0913419	-0.970824	0.221716
		*TM_ROTANGLE 1.90554
		*TM_SCALE 1	1	1
		*TM_SCALEAXIS 0	0	0
		*TM_SCALEAXISANG 0	0	0
	}
}
*HELPEROBJECT {
	*NODE_NAME "Bip01 R Forearm"
	*NODE_PARENT "Bip01 R UpperArm"
	*NODE_TM {
		*NODE_NAME "Bip01 R Forearm"
		*TM_ROW0 -0.0923802	-0.92441	0.370044
		*TM_ROW1 -0.317217	-0.324947	-0.890945
		*TM_ROW2 0.943843	-0.19969	-0.26322
		*TM_ROW3 -45.7124	-83.153	227.95
		*TM_POS -45.7124	-83.153	227.95
		*TM_ROTAXIS 0.637498	-0.529176	0.559973
		*TM_ROTANGLE 2.56858
		*TM_SCALE 1	1	1
		*TM_SCALEAXIS 0	0	0
		*TM_SCALEAXISANG 0	0	0
	}
}
*HELPEROBJECT {
	*NODE_NAME "Bip01 R Hand"
	*NODE_PARENT "Bip01 R Forearm"
	*NODE_TM {
		*NODE_NAME "Bip01 R Hand"
		*TM_ROW0 0.0405609	-0.407656	-0.912234
		*TM_ROW1 0.0806695	0.911341	-0.40367
		*TM_ROW2 0.995916	-0.0572163	0.0698501
		*TM_ROW3 -52.4699	-150.772	255.018
		*TM_POS -52.4699	-150.772	255.018
		*TM_ROTAXIS 0.173237	-0.954131	0.244177
		*TM_ROTANGLE 1.55992
		*TM_SCALE 1	1	1
		*TM_SCALEAXIS 0	0	0
		*TM_SCALEAXISANG 0	0	0
	}
}
*HELPEROBJECT {
	*NODE_NAME "Bip01 R Finger0"
	*NODE_PARENT "Bip01 R Hand"
	*NODE_TM {
		*NODE_NAME "Bip01 R Finger0"
		*TM_ROW0 0.0405599	-0.407654	-0.912235
		*TM_ROW1 0.0814619	0.911296	-0.403613
		*TM_ROW2 0.995851	-0.0579419	0.0701702
		*TM_ROW3 -46.1136	-214.656	112.061
		*TM_POS -46.1136	-214.656	112.061
		*TM_ROTAXIS 0.172846	-0.954101	0.244573
		*TM_ROTANGLE 1.55978
		*TM_SCALE 1	1	1
		*TM_SCALEAXIS 0	0	0
		*TM_SCALEAXISANG 0	0	0
	}
}
*HELPEROBJECT {
	*NODE_NAME "Bip01 Legrv1"
	*NODE_PARENT "Bip01 Neck"
	*NODE_TM {
		*NODE_NAME "Bip01 Legrv1"
		*TM_ROW0 0.999989	0.00443609	-0.00159087
		*TM_ROW1 -0.00364441	0.941939	0.335765
		*TM_ROW2 0.00298799	-0.335755	0.941945
		*TM_ROW3 38.5741	-24.7073	268.224
		*TM_POS 38.5741	-24.7073	268.224
		*TM_ROTAXIS -0.999904	-0.006818	-0.012032
		*TM_ROTANGLE 0.342446
		*TM_SCALE 1	1	1
		*TM_SCALEAXIS 0	0	0
		*TM_SCALEAXISANG 0	0	0
	}
}
*HELPEROBJECT {
	*NODE_NAME "Bip01 Legrv2"
	*NODE_PARENT "Bip01 Legrv1"
	*NODE_TM {
		*NODE_NAME "Bip01 Legrv2"
		*TM_ROW0 0.999989	0.00443609	-0.00159087
		*TM_ROW1 -0.00364441	0.941939	0.335765
		*TM_ROW2 0.00298799	-0.335755	0.941945
		*TM_ROW3 70.6231	-34.8623	278.089
		*TM_POS 70.6231	-34.8623	278.089
		*TM_ROTAXIS -0.999904	-0.006818	-0.012032
		*TM_ROTANGLE 0.342446
		*TM_SCALE 1	1	1
		*TM_SCALEAXIS 0	0	0
		*TM_SCALEAXISANG 0	0	0
	}
}
*HELPEROBJECT {
	*NODE_NAME "Bip01 Legrv3"
	*NODE_PARENT "Bip01 Legrv2"
	*NODE_TM {
		*NODE_NAME "Bip01 Legrv3"
		*TM_ROW0 0.999989	0.00443609	-0.00159087
		*TM_ROW1 -0.00364441	0.941939	0.335765
		*TM_ROW2 0.00298799	-0.335755	0.941945
		*TM_ROW3 102.373	-31.4602	259.4
		*TM_POS 102.373	-31.4602	259.4
		*TM_ROTAXIS -0.999904	-0.006818	-0.012032
		*TM_ROTANGLE 0.342446
		*TM_SCALE 1	1	1
		*TM_SCALEAXIS 0	0	0
		*TM_SCALEAXISANG 0	0	0
	}
}
*HELPEROBJECT {
	*NODE_NAME "Bip01 Leglv1"
	*NODE_PARENT "Bip01 Neck"
	*NODE_TM {
		*NODE_NAME "Bip01 Leglv1"
		*TM_ROW0 0.999989	0.00443609	-0.00159087
		*TM_ROW1 -0.00364441	0.941939	0.335765
		*TM_ROW2 0.00298799	-0.335755	0.941945
		*TM_ROW3 -39.0577	-24.971	268.121
		*TM_POS -39.0577	-24.971	268.121
		*TM_ROTAXIS -0.999904	-0.006818	-0.012032
		*TM_ROTANGLE 0.342446
		*TM_SCALE 1	1	1
		*TM_SCALEAXIS 0	0	0
		*TM_SCALEAXISANG 0	0	0
	}
}
*HELPEROBJECT {
	*NODE_NAME "Bip01 Leglv2"
	*NODE_PARENT "Bip01 Leglv1"
	*NODE_TM {
		*NODE_NAME "Bip01 Leglv2"
		*TM_ROW0 0.999989	0.00443609	-0.00159087
		*TM_ROW1 -0.00364441	0.941939	0.335765
		*TM_ROW2 0.00298799	-0.335755	0.941945
		*TM_ROW3 -70.007	-35.9314	279.562
		*TM_POS -70.007	-35.9314	279.562
		*TM_ROTAXIS -0.999904	-0.006818	-0.012032
		*TM_ROTANGLE 0.342446
		*TM_SCALE 1	1	1
		*TM_SCALEAXIS 0	0	0
		*TM_SCALEAXISANG 0	0	0
	}
}
*HELPEROBJECT {
	*NODE_NAME "Bip01 Leglv3"
	*NODE_PARENT "Bip01 Leglv2"
	*NODE_TM {
		*NODE_NAME "Bip01 Leglv3"
		*TM_ROW0 0.999989	0.00443609	-0.00159087
		*TM_ROW1 -0.00364441	0.941939	0.335765
		*TM_ROW2 0.00298799	-0.335755	0.941945
		*TM_ROW3 -101.339	-32.2857	259.505
		*TM_POS -101.339	-32.2857	259.505
		*TM_ROTAXIS -0.999904	-0.006818	-0.012032
		*TM_ROTANGLE 0.342446
		*TM_SCALE 1	1	1
		*TM_SCALEAXIS 0	0	0
		*TM_SCALEAXISANG 0	0	0
	}
}
*HELPEROBJECT {
	*NODE_NAME "Bip01 Leglh1"
	*NODE_PARENT "Bip01 Spine3"
	*NODE_TM {
		*NODE_NAME "Bip01 Leglh1"
		*TM_ROW0 0.999989	0.0044359	-0.00159041
		*TM_ROW1 -0.004256	0.995046	0.0993239
		*TM_ROW2 0.00202312	-0.099316	0.995054
		*TM_ROW3 -43.7603	9.34228	277.359
		*TM_POS -43.7603	9.34228	277.359
		*TM_ROTAXIS -0.998879	-0.018171	-0.043708
		*TM_ROTANGLE 0.0995957
		*TM_SCALE 1	1	1
		*TM_SCALEAXIS 0	0	0
		*TM_SCALEAXISANG 0	0	0
	}
}
*HELPEROBJECT {
	*NODE_NAME "Bip01 Leglh2"
	*NODE_PARENT "Bip01 Leglh1"
	*NODE_TM {
		*NODE_NAME "Bip01 Leglh2"
		*TM_ROW0 0.999989	0.0044359	-0.00159041
		*TM_ROW1 -0.004256	0.995046	0.0993239
		*TM_ROW2 0.00202312	-0.099316	0.995054
		*TM_ROW3 -69.0918	9.02791	290.149
		*TM_POS -69.0918	9.02791	290.149
		*TM_ROTAXIS -0.998879	-0.018171	-0.043708
		*TM_ROTANGLE 0.0995957
		*TM_SCALE 1	1	1
		*TM_SCALEAXIS 0	0	0
		*TM_SCALEAXISANG 0	0	0
	}
}
*HELPEROBJECT {
	*NODE_NAME "Bip01 Leglh3"
	*NODE_PARENT "Bip01 Leglh2"
	*NODE_TM {
		*NODE_NAME "Bip01 Leglh3"
		*TM_ROW0 0.999989	0.0044359	-0.00159041
		*TM_ROW1 -0.004256	0.995046	0.0993239
		*TM_ROW2 0.00202312	-0.099316	0.995054
		*TM_ROW3 -102.501	10.7984	271.257
		*TM_POS -102.501	10.7984	271.257
		*TM_ROTAXIS -0.998879	-0.018171	-0.043708
		*TM_ROTANGLE 0.0995957
		*TM_SCALE 1	1	1
		*TM_SCALEAXIS 0	0	0
		*TM_SCALEAXISANG 0	0	0
	}
}
*HELPEROBJECT {
	*NODE_NAME "Bip01 Legrh1"
	*NODE_PARENT "Bip01 Spine3"
	*NODE_TM {
		*NODE_NAME "Bip01 Legrh1"
		*TM_ROW0 0.999989	0.0044359	-0.00159041
		*TM_ROW1 -0.004256	0.995046	0.0993239
		*TM_ROW2 0.00202312	-0.099316	0.995054
		*TM_ROW3 44.3232	9.69178	277.632
		*TM_POS 44.3232	9.69178	277.632
		*TM_ROTAXIS -0.998879	-0.018171	-0.043708
		*TM_ROTANGLE 0.0995957
		*TM_SCALE 1	1	1
		*TM_SCALEAXIS 0	0	0
		*TM_SCALEAXISANG 0	0	0
	}
}
*HELPEROBJECT {
	*NODE_NAME "Bip01 Legrh2"
	*NODE_PARENT "Bip01 Legrh1"
	*NODE_TM {
		*NODE_NAME "Bip01 Legrh2"
		*TM_ROW0 0.990701	0.0177028	-0.1349
		*TM_ROW1 -0.00425592	0.995046	0.0993235
		*TM_ROW2 0.13599	-0.0978258	0.985869
		*TM_ROW3 73.58	9.90461	287.48
		*TM_POS 73.58	9.90461	287.48
		*TM_ROTAXIS -0.587183	-0.806808	-0.065401
		*TM_ROTANGLE 0.168676
		*TM_SCALE 1	1	1
		*TM_SCALEAXIS 0	0	0
		*TM_SCALEAXISANG 0	0	0
	}
}
*HELPEROBJECT {
	*NODE_NAME "Bip01 Legrh3"
	*NODE_PARENT "Bip01 Legrh2"
	*NODE_TM {
		*NODE_NAME "Bip01 Legrh3"
		*TM_ROW0 0.990701	0.0177028	-0.1349
		*TM_ROW1 -0.00425592	0.995046	0.0993236
		*TM_ROW2 0.13599	-0.0978258	0.985869
		*TM_ROW3 100.404	12.0972	266.94
		*TM_POS 100.404	12.0972	266.94
		*TM_ROTAXIS -0.587183	-0.806808	-0.065401
		*TM_ROTANGLE 0.168676
		*TM_SCALE 1	1	1
		*TM_SCALEAXIS 0	0	0
		*TM_SCALEAXISANG 0	0	0
	}
}
*HELPEROBJECT {
	*NODE_NAME "Bip01 L Thigh"
	*NODE_PARENT "Bip01 Spine"
	*NODE_TM {
		*NODE_NAME "Bip01 L Thigh"
		*TM_ROW0 1.19209e-007	-0.099833	-0.995004
		*TM_ROW1 1.58697e-006	-0.995004	0.099833
		*TM_ROW2 -1	-1.58697e-006	1.19209e-007
		*TM_ROW3 8.26401	56.0002	20
		*TM_POS 8.26401	56.0002	20
		*TM_ROTAXIS 0.706665	-0.035362	-0.706665
		*TM_ROTANGLE 3.21229
		*TM_SCALE 1	1	1
		*TM_SCALEAXIS 0	0	0
		*TM_SCALEAXISANG 0	0	0
	}
}
*HELPEROBJECT {
	*NODE_NAME "Bip01 L Calf"
	*NODE_PARENT "Bip01 L Thigh"
	*NODE_TM {
		*NODE_NAME "Bip01 L Calf"
		*TM_ROW0 -5.96047e-008	0.0998329	-0.995004
		*TM_ROW1 1.33365e-006	-0.995004	-0.0998329
		*TM_ROW2 -1	-1.33365e-006	-5.96047e-008
		*TM_ROW3 8.26402	54.8411	8.44757
		*TM_POS 8.26402	54.8411	8.44757
		*TM_ROTAXIS 0.706665	0.035363	-0.706665
		*TM_ROTANGLE 3.0709
		*TM_SCALE 1	1	1
		*TM_SCALEAXIS 0	0	0
		*TM_SCALEAXISANG 0	0	0
	}
}
*HELPEROBJECT {
	*NODE_NAME "Bip01 L Foot"
	*NODE_PARENT "Bip01 L Calf"
	*NODE_TM {
		*NODE_NAME "Bip01 L Foot"
		*TM_ROW0 1.19209e-007	-4.37388e-007	-1
		*TM_ROW1 4.43945e-007	-1	4.35925e-007
		*TM_ROW2 -1	-4.43945e-007	1.19209e-007
		*TM_ROW3 8.26401	56.5623	-8.70721
		*TM_POS 8.26401	56.5623	-8.70721
		*TM_ROTAXIS 0.707107	2.83534e-009	-0.707107
		*TM_ROTANGLE 3.14159
		*TM_SCALE 1	1	1
		*TM_SCALEAXIS 0	0	0
		*TM_SCALEAXISANG 0	0	0
	}
}
*HELPEROBJECT {
	*NODE_NAME "Bip01 L Toe0"
	*NODE_PARENT "Bip01 L Foot"
	*NODE_TM {
		*NODE_NAME "Bip01 L Toe0"
		*TM_ROW0 1.81794e-006	-1	8.13873e-008
		*TM_ROW1 8.9407e-008	1.42455e-007	1
		*TM_ROW2 -1	-1.72853e-006	1.49012e-007
		*TM_ROW3 8.26403	45.6502	-20.5638
		*TM_POS 8.26403	45.6502	-20.5638
		*TM_ROTAXIS -0.577351	0.57735	0.57735
		*TM_ROTANGLE 2.09439
		*TM_SCALE 1	1	1
		*TM_SCALEAXIS 0	0	0
		*TM_SCALEAXISANG 0	0	0
	}
}
*HELPEROBJECT {
	*NODE_NAME "Bip01 R Thigh"
	*NODE_PARENT "Bip01 Spine"
	*NODE_TM {
		*NODE_NAME "Bip01 R Thigh"
		*TM_ROW0 1.19209e-007	-0.099833	-0.995004
		*TM_ROW1 1.58697e-006	-0.995004	0.099833
		*TM_ROW2 -1	-1.58697e-006	1.19209e-007
		*TM_ROW3 -6.78718	56.0001	20
		*TM_POS -6.78718	56.0001	20
		*TM_ROTAXIS 0.706665	-0.035362	-0.706665
		*TM_ROTANGLE 3.21229
		*TM_SCALE 1	1	1
		*TM_SCALEAXIS 0	0	0
		*TM_SCALEAXISANG 0	0	0
	}
}
*HELPEROBJECT {
	*NODE_NAME "Bip01 R Calf"
	*NODE_PARENT "Bip01 R Thigh"
	*NODE_TM {
		*NODE_NAME "Bip01 R Calf"
		*TM_ROW0 -5.96047e-008	0.0998329	-0.995004
		*TM_ROW1 1.33365e-006	-0.995004	-0.0998329
		*TM_ROW2 -1	-1.33365e-006	-5.96047e-008
		*TM_ROW3 -6.78717	54.841	8.44757
		*TM_POS -6.78717	54.841	8.44757
		*TM_ROTAXIS 0.706665	0.035363	-0.706665
		*TM_ROTANGLE 3.0709
		*TM_SCALE 1	1	1
		*TM_SCALEAXIS 0	0	0
		*TM_SCALEAXISANG 0	0	0
	}
}
*HELPEROBJECT {
	*NODE_NAME "Bip01 R Foot"
	*NODE_PARENT "Bip01 R Calf"
	*NODE_TM {
		*NODE_NAME "Bip01 R Foot"
		*TM_ROW0 1.19209e-007	-4.37388e-007	-1
		*TM_ROW1 4.43945e-007	-1	4.35925e-007
		*TM_ROW2 -1	-4.43945e-007	1.19209e-007
		*TM_ROW3 -6.78718	56.5623	-8.70721
		*TM_POS -6.78718	56.5623	-8.70721
		*TM_ROTAXIS 0.707107	2.83534e-009	-0.707107
		*TM_ROTANGLE 3.14159
		*TM_SCALE 1	1	1
		*TM_SCALEAXIS 0	0	0
		*TM_SCALEAXISANG 0	0	0
	}
}
*HELPEROBJECT {
	*NODE_NAME "Bip01 R Toe0"
	*NODE_PARENT "Bip01 R Foot"
	*NODE_TM {
		*NODE_NAME "Bip01 R Toe0"
		*TM_ROW0 1.81794e-006	-1	8.13873e-008
		*TM_ROW1 8.9407e-008	1.42455e-007	1
		*TM_ROW2 -1	-1.72853e-006	1.49012e-007
		*TM_ROW3 -6.78716	45.6501	-20.5638
		*TM_POS -6.78716	45.6501	-20.5638
		*TM_ROTAXIS -0.577351	0.57735	0.57735
		*TM_ROTANGLE 2.09439
		*TM_SCALE 1	1	1
		*TM_SCALEAXIS 0	0	0
		*TM_SCALEAXISANG 0	0	0
	}
}
*HELPEROBJECT {
	*NODE_NAME "Bip01 Tail"
	*NODE_PARENT "Bip01 Spine"
	*NODE_TM {
		*NODE_NAME "Bip01 Tail"
		*TM_ROW0 0.999989	0.000997734	0.0046697
		*TM_ROW1 -0.00467225	0.00257266	0.999986
		*TM_ROW2 0.000985706	-0.999996	0.00257729
		*TM_ROW3 0.919489	57.496	14.2913
		*TM_POS 0.919489	57.496	14.2913
		*TM_ROTAXIS -0.999994	0.001842	-0.002835
		*TM_ROTANGLE 1.56823
		*TM_SCALE 1	1	1
		*TM_SCALEAXIS 0	0	0
		*TM_SCALEAXISANG 0	0	0
	}
}
*HELPEROBJECT {
	*NODE_NAME "Bip01 Tail1"
	*NODE_PARENT "Bip01 Tail"
	*NODE_TM {
		*NODE_NAME "Bip01 Tail1"
		*TM_ROW0 0.817409	-0.571147	0.0750592
		*TM_ROW1 -0.0894077	0.00293381	0.995991
		*TM_ROW2 -0.569078	-0.820842	-0.0486668
		*TM_ROW3 81.9807	57.5767	14.6055
		*TM_POS 81.9807	57.5767	14.6055
		*TM_ROTAXIS -0.914395	0.324188	0.242455
		*TM_ROTANGLE 1.68521
		*TM_SCALE 1	1	1
		*TM_SCALEAXIS 0	0	0
		*TM_SCALEAXISANG 0	0	0
	}
}
*HELPEROBJECT {
	*NODE_NAME "Bip01 Tail2"
	*NODE_PARENT "Bip01 Tail1"
	*NODE_TM {
		*NODE_NAME "Bip01 Tail2"
		*TM_ROW0 0.25227	-0.963372	0.0909653
		*TM_ROW1 -0.158039	0.0517249	0.986077
		*TM_ROW2 -0.954664	-0.263134	-0.139201
		*TM_ROW3 148.247	11.2782	20.6259
		*TM_POS 148.247	11.2782	20.6259
		*TM_ROTAXIS -0.687415	0.575388	0.443158
		*TM_ROTANGLE 2.0016
		*TM_SCALE 1	1	1
		*TM_SCALEAXIS 0	0	0
		*TM_SCALEAXISANG 0	0	0
	}
}
*HELPEROBJECT {
	*NODE_NAME "Bip01 Tail3"
	*NODE_PARENT "Bip01 Tail2"
	*NODE_TM {
		*NODE_NAME "Bip01 Tail3"
		*TM_ROW0 -0.165862	-0.980675	0.103761
		*TM_ROW1 -0.178563	0.133345	0.974851
		*TM_ROW2 -0.969848	0.143162	-0.197229
		*TM_ROW3 168.71	-66.8203	27.918
		*TM_POS 168.71	-66.8203	27.918
		*TM_ROTAXIS -0.527302	0.680683	0.50855
		*TM_ROTANGLE 2.23302
		*TM_SCALE 1	1	1
		*TM_SCALEAXIS 0	0	0
		*TM_SCALEAXISANG 0	0	0
	}
}
*HELPEROBJECT {
	*NODE_NAME "Dummy"
	*NODE_PARENT "Bip01 Clawru"
	*NODE_TM {
		*NODE_NAME "Dummy"
		*TM_ROW0 -1	-0	0
		*TM_ROW1 -0	-1	0
		*TM_ROW2 -0	-0	1
		*TM_ROW3 -38.6209	-114.762	290.216
		*TM_POS -38.6209	-114.762	290.216
		*TM_ROTAXIS 0	0	-1
		*TM_ROTANGLE 3.14159
		*TM_SCALE 1	1	1
		*TM_SCALEAXIS 0	0	0
		*TM_SCALEAXISANG 0	0	0
	}
}
*HELPEROBJECT {
	*NODE_NAME "Dummy1"
	*NODE_PARENT "Bip01 Clawrl"
	*NODE_TM {
		*NODE_NAME "Dummy1"
		*TM_ROW0 -1	-0	0
		*TM_ROW1 -0	-1	0
		*TM_ROW2 -0	-0	1
		*TM_ROW3 -33.4018	-112.464	282.902
		*TM_POS -33.4018	-112.464	282.902
		*TM_ROTAXIS 0	0	-1
		*TM_ROTANGLE 3.14159
		*TM_SCALE 1	1	1
		*TM_SCALEAXIS 0	0	0
		*TM_SCALEAXISANG 0	0	0
	}
}
*HELPEROBJECT {
	*NODE_NAME "Dummy2"
	*NODE_PARENT "Bip01 Clawll"
	*NODE_TM {
		*NODE_NAME "Dummy2"
		*TM_ROW0 -1	-0	0
		*TM_ROW1 -0	-1	0
		*TM_ROW2 -0	-0	1
		*TM_ROW3 33.9831	-112.372	282.851
		*TM_POS 33.9831	-112.372	282.851
		*TM_ROTAXIS 0	0	-1
		*TM_ROTANGLE 3.14159
		*TM_SCALE 1	1	1
		*TM_SCALEAXIS 0	0	0
		*TM_SCALEAXISANG 0	0	0
	}
}
*HELPEROBJECT {
	*NODE_NAME "Dummy3"
	*NODE_PARENT "Bip01 Clawlu"
	*NODE_TM {
		*NODE_NAME "Dummy3"
		*TM_ROW0 -1	-0	0
		*TM_ROW1 -0	-1	0
		*TM_ROW2 -0	-0	1
		*TM_ROW3 39.4785	-114.762	290.216
		*TM_POS 39.4785	-114.762	290.216
		*TM_ROTAXIS 0	0	-1
		*TM_ROTANGLE 3.14159
		*TM_SCALE 1	1	1
		*TM_SCALEAXIS 0	0	0
		*TM_SCALEAXISANG 0	0	0
	}
}
*HELPEROBJECT {
	*NODE_NAME "Dummy4"
	*NODE_PARENT "Bip01 L Finger0"
	*NODE_TM {
		*NODE_NAME "Dummy4"
		*TM_ROW0 -1	-0	0
		*TM_ROW1 -0	-1	0
		*TM_ROW2 -0	-0	1
		*TM_ROW3 45.9898	-246.344	40.4918
		*TM_POS 45.9898	-246.344	40.4918
		*TM_ROTAXIS 0	0	-1
		*TM_ROTANGLE 3.14159
		*TM_SCALE 1	1	1
		*TM_SCALEAXIS 0	0	0
		*TM_SCALEAXISANG 0	0	0
	}
}
*HELPEROBJECT {
	*NODE_NAME "Dummy5"
	*NODE_PARENT "Bip01 R Finger0"
	*NODE_TM {
		*NODE_NAME "Dummy5"
		*TM_ROW0 -1	-0	0
		*TM_ROW1 -0	-1	0
		*TM_ROW2 -0	-0	1
		*TM_ROW3 -42.9355	-246.598	40.5828
		*TM_POS -42.9355	-246.598	40.5828
		*TM_ROTAXIS 0	0	-1
		*TM_ROTANGLE 3.14159
		*TM_SCALE 1	1	1
		*TM_SCALEAXIS 0	0	0
		*TM_SCALEAXISANG 0	0	0
	}
}
*HELPEROBJECT {
	*NODE_NAME "Dummy6"
	*NODE_PARENT "Bip01 Legrv3"
	*NODE_TM {
		*NODE_NAME "Dummy6"
		*TM_ROW0 -1	-0	0
		*TM_ROW1 -0	-1	0
		*TM_ROW2 -0	-0	1
		*TM_ROW3 118.248	-29.7592	250.056
		*TM_POS 118.248	-29.7592	250.056
		*TM_ROTAXIS 0	0	-1
		*TM_ROTANGLE 3.14159
		*TM_SCALE 1	1	1
		*TM_SCALEAXIS 0	0	0
		*TM_SCALEAXISANG 0	0	0
	}
}
*HELPEROBJECT {
	*NODE_NAME "Dummy7"
	*NODE_PARENT "Bip01 Leglv3"
	*NODE_TM {
		*NODE_NAME "Dummy7"
		*TM_ROW0 -1	-0	0
		*TM_ROW1 -0	-1	0
		*TM_ROW2 -0	-0	1
		*TM_ROW3 -117.005	-30.4629	249.477
		*TM_POS -117.005	-30.4629	249.477
		*TM_ROTAXIS 0	0	-1
		*TM_ROTANGLE 3.14159
		*TM_SCALE 1	1	1
		*TM_SCALEAXIS 0	0	0
		*TM_SCALEAXISANG 0	0	0
	}
}
*HELPEROBJECT {
	*NODE_NAME "Dummy8"
	*NODE_PARENT "Bip01 Leglh3"
	*NODE_TM {
		*NODE_NAME "Dummy8"
		*TM_ROW0 -1	-0	0
		*TM_ROW1 -0	-1	0
		*TM_ROW2 -0	-0	1
		*TM_ROW3 -119.205	11.6837	261.81
		*TM_POS -119.205	11.6837	261.81
		*TM_ROTAXIS 0	0	-1
		*TM_ROTANGLE 3.14159
		*TM_SCALE 1	1	1
		*TM_SCALEAXIS 0	0	0
		*TM_SCALEAXISANG 0	0	0
	}
}
*HELPEROBJECT {
	*NODE_NAME "Dummy9"
	*NODE_PARENT "Bip01 Legrh3"
	*NODE_TM {
		*NODE_NAME "Dummy9"
		*TM_ROW0 -1	-0	0
		*TM_ROW1 -0	-1	0
		*TM_ROW2 -0	-0	1
		*TM_ROW3 113.815	13.1934	256.67
		*TM_POS 113.815	13.1934	256.67
		*TM_ROTAXIS 0	0	-1
		*TM_ROTANGLE 3.14159
		*TM_SCALE 1	1	1
		*TM_SCALEAXIS 0	0	0
		*TM_SCALEAXISANG 0	0	0
	}
}
*HELPEROBJECT {
	*NODE_NAME "Dummy10"
	*NODE_PARENT "Bip01 L Toe0"
	*NODE_TM {
		*NODE_NAME "Dummy10"
		*TM_ROW0 -1	-0	0
		*TM_ROW1 -0	-1	0
		*TM_ROW2 -0	-0	1
		*TM_ROW3 8.26404	40.1941	-26.4921
		*TM_POS 8.26404	40.1941	-26.4921
		*TM_ROTAXIS 0	0	-1
		*TM_ROTANGLE 3.14159
		*TM_SCALE 1	1	1
		*TM_SCALEAXIS 0	0	0
		*TM_SCALEAXISANG 0	0	0
	}
}
*HELPEROBJECT {
	*NODE_NAME "Dummy11"
	*NODE_PARENT "Bip01 R Toe0"
	*NODE_TM {
		*NODE_NAME "Dummy11"
		*TM_ROW0 -1	-0	0
		*TM_ROW1 -0	-1	0
		*TM_ROW2 -0	-0	1
		*TM_ROW3 -6.78715	40.1941	-26.4921
		*TM_POS -6.78715	40.1941	-26.4921
		*TM_ROTAXIS 0	0	-1
		*TM_ROTANGLE 3.14159
		*TM_SCALE 1	1	1
		*TM_SCALEAXIS 0	0	0
		*TM_SCALEAXISANG 0	0	0
	}
}
*HELPEROBJECT {
	*NODE_NAME "Dummy12"
	*NODE_PARENT "Bip01 Tail3"
	*NODE_TM {
		*NODE_NAME "Dummy12"
		*TM_ROW0 -1	-0	0
		*TM_ROW1 -0	-1	0
		*TM_ROW2 -0	-0	1
		*TM_ROW3 178.942	-105.87	31.5641
		*TM_POS 178.942	-105.87	31.5641
		*TM_ROTAXIS 0	0	-1
		*TM_ROTANGLE 3.14159
		*TM_SCALE 1	1	1
		*TM_SCALEAXIS 0	0	0
		*TM_SCALEAXISANG 0	0	0
	}
}
*GEOMOBJECT {
	*NODE_NAME "zm_Skin"
	*NODE_PARENT "Bip01"
	*NODE_TM {
		*NODE_NAME "zm_Skin"
		*TM_ROW0 -1	-0	0
		*TM_ROW1 -0	-1	0
		*TM_ROW2 -0	-0	1
		*TM_ROW3 -0	-0	0
		*TM_POS -0	-0	0
		*TM_ROTAXIS 0	0	-1
		*TM_ROTANGLE 3.14159
		*TM_SCALE 1	1	1
		*TM_SCALEAXIS 0	0	0
		*TM_SCALEAXISANG 0	0	0
	}
	*MATERIAL_REF 0
	*MESH_SOFTSKIN {
		*TIMEVALUE 0
		*MESH_NUMVERTEX 424
		*MESH_NUMFACES 835
		*MESH_VERTEX_LIST {
			*MESH_VERTEX 0	-26.8444	-101.495	282.41
			*MESH_VERTEX 1	171.812	-163.476	22.6926
			*MESH_VERTEX 2	-93.1183	-35.0749	-4.45339
			*MESH_VERTEX 3	176.707	107.659	-10.9692
			*MESH_VERTEX 4	87.3417	-30.0717	-9.32466
			*MESH_VERTEX 5	99.8383	40.911	180.937
			*MESH_VERTEX 6	-0.130244	137.51	301.019
			*MESH_VERTEX 7	-58.7064	-160.936	243.143
			*MESH_VERTEX 8	-49.5668	-214.168	113.032
			*MESH_VERTEX 9	-52.5375	-118.741	297.246
			*MESH_VERTEX 10	47.073	-160.401	243.451
			*MESH_VERTEX 11	51.1279	-213.913	112.94
			*MESH_VERTEX 12	52.5219	-118.741	297.246
			*MESH_VERTEX 13	108.213	-137.254	1.62682
			*MESH_VERTEX 14	117.016	-4.52019	41.8486
			*MESH_VERTEX 15	-64.9728	105.95	-12.6137
			*MESH_VERTEX 16	0.743488	-27.0382	316.549
			*MESH_VERTEX 17	28.4316	-101.492	282.444
			*MESH_VERTEX 18	-31.3707	-57.3304	297.389
			*MESH_VERTEX 19	-56.8293	40.7401	249.353
			*MESH_VERTEX 20	-98.8922	18.975	212.553
			*MESH_VERTEX 21	-77.6398	60.6048	216.626
			*MESH_VERTEX 22	-100.329	-37.3019	255.443
			*MESH_VERTEX 23	-100.28	-9.10913	195.241
			*MESH_VERTEX 24	-70.2461	-27.1323	282.531
			*MESH_VERTEX 25	104.132	-24.9386	259.291
			*MESH_VERTEX 26	101.072	-8.28715	195.045
			*MESH_VERTEX 27	71.5018	-26.5035	282.305
			*MESH_VERTEX 28	-103.249	16.8311	268.048
			*MESH_VERTEX 29	-101.821	24.6227	204.41
			*MESH_VERTEX 30	-72.6608	14.9372	288.86
			*MESH_VERTEX 31	-0.21661	153.879	223.914
			*MESH_VERTEX 32	-2.38838	114.804	329.974
			*MESH_VERTEX 33	101.117	18.1033	264.385
			*MESH_VERTEX 34	96.0054	25.7551	202.46
			*MESH_VERTEX 35	73.5842	15.5882	288.606
			*MESH_VERTEX 36	0.152606	-78.9221	111.106
			*MESH_VERTEX 37	-6.98831	-76.7005	289.255
			*MESH_VERTEX 38	-42.5366	8.20832	285.156
			*MESH_VERTEX 39	-39.8628	-16.0161	271.49
			*MESH_VERTEX 40	-0.0792652	165.331	299.052
			*MESH_VERTEX 41	-44.2171	-87.5256	229.316
			*MESH_VERTEX 42	-16.0595	-39.4527	284.063
			*MESH_VERTEX 43	151.673	-145.985	31.9763
			*MESH_VERTEX 44	135.188	-161.827	18.8974
			*MESH_VERTEX 45	-9.98168e-006	151.729	353.854
			*MESH_VERTEX 46	20.1218	102.396	324.762
			*MESH_VERTEX 47	-133.922	32.105	101.304
			*MESH_VERTEX 48	-120.428	51.9036	86.1801
			*MESH_VERTEX 49	-154.136	17.834	96.3958
			*MESH_VERTEX 50	-125	-24.6789	-6.42432
			*MESH_VERTEX 51	-81.6488	-40.8126	39.2177
			*MESH_VERTEX 52	-121.284	-47.7294	13.6192
			*MESH_VERTEX 53	-130.319	-58.0284	-6.16846
			*MESH_VERTEX 54	92.9818	44.1721	224.332
			*MESH_VERTEX 55	92.9313	18.1259	212.184
			*MESH_VERTEX 56	77.9701	61.1607	216.483
			*MESH_VERTEX 57	92.4502	-4.76096	-9.31878
			*MESH_VERTEX 58	-69.1055	42.4266	232.545
			*MESH_VERTEX 59	-108.077	-31.6594	15.3896
			*MESH_VERTEX 60	-99.6005	40.1787	181.257
			*MESH_VERTEX 61	-113.763	17.8198	171.341
			*MESH_VERTEX 62	-91.7068	47.9355	164.039
			*MESH_VERTEX 63	114.081	18.5798	171.014
			*MESH_VERTEX 64	91.7501	48.4294	163.748
			*MESH_VERTEX 65	-136.182	35.706	81.4157
			*MESH_VERTEX 66	-47.1554	-144.569	244.689
			*MESH_VERTEX 67	135.728	29.2334	83.7995
			*MESH_VERTEX 68	0.488316	-9.29185	242.789
			*MESH_VERTEX 69	23.2407	-68.2664	279.287
			*MESH_VERTEX 70	0.459798	36.6542	359.91
			*MESH_VERTEX 71	13.6441	-38.0431	298.334
			*MESH_VERTEX 72	36.2853	-27.3675	270.776
			*MESH_VERTEX 73	45.7782	-87.2717	229.225
			*MESH_VERTEX 74	22.2155	-52.1949	269.601
			*MESH_VERTEX 75	0.072009	126.79	105.814
			*MESH_VERTEX 76	36.2977	-39.0756	283.374
			*MESH_VERTEX 77	-30.9213	-129.53	269.284
			*MESH_VERTEX 78	-16.5181	-103.484	295.822
			*MESH_VERTEX 79	32.5018	-129.53	269.284
			*MESH_VERTEX 80	18.1085	-103.485	295.832
			*MESH_VERTEX 81	149.823	-158.734	59.6562
			*MESH_VERTEX 82	-1.30082e-005	141.329	-21.3433
			*MESH_VERTEX 83	121.843	155.583	24.5398
			*MESH_VERTEX 84	133.795	32.3058	101.208
			*MESH_VERTEX 85	126.474	41.9252	88.3649
			*MESH_VERTEX 86	60.2675	-160.682	243.052
			*MESH_VERTEX 87	48.7165	-144.315	244.598
			*MESH_VERTEX 88	-13.3442	-102.556	273.597
			*MESH_VERTEX 89	8.60509	-76.8439	289.174
			*MESH_VERTEX 90	-12.1348	-65.112	317.812
			*MESH_VERTEX 91	0.787052	-63.4863	309.429
			*MESH_VERTEX 92	0.597249	-5.14286	328.587
			*MESH_VERTEX 93	221.419	-24.8375	11.6973
			*MESH_VERTEX 94	99.9818	50.9863	131.288
			*MESH_VERTEX 95	-34.537	-68.9857	-5.42572
			*MESH_VERTEX 96	72.126	-51.5081	-9.31391
			*MESH_VERTEX 97	91.7975	-42.0467	-9.32165
			*MESH_VERTEX 98	69.379	-38.0052	277.661
			*MESH_VERTEX 99	-68.0362	-38.6148	277.879
			*MESH_VERTEX 100	-34.6297	40.3529	314.014
			*MESH_VERTEX 101	-20.7841	-52.387	269.4
			*MESH_VERTEX 102	-72.83	3.4665	287.182
			*MESH_VERTEX 103	43.4753	8.59671	285.01
			*MESH_VERTEX 104	73.8295	4.12177	286.94
			*MESH_VERTEX 105	-80.4358	44.2104	182.9
			*MESH_VERTEX 106	0.483646	14.9165	310.159
			*MESH_VERTEX 107	-119.072	55.4863	-2.50006
			*MESH_VERTEX 108	149.574	47.4662	80.23
			*MESH_VERTEX 109	-112.673	29.0778	97.611
			*MESH_VERTEX 110	-29.8302	-112.734	270.387
			*MESH_VERTEX 111	-25.1045	-109.795	278.282
			*MESH_VERTEX 112	-24.6402	-110.731	262.949
			*MESH_VERTEX 113	-43.9276	15.5097	280.563
			*MESH_VERTEX 114	0.618946	-41.7684	241.106
			*MESH_VERTEX 115	121.506	51.4688	81.0702
			*MESH_VERTEX 116	0.415653	0.0370586	213.055
			*MESH_VERTEX 117	67.7354	-66.0918	72.8615
			*MESH_VERTEX 118	136.677	131.135	66.7991
			*MESH_VERTEX 119	179.816	91.0792	63.3249
			*MESH_VERTEX 120	187.859	41.258	29.5101
			*MESH_VERTEX 121	206.003	-14.7292	54.5667
			*MESH_VERTEX 122	0.661336	-33.7666	287.354
			*MESH_VERTEX 123	-17.3539	-63.8598	262.189
			*MESH_VERTEX 124	-112.659	29.8316	78.848
			*MESH_VERTEX 125	59.5552	95.8758	139.389
			*MESH_VERTEX 126	32.7943	-110.114	265.081
			*MESH_VERTEX 127	14.9417	-102.568	273.643
			*MESH_VERTEX 128	26.3953	-110.462	263.104
			*MESH_VERTEX 129	-102.961	-25.8645	259.618
			*MESH_VERTEX 130	101.585	-36.4132	255.119
			*MESH_VERTEX 131	100.973	6.72214	263.21
			*MESH_VERTEX 132	53.8184	-138.094	258.288
			*MESH_VERTEX 133	55.1887	-85.7549	222.22
			*MESH_VERTEX 134	57.8641	-84.4785	232.6
			*MESH_VERTEX 135	-102.996	5.44304	267.227
			*MESH_VERTEX 136	39.2145	15.7673	221.897
			*MESH_VERTEX 137	166.41	-169.772	40.2528
			*MESH_VERTEX 138	-52.2573	-138.348	258.379
			*MESH_VERTEX 139	-53.6345	-85.9966	222.323
			*MESH_VERTEX 140	-56.303	-84.7324	232.691
			*MESH_VERTEX 141	-34.9329	-39.8529	283.196
			*MESH_VERTEX 142	-10.2653	-8.23231	309.009
			*MESH_VERTEX 143	0.332522	153.673	45.5748
			*MESH_VERTEX 144	22.8734	-56.258	285.734
			*MESH_VERTEX 145	-67.7626	-66.2825	72.9214
			*MESH_VERTEX 146	13.7083	-65.0829	317.83
			*MESH_VERTEX 147	-12.3328	-72.6553	276.309
			*MESH_VERTEX 148	-29.1343	-69.6716	283.28
			*MESH_VERTEX 149	64.3249	143.342	92.8066
			*MESH_VERTEX 150	-13.3405	-109.645	289.52
			*MESH_VERTEX 151	-21.2298	-94.0976	297.579
			*MESH_VERTEX 152	202.426	-116.146	17.5406
			*MESH_VERTEX 153	-92.5828	43.309	224.807
			*MESH_VERTEX 154	134.228	-167.986	35.8427
			*MESH_VERTEX 155	-121.303	11.1054	266.746
			*MESH_VERTEX 156	-33.0641	-3.27356	255.091
			*MESH_VERTEX 157	118.894	12.7918	260.157
			*MESH_VERTEX 158	94.5079	-46.1833	14.7097
			*MESH_VERTEX 159	113.928	-90.9509	9.249
			*MESH_VERTEX 160	-44.5655	9.50631	271.696
			*MESH_VERTEX 161	69.6689	42.9801	232.299
			*MESH_VERTEX 162	57.3923	39.7709	251.097
			*MESH_VERTEX 163	51.9989	24.7054	263.891
			*MESH_VERTEX 164	113.736	-143.298	24.7608
			*MESH_VERTEX 165	119.951	-112.34	0.377182
			*MESH_VERTEX 166	122.894	-143.02	48.6241
			*MESH_VERTEX 167	-33.7528	-62.3758	273.676
			*MESH_VERTEX 168	-31.8881	-70.7326	265.286
			*MESH_VERTEX 169	44.7996	15.9166	280.409
			*MESH_VERTEX 170	45.4613	9.91339	271.539
			*MESH_VERTEX 171	35.3278	-62.289	273.635
			*MESH_VERTEX 172	32.956	-57.4179	297.528
			*MESH_VERTEX 173	-70.8001	-30.9546	273.778
			*MESH_VERTEX 174	0.327886	58.5472	336.361
			*MESH_VERTEX 175	-83.8261	68.7236	173.581
			*MESH_VERTEX 176	81.6529	-40.8025	39.2203
			*MESH_VERTEX 177	0.005267	-76.4095	22.6053
			*MESH_VERTEX 178	74.7935	10.4465	281.603
			*MESH_VERTEX 179	-74.2948	9.77297	281.957
			*MESH_VERTEX 180	-121.029	-34.843	255.036
			*MESH_VERTEX 181	-35.0725	-27.6749	270.919
			*MESH_VERTEX 182	-36.2419	-21.6068	277.276
			*MESH_VERTEX 183	-94.4236	101.994	34.4559
			*MESH_VERTEX 184	126.035	83.8463	98.5869
			*MESH_VERTEX 185	-103.31	-11.1366	-6.55126
			*MESH_VERTEX 186	-116.669	-12.987	6.01529
			*MESH_VERTEX 187	72.0618	-30.3209	273.551
			*MESH_VERTEX 188	-44.7786	-2.99181	196.059
			*MESH_VERTEX 189	0.396702	-26.5909	187.198
			*MESH_VERTEX 190	0.259311	-28.9574	162.496
			*MESH_VERTEX 191	122.309	-33.7742	254.652
			*MESH_VERTEX 192	40.9783	-15.6415	271.309
			*MESH_VERTEX 193	16.1522	-26.9737	285.427
			*MESH_VERTEX 194	37.4243	-21.2835	277.094
			*MESH_VERTEX 195	16.7101	43.4519	327.293
			*MESH_VERTEX 196	-9.71453	-104.452	285.308
			*MESH_VERTEX 197	-8.22644	-91.6049	286.697
			*MESH_VERTEX 198	-14.8964	-27.1049	285.487
			*MESH_VERTEX 199	-21.3586	-56.223	285.601
			*MESH_VERTEX 200	-71.6853	55.9154	232.502
			*MESH_VERTEX 201	-27.175	-76.8835	13.6169
			*MESH_VERTEX 202	103.551	-3.54028	110.574
			*MESH_VERTEX 203	72.1515	56.5799	232.149
			*MESH_VERTEX 204	-100.043	50.6635	131.519
			*MESH_VERTEX 205	138.175	92.0613	-2.63102
			*MESH_VERTEX 206	-20.483	-84.1292	312.088
			*MESH_VERTEX 207	43.9275	2.60765	277.181
			*MESH_VERTEX 208	-19.9126	102.185	324.799
			*MESH_VERTEX 209	-42.9515	2.21872	277.324
			*MESH_VERTEX 210	71.9951	-35.8234	289.048
			*MESH_VERTEX 211	-70.6353	-36.4561	289.275
			*MESH_VERTEX 212	0.017398	-92.0639	48.9539
			*MESH_VERTEX 213	17.4154	-39.305	284.007
			*MESH_VERTEX 214	190.623	-153.254	35.4313
			*MESH_VERTEX 215	89.7292	52.2956	215.642
			*MESH_VERTEX 216	-25.5676	-80.555	300.129
			*MESH_VERTEX 217	-11.1195	-65.8089	299.228
			*MESH_VERTEX 218	75.6914	8.97408	296.547
			*MESH_VERTEX 219	106.273	-118.171	21.6091
			*MESH_VERTEX 220	0.805454	-112.03	286.223
			*MESH_VERTEX 221	11.3066	-104.455	285.327
			*MESH_VERTEX 222	9.82146	-91.6047	286.698
			*MESH_VERTEX 223	22.819	-94.096	297.59
			*MESH_VERTEX 224	27.159	-80.5369	300.145
			*MESH_VERTEX 225	-103.599	-3.77171	110.692
			*MESH_VERTEX 226	12.7594	-66.2551	299.012
			*MESH_VERTEX 227	-109.556	-22.593	-4.14812
			*MESH_VERTEX 228	177.439	-149.172	54.6722
			*MESH_VERTEX 229	22.0675	-84.1175	312.106
			*MESH_VERTEX 230	8.58162	-116.052	294.204
			*MESH_VERTEX 231	0.796512	-106.607	291.915
			*MESH_VERTEX 232	-31.2059	-110.128	265.073
			*MESH_VERTEX 233	40.0944	-118.817	280.883
			*MESH_VERTEX 234	-38.5138	-118.817	280.882
			*MESH_VERTEX 235	80.6434	44.789	182.626
			*MESH_VERTEX 236	83.8088	69.2485	173.291
			*MESH_VERTEX 237	34.0195	-2.94329	254.989
			*MESH_VERTEX 238	31.4126	-112.732	270.393
			*MESH_VERTEX 239	25.0889	-109.795	278.282
			*MESH_VERTEX 240	33.4772	-70.6459	265.302
			*MESH_VERTEX 241	-47.325	100.994	290.88
			*MESH_VERTEX 242	112.556	29.2316	97.5145
			*MESH_VERTEX 243	48.3167	102.996	286.661
			*MESH_VERTEX 244	45.4593	-2.62877	195.913
			*MESH_VERTEX 245	18.9289	-63.8738	262.075
			*MESH_VERTEX 246	13.8802	-72.5726	275.777
			*MESH_VERTEX 247	59.0902	-145.135	246.489
			*MESH_VERTEX 248	-128.315	-26.1574	5.77706
			*MESH_VERTEX 249	154.155	18.1263	96.3729
			*MESH_VERTEX 250	-57.5291	-145.389	246.58
			*MESH_VERTEX 251	-74.1566	8.26918	296.918
			*MESH_VERTEX 252	40.2009	-20.5898	266.37
			*MESH_VERTEX 253	-39.054	-20.9546	266.561
			*MESH_VERTEX 254	35.6377	-123.822	281.54
			*MESH_VERTEX 255	35.3456	-117.426	276.322
			*MESH_VERTEX 256	-34.0571	-123.822	281.54
			*MESH_VERTEX 257	-33.765	-117.425	276.322
			*MESH_VERTEX 258	-33.0903	23.9876	292.306
			*MESH_VERTEX 259	27.0744	-38.283	263.14
			*MESH_VERTEX 260	-30.4094	-55.0169	270.928
			*MESH_VERTEX 261	-25.1295	-64.6873	266.841
			*MESH_VERTEX 262	31.9671	-55.1015	270.892
			*MESH_VERTEX 263	26.705	-64.4909	266.765
			*MESH_VERTEX 264	30.6964	-69.3522	282.932
			*MESH_VERTEX 265	81.5155	103.944	115.32
			*MESH_VERTEX 266	-25.7928	-38.5179	263.353
			*MESH_VERTEX 267	0.789951	-113.639	305.563
			*MESH_VERTEX 268	114.288	25.6607	77.839
			*MESH_VERTEX 269	-21.6637	-68.0454	280.065
			*MESH_VERTEX 270	-86.9398	105.345	78.7339
			*MESH_VERTEX 271	-119.744	32.658	63.017
			*MESH_VERTEX 272	-125.4	46.9363	38.3806
			*MESH_VERTEX 273	-38.4676	15.4174	222.004
			*MESH_VERTEX 274	-101.387	22.649	-8.233
			*MESH_VERTEX 275	115.695	-102.116	15.8809
			*MESH_VERTEX 276	126.396	-6.87836	52.6752
			*MESH_VERTEX 277	18.9278	-101.815	287.727
			*MESH_VERTEX 278	0.798053	-90.9208	281.966
			*MESH_VERTEX 279	12.7827	137.482	285.487
			*MESH_VERTEX 280	-17.339	-101.811	287.725
			*MESH_VERTEX 281	-59.4268	95.6335	139.754
			*MESH_VERTEX 282	0.088413	122.656	148.159
			*MESH_VERTEX 283	-50.1854	-86.8721	235.995
			*MESH_VERTEX 284	51.7465	-86.6182	235.904
			*MESH_VERTEX 285	0.746647	-70.5127	260.975
			*MESH_VERTEX 286	26.6996	-104.902	293.042
			*MESH_VERTEX 287	-25.108	-104.912	293.02
			*MESH_VERTEX 288	-55.4909	-7.54938	164.031
			*MESH_VERTEX 289	-64.049	-44.6563	125.942
			*MESH_VERTEX 290	55.8653	-7.21649	163.847
			*MESH_VERTEX 291	64.1957	-44.4027	125.809
			*MESH_VERTEX 292	11.488	-8.11778	308.958
