*3DSMAX_ASCIIEXPORT	110
*COMMENT "[ GothicSourcer v3.14 ] - June 2007"
*SCENE {
	*SCENE_FILENAME "CRW_BODY.MAX"
	*SCENE_FIRSTFRAME 0
	*SCENE_LASTFRAME 100
	*SCENE_FRAMESPEED 25
	*SCENE_TICKSPERFRAME 192
	*SCENE_BACKGROUND_STATIC 0	0	0
	*SCENE_AMBIENT_STATIC 0.2	0.2	0.2
}
*MATERIAL_LIST {
	*MATERIAL_COUNT 1
	*MATERIAL 0 {
		*MATERIAL_NAME "CRW_BODY"
		*MATERIAL_CLASS "Standard"
		*MATERIAL_AMBIENT 0.396078	0.321569	0.25098
		*MATERIAL_DIFFUSE 0.396078	0.321569	0.25098
		*MATERIAL_SPECULAR 0.9	0.9	0.9
		*MATERIAL_SHINE 0.1
		*MATERIAL_SHINESTRENGTH 0
		*MATERIAL_TRANSPARENCY 0
		*MATERIAL_WIRESIZE 1
		*MATERIAL_SHADING Blinn
		*MATERIAL_XP_FALLOFF 0
		*MATERIAL_SELFILLUM 0
		*MATERIAL_FALLOFF In
		*MATERIAL_XP_TYPE Filter
		*MAP_DIFFUSE {
			*MAP_NAME "Map #1"
			*MAP_CLASS "Bitmap"
			*MAP_SUBNO 1
			*MAP_AMOUNT 1
			*BITMAP "CRQ_BODY_V0.TGA"
			*MAP_TYPE Screen
			*UVW_U_OFFSET 0
			*UVW_V_OFFSET 0
			*UVW_U_TILING 1
			*UVW_V_TILING 1
			*UVW_ANGLE 0
			*UVW_BLUR 1
			*UVW_BLUR_OFFSET 0
			*UVW_NOUSE_AMT 1
			*UVW_NOISE_SIZE 1
			*UVW_NOISE_LEVEL 1
			*UVW_NOISE_PHASE 0
			*BITMAP_FILTER Pyramidal
		}
	}
}
*HELPEROBJECT {
	*NODE_NAME "Bip01"
	*NODE_TM {
		*NODE_NAME "Bip01"
		*TM_ROW0 1.26759e-006	-1	0
		*TM_ROW1 1	1.26759e-006	0
		*TM_ROW2 -0	-0	1
		*TM_ROW3 0.138162	28.5923	71.7112
		*TM_POS 0.138162	28.5923	71.7112
		*TM_ROTAXIS 0	0	1
		*TM_ROTANGLE 1.5708
		*TM_SCALE 1	1	1
		*TM_SCALEAXIS 0	0	0
		*TM_SCALEAXISANG 0	0	0
	}
}
*HELPEROBJECT {
	*NODE_NAME "Bip01 Pelvis"
	*NODE_PARENT "Bip01"
	*NODE_TM {
		*NODE_NAME "Bip01 Pelvis"
		*TM_ROW0 -1.19209e-006	-1.64892e-007	1
		*TM_ROW1 2.99332e-006	-1	-1.64887e-007
		*TM_ROW2 1	2.99332e-006	1.66893e-006
		*TM_ROW3 0.138205	28.5052	71.7112
		*TM_POS 0.138205	28.5052	71.7112
		*TM_ROTAXIS -0.707106	-1e-006	-0.707107
		*TM_ROTANGLE 3.14159
		*TM_SCALE 1	1	1
		*TM_SCALEAXIS 0	0	0
		*TM_SCALEAXISANG 0	0	0
	}
}
*HELPEROBJECT {
	*NODE_NAME "Bip01 Spine"
	*NODE_PARENT "Bip01 Pelvis"
	*NODE_TM {
		*NODE_NAME "Bip01 Spine"
		*TM_ROW0 1.46031e-006	-1	-0.000796169
		*TM_ROW1 -2.20537e-006	0.000796258	-1
		*TM_ROW2 1	1.2815e-006	-2.08616e-006
		*TM_ROW3 0.138185	18.8606	79.0297
		*TM_POS 0.138185	18.8606	79.0297
		*TM_ROTAXIS 0.577198	-0.577657	0.577196
		*TM_ROTANGLE 2.09394
		*TM_SCALE 1	1	1
		*TM_SCALEAXIS 0	0	0
		*TM_SCALEAXISANG 0	0	0
	}
}
*HELPEROBJECT {
	*NODE_NAME "Bip01 Spine1"
	*NODE_PARENT "Bip01 Spine"
	*NODE_TM {
		*NODE_NAME "Bip01 Spine1"
		*TM_ROW0 2.38419e-006	-0.996264	0.0863627
		*TM_ROW1 -3.12924e-006	-0.0863625	-0.996264
		*TM_ROW2 1	1.90735e-006	-3.09944e-006
		*TM_ROW3 0.138213	-1.6097	79.0269
		*TM_POS 0.138213	-1.6097	79.0269
		*TM_ROTAXIS 0.593287	-0.544081	0.593284
		*TM_ROTANGLE 2.14502
		*TM_SCALE 1	1	1
		*TM_SCALEAXIS 0	0	0
		*TM_SCALEAXISANG 0	0	0
	}
}
*HELPEROBJECT {
	*NODE_NAME "Bip01 Spine2"
	*NODE_PARENT "Bip01 Spine1"
	*NODE_TM {
		*NODE_NAME "Bip01 Spine2"
		*TM_ROW0 1.72853e-006	-0.906644	0.421897
		*TM_ROW1 -2.35438e-006	-0.421897	-0.906644
		*TM_ROW2 1	4.17232e-007	-2.74181e-006
		*TM_ROW3 0.138236	-18.6087	80.5302
		*TM_POS 0.138236	-18.6087	80.5302
		*TM_ROTAXIS 0.644616	-0.411026	0.644614
		*TM_ROTANGLE 2.36164
		*TM_SCALE 1	1	1
		*TM_SCALEAXIS 0	0	0
		*TM_SCALEAXISANG 0	0	0
	}
}
*HELPEROBJECT {
	*NODE_NAME "Bip01 L Claw"
	*NODE_PARENT "Bip01 Spine2"
	*NODE_TM {
		*NODE_NAME "Bip01 L Claw"
		*TM_ROW0 0.893131	0.445028	0.0653226
		*TM_ROW1 -0.417043	0.764911	0.490904
		*TM_ROW2 0.1685	-0.465684	0.868761
		*TM_ROW3 22.4855	-51.1352	103.972
		*TM_POS 22.4855	-51.1352	103.972
		*TM_ROTAXIS -0.74048	-0.079868	-0.667316
		*TM_ROTANGLE 0.702233
		*TM_SCALE 1	1	1
		*TM_SCALEAXIS 0	0	0
		*TM_SCALEAXISANG 0	0	0
	}
}
*HELPEROBJECT {
	*NODE_NAME "Bip01 L Claw1"
	*NODE_PARENT "Bip01 L Claw"
	*NODE_TM {
		*NODE_NAME "Bip01 L Claw1"
		*TM_ROW0 0.992257	0.1235	0.0131851
		*TM_ROW1 -0.110226	0.924548	-0.364775
		*TM_ROW2 -0.0572401	0.360497	0.931002
		*TM_ROW3 52.9415	-106.871	67.2726
		*TM_POS 52.9415	-106.871	67.2726
		*TM_ROTAXIS 0.947759	0.092029	-0.305424
		*TM_ROTANGLE 0.392636
		*TM_SCALE 1	1	1
		*TM_SCALEAXIS 0	0	0
		*TM_SCALEAXISANG 0	0	0
	}
}
*HELPEROBJECT {
	*NODE_NAME "Bip01 L Claw2"
	*NODE_PARENT "Bip01 L Claw1"
	*NODE_TM {
		*NODE_NAME "Bip01 L Claw2"
		*TM_ROW0 0.992257	0.1235	0.0131848
		*TM_ROW1 -0.0686327	0.456736	0.886951
		*TM_ROW2 0.103517	-0.880988	0.461675
		*TM_ROW3 56.6018	-137.612	79.7626
		*TM_POS 56.6018	-137.612	79.7626
		*TM_ROTAXIS -0.992867	-0.05073	-0.107901
		*TM_ROTANGLE 1.09805
		*TM_SCALE 1	1	1
		*TM_SCALEAXIS 0	0	0
		*TM_SCALEAXISANG 0	0	0
	}
}
*HELPEROBJECT {
	*NODE_NAME "Bip01 R Claw"
	*NODE_PARENT "Bip01 Spine2"
	*NODE_TM {
		*NODE_NAME "Bip01 R Claw"
		*TM_ROW0 0.893131	-0.445029	-0.0653228
		*TM_ROW1 -0.417043	-0.764911	-0.490903
		*TM_ROW2 0.1685	0.465683	-0.868762
		*TM_ROW3 -22.4856	-51.1352	103.972
		*TM_POS -22.4856	-51.1352	103.972
		*TM_ROTAXIS 0.971009	-0.237348	0.028407
		*TM_ROTANGLE 2.62655
		*TM_SCALE 1	1	1
		*TM_SCALEAXIS 0	0	0
		*TM_SCALEAXISANG 0	0	0
	}
}
*HELPEROBJECT {
	*NODE_NAME "Bip01 R Claw1"
	*NODE_PARENT "Bip01 R Claw"
	*NODE_TM {
		*NODE_NAME "Bip01 R Claw1"
		*TM_ROW0 0.992257	-0.123501	-0.0131851
		*TM_ROW1 -0.110226	-0.924548	0.364775
		*TM_ROW2 -0.0572403	-0.360497	-0.931002
		*TM_ROW3 -52.9417	-106.871	67.2726
		*TM_POS -52.9417	-106.871	67.2726
		*TM_ROTAXIS 0.997994	-0.060621	-0.018266
		*TM_ROTANGLE 3.51347
		*TM_SCALE 1	1	1
		*TM_SCALEAXIS 0	0	0
		*TM_SCALEAXISANG 0	0	0
	}
}
*HELPEROBJECT {
	*NODE_NAME "Bip01 R Claw2"
	*NODE_PARENT "Bip01 R Claw1"
	*NODE_TM {
		*NODE_NAME "Bip01 R Claw2"
		*TM_ROW0 0.992257	-0.1235	-0.0131856
		*TM_ROW1 -0.0686332	-0.456736	-0.886951
		*TM_ROW2 0.103516	0.880988	-0.461675
		*TM_ROW3 -56.602	-137.612	79.7626
		*TM_POS -56.602	-137.612	79.7626
		*TM_ROTAXIS 0.99735	-0.065835	0.030952
		*TM_ROTANGLE 2.05226
		*TM_SCALE 1	1	1
		*TM_SCALEAXIS 0	0	0
		*TM_SCALEAXISANG 0	0	0
	}
}
*HELPEROBJECT {
	*NODE_NAME "Bip01 Neck"
	*NODE_PARENT "Bip01 Spine2"
	*NODE_TM {
		*NODE_NAME "Bip01 Neck"
		*TM_ROW0 1.90735e-006	-0.860426	0.509575
		*TM_ROW1 -2.05636e-006	-0.509575	-0.860426
		*TM_ROW2 1	5.36441e-007	-2.563e-006
		*TM_ROW3 0.138286	-54.504	97.2505
		*TM_POS 0.138286	-54.504	97.2505
		*TM_ROTAXIS 0.655844	-0.373817	0.655842
		*TM_ROTANGLE 2.42613
		*TM_SCALE 1	1	1
		*TM_SCALEAXIS 0	0	0
		*TM_SCALEAXISANG 0	0	0
	}
}
*HELPEROBJECT {
	*NODE_NAME "Bip01 Neck1"
	*NODE_PARENT "Bip01 Neck"
	*NODE_TM {
		*NODE_NAME "Bip01 Neck1"
		*TM_ROW0 2.98023e-007	-0.875324	0.483536
		*TM_ROW1 -2.08616e-006	-0.483536	-0.875324
		*TM_ROW2 1	-7.15256e-007	-2.08616e-006
		*TM_ROW3 0.138308	-71.0246	107.059
		*TM_POS 0.138308	-71.0246	107.059
		*TM_ROTAXIS 0.652588	-0.385044	0.652587
		*TM_ROTANGLE 2.4065
		*TM_SCALE 1	1	1
		*TM_SCALEAXIS 0	0	0
		*TM_SCALEAXISANG 0	0	0
	}
}
*HELPEROBJECT {
	*NODE_NAME "Bip01 Head"
	*NODE_PARENT "Bip01 Neck1"
	*NODE_TM {
		*NODE_NAME "Bip01 Head"
		*TM_ROW0 1.19209e-007	1.10237e-006	1
		*TM_ROW1 -1.11829e-006	-1	1.07628e-006
		*TM_ROW2 1	-1.1183e-006	1.19209e-007
		*TM_ROW3 0.13834	-93.988	119.744
		*TM_POS 0.13834	-93.988	119.744
		*TM_ROTAXIS -0.707107	1.48545e-008	-0.707107
		*TM_ROTANGLE 3.14159
		*TM_SCALE 1	1	1
		*TM_SCALEAXIS 0	0	0
		*TM_SCALEAXISANG 0	0	0
	}
}
*HELPEROBJECT {
	*NODE_NAME "Bip01 L J1"
	*NODE_PARENT "Bip01 Head"
	*NODE_TM {
		*NODE_NAME "Bip01 L J1"
		*TM_ROW0 1	-6.96502e-006	-2.67816e-006
		*TM_ROW1 7.43426e-006	0.960896	0.276909
		*TM_ROW2 6.44753e-007	-0.276909	0.960896
		*TM_ROW3 20.9662	-92.9609	105.923
		*TM_POS 20.9662	-92.9609	105.923
		*TM_ROTAXIS -1	-6e-006	2.6e-005
		*TM_ROTANGLE 0.280576
		*TM_SCALE 1	1	1
		*TM_SCALEAXIS 0	0	0
		*TM_SCALEAXISANG 0	0	0
	}
}
*HELPEROBJECT {
	*NODE_NAME "Bip01 L J"
	*NODE_PARENT "Bip01 Head"
	*NODE_TM {
		*NODE_NAME "Bip01 L J"
		*TM_ROW0 1	-6.96502e-006	-2.67816e-006
		*TM_ROW1 7.43426e-006	0.960896	0.276909
		*TM_ROW2 6.44753e-007	-0.276909	0.960896
		*TM_ROW3 20.9662	-92.9609	114.925
		*TM_POS 20.9662	-92.9609	114.925
		*TM_ROTAXIS -1	-6e-006	2.6e-005
		*TM_ROTANGLE 0.280576
		*TM_SCALE 1	1	1
		*TM_SCALEAXIS 0	0	0
		*TM_SCALEAXISANG 0	0	0
	}
}
*HELPEROBJECT {
	*NODE_NAME "Bip01 R J1"
	*NODE_PARENT "Bip01 Head"
	*NODE_TM {
		*NODE_NAME "Bip01 R J1"
		*TM_ROW0 1	-7.8434e-006	-1.10828e-006
		*TM_ROW1 -7.8434e-006	-0.96085	-0.27707
		*TM_ROW2 1.10828e-006	0.27707	-0.96085
		*TM_ROW3 -20.9664	-92.9609	105.923
		*TM_POS -20.9664	-92.9609	105.923
		*TM_ROTAXIS 1	-4e-006	-5.79784e-014
		*TM_ROTANGLE 2.86085
		*TM_SCALE 1	1	1
		*TM_SCALEAXIS 0	0	0
		*TM_SCALEAXISANG 0	0	0
	}
}
*HELPEROBJECT {
	*NODE_NAME "Bip01 R J"
	*NODE_PARENT "Bip01 Head"
	*NODE_TM {
		*NODE_NAME "Bip01 R J"
		*TM_ROW0 1	-7.8434e-006	-1.10828e-006
		*TM_ROW1 -7.8434e-006	-0.96085	-0.277069
		*TM_ROW2 1.10828e-006	0.277069	-0.96085
		*TM_ROW3 -20.9664	-92.9609	114.925
		*TM_POS -20.9664	-92.9609	114.925
		*TM_ROTAXIS 1	-4e-006	-8.69675e-014
		*TM_ROTANGLE 2.86085
		*TM_SCALE 1	1	1
		*TM_SCALEAXIS 0	0	0
		*TM_SCALEAXISANG 0	0	0
	}
}
*HELPEROBJECT {
	*NODE_NAME "Bip01 L Clavicle"
	*NODE_PARENT "Bip01 Neck"
	*NODE_TM {
		*NODE_NAME "Bip01 L Clavicle"
		*TM_ROW0 0.999676	0.0230802	-0.0107617
		*TM_ROW1 -7.20844e-007	0.422619	0.906308
		*TM_ROW2 0.0254659	-0.906014	0.422482
		*TM_ROW3 17.3398	-19.2114	82.4134
		*TM_POS 17.3398	-19.2114	82.4134
		*TM_ROTAXIS -0.999719	-0.019984	-0.012732
		*TM_ROTANGLE 1.13472
		*TM_SCALE 1	1	1
		*TM_SCALEAXIS 0	0	0
		*TM_SCALEAXISANG 0	0	0
	}
}
*HELPEROBJECT {
	*NODE_NAME "Bip01 L UpperArm"
	*NODE_PARENT "Bip01 L Clavicle"
	*NODE_TM {
		*NODE_NAME "Bip01 L UpperArm"
		*TM_ROW0 0.873434	-0.346233	0.342397
		*TM_ROW1 -0.245115	0.294956	0.923536
		*TM_ROW2 -0.420751	-0.890575	0.172758
		*TM_ROW3 29.534	-18.9299	82.2821
		*TM_POS 29.534	-18.9299	82.2821
		*TM_ROTAXIS -0.920546	0.387249	0.0513111
		*TM_ROTANGLE 1.39938
		*TM_SCALE 1	1	1
		*TM_SCALEAXIS 0	0	0
		*TM_SCALEAXISANG 0	0	0
	}
}
*HELPEROBJECT {
	*NODE_NAME "Bip01 L Forearm"
	*NODE_PARENT "Bip01 L UpperArm"
	*NODE_TM {
		*NODE_NAME "Bip01 L Forearm"
		*TM_ROW0 0.331439	-0.328179	-0.88456
		*TM_ROW1 0.844462	-0.314922	0.433253
		*TM_ROW2 -0.420752	-0.890574	0.172757
		*TM_ROW3 79.1939	-38.6153	101.749
		*TM_POS 79.1939	-38.6153	101.749
		*TM_ROTAXIS -0.724071	-0.253681	0.641379
		*TM_ROTANGLE 1.98817
		*TM_SCALE 1	1	1
		*TM_SCALEAXIS 0	0	0
		*TM_SCALEAXISANG 0	0	0
	}
}
*HELPEROBJECT {
	*NODE_NAME "Bip01 L Hand"
	*NODE_PARENT "Bip01 L Forearm"
	*NODE_TM {
		*NODE_NAME "Bip01 L Hand"
		*TM_ROW0 0.331439	-0.328179	-0.88456
		*TM_ROW1 0.1073	0.944583	-0.310243
		*TM_ROW2 0.937355	0.00791312	0.348286
		*TM_ROW3 117.056	-76.1051	0.700955
		*TM_POS 117.056	-76.1051	0.700955
		*TM_ROTAXIS 0.167445	-0.958871	0.229192
		*TM_ROTANGLE 1.25334
		*TM_SCALE 1	1	1
		*TM_SCALEAXIS 0	0	0
		*TM_SCALEAXISANG 0	0	0
	}
}
*HELPEROBJECT {
	*NODE_NAME "Bip01 R Clavicle"
	*NODE_PARENT "Bip01 Neck"
	*NODE_TM {
		*NODE_NAME "Bip01 R Clavicle"
		*TM_ROW0 -0.999676	0.0230764	-0.0107619
		*TM_ROW1 -1.07195e-006	0.422619	0.906308
		*TM_ROW2 0.0254625	0.906014	-0.422482
		*TM_ROW3 -17.0633	-19.2115	82.4134
		*TM_POS -17.0633	-19.2115	82.4134
		*TM_ROTAXIS 0.006841	0.843372	0.537287
		*TM_ROTANGLE 3.16307
		*TM_SCALE 1	1	1
		*TM_SCALEAXIS 0	0	0
		*TM_SCALEAXISANG 0	0	0
	}
}
*HELPEROBJECT {
	*NODE_NAME "Bip01 R UpperArm"
	*NODE_PARENT "Bip01 R Clavicle"
	*NODE_TM {
		*NODE_NAME "Bip01 R UpperArm"
		*TM_ROW0 -0.873433	-0.346237	0.342396
		*TM_ROW1 0.245114	0.294957	0.923537
		*TM_ROW2 -0.420755	0.890573	-0.172757
		*TM_ROW3 -29.2576	-18.93	82.2821
		*TM_POS -29.2576	-18.93	82.2821
		*TM_ROTAXIS -0.034123	0.79	0.612156
		*TM_ROTANGLE 2.63751
		*TM_SCALE 1	1	1
		*TM_SCALEAXIS 0	0	0
		*TM_SCALEAXISANG 0	0	0
	}
}
*HELPEROBJECT {
	*NODE_NAME "Bip01 R Forearm"
	*NODE_PARENT "Bip01 R UpperArm"
	*NODE_TM {
		*NODE_NAME "Bip01 R Forearm"
		*TM_ROW0 -0.331439	-0.32818	-0.88456
		*TM_ROW1 -0.844461	-0.314924	0.433254
		*TM_ROW2 -0.420754	0.890574	-0.172757
		*TM_ROW3 -78.9174	-38.6155	101.749
		*TM_POS -78.9174	-38.6155	101.749
		*TM_ROTAXIS 0.550228	-0.558032	-0.621168
		*TM_ROTANGLE 2.71302
		*TM_SCALE 1	1	1
		*TM_SCALEAXIS 0	0	0
		*TM_SCALEAXISANG 0	0	0
	}
}
*HELPEROBJECT {
	*NODE_NAME "Bip01 R Hand"
	*NODE_PARENT "Bip01 R Forearm"
	*NODE_TM {
		*NODE_NAME "Bip01 R Hand"
		*TM_ROW0 -0.331438	-0.328179	-0.88456
		*TM_ROW1 -0.107303	0.944582	-0.310242
		*TM_ROW2 0.937355	-0.00790976	-0.348286
		*TM_ROW3 -116.78	-76.1055	0.700937
		*TM_POS -116.78	-76.1055	0.700937
		*TM_ROTAXIS 0.162545	-0.979529	0.118751
		*TM_ROTANGLE 1.94719
		*TM_SCALE 1	1	1
		*TM_SCALEAXIS 0	0	0
		*TM_SCALEAXISANG 0	0	0
	}
}
*HELPEROBJECT {
	*NODE_NAME "Bip01 L Thigh"
	*NODE_PARENT "Bip01 Spine"
	*NODE_TM {
		*NODE_NAME "Bip01 L Thigh"
		*TM_ROW0 0.870208	0.434415	0.232427
		*TM_ROW1 -0.187401	-0.144445	0.971605
		*TM_ROW2 0.455653	-0.889055	-0.0442873
		*TM_ROW3 19.1862	28.5052	71.7112
		*TM_POS 19.1862	28.5052	71.7112
		*TM_ROTAXIS -0.942358	-0.113056	-0.314928
		*TM_ROTANGLE 1.73074
		*TM_SCALE 1	1	1
		*TM_SCALEAXIS 0	0	0
		*TM_SCALEAXISANG 0	0	0
	}
}
*HELPEROBJECT {
	*NODE_NAME "Bip01 L Calf"
	*NODE_PARENT "Bip01 L Thigh"
	*NODE_TM {
		*NODE_NAME "Bip01 L Calf"
		*TM_ROW0 0.332405	0.216094	-0.918047
		*TM_ROW1 0.825765	0.403589	0.39399
		*TM_ROW2 0.455652	-0.889055	-0.0442874
		*TM_ROW3 58.5463	48.1541	82.2241
		*TM_POS 58.5463	48.1541	82.2241
		*TM_ROTAXIS -0.649283	-0.695158	0.308523
		*TM_ROTANGLE 1.72556
		*TM_SCALE 1	1	1
		*TM_SCALEAXIS 0	0	0
		*TM_SCALEAXISANG 0	0	0
	}
}
*HELPEROBJECT {
	*NODE_NAME "Bip01 L Foot"
	*NODE_PARENT "Bip01 L Calf"
	*NODE_TM {
		*NODE_NAME "Bip01 L Foot"
		*TM_ROW0 1.19384e-007	-4.5423e-007	-1
		*TM_ROW1 4.15359e-007	-1	4.37621e-007
		*TM_ROW2 -1	-4.23918e-007	1.08158e-007
		*TM_ROW3 84.4	64.9613	10.8204
		*TM_POS 84.4	64.9613	10.8204
		*TM_ROTAXIS 0.707107	-1.37429e-008	-0.707107
		*TM_ROTANGLE 3.14159
		*TM_SCALE 1	1	1
		*TM_SCALEAXIS 0	0	0
		*TM_SCALEAXISANG 0	0	0
	}
}
*HELPEROBJECT {
	*NODE_NAME "Bip01 L Toe0"
	*NODE_PARENT "Bip01 L Foot"
	*NODE_TM {
		*NODE_NAME "Bip01 L Toe0"
		*TM_ROW0 1.78936e-006	-1	8.30834e-008
		*TM_ROW1 8.92327e-008	1.59296e-007	1
		*TM_ROW2 -1	-1.70851e-006	1.3796e-007
		*TM_ROW3 84.4001	56.2818	0.0296977
		*TM_POS 84.4001	56.2818	0.0296977
		*TM_ROTAXIS -0.577351	0.57735	0.57735
		*TM_ROTANGLE 2.09439
		*TM_SCALE 1	1	1
		*TM_SCALEAXIS 0	0	0
		*TM_SCALEAXISANG 0	0	0
	}
}
*HELPEROBJECT {
	*NODE_NAME "Bip01 R Thigh"
	*NODE_PARENT "Bip01 Spine"
	*NODE_TM {
		*NODE_NAME "Bip01 R Thigh"
		*TM_ROW0 -0.870209	0.434413	0.232428
		*TM_ROW1 0.187402	-0.144445	0.971605
		*TM_ROW2 0.45565	0.889057	0.0442873
		*TM_ROW3 -18.9098	28.5051	71.7112
		*TM_POS -18.9098	28.5051	71.7112
		*TM_ROTAXIS -0.240658	-0.650774	-0.720123
		*TM_ROTANGLE 2.96923
		*TM_SCALE 1	1	1
		*TM_SCALEAXIS 0	0	0
		*TM_SCALEAXISANG 0	0	0
	}
}
*HELPEROBJECT {
	*NODE_NAME "Bip01 R Calf"
	*NODE_PARENT "Bip01 R Thigh"
	*NODE_TM {
		*NODE_NAME "Bip01 R Calf"
		*TM_ROW0 -0.332405	0.216092	-0.918047
		*TM_ROW1 -0.825766	0.403586	0.393989
		*TM_ROW2 0.455649	0.889057	0.0442871
		*TM_ROW3 -58.27	48.1539	82.2241
		*TM_POS -58.27	48.1539	82.2241
		*TM_ROTAXIS 0.275993	-0.765816	-0.580821
		*TM_ROTANGLE 2.02892
		*TM_SCALE 1	1	1
		*TM_SCALEAXIS 0	0	0
		*TM_SCALEAXISANG 0	0	0
	}
}
*HELPEROBJECT {
	*NODE_NAME "Bip01 R Foot"
	*NODE_PARENT "Bip01 R Calf"
	*NODE_TM {
		*NODE_NAME "Bip01 R Foot"
		*TM_ROW0 1.23959e-007	-4.51549e-007	-1
		*TM_ROW1 4.18951e-007	-1	4.51777e-007
		*TM_ROW2 -1	-4.9073e-007	1.39644e-007
		*TM_ROW3 -84.1237	64.9611	10.8205
		*TM_POS -84.1237	64.9611	10.8205
		*TM_ROTAXIS 0.707107	1.3772e-008	-0.707107
		*TM_ROTANGLE 3.14159
		*TM_SCALE 1	1	1
		*TM_SCALEAXIS 0	0	0
		*TM_SCALEAXISANG 0	0	0
	}
}
*HELPEROBJECT {
	*NODE_NAME "Bip01 R Toe0"
	*NODE_PARENT "Bip01 R Foot"
	*NODE_TM {
		*NODE_NAME "Bip01 R Toe0"
		*TM_ROW0 1.79295e-006	-1	9.72392e-008
		*TM_ROW1 8.46568e-008	1.56616e-007	1
		*TM_ROW2 -1	-1.77532e-006	1.69447e-007
		*TM_ROW3 -84.1237	56.2816	0.0297134
		*TM_POS -84.1237	56.2816	0.0297134
		*TM_ROTAXIS -0.577351	0.57735	0.57735
		*TM_ROTANGLE 2.09439
		*TM_SCALE 1	1	1
		*TM_SCALEAXIS 0	0	0
		*TM_SCALEAXISANG 0	0	0
	}
}
*GEOMOBJECT {
	*NODE_NAME "zm_Frill"
	*NODE_PARENT "Bip01 L Claw"
	*NODE_TM {
		*NODE_NAME "zm_Frill"
		*TM_ROW0 0.893131	0.445028	0.0653226
		*TM_ROW1 -0.417043	0.764911	0.490904
		*TM_ROW2 0.1685	-0.465684	0.868761
		*TM_ROW3 22.4855	-51.1352	103.972
		*TM_POS 22.4855	-51.1352	103.972
		*TM_ROTAXIS -0.74048	-0.079868	-0.667316
		*TM_ROTANGLE 0.702233
		*TM_SCALE 1	1	1
		*TM_SCALEAXIS 0	0	0
		*TM_SCALEAXISANG 0	0	0
	}
	*MATERIAL_REF 0
	*MESH {
		*TIMEVALUE 0
		*MESH_NUMVERTEX 13
		*MESH_NUMFACES 22
		*MESH_VERTEX_LIST {
			*MESH_VERTEX 0	55.5977	-117.16	58.0183
			*MESH_VERTEX 1	24.1372	-54.4464	109.707
			*MESH_VERTEX 2	57.5625	-105.162	70.6337
			*MESH_VERTEX 3	19.2768	-45.7038	106.249
			*MESH_VERTEX 4	50.4424	-106.303	78.0062
			*MESH_VERTEX 5	47.0766	-102.609	67.1678
			*MESH_VERTEX 6	46.2282	-110.266	68.4152
			*MESH_VERTEX 7	49.3468	-101.28	73.1287
			*MESH_VERTEX 8	16.5971	-54.0619	103.427
			*MESH_VERTEX 9	27.9269	-46.797	103.538
			*MESH_VERTEX 10	21.659	-47.7979	97.9029
			*MESH_VERTEX 11	54.9383	-100.921	68.6691
			*MESH_VERTEX 12	51.7088	-101.19	61.6023
		}
		*MESH_FACE_LIST {
			*MESH_FACE    0:    A:    11 B:    12 C:    10 AB:    1 BC:    1 CA:    1	 *MESH_SMOOTHING 1 	*MESH_MTLID 0
			*MESH_FACE    1:    A:    1 B:    7 C:    11 AB:    1 BC:    1 CA:    1	 *MESH_SMOOTHING 1 	*MESH_MTLID 0
			*MESH_FACE    2:    A:    11 B:    9 C:    1 AB:    1 BC:    1 CA:    1	 *MESH_SMOOTHING 1 	*MESH_MTLID 0
			*MESH_FACE    3:    A:    1 B:    8 C:    5 AB:    1 BC:    1 CA:    1	 *MESH_SMOOTHING 1 	*MESH_MTLID 0
			*MESH_FACE    4:    A:    5 B:    7 C:    1 AB:    1 BC:    1 CA:    1	 *MESH_SMOOTHING 1 	*MESH_MTLID 0
			*MESH_FACE    5:    A:    0 B:    2 C:    6 AB:    1 BC:    1 CA:    1	 *MESH_SMOOTHING 1 	*MESH_MTLID 0
			*MESH_FACE    6:    A:    12 B:    5 C:    10 AB:    1 BC:    1 CA:    1	 *MESH_SMOOTHING 1 	*MESH_MTLID 0
			*MESH_FACE    7:    A:    5 B:    12 C:    6 AB:    1 BC:    1 CA:    1	 *MESH_SMOOTHING 1 	*MESH_MTLID 0
			*MESH_FACE    8:    A:    7 B:    5 C:    6 AB:    1 BC:    1 CA:    1	 *MESH_SMOOTHING 1 	*MESH_MTLID 0
			*MESH_FACE    9:    A:    4 B:    6 C:    2 AB:    1 BC:    1 CA:    1	 *MESH_SMOOTHING 1 	*MESH_MTLID 0
			*MESH_FACE    10:    A:    7 B:    4 C:    2 AB:    1 BC:    1 CA:    1	 *MESH_SMOOTHING 1 	*MESH_MTLID 0
			*MESH_FACE    11:    A:    6 B:    4 C:    7 AB:    1 BC:    1 CA:    1	 *MESH_SMOOTHING 1 	*MESH_MTLID 0
			*MESH_FACE    12:    A:    8 B:    10 C:    5 AB:    1 BC:    1 CA:    1	 *MESH_SMOOTHING 1 	*MESH_MTLID 0
			*MESH_FACE    13:    A:    8 B:    1 C:    3 AB:    1 BC:    1 CA:    1	 *MESH_SMOOTHING 1 	*MESH_MTLID 0
			*MESH_FACE    14:    A:    3 B:    1 C:    9 AB:    1 BC:    1 CA:    1	 *MESH_SMOOTHING 1 	*MESH_MTLID 0
			*MESH_FACE    15:    A:    10 B:    9 C:    11 AB:    1 BC:    1 CA:    1	 *MESH_SMOOTHING 1 	*MESH_MTLID 0
			*MESH_FACE    16:    A:    10 B:    8 C:    3 AB:    1 BC:    1 CA:    1	 *MESH_SMOOTHING 1 	*MESH_MTLID 0
			*MESH_FACE    17:    A:    9 B:    10 C:    3 AB:    1 BC:    1 CA:    1	 *MESH_SMOOTHING 1 	*MESH_MTLID 0
			*MESH_FACE    18:    A:    2 B:    11 C:    7 AB:    1 BC:    1 CA:    1	 *MESH_SMOOTHING 1 	*MESH_MTLID 0
			*MESH_FACE    19:    A:    12 B:    11 C:    2 AB:    1 BC:    1 CA:    1	 *MESH_SMOOTHING 1 	*MESH_MTLID 0
			*MESH_FACE    20:    A:    0 B:    6 C:    12 AB:    1 BC:    1 CA:    1	 *MESH_SMOOTHING 1 	*MESH_MTLID 0
			*MESH_FACE    21:    A:    2 B:    0 C:    12 AB:    1 BC:    1 CA:    1	 *MESH_SMOOTHING 1 	*MESH_MTLID 0
		}
		*MESH_NUMTVERTEX 17
		*MESH_TVERTLIST {
			*MESH_TVERT 0	0.303741	0.352324	0
			*MESH_TVERT 1	0.281856	0.312242	0
			*MESH_TVERT 2	0.39838	0.253274	0
			*MESH_TVERT 3	0.439868	0.333439	0
			*MESH_TVERT 4	0.318597	0.390314	0
			*MESH_TVERT 5	0.435791	0.28865	0
			*MESH_TVERT 6	0.434213	0.286723	0
			*MESH_TVERT 7	0.303954	0.353151	0
			*MESH_TVERT 8	0.390954	0.288746	0
			*MESH_TVERT 9	0.363896	0.32564	0
			*MESH_TVERT 10	0.417107	0.316414	0
			*MESH_TVERT 11	0.261192	0.36717	0
			*MESH_TVERT 12	0.39418	0.354699	0
			*MESH_TVERT 13	0.269247	0.393584	0
			*MESH_TVERT 14	0.2596	0.364336	0
			*MESH_TVERT 15	0.456696	0.281087	0
			*MESH_TVERT 16	0.246047	0.327652	0
		}
		*MESH_NUMTVFACES 22
		*MESH_TFACELIST {
			*MESH_TFACE 0	0	1	2
			*MESH_TFACE 1	3	4	0
			*MESH_TFACE 2	0	5	3
			*MESH_TFACE 3	3	6	7
			*MESH_TFACE 4	7	4	3
			*MESH_TFACE 5	8	9	10
			*MESH_TFACE 6	1	7	2
			*MESH_TFACE 7	7	1	11
			*MESH_TFACE 8	4	7	11
			*MESH_TFACE 9	12	10	9
			*MESH_TFACE 10	4	13	14
			*MESH_TFACE 11	11	13	4
			*MESH_TFACE 12	6	2	7
			*MESH_TFACE 13	6	3	15
			*MESH_TFACE 14	15	3	5
			*MESH_TFACE 15	2	5	0
			*MESH_TFACE 16	2	6	15
			*MESH_TFACE 17	5	2	15
			*MESH_TFACE 18	14	0	4
			*MESH_TFACE 19	1	0	14
			*MESH_TFACE 20	16	11	1
			*MESH_TFACE 21	14	16	1
		}
	}
}
*GEOMOBJECT {
	*NODE_NAME "zm_Frill1"
	*NODE_PARENT "Bip01 L Claw1"
	*NODE_TM {
		*NODE_NAME "zm_Frill1"
		*TM_ROW0 0.992257	0.1235	0.0131851
		*TM_ROW1 -0.110226	0.924548	-0.364775
		*TM_ROW2 -0.0572401	0.360497	0.931002
		*TM_ROW3 52.9415	-106.871	67.2726
		*TM_POS 52.9415	-106.871	67.2726
		*TM_ROTAXIS 0.947759	0.092029	-0.305424
		*TM_ROTANGLE 0.392636
		*TM_SCALE 1	1	1
		*TM_SCALEAXIS 0	0	0
		*TM_SCALEAXISANG 0	0	0
	}
	*MATERIAL_REF 0
	*MESH {
		*TIMEVALUE 0
		*MESH_NUMVERTEX 13
		*MESH_NUMFACES 22
		*MESH_VERTEX_LIST {
			*MESH_VERTEX 0	57.5944	-147.648	85.7629
			*MESH_VERTEX 1	52.8669	-109.577	63.8786
			*MESH_VERTEX 2	53.1711	-133.252	82.3394
			*MESH_VERTEX 3	61.4929	-135.647	79.4618
			*MESH_VERTEX 4	51.8583	-103.488	66.7214
			*MESH_VERTEX 5	51.7612	-138.58	79.3223
			*MESH_VERTEX 6	56.3187	-133.688	73.2721
			*MESH_VERTEX 7	55.6027	-131.02	78.2632
			*MESH_VERTEX 8	59.7154	-132.621	81.9721
			*MESH_VERTEX 9	48.0404	-107.929	67.5865
			*MESH_VERTEX 10	56.549	-134.215	87.1298
			*MESH_VERTEX 11	56.4922	-106.496	68.6842
			*MESH_VERTEX 12	52.1288	-105.931	71.901
		}
		*MESH_FACE_LIST {
			*MESH_FACE    0:    A:    12 B:    2 C:    10 AB:    1 BC:    1 CA:    1	 *MESH_SMOOTHING 1 	*MESH_MTLID 0
			*MESH_FACE    1:    A:    1 B:    7 C:    2 AB:    1 BC:    1 CA:    1	 *MESH_SMOOTHING 1 	*MESH_MTLID 0
			*MESH_FACE    2:    A:    12 B:    10 C:    8 AB:    1 BC:    1 CA:    1	 *MESH_SMOOTHING 1 	*MESH_MTLID 0
			*MESH_FACE    3:    A:    8 B:    7 C:    1 AB:    1 BC:    1 CA:    1	 *MESH_SMOOTHING 1 	*MESH_MTLID 0
			*MESH_FACE    4:    A:    1 B:    11 C:    8 AB:    1 BC:    1 CA:    1	 *MESH_SMOOTHING 1 	*MESH_MTLID 0
			*MESH_FACE    5:    A:    2 B:    9 C:    1 AB:    1 BC:    1 CA:    1	 *MESH_SMOOTHING 1 	*MESH_MTLID 0
			*MESH_FACE    6:    A:    5 B:    10 C:    2 AB:    1 BC:    1 CA:    1	 *MESH_SMOOTHING 1 	*MESH_MTLID 0
			*MESH_FACE    7:    A:    5 B:    3 C:    0 AB:    1 BC:    1 CA:    1	 *MESH_SMOOTHING 1 	*MESH_MTLID 0
			*MESH_FACE    8:    A:    3 B:    5 C:    6 AB:    1 BC:    1 CA:    1	 *MESH_SMOOTHING 1 	*MESH_MTLID 0
			*MESH_FACE    9:    A:    5 B:    2 C:    7 AB:    1 BC:    1 CA:    1	 *MESH_SMOOTHING 1 	*MESH_MTLID 0
			*MESH_FACE    10:    A:    3 B:    6 C:    7 AB:    1 BC:    1 CA:    1	 *MESH_SMOOTHING 1 	*MESH_MTLID 0
			*MESH_FACE    11:    A:    7 B:    6 C:    5 AB:    1 BC:    1 CA:    1	 *MESH_SMOOTHING 1 	*MESH_MTLID 0
			*MESH_FACE    12:    A:    7 B:    8 C:    3 AB:    1 BC:    1 CA:    1	 *MESH_SMOOTHING 1 	*MESH_MTLID 0
			*MESH_FACE    13:    A:    3 B:    8 C:    10 AB:    1 BC:    1 CA:    1	 *MESH_SMOOTHING 1 	*MESH_MTLID 0
			*MESH_FACE    14:    A:    2 B:    12 C:    9 AB:    1 BC:    1 CA:    1	 *MESH_SMOOTHING 1 	*MESH_MTLID 0
			*MESH_FACE    15:    A:    4 B:    1 C:    9 AB:    1 BC:    1 CA:    1	 *MESH_SMOOTHING 1 	*MESH_MTLID 0
			*MESH_FACE    16:    A:    10 B:    5 C:    0 AB:    1 BC:    1 CA:    1	 *MESH_SMOOTHING 1 	*MESH_MTLID 0
			*MESH_FACE    17:    A:    10 B:    0 C:    3 AB:    1 BC:    1 CA:    1	 *MESH_SMOOTHING 1 	*MESH_MTLID 0
			*MESH_FACE    18:    A:    11 B:    1 C:    4 AB:    1 BC:    1 CA:    1	 *MESH_SMOOTHING 1 	*MESH_MTLID 0
			*MESH_FACE    19:    A:    8 B:    11 C:    12 AB:    1 BC:    1 CA:    1	 *MESH_SMOOTHING 1 	*MESH_MTLID 0
			*MESH_FACE    20:    A:    4 B:    9 C:    12 AB:    1 BC:    1 CA:    1	 *MESH_SMOOTHING 1 	*MESH_MTLID 0
			*MESH_FACE    21:    A:    4 B:    12 C:    11 AB:    1 BC:    1 CA:    1	 *MESH_SMOOTHING 1 	*MESH_MTLID 0
		}
		*MESH_NUMTVERTEX 13
		*MESH_TVERTLIST {
			*MESH_TVERT 0	0.402798	0.359269	0
			*MESH_TVERT 1	0.302218	0.355004	0
			*MESH_TVERT 2	0.295846	0.401062	0
			*MESH_TVERT 3	0.357844	0.277576	0
			*MESH_TVERT 4	0.302919	0.315067	0
			*MESH_TVERT 5	0.302308	0.355853	0
			*MESH_TVERT 6	0.376815	0.314662	0
			*MESH_TVERT 7	0.376011	0.317019	0
			*MESH_TVERT 8	0.257058	0.36338	0
			*MESH_TVERT 9	0.25656	0.366593	0
			*MESH_TVERT 10	0.256908	0.399169	0
			*MESH_TVERT 11	0.255549	0.329287	0
			*MESH_TVERT 12	0.408607	0.301833	0
		}
		*MESH_NUMTVFACES 22
		*MESH_TFACELIST {
			*MESH_TFACE 0	0	1	2
			*MESH_TFACE 1	3	4	1
			*MESH_TFACE 2	0	2	5
			*MESH_TFACE 3	5	4	3
			*MESH_TFACE 4	3	6	5
			*MESH_TFACE 5	1	7	3
			*MESH_TFACE 6	8	2	1
			*MESH_TFACE 7	8	9	10
			*MESH_TFACE 8	9	8	11
			*MESH_TFACE 9	8	1	4
			*MESH_TFACE 10	9	11	4
			*MESH_TFACE 11	4	11	8
			*MESH_TFACE 12	4	5	9
			*MESH_TFACE 13	9	5	2
			*MESH_TFACE 14	1	0	7
			*MESH_TFACE 15	12	3	7
			*MESH_TFACE 16	2	8	10
			*MESH_TFACE 17	2	10	9
			*MESH_TFACE 18	6	3	12
			*MESH_TFACE 19	5	6	0
			*MESH_TFACE 20	12	7	0
			*MESH_TFACE 21	12	0	6
		}
	}
}
*GEOMOBJECT {
	*NODE_NAME "zm_Frill2"
	*NODE_PARENT "Bip01 L Claw2"
	*NODE_TM {
		*NODE_NAME "zm_Frill2"
		*TM_ROW0 0.992257	0.1235	0.0131848
		*TM_ROW1 -0.0686327	0.456736	0.886951
		*TM_ROW2 0.103517	-0.880988	0.461675
		*TM_ROW3 56.6018	-137.612	79.7626
		*TM_POS 56.6018	-137.612	79.7626
		*TM_ROTAXIS -0.992867	-0.05073	-0.107901
		*TM_ROTANGLE 1.09805
		*TM_SCALE 1	1	1
		*TM_SCALEAXIS 0	0	0
		*TM_SCALEAXISANG 0	0	0
	}
	*MATERIAL_REF 0
	*MESH {
		*TIMEVALUE 0
		*MESH_NUMVERTEX 10
		*MESH_NUMFACES 16
		*MESH_VERTEX_LIST {
			*MESH_VERTEX 0	57.5733	-142.759	82.7532
			*MESH_VERTEX 1	57.536	-166.691	22.6108
			*MESH_VERTEX 2	67.5365	-183.589	0.783134
			*MESH_VERTEX 3	56.4102	-135.354	82.7728
			*MESH_VERTEX 4	52.871	-138.319	81.0456
			*MESH_VERTEX 5	58.9991	-164.083	21.5997
			*MESH_VERTEX 6	62.1853	-165.508	22.2065
			*MESH_VERTEX 7	60.7222	-168.116	23.2176
			*MESH_VERTEX 8	60.0787	-136.56	79.4637
			*MESH_VERTEX 9	55.392	-134.438	77.9452
		}
		*MESH_FACE_LIST {
			*MESH_FACE    0:    A:    4 B:    1 C:    7 AB:    1 BC:    1 CA:    1	 *MESH_SMOOTHING 1 	*MESH_MTLID 0
			*MESH_FACE    1:    A:    9 B:    5 C:    1 AB:    1 BC:    1 CA:    1	 *MESH_SMOOTHING 1 	*MESH_MTLID 0
			*MESH_FACE    2:    A:    6 B:    8 C:    0 AB:    1 BC:    1 CA:    1	 *MESH_SMOOTHING 1 	*MESH_MTLID 0
			*MESH_FACE    3:    A:    7 B:    0 C:    4 AB:    1 BC:    1 CA:    1	 *MESH_SMOOTHING 1 	*MESH_MTLID 0
			*MESH_FACE    4:    A:    3 B:    4 C:    0 AB:    1 BC:    1 CA:    1	 *MESH_SMOOTHING 1 	*MESH_MTLID 0
			*MESH_FACE    5:    A:    1 B:    4 C:    9 AB:    1 BC:    1 CA:    1	 *MESH_SMOOTHING 1 	*MESH_MTLID 0
			*MESH_FACE    6:    A:    6 B:    5 C:    9 AB:    1 BC:    1 CA:    1	 *MESH_SMOOTHING 1 	*MESH_MTLID 0
			*MESH_FACE    7:    A:    2 B:    1 C:    5 AB:    1 BC:    1 CA:    1	 *MESH_SMOOTHING 1 	*MESH_MTLID 0
			*MESH_FACE    8:    A:    5 B:    6 C:    2 AB:    1 BC:    1 CA:    1	 *MESH_SMOOTHING 1 	*MESH_MTLID 0
			*MESH_FACE    9:    A:    0 B:    7 C:    6 AB:    1 BC:    1 CA:    1	 *MESH_SMOOTHING 1 	*MESH_MTLID 0
			*MESH_FACE    10:    A:    2 B:    7 C:    1 AB:    1 BC:    1 CA:    1	 *MESH_SMOOTHING 1 	*MESH_MTLID 0
			*MESH_FACE    11:    A:    2 B:    6 C:    7 AB:    1 BC:    1 CA:    1	 *MESH_SMOOTHING 1 	*MESH_MTLID 0
			*MESH_FACE    12:    A:    9 B:    8 C:    6 AB:    1 BC:    1 CA:    1	 *MESH_SMOOTHING 1 	*MESH_MTLID 0
			*MESH_FACE    13:    A:    3 B:    0 C:    8 AB:    1 BC:    1 CA:    1	 *MESH_SMOOTHING 1 	*MESH_MTLID 0
			*MESH_FACE    14:    A:    8 B:    9 C:    3 AB:    1 BC:    1 CA:    1	 *MESH_SMOOTHING 1 	*MESH_MTLID 0
			*MESH_FACE    15:    A:    3 B:    9 C:    4 AB:    1 BC:    1 CA:    1	 *MESH_SMOOTHING 1 	*MESH_MTLID 0
		}
		*MESH_NUMTVERTEX 10
		*MESH_TVERTLIST {
			*MESH_TVERT 0	0.286066	0.364696	0
			*MESH_TVERT 1	0.113651	0.387453	0
			*MESH_TVERT 2	0.115066	0.407614	0
			*MESH_TVERT 3	0.281325	0.321764	0
			*MESH_TVERT 4	0.114085	0.367777	0
			*MESH_TVERT 5	0.1155	0.383675	0
			*MESH_TVERT 6	0.286179	0.357039	0
			*MESH_TVERT 7	0.287996	0.402347	0
			*MESH_TVERT 8	0.295321	0.352024	0
			*MESH_TVERT 9	-0.000922	0.407865	0
		}
		*MESH_NUMTVFACES 16
		*MESH_TFACELIST {
			*MESH_TFACE 0	0	1	2
			*MESH_TFACE 1	3	4	1
			*MESH_TFACE 2	5	6	7
			*MESH_TFACE 3	2	7	0
			*MESH_TFACE 4	8	0	7
			*MESH_TFACE 5	1	0	3
			*MESH_TFACE 6	5	4	3
			*MESH_TFACE 7	9	1	4
			*MESH_TFACE 8	4	5	9
			*MESH_TFACE 9	7	2	5
			*MESH_TFACE 10	9	2	1
			*MESH_TFACE 11	9	5	2
			*MESH_TFACE 12	3	6	5
			*MESH_TFACE 13	8	7	6
			*MESH_TFACE 14	6	3	8
			*MESH_TFACE 15	8	3	0
		}
	}
}
*GEOMOBJECT {
	*NODE_NAME "zm_Frill3"
	*NODE_PARENT "Bip01 R Claw"
	*NODE_TM {
		*NODE_NAME "zm_Frill3"
		*TM_ROW0 0.893131	-0.445029	-0.0653228
		*TM_ROW1 -0.417043	-0.764911	-0.490903
		*TM_ROW2 0.1685	0.465683	-0.868762
		*TM_ROW3 -22.4856	-51.1352	103.972
		*TM_POS -22.4856	-51.1352	103.972
		*TM_ROTAXIS 0.971009	-0.237348	0.028407
		*TM_ROTANGLE 2.62655
		*TM_SCALE 1	1	1
		*TM_SCALEAXIS 0	0	0
		*TM_SCALEAXISANG 0	0	0
	}
	*MATERIAL_REF 0
	*MESH {
		*TIMEVALUE 0
		*MESH_NUMVERTEX 13
		*MESH_NUMFACES 22
		*MESH_VERTEX_LIST {
			*MESH_VERTEX 0	-55.5977	-117.16	58.0183
			*MESH_VERTEX 1	-24.1373	-54.4464	109.707
			*MESH_VERTEX 2	-57.5625	-105.162	70.6336
			*MESH_VERTEX 3	-19.2769	-45.7038	106.249
			*MESH_VERTEX 4	-50.4425	-106.303	78.0061
			*MESH_VERTEX 5	-47.0766	-102.609	67.1678
			*MESH_VERTEX 6	-46.2282	-110.266	68.4152
			*MESH_VERTEX 7	-49.3468	-101.28	73.1287
			*MESH_VERTEX 8	-16.5971	-54.0619	103.427
			*MESH_VERTEX 9	-27.9269	-46.797	103.538
			*MESH_VERTEX 10	-21.659	-47.7979	97.9029
			*MESH_VERTEX 11	-54.9383	-100.921	68.669
			*MESH_VERTEX 12	-51.7088	-101.19	61.6023
		}
		*MESH_FACE_LIST {
			*MESH_FACE    0:    A:    10 B:    12 C:    11 AB:    1 BC:    1 CA:    1	 *MESH_SMOOTHING 1 	*MESH_MTLID 0
			*MESH_FACE    1:    A:    11 B:    7 C:    1 AB:    1 BC:    1 CA:    1	 *MESH_SMOOTHING 1 	*MESH_MTLID 0
			*MESH_FACE    2:    A:    1 B:    9 C:    11 AB:    1 BC:    1 CA:    1	 *MESH_SMOOTHING 1 	*MESH_MTLID 0
			*MESH_FACE    3:    A:    5 B:    8 C:    1 AB:    1 BC:    1 CA:    1	 *MESH_SMOOTHING 1 	*MESH_MTLID 0
			*MESH_FACE    4:    A:    1 B:    7 C:    5 AB:    1 BC:    1 CA:    1	 *MESH_SMOOTHING 1 	*MESH_MTLID 0
			*MESH_FACE    5:    A:    6 B:    2 C:    0 AB:    1 BC:    1 CA:    1	 *MESH_SMOOTHING 1 	*MESH_MTLID 0
			*MESH_FACE    6:    A:    10 B:    5 C:    12 AB:    1 BC:    1 CA:    1	 *MESH_SMOOTHING 1 	*MESH_MTLID 0
			*MESH_FACE    7:    A:    6 B:    12 C:    5 AB:    1 BC:    1 CA:    1	 *MESH_SMOOTHING 1 	*MESH_MTLID 0
			*MESH_FACE    8:    A:    6 B:    5 C:    7 AB:    1 BC:    1 CA:    1	 *MESH_SMOOTHING 1 	*MESH_MTLID 0
			*MESH_FACE    9:    A:    2 B:    6 C:    4 AB:    1 BC:    1 CA:    1	 *MESH_SMOOTHING 1 	*MESH_MTLID 0
			*MESH_FACE    10:    A:    2 B:    4 C:    7 AB:    1 BC:    1 CA:    1	 *MESH_SMOOTHING 1 	*MESH_MTLID 0
			*MESH_FACE    11:    A:    7 B:    4 C:    6 AB:    1 BC:    1 CA:    1	 *MESH_SMOOTHING 1 	*MESH_MTLID 0
			*MESH_FACE    12:    A:    5 B:    10 C:    8 AB:    1 BC:    1 CA:    1	 *MESH_SMOOTHING 1 	*MESH_MTLID 0
			*MESH_FACE    13:    A:    3 B:    1 C:    8 AB:    1 BC:    1 CA:    1	 *MESH_SMOOTHING 1 	*MESH_MTLID 0
			*MESH_FACE    14:    A:    9 B:    1 C:    3 AB:    1 BC:    1 CA:    1	 *MESH_SMOOTHING 1 	*MESH_MTLID 0
			*MESH_FACE    15:    A:    11 B:    9 C:    10 AB:    1 BC:    1 CA:    1	 *MESH_SMOOTHING 1 	*MESH_MTLID 0
			*MESH_FACE    16:    A:    3 B:    8 C:    10 AB:    1 BC:    1 CA:    1	 *MESH_SMOOTHING 1 	*MESH_MTLID 0
			*MESH_FACE    17:    A:    3 B:    10 C:    9 AB:    1 BC:    1 CA:    1	 *MESH_SMOOTHING 1 	*MESH_MTLID 0
			*MESH_FACE    18:    A:    7 B:    11 C:    2 AB:    1 BC:    1 CA:    1	 *MESH_SMOOTHING 1 	*MESH_MTLID 0
			*MESH_FACE    19:    A:    2 B:    11 C:    12 AB:    1 BC:    1 CA:    1	 *MESH_SMOOTHING 1 	*MESH_MTLID 0
			*MESH_FACE    20:    A:    12 B:    6 C:    0 AB:    1 BC:    1 CA:    1	 *MESH_SMOOTHING 1 	*MESH_MTLID 0
			*MESH_FACE    21:    A:    12 B:    0 C:    2 AB:    1 BC:    1 CA:    1	 *MESH_SMOOTHING 1 	*MESH_MTLID 0
		}
		*MESH_NUMTVERTEX 17
		*MESH_TVERTLIST {
			*MESH_TVERT 0	0.39838	0.253274	0
			*MESH_TVERT 1	0.281856	0.312242	0
			*MESH_TVERT 2	0.303741	0.352324	0
			*MESH_TVERT 3	0.318597	0.390314	0
			*MESH_TVERT 4	0.439868	0.333439	0
			*MESH_TVERT 5	0.435791	0.28865	0
			*MESH_TVERT 6	0.303954	0.353151	0
			*MESH_TVERT 7	0.434213	0.286723	0
			*MESH_TVERT 8	0.417107	0.316414	0
			*MESH_TVERT 9	0.363896	0.32564	0
			*MESH_TVERT 10	0.390954	0.288746	0
			*MESH_TVERT 11	0.261192	0.36717	0
			*MESH_TVERT 12	0.39418	0.354699	0
			*MESH_TVERT 13	0.2596	0.364336	0
			*MESH_TVERT 14	0.269247	0.393584	0
			*MESH_TVERT 15	0.456696	0.281087	0
			*MESH_TVERT 16	0.246047	0.327652	0
		}
		*MESH_NUMTVFACES 22
		*MESH_TFACELIST {
			*MESH_TFACE 0	0	1	2
			*MESH_TFACE 1	2	3	4
			*MESH_TFACE 2	4	5	2
			*MESH_TFACE 3	6	7	4
			*MESH_TFACE 4	4	3	6
			*MESH_TFACE 5	8	9	10
			*MESH_TFACE 6	0	6	1
			*MESH_TFACE 7	11	1	6
			*MESH_TFACE 8	11	6	3
			*MESH_TFACE 9	9	8	12
			*MESH_TFACE 10	13	14	3
			*MESH_TFACE 11	3	14	11
			*MESH_TFACE 12	6	0	7
			*MESH_TFACE 13	15	4	7
			*MESH_TFACE 14	5	4	15
			*MESH_TFACE 15	2	5	0
			*MESH_TFACE 16	15	7	0
			*MESH_TFACE 17	15	0	5
			*MESH_TFACE 18	3	2	13
			*MESH_TFACE 19	13	2	1
			*MESH_TFACE 20	1	11	16
			*MESH_TFACE 21	1	16	13
		}
	}
}
*GEOMOBJECT {
	*NODE_NAME "zm_Frill4"
	*NODE_PARENT "Bip01 R Claw1"
	*NODE_TM {
		*NODE_NAME "zm_Frill4"
		*TM_ROW0 0.992257	-0.123501	-0.0131851
		*TM_ROW1 -0.110226	-0.924548	0.364775
		*TM_ROW2 -0.0572403	-0.360497	-0.931002
		*TM_ROW3 -52.9417	-106.871	67.2726
		*TM_POS -52.9417	-106.871	67.2726
		*TM_ROTAXIS 0.997994	-0.060621	-0.018266
		*TM_ROTANGLE 3.51347
		*TM_SCALE 1	1	1
		*TM_SCALEAXIS 0	0	0
		*TM_SCALEAXISANG 0	0	0
	}
	*MATERIAL_REF 0
	*MESH {
		*TIMEVALUE 0
		*MESH_NUMVERTEX 13
		*MESH_NUMFACES 22
		*MESH_VERTEX_LIST {
			*MESH_VERTEX 0	-57.5945	-147.648	85.7629
			*MESH_VERTEX 1	-52.8669	-109.577	63.8786
			*MESH_VERTEX 2	-53.1712	-133.252	82.3394
			*MESH_VERTEX 3	-61.4929	-135.647	79.4618
			*MESH_VERTEX 4	-51.8584	-103.488	66.7214
			*MESH_VERTEX 5	-51.7612	-138.58	79.3223
			*MESH_VERTEX 6	-56.3187	-133.688	73.2721
			*MESH_VERTEX 7	-55.6027	-131.02	78.2632
			*MESH_VERTEX 8	-59.7155	-132.621	81.9721
			*MESH_VERTEX 9	-48.0404	-107.929	67.5865
			*MESH_VERTEX 10	-56.549	-134.215	87.1298
			*MESH_VERTEX 11	-56.4922	-106.496	68.6841
			*MESH_VERTEX 12	-52.1289	-105.931	71.901
		}
		*MESH_FACE_LIST {
			*MESH_FACE    0:    A:    10 B:    2 C:    12 AB:    1 BC:    1 CA:    1	 *MESH_SMOOTHING 1 	*MESH_MTLID 0
			*MESH_FACE    1:    A:    2 B:    7 C:    1 AB:    1 BC:    1 CA:    1	 *MESH_SMOOTHING 1 	*MESH_MTLID 0
			*MESH_FACE    2:    A:    8 B:    10 C:    12 AB:    1 BC:    1 CA:    1	 *MESH_SMOOTHING 1 	*MESH_MTLID 0
			*MESH_FACE    3:    A:    1 B:    7 C:    8 AB:    1 BC:    1 CA:    1	 *MESH_SMOOTHING 1 	*MESH_MTLID 0
			*MESH_FACE    4:    A:    8 B:    11 C:    1 AB:    1 BC:    1 CA:    1	 *MESH_SMOOTHING 1 	*MESH_MTLID 0
			*MESH_FACE    5:    A:    1 B:    9 C:    2 AB:    1 BC:    1 CA:    1	 *MESH_SMOOTHING 1 	*MESH_MTLID 0
			*MESH_FACE    6:    A:    2 B:    10 C:    5 AB:    1 BC:    1 CA:    1	 *MESH_SMOOTHING 1 	*MESH_MTLID 0
			*MESH_FACE    7:    A:    0 B:    3 C:    5 AB:    1 BC:    1 CA:    1	 *MESH_SMOOTHING 1 	*MESH_MTLID 0
			*MESH_FACE    8:    A:    6 B:    5 C:    3 AB:    1 BC:    1 CA:    1	 *MESH_SMOOTHING 1 	*MESH_MTLID 0
			*MESH_FACE    9:    A:    7 B:    2 C:    5 AB:    1 BC:    1 CA:    1	 *MESH_SMOOTHING 1 	*MESH_MTLID 0
			*MESH_FACE    10:    A:    7 B:    6 C:    3 AB:    1 BC:    1 CA:    1	 *MESH_SMOOTHING 1 	*MESH_MTLID 0
			*MESH_FACE    11:    A:    5 B:    6 C:    7 AB:    1 BC:    1 CA:    1	 *MESH_SMOOTHING 1 	*MESH_MTLID 0
			*MESH_FACE    12:    A:    3 B:    8 C:    7 AB:    1 BC:    1 CA:    1	 *MESH_SMOOTHING 1 	*MESH_MTLID 0
			*MESH_FACE    13:    A:    10 B:    8 C:    3 AB:    1 BC:    1 CA:    1	 *MESH_SMOOTHING 1 	*MESH_MTLID 0
			*MESH_FACE    14:    A:    9 B:    12 C:    2 AB:    1 BC:    1 CA:    1	 *MESH_SMOOTHING 1 	*MESH_MTLID 0
			*MESH_FACE    15:    A:    9 B:    1 C:    4 AB:    1 BC:    1 CA:    1	 *MESH_SMOOTHING 1 	*MESH_MTLID 0
			*MESH_FACE    16:    A:    0 B:    5 C:    10 AB:    1 BC:    1 CA:    1	 *MESH_SMOOTHING 1 	*MESH_MTLID 0
			*MESH_FACE    17:    A:    3 B:    0 C:    10 AB:    1 BC:    1 CA:    1	 *MESH_SMOOTHING 1 	*MESH_MTLID 0
			*MESH_FACE    18:    A:    4 B:    1 C:    11 AB:    1 BC:    1 CA:    1	 *MESH_SMOOTHING 1 	*MESH_MTLID 0
			*MESH_FACE    19:    A:    12 B:    11 C:    8 AB:    1 BC:    1 CA:    1	 *MESH_SMOOTHING 1 	*MESH_MTLID 0
			*MESH_FACE    20:    A:    12 B:    9 C:    4 AB:    1 BC:    1 CA:    1	 *MESH_SMOOTHING 1 	*MESH_MTLID 0
			*MESH_FACE    21:    A:    11 B:    12 C:    4 AB:    1 BC:    1 CA:    1	 *MESH_SMOOTHING 1 	*MESH_MTLID 0
		}
		*MESH_NUMTVERTEX 13
		*MESH_TVERTLIST {
			*MESH_TVERT 0	0.295846	0.401062	0
			*MESH_TVERT 1	0.302218	0.355004	0
			*MESH_TVERT 2	0.402798	0.359269	0
			*MESH_TVERT 3	0.302919	0.315067	0
			*MESH_TVERT 4	0.357844	0.277576	0
			*MESH_TVERT 5	0.302308	0.355853	0
			*MESH_TVERT 6	0.376815	0.314662	0
			*MESH_TVERT 7	0.376011	0.317019	0
			*MESH_TVERT 8	0.257058	0.36338	0
			*MESH_TVERT 9	0.256908	0.399169	0
			*MESH_TVERT 10	0.25656	0.366593	0
			*MESH_TVERT 11	0.255549	0.329287	0
			*MESH_TVERT 12	0.408607	0.301833	0
		}
		*MESH_NUMTVFACES 22
		*MESH_TFACELIST {
			*MESH_TFACE 0	0	1	2
			*MESH_TFACE 1	1	3	4
			*MESH_TFACE 2	5	0	2
			*MESH_TFACE 3	4	3	5
			*MESH_TFACE 4	5	6	4
			*MESH_TFACE 5	4	7	1
			*MESH_TFACE 6	1	0	8
			*MESH_TFACE 7	9	10	8
			*MESH_TFACE 8	11	8	10
			*MESH_TFACE 9	3	1	8
			*MESH_TFACE 10	3	11	10
			*MESH_TFACE 11	8	11	3
			*MESH_TFACE 12	10	5	3
			*MESH_TFACE 13	0	5	10
			*MESH_TFACE 14	7	2	1
			*MESH_TFACE 15	7	4	12
			*MESH_TFACE 16	9	8	0
			*MESH_TFACE 17	10	9	0
			*MESH_TFACE 18	12	4	6
			*MESH_TFACE 19	2	6	5
			*MESH_TFACE 20	2	7	12
			*MESH_TFACE 21	6	2	12
		}
	}
}
*GEOMOBJECT {
	*NODE_NAME "zm_Frill5"
	*NODE_PARENT "Bip01 R Claw2"
	*NODE_TM {
		*NODE_NAME "zm_Frill5"
		*TM_ROW0 0.992257	-0.1235	-0.0131856
		*TM_ROW1 -0.0686332	-0.456736	-0.886951
		*TM_ROW2 0.103516	0.880988	-0.461675
		*TM_ROW3 -56.602	-137.612	79.7626
		*TM_POS -56.602	-137.612	79.7626
		*TM_ROTAXIS 0.99735	-0.065835	0.030952
		*TM_ROTANGLE 2.05226
		*TM_SCALE 1	1	1
		*TM_SCALEAXIS 0	0	0
		*TM_SCALEAXISANG 0	0	0
	}
	*MATERIAL_REF 0
	*MESH {
		*TIMEVALUE 0
		*MESH_NUMVERTEX 10
		*MESH_NUMFACES 16
		*MESH_VERTEX_LIST {
			*MESH_VERTEX 0	-57.5733	-142.759	82.7532
			*MESH_VERTEX 1	-57.536	-166.691	22.6108
			*MESH_VERTEX 2	-67.5365	-183.589	0.783138
			*MESH_VERTEX 3	-56.4102	-135.354	82.7728
			*MESH_VERTEX 4	-52.871	-138.319	81.0456
			*MESH_VERTEX 5	-58.9991	-164.083	21.5997
			*MESH_VERTEX 6	-62.1853	-165.508	22.2065
			*MESH_VERTEX 7	-60.7223	-168.116	23.2176
			*MESH_VERTEX 8	-60.0787	-136.56	79.4637
			*MESH_VERTEX 9	-55.392	-134.438	77.9452
		}
		*MESH_FACE_LIST {
			*MESH_FACE    0:    A:    7 B:    1 C:    4 AB:    1 BC:    1 CA:    1	 *MESH_SMOOTHING 1 	*MESH_MTLID 0
			*MESH_FACE    1:    A:    1 B:    5 C:    9 AB:    1 BC:    1 CA:    1	 *MESH_SMOOTHING 1 	*MESH_MTLID 0
			*MESH_FACE    2:    A:    0 B:    8 C:    6 AB:    1 BC:    1 CA:    1	 *MESH_SMOOTHING 1 	*MESH_MTLID 0
			*MESH_FACE    3:    A:    4 B:    0 C:    7 AB:    1 BC:    1 CA:    1	 *MESH_SMOOTHING 1 	*MESH_MTLID 0
			*MESH_FACE    4:    A:    0 B:    4 C:    3 AB:    1 BC:    1 CA:    1	 *MESH_SMOOTHING 1 	*MESH_MTLID 0
