*3DSMAX_ASCIIEXPORT	110
*COMMENT "[ GothicSourcer v3.14 ] - June 2007"
*SCENE {
	*SCENE_FILENAME "DEM_BODY.MAX"
	*SCENE_FIRSTFRAME 0
	*SCENE_LASTFRAME 100
	*SCENE_FRAMESPEED 25
	*SCENE_TICKSPERFRAME 192
	*SCENE_BACKGROUND_STATIC 0	0	0
	*SCENE_AMBIENT_STATIC 0.2	0.2	0.2
}
*MATERIAL_LIST {
	*MATERIAL_COUNT 1
	*MATERIAL 0 {
		*MATERIAL_NAME "BODY"
		*MATERIAL_CLASS "Standard"
		*MATERIAL_AMBIENT 0.45098	0.356863	0.301961
		*MATERIAL_DIFFUSE 0.45098	0.356863	0.301961
		*MATERIAL_SPECULAR 0.9	0.9	0.9
		*MATERIAL_SHINE 0.1
		*MATERIAL_SHINESTRENGTH 0
		*MATERIAL_TRANSPARENCY 0
		*MATERIAL_WIRESIZE 1
		*MATERIAL_SHADING Blinn
		*MATERIAL_XP_FALLOFF 0
		*MATERIAL_SELFILLUM 0
		*MATERIAL_FALLOFF In
		*MATERIAL_XP_TYPE Filter
		*MAP_DIFFUSE {
			*MAP_NAME "Map #1"
			*MAP_CLASS "Bitmap"
			*MAP_SUBNO 1
			*MAP_AMOUNT 1
			*BITMAP "DEM_BODY_V0.TGA"
			*MAP_TYPE Screen
			*UVW_U_OFFSET 0
			*UVW_V_OFFSET 0
			*UVW_U_TILING 1
			*UVW_V_TILING 1
			*UVW_ANGLE 0
			*UVW_BLUR 1
			*UVW_BLUR_OFFSET 0
			*UVW_NOUSE_AMT 1
			*UVW_NOISE_SIZE 1
			*UVW_NOISE_LEVEL 1
			*UVW_NOISE_PHASE 0
			*BITMAP_FILTER Pyramidal
		}
	}
}
*HELPEROBJECT {
	*NODE_NAME "Bip01"
	*NODE_TM {
		*NODE_NAME "Bip01"
		*TM_ROW0 1.26759e-006	-1	0
		*TM_ROW1 1	1.26759e-006	0
		*TM_ROW2 -0	-0	1
		*TM_ROW3 0.005492	32.2142	120.378
		*TM_POS 0.005492	32.2142	120.378
		*TM_ROTAXIS 0	0	1
		*TM_ROTANGLE 1.5708
		*TM_SCALE 1	1	1
		*TM_SCALEAXIS 0	0	0
		*TM_SCALEAXISANG 0	0	0
	}
}
*HELPEROBJECT {
	*NODE_NAME "Bip01 Pelvis"
	*NODE_PARENT "Bip01"
	*NODE_TM {
		*NODE_NAME "Bip01 Pelvis"
		*TM_ROW0 -1.19209e-006	2.95918e-007	1
		*TM_ROW1 2.53251e-006	-1	2.95921e-007
		*TM_ROW2 1	2.53251e-006	1.66893e-006
		*TM_ROW3 0.005507	21.0385	120.378
		*TM_POS 0.005507	21.0385	120.378
		*TM_ROTAXIS -0.707106	-1e-006	-0.707107
		*TM_ROTANGLE 3.14159
		*TM_SCALE 1	1	1
		*TM_SCALEAXIS 0	0	0
		*TM_SCALEAXISANG 0	0	0
	}
}
*HELPEROBJECT {
	*NODE_NAME "Bip01 Spine"
	*NODE_PARENT "Bip01 Pelvis"
	*NODE_TM {
		*NODE_NAME "Bip01 Spine"
		*TM_ROW0 -5.96046e-008	-0.174432	0.984669
		*TM_ROW1 -1.2368e-006	-0.984669	-0.174432
		*TM_ROW2 1	-1.2368e-006	-5.96047e-008
		*TM_ROW3 0.005507	21.054	131.097
		*TM_POS 0.005507	21.054	131.097
		*TM_ROTAXIS 0.705745	-0.062028	0.705745
		*TM_ROTANGLE 3.0177
		*TM_SCALE 1	1	1
		*TM_SCALEAXIS 0	0	0
		*TM_SCALEAXISANG 0	0	0
	}
}
*HELPEROBJECT {
	*NODE_NAME "Bip01 Spine1"
	*NODE_PARENT "Bip01 Spine"
	*NODE_TM {
		*NODE_NAME "Bip01 Spine1"
		*TM_ROW0 -1.78814e-007	-0.259588	0.965719
		*TM_ROW1 -1.56462e-006	-0.965719	-0.259588
		*TM_ROW2 1	-1.56462e-006	-1.78814e-007
		*TM_ROW3 0.005512	17.6387	150.465
		*TM_POS 0.005512	17.6387	150.465
		*TM_ROTAXIS 0.704044	-0.092975	0.704044
		*TM_ROTANGLE 2.95618
		*TM_SCALE 1	1	1
		*TM_SCALEAXIS 0	0	0
		*TM_SCALEAXISANG 0	0	0
	}
}
*HELPEROBJECT {
	*NODE_NAME "Bip01 Spine2"
	*NODE_PARENT "Bip01 Spine1"
	*NODE_TM {
		*NODE_NAME "Bip01 Spine2"
		*TM_ROW0 9.53674e-007	-0.42334	0.905971
		*TM_ROW1 -2.25008e-006	-0.905971	-0.42334
		*TM_ROW2 1	-1.62423e-006	-1.78814e-006
		*TM_ROW3 0.005519	12.5478	169.464
		*TM_POS 0.005519	12.5478	169.464
		*TM_ROTAXIS 0.698544	-0.155156	0.698543
		*TM_ROTANGLE 2.83374
		*TM_SCALE 1	1	1
		*TM_SCALEAXIS 0	0	0
		*TM_SCALEAXISANG 0	0	0
	}
}
*HELPEROBJECT {
	*NODE_NAME "Bip01 Spine3"
	*NODE_PARENT "Bip01 Spine2"
	*NODE_TM {
		*NODE_NAME "Bip01 Spine3"
		*TM_ROW0 1.3113e-006	-0.500689	0.865627
		*TM_ROW1 -6.85453e-007	-0.865627	-0.500689
		*TM_ROW2 1	5.96052e-008	-1.37091e-006
		*TM_ROW3 0.005531	4.2359	187.288
		*TM_POS 0.005531	4.2359	187.288
		*TM_ROTAXIS 0.694709	-0.186443	0.694708
		*TM_ROTANGLE 2.77294
		*TM_SCALE 1	1	1
		*TM_SCALEAXIS 0	0	0
		*TM_SCALEAXISANG 0	0	0
	}
}
*HELPEROBJECT {
	*NODE_NAME "Bip01 Neck"
	*NODE_PARENT "Bip01 Spine3"
	*NODE_TM {
		*NODE_NAME "Bip01 Neck"
		*TM_ROW0 1.2517e-006	-0.998406	0.0564403
		*TM_ROW1 -2.38419e-006	-0.0564402	-0.998406
		*TM_ROW2 1	1.04308e-006	-2.38419e-006
		*TM_ROW3 0.005544	-5.61036	204.318
		*TM_POS 0.005544	-5.61036	204.318
		*TM_ROTAXIS 0.587916	-0.555619	0.587914
		*TM_ROTANGLE 2.1273
		*TM_SCALE 1	1	1
		*TM_SCALEAXIS 0	0	0
		*TM_SCALEAXISANG 0	0	0
	}
}
*HELPEROBJECT {
	*NODE_NAME "Bip01 Neck1"
	*NODE_PARENT "Bip01 Neck"
	*NODE_TM {
		*NODE_NAME "Bip01 Neck1"
		*TM_ROW0 7.15256e-007	-0.99965	0.0264661
		*TM_ROW1 -2.68221e-006	-0.0264662	-0.99965
		*TM_ROW2 1	7.15256e-007	-2.74181e-006
		*TM_ROW3 0.005555	-13.2888	204.758
		*TM_POS 0.005555	-13.2888	204.758
		*TM_ROTAXIS 0.582378	-0.567163	0.582376
		*TM_ROTANGLE 2.10975
		*TM_SCALE 1	1	1
		*TM_SCALEAXIS 0	0	0
		*TM_SCALEAXISANG 0	0	0
	}
}
*HELPEROBJECT {
	*NODE_NAME "Bip01 Neck2"
	*NODE_PARENT "Bip01 Neck1"
	*NODE_TM {
		*NODE_NAME "Bip01 Neck2"
		*TM_ROW0 1.93715e-006	-0.999994	-0.00352974
		*TM_ROW1 -3.18885e-006	0.00352971	-0.999994
		*TM_ROW2 1	1.93715e-006	-3.18885e-006
		*TM_ROW3 0.005565	-20.977	204.968
		*TM_POS 0.005565	-20.977	204.968
		*TM_ROTAXIS 0.576671	-0.578709	0.576668
		*TM_ROTANGLE 2.09236
		*TM_SCALE 1	1	1
		*TM_SCALEAXIS 0	0	0
		*TM_SCALEAXISANG 0	0	0
	}
}
*HELPEROBJECT {
	*NODE_NAME "Bip01 Head"
	*NODE_PARENT "Bip01 Neck2"
	*NODE_TM {
		*NODE_NAME "Bip01 Head"
		*TM_ROW0 5.96047e-007	-0.707106	0.707107
		*TM_ROW1 -2.02656e-006	-0.707108	-0.707106
		*TM_ROW2 1	-9.53674e-007	-1.96695e-006
		*TM_ROW3 0.005576	-28.6679	204.941
		*TM_POS 0.005576	-28.6679	204.941
		*TM_ROTAXIS 0.678599	-0.281085	0.678598
		*TM_ROTANGLE 2.59357
		*TM_SCALE 1	1	1
		*TM_SCALEAXIS 0	0	0
		*TM_SCALEAXISANG 0	0	0
	}
}
*HELPEROBJECT {
	*NODE_NAME "Bip01 Ponytail1"
	*NODE_PARENT "Bip01 Head"
	*NODE_TM {
		*NODE_NAME "Bip01 Ponytail1"
		*TM_ROW0 0.173649	-0.951622	-0.253499
		*TM_ROW1 -0.000141799	0.257386	-0.966308
		*TM_ROW2 0.984807	0.167835	0.0445599
		*TM_ROW3 10.3871	-43.5718	189.863
		*TM_POS 10.3871	-43.5718	189.863
		*TM_ROTAXIS 0.587631	-0.641601	0.492988
		*TM_ROTANGLE 1.8361
		*TM_SCALE 1	1	1
		*TM_SCALEAXIS 0	0	0
		*TM_SCALEAXISANG 0	0	0
	}
}
*HELPEROBJECT {
	*NODE_NAME "Bip01 Ponytail11"
	*NODE_PARENT "Bip01 Ponytail1"
	*NODE_TM {
		*NODE_NAME "Bip01 Ponytail11"
		*TM_ROW0 -0.0631957	-0.423933	-0.903486
		*TM_ROW1 -0.134657	0.90064	-0.413178
		*TM_ROW2 0.988875	0.0955493	-0.114002
		*TM_ROW3 12.5778	-55.5793	186.673
		*TM_POS 12.5778	-55.5793	186.673
		*TM_ROTAXIS 0.256831	-0.955358	0.146041
		*TM_ROTANGLE 1.70952
		*TM_SCALE 1	1	1
		*TM_SCALEAXIS 0	0	0
		*TM_SCALEAXISANG 0	0	0
	}
}
*HELPEROBJECT {
	*NODE_NAME "Bip01 Ponytail12"
	*NODE_PARENT "Bip01 Ponytail11"
	*NODE_TM {
		*NODE_NAME "Bip01 Ponytail12"
		*TM_ROW0 0.328429	-0.643957	-0.69098
		*TM_ROW1 -0.148653	0.687204	-0.711093
		*TM_ROW2 0.932758	0.33626	0.129971
		*TM_ROW3 11.6158	-62.0488	172.906
		*TM_POS 11.6158	-62.0488	172.906
		*TM_ROTAXIS 0.52507	-0.814029	0.248311
		*TM_ROTANGLE 1.49793
		*TM_SCALE 1	1	1
		*TM_SCALEAXIS 0	0	0
		*TM_SCALEAXISANG 0	0	0
	}
}
*HELPEROBJECT {
	*NODE_NAME "Bip01 Ponytail2"
	*NODE_PARENT "Bip01 Head"
	*NODE_TM {
		*NODE_NAME "Bip01 Ponytail2"
		*TM_ROW0 -0.342019	-0.903658	-0.257733
		*TM_ROW1 0.000270754	0.274179	-0.961679
		*TM_ROW2 0.939693	-0.328982	-0.0935297
		*TM_ROW3 -9.90131	-43.642	189.96
		*TM_POS -9.90131	-43.642	189.96
		*TM_ROTAXIS -0.388573	0.735404	-0.555151
		*TM_ROTANGLE 4.09282
		*TM_SCALE 1	1	1
		*TM_SCALEAXIS 0	0	0
		*TM_SCALEAXISANG 0	0	0
	}
}
*HELPEROBJECT {
	*NODE_NAME "Bip01 Ponytail21"
	*NODE_PARENT "Bip01 Ponytail2"
	*NODE_TM {
		*NODE_NAME "Bip01 Ponytail21"
		*TM_ROW0 0.114457	-0.462789	-0.879048
		*TM_ROW1 0.261409	0.86771	-0.422783
		*TM_ROW2 0.958418	-0.181401	0.220293
		*TM_ROW3 -14.2161	-55.0444	186.716
		*TM_POS -14.2161	-55.0444	186.716
		*TM_ROTAXIS 0.121314	-0.923477	0.363969
		*TM_ROTANGLE 1.46939
		*TM_SCALE 1	1	1
		*TM_SCALEAXIS 0	0	0
		*TM_SCALEAXISANG 0	0	0
	}
}
*HELPEROBJECT {
	*NODE_NAME "Bip01 Ponytail22"
	*NODE_PARENT "Bip01 Ponytail21"
	*NODE_TM {
		*NODE_NAME "Bip01 Ponytail22"
		*TM_ROW0 -0.154087	-0.70165	-0.695661
		*TM_ROW1 0.285225	0.642509	-0.711216
		*TM_ROW2 0.945994	-0.30801	0.101126
		*TM_ROW3 -12.4741	-62.1061	173.322
		*TM_POS -12.4741	-62.1061	173.322
		*TM_ROTAXIS 0.205988	-0.838679	0.504169
		*TM_ROTANGLE 1.77749
		*TM_SCALE 1	1	1
		*TM_SCALEAXIS 0	0	0
		*TM_SCALEAXISANG 0	0	0
	}
}
*HELPEROBJECT {
	*NODE_NAME "Bip01 L Clavicle"
	*NODE_PARENT "Bip01 Neck"
	*NODE_TM {
		*NODE_NAME "Bip01 L Clavicle"
		*TM_ROW0 0.853012	0.260947	-0.45197
		*TM_ROW1 -1.35601e-006	0.866026	0.5
		*TM_ROW2 0.521891	-0.426505	0.73873
		*TM_ROW3 22.2379	1.18985	208.388
		*TM_POS 22.2379	1.18985	208.388
		*TM_ROTAXIS -0.67664	-0.711225	-0.190574
		*TM_ROTANGLE 0.754106
		*TM_SCALE 1	1	1
		*TM_SCALEAXIS 0	0	0
		*TM_SCALEAXISANG 0	0	0
	}
}
*HELPEROBJECT {
	*NODE_NAME "Bip01 L UpperArm"
	*NODE_PARENT "Bip01 L Clavicle"
	*NODE_TM {
		*NODE_NAME "Bip01 L UpperArm"
		*TM_ROW0 0.476005	-0.0347258	-0.878757
		*TM_ROW1 0.0162555	0.999397	-0.0306877
		*TM_ROW2 0.879292	0.000322902	0.476282
		*TM_ROW3 45.8409	8.41029	195.882
		*TM_POS 45.8409	8.41029	195.882
		*TM_ROTAXIS 0.0176291	-0.999424	0.0289821
		*TM_ROTANGLE 1.07487
		*TM_SCALE 1	1	1
		*TM_SCALEAXIS 0	0	0
		*TM_SCALEAXISANG 0	0	0
	}
}
*HELPEROBJECT {
	*NODE_NAME "Bip01 L Forearm"
	*NODE_PARENT "Bip01 L UpperArm"
	*NODE_TM {
		*NODE_NAME "Bip01 L Forearm"
		*TM_ROW0 0.475984	-0.0360169	-0.878716
		*TM_ROW1 0.0168705	0.999351	-0.0318229
		*TM_ROW2 0.879292	0.000322876	0.476282
		*TM_ROW3 60.1284	7.36799	169.506
		*TM_POS 60.1284	7.36799	169.506
		*TM_ROTAXIS 0.018274	-0.999381	0.0300651
		*TM_ROTANGLE 1.07491
		*TM_SCALE 1	1	1
		*TM_SCALEAXIS 0	0	0
		*TM_SCALEAXISANG 0	0	0
	}
}
*HELPEROBJECT {
	*NODE_NAME "Bip01 L Hand"
	*NODE_PARENT "Bip01 L Forearm"
	*NODE_TM {
		*NODE_NAME "Bip01 L Hand"
		*TM_ROW0 0.232188	-0.0348738	-0.972046
		*TM_ROW1 -0.972511	0.00980563	-0.23265
		*TM_ROW2 0.0176448	0.999344	-0.0316382
		*TM_ROW3 76.4517	6.13283	139.371
		*TM_POS 76.4517	6.13283	139.371
		*TM_ROTAXIS 0.670468	-0.538603	-0.510275
		*TM_ROTANGLE 1.97667
		*TM_SCALE 1	1	1
		*TM_SCALEAXIS 0	0	0
		*TM_SCALEAXISANG 0	0	0
	}
}
*HELPEROBJECT {
	*NODE_NAME "Bip01 L Finger0"
	*NODE_PARENT "Bip01 L Hand"
	*NODE_TM {
		*NODE_NAME "Bip01 L Finger0"
		*TM_ROW0 -0.398276	-0.515546	-0.758676
		*TM_ROW1 -0.0260248	0.833124	-0.552474
		*TM_ROW2 0.916896	-0.200293	-0.34523
		*TM_ROW3 72.0769	-8.72793	127.78
		*TM_POS 72.0769	-8.72793	127.78
		*TM_ROTAXIS 0.197767	-0.940916	0.27489
		*TM_ROTANGLE 2.04338
		*TM_SCALE 1	1	1
		*TM_SCALEAXIS 0	0	0
		*TM_SCALEAXISANG 0	0	0
	}
}
*HELPEROBJECT {
	*NODE_NAME "Bip01 L Finger01"
	*NODE_PARENT "Bip01 L Finger0"
	*NODE_TM {
		*NODE_NAME "Bip01 L Finger01"
		*TM_ROW0 -0.395469	-0.339097	-0.853591
		*TM_ROW1 0.0539009	0.919182	-0.390126
		*TM_ROW2 0.916896	-0.200292	-0.34523
		*TM_ROW3 67.4577	-14.7072	118.981
		*TM_POS 67.4577	-14.7072	118.981
		*TM_ROTAXIS 0.104105	-0.970934	0.21552
		*TM_ROTANGLE 1.99408
		*TM_SCALE 1	1	1
		*TM_SCALEAXIS 0	0	0
		*TM_SCALEAXISANG 0	0	0
	}
}
*HELPEROBJECT {
	*NODE_NAME "Bip01 L Finger1"
	*NODE_PARENT "Bip01 L Hand"
	*NODE_TM {
		*NODE_NAME "Bip01 L Finger1"
		*TM_ROW0 -0.0463881	-0.13533	-0.989714
		*TM_ROW1 -0.99885	0.018273	0.0443177
		*TM_ROW2 0.0120875	0.990632	-0.136022
		*TM_ROW3 81.9046	-0.434605	112.578
		*TM_POS 81.9046	-0.434605	112.578
		*TM_ROTAXIS -0.581889	0.616008	0.530979
		*TM_ROTANGLE 4.09112
		*TM_SCALE 1	1	1
		*TM_SCALEAXIS 0	0	0
		*TM_SCALEAXISANG 0	0	0
	}
}
*HELPEROBJECT {
	*NODE_NAME "Bip01 L Finger11"
	*NODE_PARENT "Bip01 L Finger1"
	*NODE_TM {
		*NODE_NAME "Bip01 L Finger11"
		*TM_ROW0 -0.303329	-0.125989	-0.94452
		*TM_ROW1 -0.952809	0.0526768	0.298965
		*TM_ROW2 0.0120879	0.990632	-0.136022
		*TM_ROW3 81.188	-2.52523	97.2889
		*TM_POS 81.188	-2.52523	97.2889
		*TM_ROTAXIS -0.479916	0.663746	0.573692
		*TM_ROTANGLE 3.94628
		*TM_SCALE 1	1	1
		*TM_SCALEAXIS 0	0	0
		*TM_SCALEAXISANG 0	0	0
	}
}
*HELPEROBJECT {
	*NODE_NAME "Bip01 L Finger2"
	*NODE_PARENT "Bip01 L Hand"
	*NODE_TM {
		*NODE_NAME "Bip01 L Finger2"
		*TM_ROW0 -0.0361533	-0.0311973	-0.998859
		*TM_ROW1 -0.999204	0.0180022	0.0356036
		*TM_ROW2 0.0168709	0.999351	-0.0318232
		*TM_ROW3 83.0036	15.2951	112.335
		*TM_POS 83.0036	15.2951	112.335
		*TM_ROTAXIS -0.566171	0.596709	0.568673
		*TM_ROTANGLE 4.15969
		*TM_SCALE 1	1	1
		*TM_SCALEAXIS 0	0	0
		*TM_SCALEAXISANG 0	0	0
	}
}
*HELPEROBJECT {
	*NODE_NAME "Bip01 L Finger21"
	*NODE_PARENT "Bip01 L Finger2"
	*NODE_TM {
		*NODE_NAME "Bip01 L Finger21"
		*TM_ROW0 -0.217639	-0.0273944	-0.975645
		*TM_ROW1 -0.975883	0.0233862	0.217035
		*TM_ROW2 0.0168709	0.999351	-0.0318233
		*TM_ROW3 82.4432	14.8115	96.8516
		*TM_POS 82.4432	14.8115	96.8516
		*TM_ROTAXIS -0.495103	0.628132	0.600269
		*TM_ROTANGLE 4.05249
		*TM_SCALE 1	1	1
		*TM_SCALEAXIS 0	0	0
		*TM_SCALEAXISANG 0	0	0
	}
}
*HELPEROBJECT {
	*NODE_NAME "Bip01 R Clavicle"
	*NODE_PARENT "Bip01 Neck"
	*NODE_TM {
		*NODE_NAME "Bip01 R Clavicle"
		*TM_ROW0 -0.853013	0.260943	-0.451971
		*TM_ROW1 -1.63913e-006	0.866026	0.499999
		*TM_ROW2 0.52189	0.426507	-0.738731
		*TM_ROW3 -22.2268	1.18979	208.388
		*TM_POS -22.2268	1.18979	208.388
		*TM_ROTAXIS 0.072701	0.96337	0.258134
		*TM_ROTANGLE 3.67149
		*TM_SCALE 1	1	1
		*TM_SCALEAXIS 0	0	0
		*TM_SCALEAXISANG 0	0	0
	}
}
*HELPEROBJECT {
	*NODE_NAME "Bip01 R UpperArm"
	*NODE_PARENT "Bip01 R Clavicle"
	*NODE_TM {
		*NODE_NAME "Bip01 R UpperArm"
		*TM_ROW0 -0.476005	-0.0347273	-0.878756
		*TM_ROW1 -0.0162588	0.999397	-0.0306878
		*TM_ROW2 0.879292	-0.000320096	-0.476283
		*TM_ROW3 -45.8299	8.41016	195.882
		*TM_POS -45.8299	8.41016	195.882
		*TM_ROTAXIS 0.01727	-0.999796	0.010503
		*TM_ROTANGLE 2.0674
		*TM_SCALE 1	1	1
		*TM_SCALEAXIS 0	0	0
		*TM_SCALEAXISANG 0	0	0
	}
}
*HELPEROBJECT {
	*NODE_NAME "Bip01 R Forearm"
	*NODE_PARENT "Bip01 R UpperArm"
	*NODE_TM {
		*NODE_NAME "Bip01 R Forearm"
		*TM_ROW0 -0.475984	-0.0360192	-0.878716
		*TM_ROW1 -0.0168737	0.999352	-0.0318239
		*TM_ROW2 0.879292	-0.000320456	-0.476283
		*TM_ROW3 -60.1173	7.36782	169.506
		*TM_POS -60.1173	7.36782	169.506
		*TM_ROTAXIS 0.017916	-0.99978	0.010888
		*TM_ROTANGLE 2.06742
		*TM_SCALE 1	1	1
		*TM_SCALEAXIS 0	0	0
		*TM_SCALEAXISANG 0	0	0
	}
}
*HELPEROBJECT {
	*NODE_NAME "Bip01 R Hand"
	*NODE_PARENT "Bip01 R Forearm"
	*NODE_TM {
		*NODE_NAME "Bip01 R Hand"
		*TM_ROW0 -0.232187	-0.034874	-0.972046
		*TM_ROW1 0.972511	0.00980807	-0.23265
		*TM_ROW2 0.0176472	-0.999344	0.0316382
		*TM_ROW3 -76.4407	6.13262	139.371
		*TM_POS -76.4407	6.13262	139.371
		*TM_ROTAXIS 0.477125	0.615901	-0.626911
		*TM_ROTANGLE 4.07466
		*TM_SCALE 1	1	1
		*TM_SCALEAXIS 0	0	0
		*TM_SCALEAXISANG 0	0	0
	}
}
*HELPEROBJECT {
	*NODE_NAME "Bip01 R Finger0"
	*NODE_PARENT "Bip01 R Hand"
	*NODE_TM {
		*NODE_NAME "Bip01 R Finger0"
		*TM_ROW0 0.398277	-0.515545	-0.758676
		*TM_ROW1 0.0260224	0.833124	-0.552473
		*TM_ROW2 0.916896	0.200295	0.34523
		*TM_ROW3 -72.0658	-8.72814	127.78
		*TM_POS -72.0658	-8.72814	127.78
		*TM_ROTAXIS 0.393076	-0.87494	0.282792
		*TM_ROTANGLE 1.27833
		*TM_SCALE 1	1	1
		*TM_SCALEAXIS 0	0	0
		*TM_SCALEAXISANG 0	0	0
	}
}
*HELPEROBJECT {
	*NODE_NAME "Bip01 R Finger01"
	*NODE_PARENT "Bip01 R Finger0"
	*NODE_TM {
		*NODE_NAME "Bip01 R Finger01"
		*TM_ROW0 0.39547	-0.339096	-0.853591
		*TM_ROW1 -0.0539039	0.919182	-0.390127
		*TM_ROW2 0.916896	0.200295	0.34523
		*TM_ROW3 -67.4466	-14.7074	118.981
		*TM_POS -67.4466	-14.7074	118.981
		*TM_ROTAXIS 0.312723	-0.937756	0.151055
		*TM_ROTANGLE 1.23455
		*TM_SCALE 1	1	1
		*TM_SCALEAXIS 0	0	0
		*TM_SCALEAXISANG 0	0	0
	}
}
*HELPEROBJECT {
	*NODE_NAME "Bip01 R Finger1"
	*NODE_PARENT "Bip01 R Hand"
	*NODE_TM {
		*NODE_NAME "Bip01 R Finger1"
		*TM_ROW0 0.0463898	-0.135328	-0.989714
		*TM_ROW1 0.99885	0.018276	0.044319
		*TM_ROW2 0.0120904	-0.990633	0.13602
		*TM_ROW3 -81.8935	-0.434836	112.579
		*TM_POS -81.8935	-0.434836	112.579
		*TM_ROTAXIS -0.56452	-0.54644	0.618644
		*TM_ROTANGLE 1.98194
		*TM_SCALE 1	1	1
		*TM_SCALEAXIS 0	0	0
		*TM_SCALEAXISANG 0	0	0
	}
}
*HELPEROBJECT {
	*NODE_NAME "Bip01 R Finger11"
	*NODE_PARENT "Bip01 R Finger1"
	*NODE_TM {
		*NODE_NAME "Bip01 R Finger11"
		*TM_ROW0 0.303331	-0.125988	-0.94452
		*TM_ROW1 0.952809	0.0526786	0.298966
		*TM_ROW2 0.0120898	-0.990632	0.136022
		*TM_ROW3 -81.1768	-2.52546	97.2889
		*TM_POS -81.1768	-2.52546	97.2889
		*TM_ROTAXIS -0.66666	-0.494521	0.557686
		*TM_ROTANGLE 1.82759
		*TM_SCALE 1	1	1
		*TM_SCALEAXIS 0	0	0
		*TM_SCALEAXISANG 0	0	0
	}
}
*HELPEROBJECT {
	*NODE_NAME "Bip01 R Finger2"
	*NODE_PARENT "Bip01 R Hand"
	*NODE_TM {
		*NODE_NAME "Bip01 R Finger2"
		*TM_ROW0 0.036153	-0.0311962	-0.998859
		*TM_ROW1 0.999204	0.0180049	0.035603
		*TM_ROW2 0.0168735	-0.999352	0.0318224
		*TM_ROW3 -82.9925	15.2948	112.335
		*TM_POS -82.9925	15.2948	112.335
		*TM_ROTAXIS -0.581787	-0.570982	0.579227
		*TM_ROTANGLE 2.04543
		*TM_SCALE 1	1	1
		*TM_SCALEAXIS 0	0	0
		*TM_SCALEAXISANG 0	0	0
	}
}
*HELPEROBJECT {
	*NODE_NAME "Bip01 R Finger21"
	*NODE_PARENT "Bip01 R Finger2"
	*NODE_TM {
		*NODE_NAME "Bip01 R Finger21"
		*TM_ROW0 0.217638	-0.0273932	-0.975645
		*TM_ROW1 0.975884	0.0233891	0.217035
		*TM_ROW2 0.0168741	-0.999351	0.0318231
		*TM_ROW3 -82.4321	14.8112	96.8516
		*TM_POS -82.4321	14.8112	96.8516
		*TM_ROTAXIS -0.652872	-0.532716	0.53849
		*TM_ROTANGLE 1.9429
		*TM_SCALE 1	1	1
		*TM_SCALEAXIS 0	0	0
		*TM_SCALEAXISANG 0	0	0
	}
}
*HELPEROBJECT {
	*NODE_NAME "Bip01 Hold Wings"
	*NODE_PARENT "Bip01 Spine3"
	*NODE_TM {
		*NODE_NAME "Bip01 Hold Wings"
		*TM_ROW0 -5.96049e-008	1	2.30656e-007
		*TM_ROW1 2.98023e-007	2.17519e-008	1
		*TM_ROW2 1	2.98024e-007	-5.96044e-008
		*TM_ROW3 -9.99043e-007	17.5486	216.98
		*TM_POS -9.99043e-007	17.5486	216.98
		*TM_ROTAXIS 0.57735	0.57735	0.57735
		*TM_ROTANGLE 4.18879
		*TM_SCALE 1	1	1
		*TM_SCALEAXIS 0	0	0
		*TM_SCALEAXISANG 0	0	0
	}
}
*HELPEROBJECT {
	*NODE_NAME "Bip01 L-Wing01"
	*NODE_PARENT "Bip01 Hold Wings"
	*NODE_TM {
		*NODE_NAME "Bip01 L-Wing01"
		*TM_ROW0 1	6.4789e-013	2.3324e-013
		*TM_ROW1 -2.20317e-013	0.934622	-0.355642
		*TM_ROW2 -2.36045e-013	0.355642	0.934622
		*TM_ROW3 14.2424	21.7259	224.52
		*TM_POS 14.2424	21.7259	224.52
		*TM_ROTAXIS 1	6.59772e-013	-1.22062e-012
		*TM_ROTANGLE 0.363601
		*TM_SCALE 1	1	1
		*TM_SCALEAXIS 0	0	0
		*TM_SCALEAXISANG 0	0	0
	}
}
*HELPEROBJECT {
	*NODE_NAME "Bip01 L-Wing02"
	*NODE_PARENT "Bip01 L-Wing01"
	*NODE_TM {
		*NODE_NAME "Bip01 L-Wing02"
		*TM_ROW0 0.00988738	0.656039	-0.754662
		*TM_ROW1 -0.999887	0.0150693	-2.39607e-007
		*TM_ROW2 0.0113721	0.754577	0.656113
		*TM_ROW3 14.2424	30.0194	246.315
		*TM_POS 14.2424	30.0194	246.315
		*TM_ROTAXIS 0.382179	-0.387982	-0.838695
		*TM_ROTANGLE 1.73095
		*TM_SCALE 1	1	1
		*TM_SCALEAXIS 0	0	0
		*TM_SCALEAXISANG 0	0	0
	}
}
*HELPEROBJECT {
	*NODE_NAME "Bip01 L-Wing03"
	*NODE_PARENT "Bip01 L-Wing02"
	*NODE_TM {
		*NODE_NAME "Bip01 L-Wing03"
		*TM_ROW0 0.999976	1.01075e-007	-0.00695319
		*TM_ROW1 0.00101243	0.989341	0.145617
		*TM_ROW2 0.00687908	-0.14562	0.989317
		*TM_ROW3 14.638	56.2654	269.137
		*TM_POS 14.638	56.2654	269.137
		*TM_ROTAXIS -0.998868	-0.0474411	0.00347201
		*TM_ROTANGLE 0.146305
		*TM_SCALE 1	1	1
		*TM_SCALEAXIS 0	0	0
		*TM_SCALEAXISANG 0	0	0
	}
}
*HELPEROBJECT {
	*NODE_NAME "Bip01 L-Wing04"
	*NODE_PARENT "Bip01 L-Wing03"
	*NODE_TM {
		*NODE_NAME "Bip01 L-Wing04"
		*TM_ROW0 0.000182317	0.694112	-0.719868
		*TM_ROW1 -1	0.000262947	2.38398e-007
		*TM_ROW2 0.000189482	0.719868	0.694111
		*TM_ROW3 15.0331	47.9018	325.957
		*TM_POS 15.0331	47.9018	325.957
		*TM_ROTAXIS 0.364206	-0.364302	-0.85711
		*TM_ROTANGLE 1.72412
		*TM_SCALE 1	1	1
		*TM_SCALEAXIS 0	0	0
		*TM_SCALEAXISANG 0	0	0
	}
}
*HELPEROBJECT {
	*NODE_NAME "Bip01 L-Wing02X"
	*NODE_PARENT "Bip01 L-Wing02"
	*NODE_TM {
		*NODE_NAME "Bip01 L-Wing02X"
		*TM_ROW0 1.79434e-007	-0.1061	-0.994355
		*TM_ROW1 -1	1.78372e-007	-2.08307e-007
		*TM_ROW2 2.08192e-007	0.994355	-0.1061
		*TM_ROW3 14.4961	59.581	267.828
		*TM_POS 14.4961	59.581	267.828
		*TM_ROTAXIS 0.596746	-0.596746	-0.536459
		*TM_ROTANGLE 2.15682
		*TM_SCALE 1	1	1
		*TM_SCALEAXIS 0	0	0
		*TM_SCALEAXISANG 0	0	0
	}
}
*HELPEROBJECT {
	*NODE_NAME "Bip01 L-Wing01X"
	*NODE_PARENT "Bip01 L-Wing01"
	*NODE_TM {
		*NODE_NAME "Bip01 L-Wing01X"
		*TM_ROW0 -1	1.19876e-007	-3.02989e-007
		*TM_ROW1 -1.19877e-007	0.729303	0.684192
		*TM_ROW2 3.02989e-007	0.684192	-0.729302
		*TM_ROW3 14.4961	34.3268	242.705
		*TM_POS 14.4961	34.3268	242.705
		*TM_ROTAXIS -2.63626e-013	0.929866	0.367898
		*TM_ROTANGLE 3.14159
		*TM_SCALE 1	1	1
		*TM_SCALEAXIS 0	0	0
		*TM_SCALEAXISANG 0	0	0
	}
}
*HELPEROBJECT {
	*NODE_NAME "Bip01 R-Wing01X"
	*NODE_PARENT "Bip01 Hold Wings"
	*NODE_TM {
		*NODE_NAME "Bip01 R-Wing01X"
		*TM_ROW0 1	6.4789e-013	2.3324e-013
		*TM_ROW1 2.07883e-013	-0.934622	0.355642
		*TM_ROW2 2.02295e-013	-0.355642	-0.934622
		*TM_ROW3 -14.2424	21.7259	224.52
		*TM_POS -14.2424	21.7259	224.52
		*TM_ROTAXIS 1	2.21173e-013	1.12563e-013
		*TM_ROTANGLE 3.50519
		*TM_SCALE 1	1	1
		*TM_SCALEAXIS 0	0	0
		*TM_SCALEAXISANG 0	0	0
	}
}
*HELPEROBJECT {
	*NODE_NAME "Bip01 R-Wing02"
	*NODE_PARENT "Bip01 R-Wing01X"
	*NODE_TM {
		*NODE_NAME "Bip01 R-Wing02"
		*TM_ROW0 0.00988704	-0.656039	0.754662
		*TM_ROW1 -0.999887	-0.0150689	3.06132e-008
		*TM_ROW2 0.0113719	-0.754577	-0.656113
		*TM_ROW3 -14.2424	30.0194	246.315
		*TM_POS -14.2424	30.0194	246.315
		*TM_ROTAXIS 0.677603	-0.667468	0.308772
		*TM_ROTANGLE 3.73212
		*TM_SCALE 1	1	1
		*TM_SCALEAXIS 0	0	0
		*TM_SCALEAXISANG 0	0	0
	}
}
*HELPEROBJECT {
	*NODE_NAME "Bip01 R-Wing03"
	*NODE_PARENT "Bip01 R-Wing02"
	*NODE_TM {
		*NODE_NAME "Bip01 R-Wing03"
		*TM_ROW0 0.999976	-1.02716e-006	0.00695388
		*TM_ROW1 0.00101161	-0.989341	-0.145616
		*TM_ROW2 0.00687991	0.14562	-0.989317
		*TM_ROW3 -14.638	56.2654	269.137
		*TM_POS -14.638	56.2654	269.137
		*TM_ROTAXIS 0.999994	0.000254	0.003477
		*TM_ROTANGLE 2.99545
		*TM_SCALE 1	1	1
		*TM_SCALEAXIS 0	0	0
		*TM_SCALEAXISANG 0	0	0
	}
}
*HELPEROBJECT {
	*NODE_NAME "Bip01 R-Wing04"
	*NODE_PARENT "Bip01 R-Wing03"
	*NODE_TM {
		*NODE_NAME "Bip01 R-Wing04"
		*TM_ROW0 0.000182449	-0.694112	0.719867
		*TM_ROW1 -1	-0.000262797	-1.17982e-007
		*TM_ROW2 0.000189335	-0.719867	-0.694112
		*TM_ROW3 -15.0331	47.9019	325.957
		*TM_POS -15.0331	47.9019	325.957
		*TM_ROTAXIS 0.67728	-0.677102	0.287792
		*TM_ROTANGLE 3.70189
		*TM_SCALE 1	1	1
		*TM_SCALEAXIS 0	0	0
		*TM_SCALEAXISANG 0	0	0
	}
}
*HELPEROBJECT {
	*NODE_NAME "Bip01 R-Wing02X"
	*NODE_PARENT "Bip01 R-Wing02"
	*NODE_TM {
		*NODE_NAME "Bip01 R-Wing02X"
		*TM_ROW0 2.36604e-007	0.1061	0.994355
		*TM_ROW1 -1	2.38915e-007	1.79652e-007
		*TM_ROW2 -1.78675e-007	-0.994356	0.1061
		*TM_ROW3 -14.4961	59.581	267.828
		*TM_POS -14.4961	59.581	267.828
		*TM_ROTAXIS -0.55578	0.55578	-0.618238
		*TM_ROTANGLE 2.03415
		*TM_SCALE 1	1	1
		*TM_SCALEAXIS 0	0	0
		*TM_SCALEAXISANG 0	0	0
	}
}
*HELPEROBJECT {
	*NODE_NAME "Bip01 R-Wing01"
	*NODE_PARENT "Bip01 R-Wing01X"
	*NODE_TM {
		*NODE_NAME "Bip01 R-Wing01"
		*TM_ROW0 -1	-5.83801e-007	-2.30979e-007
		*TM_ROW1 5.83801e-007	-0.729302	-0.684192
		*TM_ROW2 2.30979e-007	-0.684192	0.729303
		*TM_ROW3 -14.4961	34.3269	242.705
		*TM_POS -14.4961	34.3269	242.705
		*TM_ROTAXIS 2.67447e-014	0.367898	-0.929866
		*TM_ROTANGLE 3.14159
		*TM_SCALE 1	1	1
		*TM_SCALEAXIS 0	0	0
		*TM_SCALEAXISANG 0	0	0
	}
}
*HELPEROBJECT {
	*NODE_NAME "Bip01 L Thigh"
	*NODE_PARENT "Bip01 Pelvis"
	*NODE_TM {
		*NODE_NAME "Bip01 L Thigh"
		*TM_ROW0 1.78814e-007	-0.0998334	-0.995004
		*TM_ROW1 2.04518e-006	-0.995004	0.0998334
		*TM_ROW2 -1	-2.04518e-006	1.78814e-007
		*TM_ROW3 12.612	21.0386	120.378
		*TM_POS 12.612	21.0386	120.378
		*TM_ROTAXIS 0.706665	-0.035362	-0.706665
		*TM_ROTANGLE 3.21229
		*TM_SCALE 1	1	1
		*TM_SCALEAXIS 0	0	0
		*TM_SCALEAXISANG 0	0	0
	}
}
*HELPEROBJECT {
	*NODE_NAME "Bip01 L Calf"
	*NODE_PARENT "Bip01 L Thigh"
	*NODE_TM {
		*NODE_NAME "Bip01 L Calf"
		*TM_ROW0 -1.19209e-007	0.0998333	-0.995004
		*TM_ROW1 8.75443e-007	-0.995004	-0.0998333
		*TM_ROW2 -1	-8.75444e-007	-1.19209e-007
		*TM_ROW3 12.612	21.0024	120.018
		*TM_POS 12.612	21.0024	120.018
		*TM_ROTAXIS 0.706665	0.035363	-0.706665
		*TM_ROTANGLE 3.0709
		*TM_SCALE 1	1	1
		*TM_SCALEAXIS 0	0	0
		*TM_SCALEAXISANG 0	0	0
	}
}
*HELPEROBJECT {
	*NODE_NAME "Bip01 L Foot"
	*NODE_PARENT "Bip01 L Calf"
	*NODE_TM {
		*NODE_NAME "Bip01 L Foot"
		*TM_ROW0 1.19209e-007	-9.22182e-007	-1
		*TM_ROW1 9.04754e-007	-1	9.19256e-007
		*TM_ROW2 -1	-9.04755e-007	1.1921e-007
		*TM_ROW3 12.612	21.0527	119.517
		*TM_POS 12.612	21.0527	119.517
		*TM_ROTAXIS 0.707107	-5.12715e-009	-0.707107
		*TM_ROTANGLE 3.14159
		*TM_SCALE 1	1	1
		*TM_SCALEAXIS 0	0	0
		*TM_SCALEAXISANG 0	0	0
	}
}
*HELPEROBJECT {
	*NODE_NAME "Bip01 L Toe0"
	*NODE_PARENT "Bip01 L Foot"
	*NODE_TM {
		*NODE_NAME "Bip01 L Toe0"
		*TM_ROW0 1.81794e-006	-1	1.03909e-007
		*TM_ROW1 8.94071e-008	1.66439e-007	1
		*TM_ROW2 -1	-1.72854e-006	1.49012e-007
		*TM_ROW3 12.612	20.7856	119.306
		*TM_POS 12.612	20.7856	119.306
		*TM_ROTAXIS -0.577351	0.57735	0.57735
		*TM_ROTANGLE 2.09439
		*TM_SCALE 1	1	1
		*TM_SCALEAXIS 0	0	0
		*TM_SCALEAXISANG 0	0	0
	}
}
*HELPEROBJECT {
	*NODE_NAME "Bip01 R Thigh"
	*NODE_PARENT "Bip01 Pelvis"
	*NODE_TM {
		*NODE_NAME "Bip01 R Thigh"
		*TM_ROW0 1.78814e-007	-0.0998334	-0.995004
		*TM_ROW1 2.04518e-006	-0.995004	0.0998334
		*TM_ROW2 -1	-2.04518e-006	1.78814e-007
		*TM_ROW3 -12.601	21.0385	120.378
		*TM_POS -12.601	21.0385	120.378
		*TM_ROTAXIS 0.706665	-0.035362	-0.706665
		*TM_ROTANGLE 3.21229
		*TM_SCALE 1	1	1
		*TM_SCALEAXIS 0	0	0
		*TM_SCALEAXISANG 0	0	0
	}
}
*HELPEROBJECT {
	*NODE_NAME "Bip01 R Calf"
	*NODE_PARENT "Bip01 R Thigh"
	*NODE_TM {
		*NODE_NAME "Bip01 R Calf"
		*TM_ROW0 -1.19209e-007	0.0998333	-0.995004
		*TM_ROW1 8.75443e-007	-0.995004	-0.0998333
		*TM_ROW2 -1	-8.75444e-007	-1.19209e-007
		*TM_ROW3 -12.601	21.0024	120.018
		*TM_POS -12.601	21.0024	120.018
		*TM_ROTAXIS 0.706665	0.035363	-0.706665
		*TM_ROTANGLE 3.0709
		*TM_SCALE 1	1	1
		*TM_SCALEAXIS 0	0	0
		*TM_SCALEAXISANG 0	0	0
	}
}
*HELPEROBJECT {
	*NODE_NAME "Bip01 R Foot"
	*NODE_PARENT "Bip01 R Calf"
	*NODE_TM {
		*NODE_NAME "Bip01 R Foot"
		*TM_ROW0 1.19209e-007	-9.22182e-007	-1
		*TM_ROW1 9.04754e-007	-1	9.19256e-007
		*TM_ROW2 -1	-9.04755e-007	1.1921e-007
		*TM_ROW3 -12.601	21.0526	119.517
		*TM_POS -12.601	21.0526	119.517
		*TM_ROTAXIS 0.707107	-5.12715e-009	-0.707107
		*TM_ROTANGLE 3.14159
		*TM_SCALE 1	1	1
		*TM_SCALEAXIS 0	0	0
		*TM_SCALEAXISANG 0	0	0
	}
}
*HELPEROBJECT {
	*NODE_NAME "Bip01 R Toe0"
	*NODE_PARENT "Bip01 R Foot"
	*NODE_TM {
		*NODE_NAME "Bip01 R Toe0"
		*TM_ROW0 1.81794e-006	-1	1.03909e-007
		*TM_ROW1 8.94071e-008	1.66439e-007	1
		*TM_ROW2 -1	-1.72854e-006	1.49012e-007
		*TM_ROW3 -12.601	20.7856	119.306
		*TM_POS -12.601	20.7856	119.306
		*TM_ROTAXIS -0.577351	0.57735	0.57735
		*TM_ROTANGLE 2.09439
		*TM_SCALE 1	1	1
		*TM_SCALEAXIS 0	0	0
		*TM_SCALEAXISANG 0	0	0
	}
}
*HELPEROBJECT {
	*NODE_NAME "Bip01 Tail"
	*NODE_PARENT "Bip01 Pelvis"
	*NODE_TM {
		*NODE_NAME "Bip01 Tail"
		*TM_ROW0 -1.89961e-007	0.043282	-0.999063
		*TM_ROW1 -3.99724e-006	0.999063	0.043282
		*TM_ROW2 1	4.00096e-006	-1.6793e-008
		*TM_ROW3 0.005495	20.275	110.923
		*TM_POS 0.005495	20.275	110.923
		*TM_ROTAXIS -0.021639	-0.999532	-0.021643
		*TM_ROTANGLE 1.57126
		*TM_SCALE 1	1	1
		*TM_SCALEAXIS 0	0	0
		*TM_SCALEAXISANG 0	0	0
	}
}
*HELPEROBJECT {
	*NODE_NAME "Bip01 Tail1"
	*NODE_PARENT "Bip01 Tail"
	*NODE_TM {
		*NODE_NAME "Bip01 Tail1"
		*TM_ROW0 1.69501e-007	0.0856908	-0.996322
		*TM_ROW1 -5.01797e-006	0.996322	0.0856908
		*TM_ROW2 1	4.98444e-006	5.98607e-007
		*TM_ROW3 0.005493	21.2858	87.1789
		*TM_POS 0.005493	21.2858	87.1789
		*TM_ROTAXIS -0.042843	-0.998163	-0.042848
		*TM_ROTANGLE 1.57264
		*TM_SCALE 1	1	1
		*TM_SCALEAXIS 0	0	0
		*TM_SCALEAXISANG 0	0	0
	}
}
*HELPEROBJECT {
	*NODE_NAME "Bip01 Tail2"
	*NODE_PARENT "Bip01 Tail1"
	*NODE_TM {
		*NODE_NAME "Bip01 Tail2"
		*TM_ROW0 -5.45755e-007	0.127945	-0.991781
		*TM_ROW1 -3.97116e-006	0.991781	0.127945
		*TM_ROW2 1	4.03076e-006	-3.21307e-008
		*TM_ROW3 0.005491	23.1887	64.8397
		*TM_POS 0.005491	23.1887	64.8397
		*TM_ROTAXIS -0.063971	-0.995899	-0.063975
		*TM_ROTANGLE 1.57491
		*TM_SCALE 1	1	1
		*TM_SCALEAXIS 0	0	0
		*TM_SCALEAXISANG 0	0	0
	}
}
*HELPEROBJECT {
	*NODE_NAME "Bip01 Tail3"
	*NODE_PARENT "Bip01 Tail2"
	*NODE_TM {
		*NODE_NAME "Bip01 Tail3"
		*TM_ROW0 2.13273e-007	0.169967	-0.98545
		*TM_ROW1 -4.03821e-006	0.98545	0.169967
		*TM_ROW2 1	3.95626e-006	8.9826e-007
		*TM_ROW3 0.005487	26.1255	41.9345
		*TM_POS 0.005487	26.1255	41.9345
		*TM_ROTAXIS -0.084984	-0.992751	-0.084988
		*TM_ROTANGLE 1.57807
		*TM_SCALE 1	1	1
		*TM_SCALEAXIS 0	0	0
		*TM_SCALEAXISANG 0	0	0
	}
}
*HELPEROBJECT {
	*NODE_NAME "Bip01 Tail4"
	*NODE_PARENT "Bip01 Tail3"
	*NODE_TM {
		*NODE_NAME "Bip01 Tail4"
		*TM_ROW0 -9.59263e-008	0.211682	-0.977338
		*TM_ROW1 -4.03821e-006	0.977338	0.211682
		*TM_ROW2 1	3.96371e-006	7.59959e-007
		*TM_ROW3 0.005481	29.9208	19.838
		*TM_POS 0.005481	29.9208	19.838
		*TM_ROTAXIS -0.105846	-0.988733	-0.10585
		*TM_ROTANGLE 1.58213
		*TM_SCALE 1	1	1
		*TM_SCALEAXIS 0	0	0
		*TM_SCALEAXISANG 0	0	0
	}
}
*HELPEROBJECT {
	*NODE_NAME "Dummy"
	*NODE_PARENT "Bip01 Ponytail12"
	*NODE_TM {
		*NODE_NAME "Dummy"
		*TM_ROW0 -1	-0	0
		*TM_ROW1 -0	-1	0
		*TM_ROW2 -0	-0	1
		*TM_ROW3 11.1348	-65.2836	166.022
		*TM_POS 11.1348	-65.2836	166.022
		*TM_ROTAXIS 0	0	-1
		*TM_ROTANGLE 3.14159
		*TM_SCALE 1	1	1
		*TM_SCALEAXIS 0	0	0
		*TM_SCALEAXISANG 0	0	0
	}
}
*HELPEROBJECT {
	*NODE_NAME "Dummy1"
	*NODE_PARENT "Bip01 Ponytail22"
	*NODE_TM {
		*NODE_NAME "Dummy1"
		*TM_ROW0 -1	-0	0
		*TM_ROW1 -0	-1	0
		*TM_ROW2 -0	-0	1
		*TM_ROW3 -11.603	-65.6369	166.625
		*TM_POS -11.603	-65.6369	166.625
		*TM_ROTAXIS 0	0	-1
		*TM_ROTANGLE 3.14159
		*TM_SCALE 1	1	1
		*TM_SCALEAXIS 0	0	0
		*TM_SCALEAXISANG 0	0	0
	}
}
*HELPEROBJECT {
	*NODE_NAME "Dummy2"
	*NODE_PARENT "Bip01 L Finger01"
	*NODE_TM {
		*NODE_NAME "Dummy2"
		*TM_ROW0 -1	-0	0
		*TM_ROW1 -0	-1	0
		*TM_ROW2 -0	-0	1
		*TM_ROW3 65.1481	-17.6969	114.582
		*TM_POS 65.1481	-17.6969	114.582
		*TM_ROTAXIS 0	0	-1
		*TM_ROTANGLE 3.14159
		*TM_SCALE 1	1	1
		*TM_SCALEAXIS 0	0	0
		*TM_SCALEAXISANG 0	0	0
	}
}
*HELPEROBJECT {
	*NODE_NAME "Dummy3"
	*NODE_PARENT "Bip01 L Finger11"
	*NODE_TM {
		*NODE_NAME "Dummy3"
		*TM_ROW0 -1	-0	0
		*TM_ROW1 -0	-1	0
		*TM_ROW2 -0	-0	1
		*TM_ROW3 80.8297	-3.57055	89.6442
		*TM_POS 80.8297	-3.57055	89.6442
		*TM_ROTAXIS 0	0	-1
		*TM_ROTANGLE 3.14159
		*TM_SCALE 1	1	1
		*TM_SCALEAXIS 0	0	0
		*TM_SCALEAXISANG 0	0	0
	}
}
*HELPEROBJECT {
	*NODE_NAME "Dummy4"
	*NODE_PARENT "Bip01 L Finger21"
	*NODE_TM {
		*NODE_NAME "Dummy4"
		*TM_ROW0 -1	-0	0
		*TM_ROW1 -0	-1	0
		*TM_ROW2 -0	-0	1
		*TM_ROW3 82.163	14.5697	89.1099
		*TM_POS 82.163	14.5697	89.1099
		*TM_ROTAXIS 0	0	-1
		*TM_ROTANGLE 3.14159
		*TM_SCALE 1	1	1
		*TM_SCALEAXIS 0	0	0
		*TM_SCALEAXISANG 0	0	0
	}
}
*HELPEROBJECT {
	*NODE_NAME "Dummy5"
	*NODE_PARENT "Bip01 R Finger01"
	*NODE_TM {
		*NODE_NAME "Dummy5"
		*TM_ROW0 -1	-0	0
		*TM_ROW1 -0	-1	0
		*TM_ROW2 -0	-0	1
		*TM_ROW3 -65.137	-17.697	114.582
		*TM_POS -65.137	-17.697	114.582
		*TM_ROTAXIS 0	0	-1
		*TM_ROTANGLE 3.14159
		*TM_SCALE 1	1	1
		*TM_SCALEAXIS 0	0	0
		*TM_SCALEAXISANG 0	0	0
	}
}
*HELPEROBJECT {
	*NODE_NAME "Dummy6"
	*NODE_PARENT "Bip01 R Finger11"
	*NODE_TM {
		*NODE_NAME "Dummy6"
		*TM_ROW0 -1	-0	0
		*TM_ROW1 -0	-1	0
		*TM_ROW2 -0	-0	1
		*TM_ROW3 -80.8185	-3.57078	89.6442
		*TM_POS -80.8185	-3.57078	89.6442
		*TM_ROTAXIS 0	0	-1
		*TM_ROTANGLE 3.14159
		*TM_SCALE 1	1	1
		*TM_SCALEAXIS 0	0	0
		*TM_SCALEAXISANG 0	0	0
	}
}
*HELPEROBJECT {
	*NODE_NAME "Dummy7"
	*NODE_PARENT "Bip01 R Finger21"
	*NODE_TM {
		*NODE_NAME "Dummy7"
		*TM_ROW0 -1	-0	0
		*TM_ROW1 -0	-1	0
		*TM_ROW2 -0	-0	1
		*TM_ROW3 -82.1519	14.5695	89.1099
		*TM_POS -82.1519	14.5695	89.1099
		*TM_ROTAXIS 0	0	-1
		*TM_ROTANGLE 3.14159
		*TM_SCALE 1	1	1
		*TM_SCALEAXIS 0	0	0
		*TM_SCALEAXISANG 0	0	0
	}
}
*HELPEROBJECT {
	*NODE_NAME "Dummy8"
	*NODE_PARENT "Bip01 L-Wing04"
	*NODE_TM {
		*NODE_NAME "Dummy8"
		*TM_ROW0 -1	-0	0
		*TM_ROW1 -0	-1	0
		*TM_ROW2 -0	-0	1
		*TM_ROW3 15.2306	43.72	354.368
		*TM_POS 15.2306	43.72	354.368
		*TM_ROTAXIS 0	0	-1
		*TM_ROTANGLE 3.14159
		*TM_SCALE 1	1	1
		*TM_SCALEAXIS 0	0	0
		*TM_SCALEAXISANG 0	0	0
	}
}
*HELPEROBJECT {
	*NODE_NAME "Dummy9"
	*NODE_PARENT "Bip01 L-Wing02X"
	*NODE_TM {
		*NODE_NAME "Dummy9"
		*TM_ROW0 -1	-0	0
		*TM_ROW1 -0	-1	0
		*TM_ROW2 -0	-0	1
		*TM_ROW3 14.623	74.3619	278.585
		*TM_POS 14.623	74.3619	278.585
		*TM_ROTAXIS 0	0	-1
		*TM_ROTANGLE 3.14159
		*TM_SCALE 1	1	1
		*TM_SCALEAXIS 0	0	0
		*TM_SCALEAXISANG 0	0	0
	}
}
*HELPEROBJECT {
	*NODE_NAME "Dummy10"
	*NODE_PARENT "Bip01 L-Wing01X"
	*NODE_TM {
		*NODE_NAME "Dummy10"
		*TM_ROW0 -1	-0	0
		*TM_ROW1 -0	-1	0
		*TM_ROW2 -0	-0	1
		*TM_ROW3 14.6229	40.6273	251.798
		*TM_POS 14.6229	40.6273	251.798
		*TM_ROTAXIS 0	0	-1
		*TM_ROTANGLE 3.14159
		*TM_SCALE 1	1	1
		*TM_SCALEAXIS 0	0	0
		*TM_SCALEAXISANG 0	0	0
	}
}
*HELPEROBJECT {
	*NODE_NAME "Dummy11"
	*NODE_PARENT "Bip01 R-Wing04"
	*NODE_TM {
		*NODE_NAME "Dummy11"
		*TM_ROW0 -1	-0	0
		*TM_ROW1 -0	-1	0
		*TM_ROW2 -0	-0	1
		*TM_ROW3 -15.2306	43.7201	354.368
		*TM_POS -15.2306	43.7201	354.368
		*TM_ROTAXIS 0	0	-1
		*TM_ROTANGLE 3.14159
		*TM_SCALE 1	1	1
		*TM_SCALEAXIS 0	0	0
		*TM_SCALEAXISANG 0	0	0
	}
}
*HELPEROBJECT {
	*NODE_NAME "Dummy12"
	*NODE_PARENT "Bip01 R-Wing02X"
	*NODE_TM {
		*NODE_NAME "Dummy12"
		*TM_ROW0 -1	-0	0
		*TM_ROW1 -0	-1	0
		*TM_ROW2 -0	-0	1
		*TM_ROW3 -14.623	74.3619	278.585
		*TM_POS -14.623	74.3619	278.585
		*TM_ROTAXIS 0	0	-1
		*TM_ROTANGLE 3.14159
		*TM_SCALE 1	1	1
		*TM_SCALEAXIS 0	0	0
		*TM_SCALEAXISANG 0	0	0
	}
}
*HELPEROBJECT {
	*NODE_NAME "Dummy13"
	*NODE_PARENT "Bip01 R-Wing01"
	*NODE_TM {
		*NODE_NAME "Dummy13"
		*TM_ROW0 -1	-0	0
		*TM_ROW1 -0	-1	0
		*TM_ROW2 -0	-0	1
		*TM_ROW3 -14.623	40.6273	251.798
		*TM_POS -14.623	40.6273	251.798
		*TM_ROTAXIS 0	0	-1
		*TM_ROTANGLE 3.14159
		*TM_SCALE 1	1	1
		*TM_SCALEAXIS 0	0	0
		*TM_SCALEAXISANG 0	0	0
	}
}
*HELPEROBJECT {
	*NODE_NAME "Dummy14"
	*NODE_PARENT "Bip01 L Toe0"
	*NODE_TM {
		*NODE_NAME "Dummy14"
		*TM_ROW0 -1	-0	0
		*TM_ROW1 -0	-1	0
		*TM_ROW2 -0	-0	1
		*TM_ROW3 12.612	20.6521	119.2
		*TM_POS 12.612	20.6521	119.2
		*TM_ROTAXIS 0	0	-1
		*TM_ROTANGLE 3.14159
		*TM_SCALE 1	1	1
		*TM_SCALEAXIS 0	0	0
		*TM_SCALEAXISANG 0	0	0
	}
}
*HELPEROBJECT {
	*NODE_NAME "Dummy15"
	*NODE_PARENT "Bip01 R Toe0"
	*NODE_TM {
		*NODE_NAME "Dummy15"
		*TM_ROW0 -1	-0	0
		*TM_ROW1 -0	-1	0
		*TM_ROW2 -0	-0	1
		*TM_ROW3 -12.601	20.6521	119.2
		*TM_POS -12.601	20.6521	119.2
		*TM_ROTAXIS 0	0	-1
		*TM_ROTANGLE 3.14159
		*TM_SCALE 1	1	1
		*TM_SCALEAXIS 0	0	0
		*TM_SCALEAXISANG 0	0	0
	}
}
*HELPEROBJECT {
	*NODE_NAME "Dummy16"
	*NODE_PARENT "Bip01 Tail4"
	*NODE_TM {
		*NODE_NAME "Dummy16"
		*TM_ROW0 -1	-0	0
		*TM_ROW1 -0	-1	0
		*TM_ROW2 -0	-0	1
		*TM_ROW3 0.005478	31.8184	8.78981
		*TM_POS 0.005478	31.8184	8.78981
		*TM_ROTAXIS 0	0	-1
		*TM_ROTANGLE 3.14159
		*TM_SCALE 1	1	1
		*TM_SCALEAXIS 0	0	0
		*TM_SCALEAXISANG 0	0	0
	}
}
*GEOMOBJECT {
	*NODE_NAME "zm_Skin"
	*NODE_PARENT "Bip01"
	*NODE_TM {
		*NODE_NAME "zm_Skin"
		*TM_ROW0 -1	-0	0
		*TM_ROW1 -0	-1	0
		*TM_ROW2 -0	-0	1
		*TM_ROW3 -0	-0	0
		*TM_POS -0	-0	0
		*TM_ROTAXIS 0	0	-1
		*TM_ROTANGLE 3.14159
		*TM_SCALE 1	1	1
		*TM_SCALEAXIS 0	0	0
		*TM_SCALEAXISANG 0	0	0
	}
	*MATERIAL_REF 0
	*MESH_SOFTSKIN {
		*TIMEVALUE 0
		*MESH_NUMVERTEX 299
		*MESH_NUMFACES 594
		*MESH_VERTEX_LIST {
			*MESH_VERTEX 0	-13.9321	102.333	224.926
			*MESH_VERTEX 1	83.2936	-5.97584	138.5
			*MESH_VERTEX 2	-83.2936	-5.97591	138.501
			*MESH_VERTEX 3	14.9672	130.822	406.565
			*MESH_VERTEX 4	14.6546	124.687	312.178
			*MESH_VERTEX 5	-14.9672	130.822	406.565
			*MESH_VERTEX 6	-14.6551	124.687	312.178
			*MESH_VERTEX 7	13.9322	102.333	224.926
			*MESH_VERTEX 8	-15.2798	52.2039	269.507
			*MESH_VERTEX 9	15.3279	42.9905	325.88
			*MESH_VERTEX 10	-74.1419	14.3186	73.7593
			*MESH_VERTEX 11	-46.1341	17.4576	179.405
			*MESH_VERTEX 12	-15.3279	42.9906	325.88
			*MESH_VERTEX 13	-8.26182	-41.0876	226.142
			*MESH_VERTEX 14	15.2798	52.2039	269.506
			*MESH_VERTEX 15	-13.5437	16.7162	228.373
			*MESH_VERTEX 16	1.58768e-009	35.1983	3.15768
			*MESH_VERTEX 17	74.1417	14.3186	73.7594
			*MESH_VERTEX 18	61.3478	0.991202	185.5
			*MESH_VERTEX 19	-14.6546	141.195	258.837
			*MESH_VERTEX 20	14.6546	141.195	258.837
			*MESH_VERTEX 21	-16.0997	40.711	196.173
			*MESH_VERTEX 22	11.7826	85.8911	188.403
			*MESH_VERTEX 23	-11.7826	85.8911	188.403
			*MESH_VERTEX 24	16.0968	40.7108	196.169
			*MESH_VERTEX 25	-67.1102	-9.05414	160.344
			*MESH_VERTEX 26	13.5441	16.7163	228.372
			*MESH_VERTEX 27	46.1342	17.4576	179.405
			*MESH_VERTEX 28	-86.8544	5.64415	116.892
			*MESH_VERTEX 29	-74.0251	-6.09256	75.5226
			*MESH_VERTEX 30	-74.2346	-8.96033	111.372
			*MESH_VERTEX 31	-14.1561	-58.0896	187.934
			*MESH_VERTEX 32	86.8544	5.64413	116.892
			*MESH_VERTEX 33	74.0252	-6.09257	75.5226
			*MESH_VERTEX 34	75.1328	7.89477	109.038
			*MESH_VERTEX 35	-75.1329	7.89486	109.038
			*MESH_VERTEX 36	39.0076	-8.59097	181.513
			*MESH_VERTEX 37	65.7811	-1.88554	119.566
			*MESH_VERTEX 38	59.7278	-20.3841	100.267
			*MESH_VERTEX 39	74.2346	-8.96033	111.372
			*MESH_VERTEX 40	-13.6424	-61.0897	172.454
			*MESH_VERTEX 41	-7.13471	-49.38	187.907
			*MESH_VERTEX 42	-61.9462	19.2509	176.021
			*MESH_VERTEX 43	-59.7278	-20.3841	100.267
			*MESH_VERTEX 44	12.9009	-58.3992	187.896
			*MESH_VERTEX 45	13.3819	-60.8635	172.36
			*MESH_VERTEX 46	7.13471	-49.38	187.907
			*MESH_VERTEX 47	73.0536	21.5457	131.735
			*MESH_VERTEX 48	86.7624	12.1185	95.8002
			*MESH_VERTEX 49	-7.59315	-40.5626	186.943
			*MESH_VERTEX 50	0.01473	-32.6057	181.061
			*MESH_VERTEX 51	7.59315	-40.5626	186.943
			*MESH_VERTEX 52	61.9462	19.2508	176.021
			*MESH_VERTEX 53	-86.7621	12.1187	95.8003
			*MESH_VERTEX 54	-43.8764	-14.793	196.122
			*MESH_VERTEX 55	-22.3225	-15.6185	217.046
			*MESH_VERTEX 56	-25.9075	-24.0899	173.719
			*MESH_VERTEX 57	-39.0077	-8.59094	181.513
			*MESH_VERTEX 58	26.0324	-24.079	173.818
			*MESH_VERTEX 59	22.325	-15.6187	217.042
			*MESH_VERTEX 60	23.8257	28.7023	220.799
			*MESH_VERTEX 61	-23.825	28.702	220.802
			*MESH_VERTEX 62	-83.8347	-3.66712	96.2889
			*MESH_VERTEX 63	-69.8341	-18.6614	119.987
			*MESH_VERTEX 64	-62.2175	-12.6638	117.345
			*MESH_VERTEX 65	-62.5484	17.2547	190.653
			*MESH_VERTEX 66	83.8347	-3.66712	96.2889
			*MESH_VERTEX 67	69.8342	-18.6614	119.987
			*MESH_VERTEX 68	59.3003	-4.31053	159.574
			*MESH_VERTEX 69	8.26182	-41.0876	226.142
			*MESH_VERTEX 70	86.8371	16.2898	136.399
			*MESH_VERTEX 71	1.50869e-009	-52.7291	211.056
			*MESH_VERTEX 72	1.56006e-009	-49.5219	181.924
			*MESH_VERTEX 73	-9.99356e-007	36.1262	133.382
			*MESH_VERTEX 74	-9.63941	21.5681	64.9801
			*MESH_VERTEX 75	9.6394	21.568	64.98
			*MESH_VERTEX 76	-86.8371	16.2898	136.399
			*MESH_VERTEX 77	-78.827	23.3573	111.096
			*MESH_VERTEX 78	62.5484	17.2546	190.653
			*MESH_VERTEX 79	67.1101	-9.0529	160.343
			*MESH_VERTEX 80	69.0601	-8.35978	134.21
			*MESH_VERTEX 81	62.2175	-12.6638	117.345
			*MESH_VERTEX 82	58.4914	-4.03124	197.028
			*MESH_VERTEX 83	31.3977	-14.1894	200.083
			*MESH_VERTEX 84	44.2021	-15.3316	196.831
			*MESH_VERTEX 85	0.000582001	6.48424	227.444
			*MESH_VERTEX 86	-22.6641	8.5106	139.121
			*MESH_VERTEX 87	-22.855	31.4567	163.038
			*MESH_VERTEX 88	22.6641	8.5106	139.121
			*MESH_VERTEX 89	22.8549	31.4568	163.038
			*MESH_VERTEX 90	78.8269	23.3575	111.096
			*MESH_VERTEX 91	-73.0535	21.5457	131.735
			*MESH_VERTEX 92	-69.0601	-8.3598	134.21
			*MESH_VERTEX 93	-65.7809	-1.88566	119.566
			*MESH_VERTEX 94	-59.2999	-4.31141	159.574
			*MESH_VERTEX 95	-61.3478	0.99118	185.5
			*MESH_VERTEX 96	-11.4409	-42.8077	190.352
			*MESH_VERTEX 97	11.4409	-42.8077	190.352
			*MESH_VERTEX 98	17.417	-69.5126	165.21
			*MESH_VERTEX 99	12.3194	-62.7995	173.602
			*MESH_VERTEX 100	-16.7307	-70.1195	165.145
			*MESH_VERTEX 101	-12.7984	-62.99	173.901
			*MESH_VERTEX 102	-0.001113	39.0491	196.061
			*MESH_VERTEX 103	-6.43988	25.8819	222.432
			*MESH_VERTEX 104	6.43994	25.882	222.432
			*MESH_VERTEX 105	-58.4914	-4.03127	197.028
			*MESH_VERTEX 106	8.9611	33.5999	243.883
			*MESH_VERTEX 107	-8.9611	33.5999	243.883
			*MESH_VERTEX 108	-71.9793	24.2637	152.411
			*MESH_VERTEX 109	71.9792	24.2624	152.411
			*MESH_VERTEX 110	20.0125	31.8633	242.125
			*MESH_VERTEX 111	-20.0125	31.8633	242.125
			*MESH_VERTEX 112	14.3054	3.4114	227.763
			*MESH_VERTEX 113	-14.3034	3.41067	227.766
			*MESH_VERTEX 114	-28.6045	-4.24507	224.101
			*MESH_VERTEX 115	28.606	-4.24496	224.096
