*3DSMAX_ASCIIEXPORT	110
*COMMENT "[ GothicSourcer v3.14 ] - June 2007"
*SCENE {
	*SCENE_FILENAME "DOG_BODY.MAX"
	*SCENE_FIRSTFRAME 0
	*SCENE_LASTFRAME 100
	*SCENE_FRAMESPEED 25
	*SCENE_TICKSPERFRAME 192
	*SCENE_BACKGROUND_STATIC 0	0	0
	*SCENE_AMBIENT_STATIC 0.2	0.2	0.2
}
*MATERIAL_LIST {
	*MATERIAL_COUNT 1
	*MATERIAL 0 {
		*MATERIAL_NAME "WOLF_BODY"
		*MATERIAL_CLASS "Standard"
		*MATERIAL_AMBIENT 0.278431	0.203922	0.105882
		*MATERIAL_DIFFUSE 0.278431	0.203922	0.105882
		*MATERIAL_SPECULAR 0.9	0.9	0.9
		*MATERIAL_SHINE 0.1
		*MATERIAL_SHINESTRENGTH 0
		*MATERIAL_TRANSPARENCY 0
		*MATERIAL_WIRESIZE 1
		*MATERIAL_SHADING Blinn
		*MATERIAL_XP_FALLOFF 0
		*MATERIAL_SELFILLUM 0
		*MATERIAL_FALLOFF In
		*MATERIAL_XP_TYPE Filter
		*MAP_DIFFUSE {
			*MAP_NAME "Map #1"
			*MAP_CLASS "Bitmap"
			*MAP_SUBNO 1
			*MAP_AMOUNT 1
			*BITMAP "DOG_BODY_V0.TGA"
			*MAP_TYPE Screen
			*UVW_U_OFFSET 0
			*UVW_V_OFFSET 0
			*UVW_U_TILING 1
			*UVW_V_TILING 1
			*UVW_ANGLE 0
			*UVW_BLUR 1
			*UVW_BLUR_OFFSET 0
			*UVW_NOUSE_AMT 1
			*UVW_NOISE_SIZE 1
			*UVW_NOISE_LEVEL 1
			*UVW_NOISE_PHASE 0
			*BITMAP_FILTER Pyramidal
		}
	}
}
*HELPEROBJECT {
	*NODE_NAME "Bip01"
	*NODE_TM {
		*NODE_NAME "Bip01"
		*TM_ROW0 6.27438e-006	-1	0
		*TM_ROW1 1	6.27438e-006	0
		*TM_ROW2 -0	-0	1
		*TM_ROW3 0	0	78.493
		*TM_POS 0	0	78.493
		*TM_ROTAXIS 0	0	1
		*TM_ROTANGLE 1.57079
		*TM_SCALE 1	1	1
		*TM_SCALEAXIS 0	0	0
		*TM_SCALEAXISANG 0	0	0
	}
}
*HELPEROBJECT {
	*NODE_NAME "Bip01 Pelvis"
	*NODE_PARENT "Bip01"
	*NODE_TM {
		*NODE_NAME "Bip01 Pelvis"
		*TM_ROW0 -5.96046e-008	1.79264e-006	1
		*TM_ROW1 -1.79264e-006	-1	1.79264e-006
		*TM_ROW2 1	-1.79264e-006	-5.96046e-008
		*TM_ROW3 1.8161e-015	-0.04048	78.493
		*TM_POS 1.8161e-015	-0.04048	78.493
		*TM_ROTAXIS 0.707107	0	0.707107
		*TM_ROTANGLE 3.1416
		*TM_SCALE 1	1	1
		*TM_SCALEAXIS 0	0	0
		*TM_SCALEAXISANG 0	0	0
	}
}
*HELPEROBJECT {
	*NODE_NAME "Bip01 Spine"
	*NODE_PARENT "Bip01 Pelvis"
	*NODE_TM {
		*NODE_NAME "Bip01 Spine"
		*TM_ROW0 -4.11272e-006	-0.999418	0.0341053
		*TM_ROW1 -4.32134e-006	-0.0341052	-0.999418
		*TM_ROW2 1	-4.32134e-006	-4.11272e-006
		*TM_ROW3 -1e-005	-6.61957	81.0226
		*TM_POS -1e-005	-6.61957	81.0226
		*TM_ROTAXIS 0.583803	-0.564223	0.583803
		*TM_ROTANGLE 2.11421
		*TM_SCALE 1	1	1
		*TM_SCALEAXIS 0	0	0
		*TM_SCALEAXISANG 0	0	0
	}
}
*HELPEROBJECT {
	*NODE_NAME "Bip01 Spine1"
	*NODE_PARENT "Bip01 Spine"
	*NODE_TM {
		*NODE_NAME "Bip01 Spine1"
		*TM_ROW0 -4.11272e-006	-0.999418	0.0341053
		*TM_ROW1 -4.32134e-006	-0.0341052	-0.999418
		*TM_ROW2 1	-4.32134e-006	-4.11272e-006
		*TM_ROW3 1e-005	-22.6755	81.589
		*TM_POS 1e-005	-22.6755	81.589
		*TM_ROTAXIS 0.583803	-0.564223	0.583803
		*TM_ROTANGLE 2.11421
		*TM_SCALE 1	1	1
		*TM_SCALEAXIS 0	0	0
		*TM_SCALEAXISANG 0	0	0
	}
}
*HELPEROBJECT {
	*NODE_NAME "Bip01 Spine2"
	*NODE_PARENT "Bip01 Spine1"
	*NODE_TM {
		*NODE_NAME "Bip01 Spine2"
		*TM_ROW0 2.14577e-006	-0.978311	0.20714
		*TM_ROW1 2.47359e-006	-0.20714	-0.978312
		*TM_ROW2 1	2.47359e-006	2.14577e-006
		*TM_ROW3 5e-005	-45.794	82.3916
		*TM_POS 5e-005	-45.794	82.3916
		*TM_ROTAXIS -0.613508	0.497208	-0.613508
		*TM_ROTANGLE 4.06442
		*TM_SCALE 1	1	1
		*TM_SCALEAXIS 0	0	0
		*TM_SCALEAXISANG 0	0	0
	}
}
*HELPEROBJECT {
	*NODE_NAME "Bip01 Neck"
	*NODE_PARENT "Bip01 Spine2"
	*NODE_TM {
		*NODE_NAME "Bip01 Neck"
		*TM_ROW0 3.93391e-006	-0.908038	-0.418888
		*TM_ROW1 2.44379e-006	0.418888	-0.908038
		*TM_ROW2 1	2.44379e-006	3.93391e-006
		*TM_ROW3 7e-005	-62.9324	86.0328
		*TM_POS 7e-005	-62.9324	86.0328
		*TM_ROTAXIS 0.47449	-0.74143	0.47449
		*TM_ROTANGLE 1.8656
		*TM_SCALE 1	1	1
		*TM_SCALEAXIS 0	0	0
		*TM_SCALEAXISANG 0	0	0
	}
}
*HELPEROBJECT {
	*NODE_NAME "Bip01 Neck1"
	*NODE_PARENT "Bip01 Neck"
	*NODE_TM {
		*NODE_NAME "Bip01 Neck1"
		*TM_ROW0 -2.44379e-006	-0.895062	-0.445941
		*TM_ROW1 -1.60933e-006	0.445941	-0.895063
		*TM_ROW2 1	-1.60933e-006	-2.44379e-006
		*TM_ROW3 8.99999e-005	-80.4562	77.96
		*TM_POS 8.99999e-005	-80.4562	77.96
		*TM_ROTAXIS 0.46576	-0.75242	0.46576
		*TM_ROTANGLE 1.8515
		*TM_SCALE 1	1	1
		*TM_SCALEAXIS 0	0	0
		*TM_SCALEAXISANG 0	0	0
	}
}
*HELPEROBJECT {
	*NODE_NAME "Bip01 Neck2"
	*NODE_PARENT "Bip01 Neck1"
	*NODE_TM {
		*NODE_NAME "Bip01 Neck2"
		*TM_ROW0 -8.94071e-007	-0.881284	-0.472587
		*TM_ROW1 -5.66244e-007	0.472587	-0.881284
		*TM_ROW2 1	-5.66245e-007	-8.94071e-007
		*TM_ROW3 0.00011	-91.9042	72.2645
		*TM_POS 0.00011	-91.9042	72.2645
		*TM_ROTAXIS 0.456812	-0.763313	0.456812
		*TM_ROTANGLE 1.83766
		*TM_SCALE 1	1	1
		*TM_SCALEAXIS 0	0	0
		*TM_SCALEAXISANG 0	0	0
	}
}
*HELPEROBJECT {
	*NODE_NAME "Bip01 Head"
	*NODE_PARENT "Bip01 Neck2"
	*NODE_TM {
		*NODE_NAME "Bip01 Head"
		*TM_ROW0 -3.87431e-007	-0.984809	-0.17364
		*TM_ROW1 -4.47035e-007	0.17364	-0.984809
		*TM_ROW2 1	-4.47035e-007	-3.87431e-007
		*TM_ROW3 0.00012	-99.9027	67.9753
		*TM_POS 0.00012	-99.9027	67.9753
		*TM_ROTAXIS 0.540718	-0.644398	0.540718
		*TM_ROTANGLE 1.99674
		*TM_SCALE 1	1	1
		*TM_SCALEAXIS 0	0	0
		*TM_SCALEAXISANG 0	0	0
	}
}
*HELPEROBJECT {
	*NODE_NAME "Bip01 Ponytail1"
	*NODE_PARENT "Bip01 Head"
	*NODE_TM {
		*NODE_NAME "Bip01 Ponytail1"
		*TM_ROW0 4.50015e-006	-0.923997	-0.382399
		*TM_ROW1 3.0458e-005	0.382399	-0.923997
		*TM_ROW2 1	-7.56979e-006	2.99215e-005
		*TM_ROW3 0.00013	-102.845	58.2558
		*TM_POS 0.00013	-102.845	58.2558
		*TM_ROTAXIS 0.485731	-0.726712	0.485751
		*TM_ROTANGLE 1.88471
		*TM_SCALE 1	1	1
		*TM_SCALEAXIS 0	0	0
		*TM_SCALEAXISANG 0	0	0
	}
}
*HELPEROBJECT {
	*NODE_NAME "Bip01 L Clavicle"
	*NODE_PARENT "Bip01 Neck"
	*NODE_TM {
		*NODE_NAME "Bip01 L Clavicle"
		*TM_ROW0 0.978556	0.0741647	-0.192166
		*TM_ROW1 0.17365	0.204754	0.963287
		*TM_ROW2 0.110789	-0.976	0.187485
		*TM_ROW3 10.3833	-65.4927	78.4943
		*TM_POS 10.3833	-65.4927	78.4943
		*TM_ROTAXIS -0.98675	-0.15415	0.05062
		*TM_ROTANGLE 1.38432
		*TM_SCALE 1	1	1
		*TM_SCALEAXIS 0	0	0
		*TM_SCALEAXISANG 0	0	0
	}
}
*HELPEROBJECT {
	*NODE_NAME "Bip01 L UpperArm"
	*NODE_PARENT "Bip01 L Clavicle"
	*NODE_TM {
		*NODE_NAME "Bip01 L UpperArm"
		*TM_ROW0 -0.0391875	0.187527	-0.981478
		*TM_ROW1 -0.0150734	0.982009	0.188231
		*TM_ROW2 0.999118	0.0221705	-0.0356558
		*TM_ROW3 25.0882	-64.3782	75.6066
		*TM_POS 25.0882	-64.3782	75.6066
		*TM_ROTAXIS -0.0831197	-0.991366	-0.10141
		*TM_ROTANGLE 1.61723
		*TM_SCALE 1	1	1
		*TM_SCALEAXIS 0	0	0
		*TM_SCALEAXISANG 0	0	0
	}
}
*HELPEROBJECT {
	*NODE_NAME "Bip01 L Forearm"
	*NODE_PARENT "Bip01 L UpperArm"
	*NODE_TM {
		*NODE_NAME "Bip01 L Forearm"
		*TM_ROW0 -0.0270058	-0.31088	-0.950066
		*TM_ROW1 -0.0321424	0.950191	-0.310007
		*TM_ROW2 0.999118	0.0221654	-0.0356531
		*TM_ROW3 24.1399	-59.8395	51.8523
		*TM_POS 24.1399	-59.8395	51.8523
		*TM_ROTAXIS 0.166349	-0.976137	0.139589
		*TM_ROTANGLE 1.62706
		*TM_SCALE 1	1	1
		*TM_SCALEAXIS 0	0	0
		*TM_SCALEAXISANG 0	0	0
	}
}
*HELPEROBJECT {
	*NODE_NAME "Bip01 L Hand"
	*NODE_PARENT "Bip01 L Forearm"
	*NODE_TM {
		*NODE_NAME "Bip01 L Hand"
		*TM_ROW0 0.0134346	-0.382314	-0.923935
		*TM_ROW1 -0.999657	-0.0259267	-0.00380721
		*TM_ROW2 -0.0224992	0.923669	-0.382531
		*TM_ROW3 23.12	-71.5813	15.969
		*TM_POS 23.12	-71.5813	15.969
		*TM_ROTAXIS 0.64716	-0.62899	-0.43076
		*TM_ROTANGLE 2.34272
		*TM_SCALE 1	1	1
		*TM_SCALEAXIS 0	0	0
		*TM_SCALEAXISANG 0	0	0
	}
}
*HELPEROBJECT {
	*NODE_NAME "Bip01 L Finger0"
	*NODE_PARENT "Bip01 L Hand"
	*NODE_TM {
		*NODE_NAME "Bip01 L Finger0"
		*TM_ROW0 0.0268706	-0.995019	-0.0959981
		*TM_ROW1 -0.999639	-0.0266573	-0.003501
		*TM_ROW2 0.000924502	0.0960575	-0.995376
		*TM_ROW3 23.2422	-74.4861	6.68773
		*TM_POS 23.2422	-74.4861	6.68773
		*TM_ROTAXIS 0.716133	-0.697173	-0.0332301
		*TM_ROTANGLE 3.07203
		*TM_SCALE 1	1	1
		*TM_SCALEAXIS 0	0	0
		*TM_SCALEAXISANG 0	0	0
	}
}
*HELPEROBJECT {
	*NODE_NAME "Bip01 R Clavicle"
	*NODE_PARENT "Bip01 Neck"
	*NODE_TM {
		*NODE_NAME "Bip01 R Clavicle"
		*TM_ROW0 -0.978557	0.0741685	-0.192159
		*TM_ROW1 -0.173643	0.204745	0.963291
		*TM_ROW2 0.110789	0.976002	-0.187475
		*TM_ROW3 -10.3831	-65.4927	78.4943
		*TM_POS -10.3831	-65.4927	78.4943
		*TM_ROTAXIS -0.03246	0.773619	0.632819
		*TM_ROTANGLE 3.33867
		*TM_SCALE 1	1	1
		*TM_SCALEAXIS 0	0	0
		*TM_SCALEAXISANG 0	0	0
	}
}
*HELPEROBJECT {
	*NODE_NAME "Bip01 R UpperArm"
	*NODE_PARENT "Bip01 R Clavicle"
	*NODE_TM {
		*NODE_NAME "Bip01 R UpperArm"
		*TM_ROW0 0.0663164	0.190687	-0.979409
		*TM_ROW1 0.0216154	0.981064	0.192473
		*TM_ROW2 0.997565	-0.0339344	0.0609389
		*TM_ROW3 -25.0881	-64.3783	75.6066
		*TM_POS -25.0881	-64.3783	75.6066
		*TM_ROTAXIS -0.11337	-0.989939	-0.0846599
		*TM_ROTANGLE 1.51661
		*TM_SCALE 1	1	1
		*TM_SCALEAXIS 0	0	0
		*TM_SCALEAXISANG 0	0	0
	}
}
*HELPEROBJECT {
	*NODE_NAME "Bip01 R Forearm"
	*NODE_PARENT "Bip01 R UpperArm"
	*NODE_TM {
		*NODE_NAME "Bip01 R Forearm"
		*TM_ROW0 0.0435766	-0.379004	-0.924369
		*TM_ROW1 0.0544693	0.924773	-0.376602
		*TM_ROW2 0.997564	-0.0339387	0.0609425
		*TM_ROW3 -23.4829	-59.7631	51.9024
		*TM_POS -23.4829	-59.7631	51.9024
		*TM_ROTAXIS 0.17135	-0.961069	0.21676
		*TM_ROTANGLE 1.55615
		*TM_SCALE 1	1	1
		*TM_SCALEAXIS 0	0	0
		*TM_SCALEAXISANG 0	0	0
	}
}
*HELPEROBJECT {
	*NODE_NAME "Bip01 R Hand"
	*NODE_PARENT "Bip01 R Forearm"
	*NODE_TM {
		*NODE_NAME "Bip01 R Hand"
		*TM_ROW0 -0.00466661	-0.333313	-0.942805
		*TM_ROW1 0.999569	-0.0288674	0.00525806
		*TM_ROW2 -0.0289689	-0.942374	0.333304
		*TM_ROW3 -21.837	-74.0777	16.9896
		*TM_POS -21.837	-74.0777	16.9896
		*TM_ROTAXIS -0.505832	-0.487792	0.711473
		*TM_ROTANGLE 1.92849
		*TM_SCALE 1	1	1
		*TM_SCALEAXIS 0	0	0
		*TM_SCALEAXISANG 0	0	0
	}
}
*HELPEROBJECT {
	*NODE_NAME "Bip01 R Finger0"
	*NODE_PARENT "Bip01 R Hand"
	*NODE_TM {
		*NODE_NAME "Bip01 R Finger0"
		*TM_ROW0 -0.0284733	-0.988527	-0.148341
		*TM_ROW1 0.999546	-0.029621	0.00553265
		*TM_ROW2 -0.00986316	-0.148116	0.988921
		*TM_ROW3 -21.8686	-76.4915	7.56791
		*TM_POS -21.8686	-76.4915	7.56791
		*TM_ROTAXIS -0.0768701	-0.0692801	0.994631
		*TM_ROTANGLE 1.60539
		*TM_SCALE 1	1	1
		*TM_SCALEAXIS 0	0	0
		*TM_SCALEAXISANG 0	0	0
	}
}
*HELPEROBJECT {
	*NODE_NAME "Bip01 L Thigh"
	*NODE_PARENT "Bip01 Spine"
	*NODE_TM {
		*NODE_NAME "Bip01 L Thigh"
		*TM_ROW0 0.0444618	0.135232	-0.989816
		*TM_ROW1 -0.0219088	-0.990425	-0.1363
		*TM_ROW2 -0.998771	0.0277458	-0.0410731
		*TM_ROW3 14.4607	-0.0404608	78.493
		*TM_POS 14.4607	-0.0404608	78.493
		*TM_ROTAXIS 0.72158	0.03939	-0.69121
		*TM_ROTANGLE 3.02768
		*TM_SCALE 1	1	1
		*TM_SCALEAXIS 0	0	0
		*TM_SCALEAXISANG 0	0	0
	}
}
*HELPEROBJECT {
	*NODE_NAME "Bip01 L Calf"
	*NODE_PARENT "Bip01 L Thigh"
	*NODE_TM {
		*NODE_NAME "Bip01 L Calf"
		*TM_ROW0 0.0457426	0.834891	-0.548512
		*TM_ROW1 0.0190672	-0.549716	-0.835134
		*TM_ROW2 -0.998771	0.0277426	-0.0410643
		*TM_ROW3 15.8543	4.19939	47.4608
		*TM_POS 15.8543	4.19939	47.4608
		*TM_ROTAXIS 0.679439	0.35454	-0.642389
		*TM_ROTANGLE 2.4536
		*TM_SCALE 1	1	1
		*TM_SCALEAXIS 0	0	0
		*TM_SCALEAXISANG 0	0	0
	}
}
*HELPEROBJECT {
	*NODE_NAME "Bip01 L HorseLink"
	*NODE_PARENT "Bip01 L Calf"
	*NODE_TM {
		*NODE_NAME "Bip01 L HorseLink"
		*TM_ROW0 0.0456782	0.193508	-0.980035
		*TM_ROW1 -0.0192442	-0.980706	-0.194538
		*TM_ROW2 -0.998771	0.0277461	-0.0410728
		*TM_ROW3 17.1624	28.0749	31.7748
		*TM_POS 17.1624	28.0749	31.7748
		*TM_ROTAXIS 0.72109	0.06078	-0.69017
		*TM_ROTANGLE 2.98685
		*TM_SCALE 1	1	1
		*TM_SCALEAXIS 0	0	0
		*TM_SCALEAXISANG 0	0	0
	}
}
*HELPEROBJECT {
	*NODE_NAME "Bip01 L Foot"
	*NODE_PARENT "Bip01 L HorseLink"
	*NODE_TM {
		*NODE_NAME "Bip01 L Foot"
		*TM_ROW0 -5.77801e-008	1.81571e-006	-1
		*TM_ROW1 -1.79131e-006	-1	-1.83498e-006
		*TM_ROW2 -1	1.80299e-006	-6.66904e-008
		*TM_ROW3 18.1877	32.4193	9.77189
		*TM_POS 18.1877	32.4193	9.77189
		*TM_ROTAXIS 0.707107	8.627e-009	-0.707107
		*TM_ROTANGLE 3.14159
		*TM_SCALE 1	1	1
		*TM_SCALEAXIS 0	0	0
		*TM_SCALEAXISANG 0	0	0
	}
}
*HELPEROBJECT {
	*NODE_NAME "Bip01 L Toe0"
	*NODE_PARENT "Bip01 L Foot"
	*NODE_TM {
		*NODE_NAME "Bip01 L Toe0"
		*TM_ROW0 3.10078e-006	-1	2.9081e-006
		*TM_ROW1 2.94861e-006	3.07638e-006	1
		*TM_ROW2 -1	-2.94008e-006	3.09236e-006
		*TM_ROW3 18.1877	15.1062	0.377825
		*TM_POS 18.1877	15.1062	0.377825
		*TM_ROTAXIS -0.57735	0.57735	0.57735
		*TM_ROTANGLE 2.09439
		*TM_SCALE 1	1	1
		*TM_SCALEAXIS 0	0	0
		*TM_SCALEAXISANG 0	0	0
	}
}
*HELPEROBJECT {
	*NODE_NAME "Bip01 R Thigh"
	*NODE_PARENT "Bip01 Spine"
	*NODE_TM {
		*NODE_NAME "Bip01 R Thigh"
		*TM_ROW0 -0.0647877	0.251345	-0.965727
		*TM_ROW1 0.0162307	-0.967367	-0.252861
		*TM_ROW2 -0.997767	-0.0320566	0.058594
		*TM_ROW3 -14.4607	-0.0405001	78.493
		*TM_POS -14.4607	-0.0405001	78.493
		*TM_ROTAXIS 0.681222	0.0988503	-0.725372
		*TM_ROTANGLE 2.97881
		*TM_SCALE 1	1	1
		*TM_SCALEAXIS 0	0	0
		*TM_SCALEAXISANG 0	0	0
	}
}
*HELPEROBJECT {
	*NODE_NAME "Bip01 R Calf"
	*NODE_PARENT "Bip01 R Thigh"
	*NODE_TM {
		*NODE_NAME "Bip01 R Calf"
		*TM_ROW0 -0.0606076	0.803113	-0.592737
		*TM_ROW1 -0.0280552	-0.594964	-0.803263
		*TM_ROW2 -0.997767	-0.0320545	0.058591
		*TM_ROW3 -16.492	7.83973	48.2161
		*TM_POS -16.492	7.83973	48.2161
		*TM_ROTAXIS 0.64053	0.3364	-0.69033
		*TM_ROTANGLE 2.49558
		*TM_SCALE 1	1	1
		*TM_SCALEAXIS 0	0	0
		*TM_SCALEAXISANG 0	0	0
	}
}
*HELPEROBJECT {
	*NODE_NAME "Bip01 R HorseLink"
	*NODE_PARENT "Bip01 R Calf"
	*NODE_TM {
		*NODE_NAME "Bip01 R HorseLink"
		*TM_ROW0 -0.0636918	0.192962	-0.979137
		*TM_ROW1 0.0200862	-0.980682	-0.194573
		*TM_ROW2 -0.997767	-0.0320599	0.0585856
		*TM_ROW3 -18.2255	30.8065	31.2654
		*TM_POS -18.2255	30.8065	31.2654
		*TM_ROTAXIS 0.682831	0.0782801	-0.726371
		*TM_ROTANGLE 3.02231
		*TM_SCALE 1	1	1
		*TM_SCALEAXIS 0	0	0
		*TM_SCALEAXISANG 0	0	0
	}
}
*HELPEROBJECT {
	*NODE_NAME "Bip01 R Foot"
	*NODE_PARENT "Bip01 R HorseLink"
	*NODE_TM {
		*NODE_NAME "Bip01 R Foot"
		*TM_ROW0 -6.75488e-008	-1.77017e-006	-1
		*TM_ROW1 1.79568e-006	-1	1.88356e-006
		*TM_ROW2 -1	-1.77859e-006	-6.16527e-008
		*TM_ROW3 -19.6557	35.1386	9.28271
		*TM_POS -19.6557	35.1386	9.28271
		*TM_ROTAXIS 0.707107	-3.71113e-008	-0.707107
		*TM_ROTANGLE 3.1416
		*TM_SCALE 1	1	1
		*TM_SCALEAXIS 0	0	0
		*TM_SCALEAXISANG 0	0	0
	}
}
*HELPEROBJECT {
	*NODE_NAME "Bip01 R Toe0"
	*NODE_PARENT "Bip01 R Foot"
	*NODE_TM {
		*NODE_NAME "Bip01 R Toe0"
		*TM_ROW0 3.10247e-006	-1	3.04134e-006
		*TM_ROW1 2.95837e-006	3.07697e-006	1
		*TM_ROW2 -1	-2.93638e-006	3.09739e-006
		*TM_ROW3 -19.6556	17.8256	-0.111324
		*TM_POS -19.6556	17.8256	-0.111324
		*TM_ROTAXIS -0.57735	0.57735	0.57735
		*TM_ROTANGLE 2.09439
		*TM_SCALE 1	1	1
		*TM_SCALEAXIS 0	0	0
		*TM_SCALEAXISANG 0	0	0
	}
}
*HELPEROBJECT {
	*NODE_NAME "Bip01 Tail"
	*NODE_PARENT "Bip01 Spine"
	*NODE_TM {
		*NODE_NAME "Bip01 Tail"
		*TM_ROW0 -5.94556e-006	0.70067	-0.713486
		*TM_ROW1 -9.05991e-006	0.713486	0.70067
		*TM_ROW2 1	1.0699e-005	2.11597e-006
		*TM_ROW3 -9.99999e-006	8.69728	85.3587
		*TM_POS -9.99999e-006	8.69728	85.3587
		*TM_ROTAXIS -0.353981	-0.865672	-0.353991
		*TM_ROTANGLE 1.71455
		*TM_SCALE 1	1	1
		*TM_SCALEAXIS 0	0	0
		*TM_SCALEAXISANG 0	0	0
	}
}
*HELPEROBJECT {
	*NODE_NAME "Bip01 Tail1"
	*NODE_PARENT "Bip01 Tail"
	*NODE_TM {
		*NODE_NAME "Bip01 Tail1"
		*TM_ROW0 5.0813e-006	0.332424	-0.94313
		*TM_ROW1 -8.64267e-007	0.94313	0.332424
		*TM_ROW2 1	-8.64266e-007	5.0813e-006
		*TM_ROW3 -2.99999e-005	25.0963	68.6374
		*TM_POS -2.99999e-005	25.0963	68.6374
		*TM_ROTAXIS -0.16628	-0.971958	-0.16628
		*TM_ROTANGLE 1.59923
		*TM_SCALE 1	1	1
		*TM_SCALEAXIS 0	0	0
		*TM_SCALEAXISANG 0	0	0
	}
}
*HELPEROBJECT {
	*NODE_NAME "Bip01 Tail2"
	*NODE_PARENT "Bip01 Tail1"
	*NODE_TM {
		*NODE_NAME "Bip01 Tail2"
		*TM_ROW0 -1.98139e-006	0.145238	-0.989397
		*TM_ROW1 1.49012e-007	0.989397	0.145238
		*TM_ROW2 1	1.49012e-007	-1.98139e-006
		*TM_ROW3 -3.99999e-005	32.2467	48.3103
		*TM_POS -3.99999e-005	32.2467	48.3103
		*TM_ROTAXIS -0.0726201	-0.994712	-0.0726202
		*TM_ROTANGLE 1.5761
		*TM_SCALE 1	1	1
		*TM_SCALEAXIS 0	0	0
		*TM_SCALEAXISANG 0	0	0
	}
}
*HELPEROBJECT {
	*NODE_NAME "Bip01 Tail3"
	*NODE_PARENT "Bip01 Tail2"
	*NODE_TM {
		*NODE_NAME "Bip01 Tail3"
		*TM_ROW0 2.64496e-007	0.363019	-0.931782
		*TM_ROW1 -1.0401e-005	0.931782	0.363019
		*TM_ROW2 1	9.58145e-006	4.01959e-006
		*TM_ROW3 -3.99999e-005	34.7228	31.3306
		*TM_POS -3.99999e-005	34.7228	31.3306
		*TM_ROTAXIS -0.181611	-0.966453	-0.181621
		*TM_ROTANGLE 1.60491
		*TM_SCALE 1	1	1
		*TM_SCALEAXIS 0	0	0
		*TM_SCALEAXISANG 0	0	0
	}
}
*HELPEROBJECT {
	*NODE_NAME "Bip01 Tail4"
	*NODE_PARENT "Bip01 Tail3"
	*NODE_TM {
		*NODE_NAME "Bip01 Tail4"
		*TM_ROW0 -4.23193e-006	0.876482	-0.481435
		*TM_ROW1 2.563e-006	0.481435	0.876482
		*TM_ROW2 1	2.563e-006	-4.23193e-006
		*TM_ROW3 -5.99999e-005	42.2798	11.8941
		*TM_POS -5.99999e-005	42.2798	11.8941
		*TM_ROTAXIS -0.453758	-0.766947	-0.453758
		*TM_ROTANGLE 1.83308
		*TM_SCALE 1	1	1
		*TM_SCALEAXIS 0	0	0
		*TM_SCALEAXISANG 0	0	0
	}
}
*HELPEROBJECT {
	*NODE_NAME "Dummy"
	*NODE_PARENT "Bip01 Ponytail1"
	*NODE_TM {
		*NODE_NAME "Dummy"
		*TM_ROW0 -1	-0	0
		*TM_ROW1 -0	-1	0
		*TM_ROW2 -0	-0	1
		*TM_ROW3 0.000135	-104.316	53.396
		*TM_POS 0.000135	-104.316	53.396
		*TM_ROTAXIS 0	0	-1
		*TM_ROTANGLE 3.14159
		*TM_SCALE 1	1	1
		*TM_SCALEAXIS 0	0	0
		*TM_SCALEAXISANG 0	0	0
	}
}
*HELPEROBJECT {
	*NODE_NAME "Dummy1"
	*NODE_PARENT "Bip01 L Finger0"
	*NODE_TM {
		*NODE_NAME "Dummy1"
		*TM_ROW0 -1	-0	0
		*TM_ROW1 -0	-1	0
		*TM_ROW2 -0	-0	1
		*TM_ROW3 23.3034	-75.9385	2.04707
		*TM_POS 23.3034	-75.9385	2.04707
		*TM_ROTAXIS 0	0	-1
		*TM_ROTANGLE 3.14159
		*TM_SCALE 1	1	1
		*TM_SCALEAXIS 0	0	0
		*TM_SCALEAXISANG 0	0	0
	}
}
*HELPEROBJECT {
	*NODE_NAME "Dummy2"
	*NODE_PARENT "Bip01 R Finger0"
	*NODE_TM {
		*NODE_NAME "Dummy2"
		*TM_ROW0 -1	-0	0
		*TM_ROW1 -0	-1	0
		*TM_ROW2 -0	-0	1
		*TM_ROW3 -21.8844	-77.6983	2.85706
		*TM_POS -21.8844	-77.6983	2.85706
		*TM_ROTAXIS 0	0	-1
		*TM_ROTANGLE 3.14159
		*TM_SCALE 1	1	1
		*TM_SCALEAXIS 0	0	0
		*TM_SCALEAXISANG 0	0	0
	}
}
*HELPEROBJECT {
	*NODE_NAME "Dummy3"
	*NODE_PARENT "Bip01 L Toe0"
	*NODE_TM {
		*NODE_NAME "Dummy3"
		*TM_ROW0 -1	-0	0
		*TM_ROW1 -0	-1	0
		*TM_ROW2 -0	-0	1
		*TM_ROW3 18.1878	6.44974	-4.31921
		*TM_POS 18.1878	6.44974	-4.31921
		*TM_ROTAXIS 0	0	-1
		*TM_ROTANGLE 3.14159
		*TM_SCALE 1	1	1
		*TM_SCALEAXIS 0	0	0
		*TM_SCALEAXISANG 0	0	0
	}
}
*HELPEROBJECT {
	*NODE_NAME "Dummy4"
	*NODE_PARENT "Bip01 R Toe0"
	*NODE_TM {
		*NODE_NAME "Dummy4"
		*TM_ROW0 -1	-0	0
		*TM_ROW1 -0	-1	0
		*TM_ROW2 -0	-0	1
		*TM_ROW3 -19.6556	9.16907	-4.80834
		*TM_POS -19.6556	9.16907	-4.80834
		*TM_ROTAXIS 0	0	-1
		*TM_ROTANGLE 3.14159
		*TM_SCALE 1	1	1
		*TM_SCALEAXIS 0	0	0
		*TM_SCALEAXISANG 0	0	0
	}
}
*HELPEROBJECT {
	*NODE_NAME "Dummy5"
	*NODE_PARENT "Bip01 Tail4"
	*NODE_TM {
		*NODE_NAME "Dummy5"
		*TM_ROW0 -1	-0	0
		*TM_ROW1 -0	-1	0
		*TM_ROW2 -0	-0	1
		*TM_ROW3 -6.99999e-005	46.0583	2.1759
		*TM_POS -6.99999e-005	46.0583	2.1759
		*TM_ROTAXIS 0	0	-1
		*TM_ROTANGLE 3.14159
		*TM_SCALE 1	1	1
		*TM_SCALEAXIS 0	0	0
		*TM_SCALEAXISANG 0	0	0
	}
}
*GEOMOBJECT {
	*NODE_NAME "zm_Skin"
	*NODE_PARENT "Bip01"
	*NODE_TM {
		*NODE_NAME "zm_Skin"
		*TM_ROW0 -1	-0	0
		*TM_ROW1 -0	-1	0
		*TM_ROW2 -0	-0	1
		*TM_ROW3 -0	-0	0
		*TM_POS -0	-0	0
		*TM_ROTAXIS 0	0	-1
		*TM_ROTANGLE 3.14159
		*TM_SCALE 1	1	1
		*TM_SCALEAXIS 0	0	0
		*TM_SCALEAXISANG 0	0	0
	}
	*MATERIAL_REF 0
	*MESH_SOFTSKIN {
		*TIMEVALUE 0
		*MESH_NUMVERTEX 271
		*MESH_NUMFACES 532
		*MESH_VERTEX_LIST {
			*MESH_VERTEX 0	16.483	-75.165	1.32759
			*MESH_VERTEX 1	16.3703	-35.235	75.9309
			*MESH_VERTEX 2	6.9982	-103.467	88.7853
			*MESH_VERTEX 3	-0.0353161	3.70695	100.139
			*MESH_VERTEX 4	-16.4387	-35.2349	75.931
			*MESH_VERTEX 5	-32.1843	-78.4966	2.61583
			*MESH_VERTEX 6	-9.87917	-63.1292	55.5702
			*MESH_VERTEX 7	-0.0349367	38.6383	49.242
			*MESH_VERTEX 8	-0.0396994	48.2434	0.93125
			*MESH_VERTEX 9	14.0592	14.9749	53.4154
			*MESH_VERTEX 10	-12.4326	-95.7978	0.27383
			*MESH_VERTEX 11	21.4505	22.3507	9.86596
			*MESH_VERTEX 12	9.55905	30.0921	30.3001
			*MESH_VERTEX 13	-23.974	25.07	9.17635
			*MESH_VERTEX 14	-0.0350099	14.0278	73.7227
			*MESH_VERTEX 15	30.9608	-69.3113	28.839
			*MESH_VERTEX 16	35.2354	-90.7311	-0.0379733
			*MESH_VERTEX 17	-14.8603	18.0518	55.1329
			*MESH_VERTEX 18	-22.5053	31.7896	31.0183
			*MESH_VERTEX 19	6.83641	33.0546	-0.0344206
			*MESH_VERTEX 20	17.199	-48.831	62.5132
			*MESH_VERTEX 21	-9.42096	35.7739	-0.523545
			*MESH_VERTEX 22	-0.0359686	-123.127	55.4762
			*MESH_VERTEX 23	-24.5046	-92.3074	104.376
			*MESH_VERTEX 24	16.0242	-89.0413	11.6523
			*MESH_VERTEX 25	22.8739	33.5733	-0.0297904
			*MESH_VERTEX 26	-25.3388	36.2927	-0.518912
			*MESH_VERTEX 27	-11.2803	-106.034	61.6283
			*MESH_VERTEX 28	-0.0359435	-101.272	69.9808
			*MESH_VERTEX 29	24.4337	-92.3075	102.58
			*MESH_VERTEX 30	11.6575	-90.0188	90.4152
			*MESH_VERTEX 31	-27.641	-60.8671	47.0739
			*MESH_VERTEX 32	29.3383	-64.9417	71.8784
			*MESH_VERTEX 33	-7.96622e-005	-52.651	120.03
			*MESH_VERTEX 34	-11.7283	-90.0188	90.4151
			*MESH_VERTEX 35	5.88464	-5.1764	67.3158
			*MESH_VERTEX 36	21.0047	30.4106	31.3628
			*MESH_VERTEX 37	-10.3391	5.07112	48.7498
			*MESH_VERTEX 38	-11.1639	31.4893	29.7999
			*MESH_VERTEX 39	21.2223	-97.507	99.5886
			*MESH_VERTEX 40	15.6354	-77.3459	72.0622
			*MESH_VERTEX 41	18.2633	-94.1813	80.8776
			*MESH_VERTEX 42	-7.0691	-103.467	88.7853
			*MESH_VERTEX 43	-21.2932	-97.5069	101.384
			*MESH_VERTEX 44	14.2394	-91.8939	0.049841
			*MESH_VERTEX 45	-29.3444	-64.7996	71.7195
			*MESH_VERTEX 46	-6.33746	-3.33948	66.4485
			*MESH_VERTEX 47	-8.73503	-115.755	54.1331
			*MESH_VERTEX 48	11.2082	-106.034	61.8592
			*MESH_VERTEX 49	8.66286	-115.755	54.1333
			*MESH_VERTEX 50	33.6109	-89.7522	11.8786
			*MESH_VERTEX 51	-18.3341	-94.1812	80.8776
			*MESH_VERTEX 52	-14.5546	-78.5574	2.80823
			*MESH_VERTEX 53	-17.1638	18.6502	-1.04157
			*MESH_VERTEX 54	14.6374	15.9309	-0.351974
			*MESH_VERTEX 55	-23.8251	-84.8097	11.7762
			*MESH_VERTEX 56	-33.4173	-94.4491	-0.0361775
			*MESH_VERTEX 57	-15.7076	-77.3504	72.0738
			*MESH_VERTEX 58	-13.2981	-4.03465	95.5711
			*MESH_VERTEX 59	14.1515	39.0355	7.82039
			*MESH_VERTEX 60	-31.8923	-94.438	12.042
			*MESH_VERTEX 61	-14.3011	-93.8589	12.1608
			*MESH_VERTEX 62	12.4737	-19.2713	76.2565
			*MESH_VERTEX 63	9.81398	-63.2457	55.5616
			*MESH_VERTEX 64	15.6999	-107.664	78.5073
			*MESH_VERTEX 65	-12.1324	20.8334	76.1675
			*MESH_VERTEX 66	18.6863	4.24602	48.2312
			*MESH_VERTEX 67	14.8252	-11.6156	70.85
			*MESH_VERTEX 68	14.4825	-2.47775	44.0929
			*MESH_VERTEX 69	14.19	27.1795	27.9193
			*MESH_VERTEX 70	4.76564	17.0483	82.6049
			*MESH_VERTEX 71	-0.0346552	26.6272	47.6439
			*MESH_VERTEX 72	7.6379	43.9028	12.9251
			*MESH_VERTEX 73	-0.0348836	63.947	0.731391
			*MESH_VERTEX 74	-4.83536	17.0478	82.6043
			*MESH_VERTEX 75	-7.43996	43.5474	12.7186
			*MESH_VERTEX 76	-22.8998	-72.3687	7.07846
			*MESH_VERTEX 77	-6.13625	26.0217	-1.03331
			*MESH_VERTEX 78	-10.2755	25.7295	9.06329
			*MESH_VERTEX 79	-17.0246	-48.7265	62.7148
			*MESH_VERTEX 80	3.52695	23.3024	-0.34368
			*MESH_VERTEX 81	7.74561	23.0101	9.75292
			*MESH_VERTEX 82	21.5855	-60.5489	94.6924
			*MESH_VERTEX 83	13.2341	-3.97469	95.5898
			*MESH_VERTEX 84	24.585	-97.4783	0.109725
			*MESH_VERTEX 85	-11.5279	-74.2148	104.238
			*MESH_VERTEX 86	-12.5436	-19.2713	76.2566
			*MESH_VERTEX 87	-15.773	28.521	27.617
			*MESH_VERTEX 88	25.5981	-80.4264	11.0199
			*MESH_VERTEX 89	-22.8131	-101.244	-0.530839
			*MESH_VERTEX 90	-17.7861	30.9755	8.61437
			*MESH_VERTEX 91	25.4108	24.6512	-0.352609
			*MESH_VERTEX 92	-16.7487	41.1801	7.32212
			*MESH_VERTEX 93	-27.8568	27.3706	-1.04222
			*MESH_VERTEX 94	15.2645	28.8344	9.10343
			*MESH_VERTEX 95	17.5259	-58.7626	45.8584
			*MESH_VERTEX 96	-0.0345832	-93.1031	53.781
			*MESH_VERTEX 97	0.000122851	-76.8733	43.4091
			*MESH_VERTEX 98	24.8144	-68.5079	4.86009
			*MESH_VERTEX 99	34.1145	-75.2248	1.28044
			*MESH_VERTEX 100	-21.6492	-60.549	94.6922
			*MESH_VERTEX 101	23.2127	-68.6547	43.7426
			*MESH_VERTEX 102	-9.39938	-114.343	58.5879
			*MESH_VERTEX 103	22.0865	-42.0879	73.2581
			*MESH_VERTEX 104	11.4577	-74.2148	104.238
			*MESH_VERTEX 105	-0.0333433	-15.1892	70.866
			*MESH_VERTEX 106	12.5087	20.5107	73.761
			*MESH_VERTEX 107	-0.0360144	-121.546	51.9206
			*MESH_VERTEX 108	-0.0359114	-115.835	44.4244
			*MESH_VERTEX 109	-16.9378	-58.6677	46.0786
			*MESH_VERTEX 110	-22.5462	-69.155	42.9084
			*MESH_VERTEX 111	-22.0059	-42.0855	73.3574
			*MESH_VERTEX 112	-20.8513	16.2021	44.9
			*MESH_VERTEX 113	9.32724	-114.343	58.5879
			*MESH_VERTEX 114	-0.0359676	-126.042	59.7062
			*MESH_VERTEX 115	-15.9375	-73.8298	30.5857
			*MESH_VERTEX 116	4.86729e-005	-97.5895	96.1368
			*MESH_VERTEX 117	-15.7708	-107.664	78.5072
			*MESH_VERTEX 118	15.2581	33.4879	34.406
			*MESH_VERTEX 119	14.4843	-42.0064	91.193
			*MESH_VERTEX 120	-5.95879	17.3025	72.8821
			*MESH_VERTEX 121	-14.5465	-42.0063	91.193
			*MESH_VERTEX 122	15.742	-77.4235	61.873
			*MESH_VERTEX 123	17.5142	-90.9432	56.6505
			*MESH_VERTEX 124	-15.2151	-68.1658	65.0004
			*MESH_VERTEX 125	-15.7913	-77.329	61.8077
			*MESH_VERTEX 126	-17.5848	-90.9431	56.6504
			*MESH_VERTEX 127	-29.4732	-72.8432	31.203
			*MESH_VERTEX 128	-23.0056	-44.6914	41.4532
			*MESH_VERTEX 129	-6.10737	35.9959	31.6292
			*MESH_VERTEX 130	-12.2545	-110.935	68.7086
			*MESH_VERTEX 131	17.3989	-70.4454	26.9217
			*MESH_VERTEX 132	-19.5503	-3.52802	83.1524
			*MESH_VERTEX 133	15.2447	-68.2025	64.916
			*MESH_VERTEX 134	20.5258	-74.4045	92.7823
			*MESH_VERTEX 135	17.2167	-85.704	71.1992
			*MESH_VERTEX 136	-20.5903	-74.407	92.7853
			*MESH_VERTEX 137	-17.2874	-85.7039	71.1992
			*MESH_VERTEX 138	-0.132689	48.6471	15.3033
			*MESH_VERTEX 139	-16.778	34.9354	33.8394
			*MESH_VERTEX 140	-20.6811	-72.3227	61.2245
			*MESH_VERTEX 141	-0.0352627	19.627	89.3876
			*MESH_VERTEX 142	-5.10074	26.6903	68.9823
			*MESH_VERTEX 143	6.03812	35.9969	31.6293
			*MESH_VERTEX 144	5.031	26.6908	68.9825
			*MESH_VERTEX 145	-0.0359942	-111.43	82.6903
			*MESH_VERTEX 146	12.1836	-110.936	68.7342
			*MESH_VERTEX 147	-9.89759	-111.063	52.4684
			*MESH_VERTEX 148	9.82553	-111.063	52.4685
			*MESH_VERTEX 149	-0.0357985	-105.16	44.2299
			*MESH_VERTEX 150	-7.8005	-110.56	47.219
			*MESH_VERTEX 151	7.72852	-110.56	47.2191
			*MESH_VERTEX 152	10.948	-84.6775	90.7102
			*MESH_VERTEX 153	-11.0187	-84.6775	90.7101
			*MESH_VERTEX 154	-15.4439	1.32146	44.5004
			*MESH_VERTEX 155	21.2686	1.56462	69.4036
			*MESH_VERTEX 156	19.4072	-3.4306	83.3366
			*MESH_VERTEX 157	14.4461	-18.6967	85.2197
			*MESH_VERTEX 158	-14.516	-18.6966	85.2197
			*MESH_VERTEX 159	-15.2317	-11.0236	69.8148
			*MESH_VERTEX 160	23.831	-45.1217	41.9164
			*MESH_VERTEX 161	-1.46299e-005	-86.0899	108.748
			*MESH_VERTEX 162	-8.76876	17.4679	61.2254
			*MESH_VERTEX 163	20.8628	-72.6481	61.3761
			*MESH_VERTEX 164	-7.16419	-1.76027	57.1131
			*MESH_VERTEX 165	9.11821	-35.8552	68.3704
			*MESH_VERTEX 166	9.46708	1.46335	48.4149
			*MESH_VERTEX 167	6.11647	16.7413	71.0551
			*MESH_VERTEX 168	8.9945	15.2484	59.4441
			*MESH_VERTEX 169	-8.99457	-101.876	53.385
			*MESH_VERTEX 170	8.92264	-101.876	53.3851
			*MESH_VERTEX 171	-9.18662	-35.8552	68.3704
			*MESH_VERTEX 172	-22.1581	-78.2762	71.0026
			*MESH_VERTEX 173	-5.1324	-123.87	63.1817
			*MESH_VERTEX 174	-0.0359752	-125.465	64.4087
			*MESH_VERTEX 175	22.067	-78.2725	71.0287
			*MESH_VERTEX 176	-22.942	-66.5429	24.2374
			*MESH_VERTEX 177	-12.4331	-109.002	61.5259
			*MESH_VERTEX 178	28.1887	-61.3758	47.0785
			*MESH_VERTEX 179	-6.06175	-118.247	53.4827
			*MESH_VERTEX 180	5.98176	-118.247	53.4827
			*MESH_VERTEX 181	5.06018	-123.87	63.1816
			*MESH_VERTEX 182	12.3609	-109.002	61.526
			*MESH_VERTEX 183	6.82278	50.3545	6.63908
			*MESH_VERTEX 184	24.7263	-61.8488	24.0557
			*MESH_VERTEX 185	12.9957	-60.413	102.136
			*MESH_VERTEX 186	-13.0539	-60.4129	102.141
			*MESH_VERTEX 187	-6.90125	50.3544	6.63918
			*MESH_VERTEX 188	17.4308	-100.163	76.1287
			*MESH_VERTEX 189	-17.5016	-100.163	76.1286
			*MESH_VERTEX 190	-0.0350383	7.11237	71.6271
			*MESH_VERTEX 191	19.8582	-92.5074	69.2921
			*MESH_VERTEX 192	-19.9289	-92.5072	69.292
			*MESH_VERTEX 193	9.00186	-20.5226	100.13
			*MESH_VERTEX 194	-9.07168	-20.5225	100.13
			*MESH_VERTEX 195	-0.00404921	-14.1439	113.693
			*MESH_VERTEX 196	-9.03687	-60.2808	111.223
			*MESH_VERTEX 197	24.1605	-93.7468	96.1686
			*MESH_VERTEX 198	-19.6268	7.8443	49.0474
			*MESH_VERTEX 199	8.96677	-60.2808	111.223
			*MESH_VERTEX 200	19.8151	12.6506	44.3582
			*MESH_VERTEX 201	-7.60831	-120.719	60.5679
			*MESH_VERTEX 202	7.53612	-120.719	60.5679
			*MESH_VERTEX 203	33.2722	-73.7501	6.61742
			*MESH_VERTEX 204	-24.2314	-93.7467	97.9642
			*MESH_VERTEX 205	-5.37617	-116.98	49.3905
			*MESH_VERTEX 206	5.30407	-116.98	49.3906
			*MESH_VERTEX 207	-0.130443	40.3962	10.8877
			*MESH_VERTEX 208	-0.0359805	-120.089	49.3403
			*MESH_VERTEX 209	-31.4231	-77.7123	8.11878
			*MESH_VERTEX 210	-9.57381	-117.049	63.7635
			*MESH_VERTEX 211	-6.04526	-113.499	71.6713
			*MESH_VERTEX 212	-0.0353308	-115.301	77.1969
			*MESH_VERTEX 213	-21.494	2.78905	69.7186
			*MESH_VERTEX 214	7.32016	34.4658	10.6485
			*MESH_VERTEX 215	12.8543	-102.628	56.2975
			*MESH_VERTEX 216	-12.9263	-102.628	56.2973
			*MESH_VERTEX 217	-0.0357772	40.8001	32.0765
			*MESH_VERTEX 218	-0.0352103	31.7452	70.8059
			*MESH_VERTEX 219	0.000239345	-62.5332	45.7887
			*MESH_VERTEX 220	8.4868	-4.34177	57.7437
			*MESH_VERTEX 221	-11.1304	16.5534	40.6448
			*MESH_VERTEX 222	-15.7712	20.8036	52.0712
			*MESH_VERTEX 223	-9.8892	36.6254	10.0555
			*MESH_VERTEX 224	21.5305	34.6369	10.3326
			*MESH_VERTEX 225	-6.38162	-118.507	53.4806
			*MESH_VERTEX 226	-8.04704	-118.202	55.7774
			*MESH_VERTEX 227	-8.69009	-117.02	53.1351
			*MESH_VERTEX 228	6.3094	-118.507	53.4807
			*MESH_VERTEX 229	7.97477	-118.276	55.8224
			*MESH_VERTEX 230	8.61796	-117.02	53.1352
			*MESH_VERTEX 231	16.9779	-73.8225	6.44306
			*MESH_VERTEX 232	10.1178	13.1541	40.3401
			*MESH_VERTEX 233	14.8342	16.7826	51.8893
			*MESH_VERTEX 234	24.8916	-74.805	24.631
			*MESH_VERTEX 235	-5.15984	7.88784	69.6121
			*MESH_VERTEX 236	-15.1283	-77.8812	8.08331
			*MESH_VERTEX 237	-11.2507	10.071	84.6204
			*MESH_VERTEX 238	-23.9987	36.7625	9.92435
			*MESH_VERTEX 239	-15.6571	-7.44336	58.2844
			*MESH_VERTEX 240	15.1012	-9.91035	59.4456
			*MESH_VERTEX 241	-0.0342365	30.2857	31.2076
			*MESH_VERTEX 242	-20.6799	-96.3708	95.3986
			*MESH_VERTEX 243	20.609	-96.3708	93.6029
			*MESH_VERTEX 244	21.9665	-46.1632	61.8706
			*MESH_VERTEX 245	5.00039	7.03534	69.2267
			*MESH_VERTEX 246	-21.5911	-45.9169	62.0881
			*MESH_VERTEX 247	-5.61322	33.3909	48.2334
			*MESH_VERTEX 248	5.54406	33.391	48.2335
			*MESH_VERTEX 249	11.33	10.3266	84.4545
			*MESH_VERTEX 250	-0.000118203	-36.2322	61.8248
			*MESH_VERTEX 251	-8.5067	-110.952	75.3517
			*MESH_VERTEX 252	-6.2552	-117.402	68.7112
			*MESH_VERTEX 253	-0.0396456	55.2013	11.0728
			*MESH_VERTEX 254	-8.99579	-41.2475	104.859
			*MESH_VERTEX 255	8.92843	-41.2475	104.859
			*MESH_VERTEX 256	9.50153	-117.049	63.7636
			*MESH_VERTEX 257	6.18428	-117.402	68.7112
			*MESH_VERTEX 258	-0.0359554	-121.575	67.8306
			*MESH_VERTEX 259	5.97435	-113.499	71.6713
			*MESH_VERTEX 260	15.2996	6.24638	38.7638
			*MESH_VERTEX 261	-7.50278e-005	-40.4558	116.198
			*MESH_VERTEX 262	-0.034661	19.5388	65.9785
			*MESH_VERTEX 263	-16.3324	9.56522	39.5533
			*MESH_VERTEX 264	-23.3859	-78.7271	27.198
			*MESH_VERTEX 265	4.6204	-120.675	56.2779
			*MESH_VERTEX 266	8.43577	-110.952	77.5288
			*MESH_VERTEX 267	-4.48205	-120.771	56.2921
			*MESH_VERTEX 268	7.22335	-118.133	57.1935
			*MESH_VERTEX 269	-0.00617852	-74.0747	112.397
			*MESH_VERTEX 270	-7.20213	-118.355	57.0724
		}
		*MESH_FACE_LIST {
			*MESH_FACE    0:    A:    32 B:    163 C:    178 AB:    1 BC:    1 CA:    1	 *MESH_SMOOTHING 1 	*MESH_MTLID 0
			*MESH_FACE    1:    A:    133 B:    20 C:    95 AB:    1 BC:    1 CA:    1	 *MESH_SMOOTHING 1 	*MESH_MTLID 0
			*MESH_FACE    2:    A:    33 B:    269 C:    199 AB:    1 BC:    1 CA:    1	 *MESH_SMOOTHING 1 	*MESH_MTLID 0
			*MESH_FACE    3:    A:    126 B:    96 C:    169 AB:    1 BC:    1 CA:    1	 *MESH_SMOOTHING 1 	*MESH_MTLID 0
			*MESH_FACE    4:    A:    194 B:    121 C:    254 AB:    1 BC:    1 CA:    1	 *MESH_SMOOTHING 1 	*MESH_MTLID 0
			*MESH_FACE    5:    A:    171 B:    250 C:    219 AB:    1 BC:    1 CA:    1	 *MESH_SMOOTHING 1 	*MESH_MTLID 0
			*MESH_FACE    6:    A:    171 B:    86 C:    250 AB:    1 BC:    1 CA:    1	 *MESH_SMOOTHING 1 	*MESH_MTLID 0
			*MESH_FACE    7:    A:    79 B:    128 C:    246 AB:    1 BC:    1 CA:    1	 *MESH_SMOOTHING 1 	*MESH_MTLID 0
			*MESH_FACE    8:    A:    194 B:    158 C:    121 AB:    1 BC:    1 CA:    1	 *MESH_SMOOTHING 1 	*MESH_MTLID 0
			*MESH_FACE    9:    A:    31 B:    246 C:    128 AB:    1 BC:    1 CA:    1	 *MESH_SMOOTHING 1 	*MESH_MTLID 0
			*MESH_FACE    10:    A:    198 B:    239 C:    213 AB:    1 BC:    1 CA:    1	 *MESH_SMOOTHING 1 	*MESH_MTLID 0
			*MESH_FACE    11:    A:    193 B:    195 C:    255 AB:    1 BC:    1 CA:    1	 *MESH_SMOOTHING 1 	*MESH_MTLID 0
			*MESH_FACE    12:    A:    248 B:    218 C:    144 AB:    1 BC:    1 CA:    1	 *MESH_SMOOTHING 1 	*MESH_MTLID 0
			*MESH_FACE    13:    A:    144 B:    218 C:    141 AB:    1 BC:    1 CA:    1	 *MESH_SMOOTHING 1 	*MESH_MTLID 0
			*MESH_FACE    14:    A:    218 B:    247 C:    142 AB:    1 BC:    1 CA:    1	 *MESH_SMOOTHING 1 	*MESH_MTLID 0
			*MESH_FACE    15:    A:    218 B:    142 C:    141 AB:    1 BC:    1 CA:    1	 *MESH_SMOOTHING 1 	*MESH_MTLID 0
			*MESH_FACE    16:    A:    127 B:    264 C:    110 AB:    1 BC:    1 CA:    1	 *MESH_SMOOTHING 1 	*MESH_MTLID 0
			*MESH_FACE    17:    A:    31 B:    128 C:    127 AB:    1 BC:    1 CA:    1	 *MESH_SMOOTHING 1 	*MESH_MTLID 0
			*MESH_FACE    18:    A:    118 B:    12 C:    233 AB:    1 BC:    1 CA:    1	 *MESH_SMOOTHING 1 	*MESH_MTLID 0
			*MESH_FACE    19:    A:    36 B:    118 C:    233 AB:    1 BC:    1 CA:    1	 *MESH_SMOOTHING 1 	*MESH_MTLID 0
			*MESH_FACE    20:    A:    164 B:    239 C:    154 AB:    1 BC:    1 CA:    1	 *MESH_SMOOTHING 1 	*MESH_MTLID 0
			*MESH_FACE    21:    A:    237 B:    3 C:    74 AB:    1 BC:    1 CA:    1	 *MESH_SMOOTHING 1 	*MESH_MTLID 0
			*MESH_FACE    22:    A:    9 B:    106 C:    155 AB:    1 BC:    1 CA:    1	 *MESH_SMOOTHING 1 	*MESH_MTLID 0
			*MESH_FACE    23:    A:    232 B:    233 C:    12 AB:    1 BC:    1 CA:    1	 *MESH_SMOOTHING 1 	*MESH_MTLID 0
			*MESH_FACE    24:    A:    244 B:    178 C:    160 AB:    1 BC:    1 CA:    1	 *MESH_SMOOTHING 1 	*MESH_MTLID 0
			*MESH_FACE    25:    A:    95 B:    20 C:    160 AB:    1 BC:    1 CA:    1	 *MESH_SMOOTHING 1 	*MESH_MTLID 0
			*MESH_FACE    26:    A:    184 B:    15 C:    203 AB:    1 BC:    1 CA:    1	 *MESH_SMOOTHING 1 	*MESH_MTLID 0
			*MESH_FACE    27:    A:    101 B:    131 C:    234 AB:    1 BC:    1 CA:    1	 *MESH_SMOOTHING 1 	*MESH_MTLID 0
			*MESH_FACE    28:    A:    213 B:    17 C:    198 AB:    1 BC:    1 CA:    1	 *MESH_SMOOTHING 1 	*MESH_MTLID 0
			*MESH_FACE    29:    A:    222 B:    221 C:    38 AB:    1 BC:    1 CA:    1	 *MESH_SMOOTHING 1 	*MESH_MTLID 0
			*MESH_FACE    30:    A:    139 B:    18 C:    222 AB:    1 BC:    1 CA:    1	 *MESH_SMOOTHING 1 	*MESH_MTLID 0
			*MESH_FACE    31:    A:    38 B:    139 C:    222 AB:    1 BC:    1 CA:    1	 *MESH_SMOOTHING 1 	*MESH_MTLID 0
			*MESH_FACE    32:    A:    12 B:    118 C:    214 AB:    1 BC:    1 CA:    1	 *MESH_SMOOTHING 1 	*MESH_MTLID 0
			*MESH_FACE    33:    A:    224 B:    36 C:    94 AB:    1 BC:    1 CA:    1	 *MESH_SMOOTHING 1 	*MESH_MTLID 0
			*MESH_FACE    34:    A:    160 B:    20 C:    244 AB:    1 BC:    1 CA:    1	 *MESH_SMOOTHING 1 	*MESH_MTLID 0
			*MESH_FACE    35:    A:    62 B:    1 C:    165 AB:    1 BC:    1 CA:    1	 *MESH_SMOOTHING 1 	*MESH_MTLID 0
			*MESH_FACE    36:    A:    18 B:    139 C:    238 AB:    1 BC:    1 CA:    1	 *MESH_SMOOTHING 1 	*MESH_MTLID 0
			*MESH_FACE    37:    A:    18 B:    238 C:    90 AB:    1 BC:    1 CA:    1	 *MESH_SMOOTHING 1 	*MESH_MTLID 0
			*MESH_FACE    38:    A:    191 B:    146 C:    48 AB:    1 BC:    1 CA:    1	 *MESH_SMOOTHING 1 	*MESH_MTLID 0
			*MESH_FACE    39:    A:    27 B:    130 C:    192 AB:    1 BC:    1 CA:    1	 *MESH_SMOOTHING 1 	*MESH_MTLID 0
			*MESH_FACE    40:    A:    212 B:    252 C:    258 AB:    1 BC:    1 CA:    1	 *MESH_SMOOTHING 1 	*MESH_MTLID 0
			*MESH_FACE    41:    A:    153 B:    137 C:    51 AB:    1 BC:    1 CA:    1	 *MESH_SMOOTHING 1 	*MESH_MTLID 0
			*MESH_FACE    42:    A:    0 B:    24 C:    88 AB:    1 BC:    1 CA:    1	 *MESH_SMOOTHING 1 	*MESH_MTLID 0
			*MESH_FACE    43:    A:    99 B:    84 C:    0 AB:    1 BC:    1 CA:    1	 *MESH_SMOOTHING 1 	*MESH_MTLID 0
			*MESH_FACE    44:    A:    25 B:    54 C:    19 AB:    1 BC:    1 CA:    1	 *MESH_SMOOTHING 1 	*MESH_MTLID 0
			*MESH_FACE    45:    A:    94 B:    11 C:    25 AB:    1 BC:    1 CA:    1	 *MESH_SMOOTHING 1 	*MESH_MTLID 0
			*MESH_FACE    46:    A:    53 B:    26 C:    21 AB:    1 BC:    1 CA:    1	 *MESH_SMOOTHING 1 	*MESH_MTLID 0
			*MESH_FACE    47:    A:    13 B:    90 C:    26 AB:    1 BC:    1 CA:    1	 *MESH_SMOOTHING 1 	*MESH_MTLID 0
			*MESH_FACE    48:    A:    27 B:    126 C:    216 AB:    1 BC:    1 CA:    1	 *MESH_SMOOTHING 1 	*MESH_MTLID 0
			*MESH_FACE    49:    A:    210 B:    173 C:    252 AB:    1 BC:    1 CA:    1	 *MESH_SMOOTHING 1 	*MESH_MTLID 0
			*MESH_FACE    50:    A:    28 B:    114 C:    177 AB:    1 BC:    1 CA:    1	 *MESH_SMOOTHING 1 	*MESH_MTLID 0
			*MESH_FACE    51:    A:    107 B:    28 C:    27 AB:    1 BC:    1 CA:    1	 *MESH_SMOOTHING 1 	*MESH_MTLID 0
			*MESH_FACE    52:    A:    2 B:    39 C:    30 AB:    1 BC:    1 CA:    1	 *MESH_SMOOTHING 1 	*MESH_MTLID 0
			*MESH_FACE    53:    A:    161 B:    152 C:    104 AB:    1 BC:    1 CA:    1	 *MESH_SMOOTHING 1 	*MESH_MTLID 0
			*MESH_FACE    54:    A:    257 B:    259 C:    212 AB:    1 BC:    1 CA:    1	 *MESH_SMOOTHING 1 	*MESH_MTLID 0
			*MESH_FACE    55:    A:    41 B:    243 C:    2 AB:    1 BC:    1 CA:    1	 *MESH_SMOOTHING 1 	*MESH_MTLID 0
			*MESH_FACE    56:    A:    110 B:    31 C:    127 AB:    1 BC:    1 CA:    1	 *MESH_SMOOTHING 1 	*MESH_MTLID 0
			*MESH_FACE    57:    A:    136 B:    45 C:    172 AB:    1 BC:    1 CA:    1	 *MESH_SMOOTHING 1 	*MESH_MTLID 0
			*MESH_FACE    58:    A:    178 B:    244 C:    32 AB:    1 BC:    1 CA:    1	 *MESH_SMOOTHING 1 	*MESH_MTLID 0
			*MESH_FACE    59:    A:    1 B:    157 C:    119 AB:    1 BC:    1 CA:    1	 *MESH_SMOOTHING 1 	*MESH_MTLID 0
			*MESH_FACE    60:    A:    195 B:    254 C:    261 AB:    1 BC:    1 CA:    1	 *MESH_SMOOTHING 1 	*MESH_MTLID 0
			*MESH_FACE    61:    A:    255 B:    195 C:    261 AB:    1 BC:    1 CA:    1	 *MESH_SMOOTHING 1 	*MESH_MTLID 0
			*MESH_FACE    62:    A:    42 B:    34 C:    43 AB:    1 BC:    1 CA:    1	 *MESH_SMOOTHING 1 	*MESH_MTLID 0
			*MESH_FACE    63:    A:    269 B:    33 C:    196 AB:    1 BC:    1 CA:    1	 *MESH_SMOOTHING 1 	*MESH_MTLID 0
			*MESH_FACE    64:    A:    245 B:    167 C:    168 AB:    1 BC:    1 CA:    1	 *MESH_SMOOTHING 1 	*MESH_MTLID 0
			*MESH_FACE    65:    A:    157 B:    193 C:    119 AB:    1 BC:    1 CA:    1	 *MESH_SMOOTHING 1 	*MESH_MTLID 0
			*MESH_FACE    66:    A:    157 B:    156 C:    83 AB:    1 BC:    1 CA:    1	 *MESH_SMOOTHING 1 	*MESH_MTLID 0
			*MESH_FACE    67:    A:    37 B:    162 C:    235 AB:    1 BC:    1 CA:    1	 *MESH_SMOOTHING 1 	*MESH_MTLID 0
			*MESH_FACE    68:    A:    94 B:    36 C:    69 AB:    1 BC:    1 CA:    1	 *MESH_SMOOTHING 1 	*MESH_MTLID 0
			*MESH_FACE    69:    A:    69 B:    200 C:    260 AB:    1 BC:    1 CA:    1	 *MESH_SMOOTHING 1 	*MESH_MTLID 0
			*MESH_FACE    70:    A:    235 B:    164 C:    37 AB:    1 BC:    1 CA:    1	 *MESH_SMOOTHING 1 	*MESH_MTLID 0
			*MESH_FACE    71:    A:    154 B:    37 C:    164 AB:    1 BC:    1 CA:    1	 *MESH_SMOOTHING 1 	*MESH_MTLID 0
			*MESH_FACE    72:    A:    221 B:    87 C:    38 AB:    1 BC:    1 CA:    1	 *MESH_SMOOTHING 1 	*MESH_MTLID 0
			*MESH_FACE    73:    A:    87 B:    90 C:    38 AB:    1 BC:    1 CA:    1	 *MESH_SMOOTHING 1 	*MESH_MTLID 0
			*MESH_FACE    74:    A:    29 B:    30 C:    39 AB:    1 BC:    1 CA:    1	 *MESH_SMOOTHING 1 	*MESH_MTLID 0
			*MESH_FACE    75:    A:    39 B:    2 C:    243 AB:    1 BC:    1 CA:    1	 *MESH_SMOOTHING 1 	*MESH_MTLID 0
