*3DSMAX_ASCIIEXPORT	110
*COMMENT "[ GothicSourcer v3.14 ] - June 2007"
*SCENE {
	*SCENE_FILENAME "HAR_BODY.MAX"
	*SCENE_FIRSTFRAME 0
	*SCENE_LASTFRAME 100
	*SCENE_FRAMESPEED 25
	*SCENE_TICKSPERFRAME 192
	*SCENE_BACKGROUND_STATIC 0	0	0
	*SCENE_AMBIENT_STATIC 0.2	0.2	0.2
}
*MATERIAL_LIST {
	*MATERIAL_COUNT 1
	*MATERIAL 0 {
		*MATERIAL_NAME "Compound Material #1"
		*MATERIAL_CLASS "Multi/Sub-Object"
		*NUMSUBMTLS 3
		*SUBMATERIAL 0 {
			*MATERIAL_NAME "BODY"
			*MATERIAL_CLASS "Standard"
			*MATERIAL_AMBIENT 0.376471	0.380392	0.32549
			*MATERIAL_DIFFUSE 0.376471	0.380392	0.32549
			*MATERIAL_SPECULAR 0.9	0.9	0.9
			*MATERIAL_SHINE 0.1
			*MATERIAL_SHINESTRENGTH 0
			*MATERIAL_TRANSPARENCY 0
			*MATERIAL_WIRESIZE 1
			*MATERIAL_SHADING Blinn
			*MATERIAL_XP_FALLOFF 0
			*MATERIAL_SELFILLUM 0
			*MATERIAL_FALLOFF In
			*MATERIAL_XP_TYPE Filter
			*MAP_DIFFUSE {
				*MAP_NAME "Map #1-1"
				*MAP_CLASS "Bitmap"
				*MAP_SUBNO 1
				*MAP_AMOUNT 1
				*BITMAP "HAR_BODY_V0.TGA"
				*MAP_TYPE Screen
				*UVW_U_OFFSET 0
				*UVW_V_OFFSET 0
				*UVW_U_TILING 1
				*UVW_V_TILING 1
				*UVW_ANGLE 0
				*UVW_BLUR 1
				*UVW_BLUR_OFFSET 0
				*UVW_NOUSE_AMT 1
				*UVW_NOISE_SIZE 1
				*UVW_NOISE_LEVEL 1
				*UVW_NOISE_PHASE 0
				*BITMAP_FILTER Pyramidal
			}
		}
		*SUBMATERIAL 1 {
			*MATERIAL_NAME "FLUEGEL"
			*MATERIAL_CLASS "Standard"
			*MATERIAL_AMBIENT 0.180392	0.152941	0.129412
			*MATERIAL_DIFFUSE 0.180392	0.152941	0.129412
			*MATERIAL_SPECULAR 0.9	0.9	0.9
			*MATERIAL_SHINE 0.1
			*MATERIAL_SHINESTRENGTH 0
			*MATERIAL_TRANSPARENCY 0
			*MATERIAL_WIRESIZE 1
			*MATERIAL_SHADING Blinn
			*MATERIAL_XP_FALLOFF 0
			*MATERIAL_SELFILLUM 0
			*MATERIAL_FALLOFF In
			*MATERIAL_XP_TYPE Filter
			*MAP_DIFFUSE {
				*MAP_NAME "Map #1-2"
				*MAP_CLASS "Bitmap"
				*MAP_SUBNO 1
				*MAP_AMOUNT 1
				*BITMAP "HAR_WINGS_V0.TGA"
				*MAP_TYPE Screen
				*UVW_U_OFFSET 0
				*UVW_V_OFFSET 0
				*UVW_U_TILING 1
				*UVW_V_TILING 1
				*UVW_ANGLE 0
				*UVW_BLUR 1
				*UVW_BLUR_OFFSET 0
				*UVW_NOUSE_AMT 1
				*UVW_NOISE_SIZE 1
				*UVW_NOISE_LEVEL 1
				*UVW_NOISE_PHASE 0
				*BITMAP_FILTER Pyramidal
			}
		}
		*SUBMATERIAL 2 {
			*MATERIAL_NAME "KOPF"
			*MATERIAL_CLASS "Standard"
			*MATERIAL_AMBIENT 0.192157	0.203922	0.180392
			*MATERIAL_DIFFUSE 0.192157	0.203922	0.180392
			*MATERIAL_SPECULAR 0.9	0.9	0.9
			*MATERIAL_SHINE 0.1
			*MATERIAL_SHINESTRENGTH 0
			*MATERIAL_TRANSPARENCY 0
			*MATERIAL_WIRESIZE 1
			*MATERIAL_SHADING Blinn
			*MATERIAL_XP_FALLOFF 0
			*MATERIAL_SELFILLUM 0
			*MATERIAL_FALLOFF In
			*MATERIAL_XP_TYPE Filter
			*MAP_DIFFUSE {
				*MAP_NAME "Map #1-3"
				*MAP_CLASS "Bitmap"
				*MAP_SUBNO 1
				*MAP_AMOUNT 1
				*BITMAP "HAR_HEAD_V0.TGA"
				*MAP_TYPE Screen
				*UVW_U_OFFSET 0
				*UVW_V_OFFSET 0
				*UVW_U_TILING 1
				*UVW_V_TILING 1
				*UVW_ANGLE 0
				*UVW_BLUR 1
				*UVW_BLUR_OFFSET 0
				*UVW_NOUSE_AMT 1
				*UVW_NOISE_SIZE 1
				*UVW_NOISE_LEVEL 1
				*UVW_NOISE_PHASE 0
				*BITMAP_FILTER Pyramidal
			}
		}
	}
}
*HELPEROBJECT {
	*NODE_NAME "Bip01"
	*NODE_TM {
		*NODE_NAME "Bip01"
		*TM_ROW0 1.26759e-006	-1	0
		*TM_ROW1 1	1.26759e-006	0
		*TM_ROW2 -0	-0	1
		*TM_ROW3 -2.3e-005	-7.25934	166.747
		*TM_POS -2.3e-005	-7.25934	166.747
		*TM_ROTAXIS 0	0	1
		*TM_ROTANGLE 1.5708
		*TM_SCALE 1	1	1
		*TM_SCALEAXIS 0	0	0
		*TM_SCALEAXISANG 0	0	0
	}
}
*HELPEROBJECT {
	*NODE_NAME "Bip01 Pelvis"
	*NODE_PARENT "Bip01"
	*NODE_TM {
		*NODE_NAME "Bip01 Pelvis"
		*TM_ROW0 -1.19209e-006	-1.64892e-007	1
		*TM_ROW1 2.99332e-006	-1	-1.64887e-007
		*TM_ROW2 1	2.99332e-006	1.66893e-006
		*TM_ROW3 -1.3e-005	-7.28886	166.747
		*TM_POS -1.3e-005	-7.28886	166.747
		*TM_ROTAXIS -0.707106	-1e-006	-0.707107
		*TM_ROTANGLE 3.14159
		*TM_SCALE 1	1	1
		*TM_SCALEAXIS 0	0	0
		*TM_SCALEAXISANG 0	0	0
	}
}
*HELPEROBJECT {
	*NODE_NAME "Bip01 Spine"
	*NODE_PARENT "Bip01 Pelvis"
	*NODE_TM {
		*NODE_NAME "Bip01 Spine"
		*TM_ROW0 7.7486e-007	-0.746814	0.665033
		*TM_ROW1 -1.78814e-006	-0.665033	-0.746814
		*TM_ROW2 1	-6.55651e-007	-1.66893e-006
		*TM_ROW3 -1.3e-005	-7.28726	169.97
		*TM_POS -1.3e-005	-7.28726	169.97
		*TM_ROTAXIS 0.67402	-0.302317	0.674019
		*TM_ROTANGLE 2.55443
		*TM_SCALE 1	1	1
		*TM_SCALEAXIS 0	0	0
		*TM_SCALEAXISANG 0	0	0
	}
}
*HELPEROBJECT {
	*NODE_NAME "Bip01 Spine1"
	*NODE_PARENT "Bip01 Spine"
	*NODE_TM {
		*NODE_NAME "Bip01 Spine1"
		*TM_ROW0 6.55651e-007	-0.746564	0.665314
		*TM_ROW1 -1.93715e-006	-0.665314	-0.746564
		*TM_ROW2 1	-8.34465e-007	-1.84774e-006
		*TM_ROW3 2.86258e-011	-16.0066	177.744
		*TM_POS 2.86258e-011	-16.0066	177.744
		*TM_ROTAXIS 0.674051	-0.302179	0.67405
		*TM_ROTANGLE 2.55469
		*TM_SCALE 1	1	1
		*TM_SCALEAXIS 0	0	0
		*TM_SCALEAXISANG 0	0	0
	}
}
*HELPEROBJECT {
	*NODE_NAME "Bip01 Spine2"
	*NODE_PARENT "Bip01 Spine1"
	*NODE_TM {
		*NODE_NAME "Bip01 Spine2"
		*TM_ROW0 1.01328e-006	-0.47333	0.880885
		*TM_ROW1 -2.16067e-006	-0.880885	-0.47333
		*TM_ROW2 1	-1.49012e-006	-1.66893e-006
		*TM_ROW3 9.00002e-006	-22.3184	183.376
		*TM_POS 9.00002e-006	-22.3184	183.376
		*TM_ROTAXIS 0.696171	-0.175194	0.69617
		*TM_ROTANGLE 2.79473
		*TM_SCALE 1	1	1
		*TM_SCALEAXIS 0	0	0
		*TM_SCALEAXISANG 0	0	0
	}
}
*HELPEROBJECT {
	*NODE_NAME "Bip01 Spine3"
	*NODE_PARENT "Bip01 Spine2"
	*NODE_TM {
		*NODE_NAME "Bip01 Spine3"
		*TM_ROW0 1.19209e-007	-0.176847	0.984239
		*TM_ROW1 -7.8231e-007	-0.984238	-0.176847
		*TM_ROW2 1	-7.82311e-007	1.19209e-007
		*TM_ROW3 1.5e-005	-25.8643	189.998
		*TM_POS 1.5e-005	-25.8643	189.998
		*TM_ROTAXIS -0.705707	0.062897	-0.705707
		*TM_ROTANGLE 3.26722
		*TM_SCALE 1	1	1
		*TM_SCALEAXIS 0	0	0
		*TM_SCALEAXISANG 0	0	0
	}
}
*HELPEROBJECT {
	*NODE_NAME "Bip01 Neck"
	*NODE_PARENT "Bip01 Spine3"
	*NODE_TM {
		*NODE_NAME "Bip01 Neck"
		*TM_ROW0 1.49012e-006	-0.867646	0.497183
		*TM_ROW1 -2.563e-006	-0.497183	-0.867646
		*TM_ROW2 1	1.19209e-007	-3.09944e-006
		*TM_ROW3 1.8e-005	-28.4017	204.136
		*TM_POS 1.8e-005	-28.4017	204.136
		*TM_ROTAXIS 0.654303	-0.379181	0.654301
		*TM_ROTANGLE 2.41673
		*TM_SCALE 1	1	1
		*TM_SCALEAXIS 0	0	0
		*TM_SCALEAXISANG 0	0	0
	}
}
*HELPEROBJECT {
	*NODE_NAME "Bip01 L Clavicle"
	*NODE_PARENT "Bip01 Neck"
	*NODE_TM {
		*NODE_NAME "Bip01 L Clavicle"
		*TM_ROW0 0.71119	0.611782	0.346311
		*TM_ROW1 -0.682	0.719928	0.128765
		*TM_ROW2 -0.170543	-0.32776	0.929241
		*TM_ROW3 5.9035	-26.6337	202.015
		*TM_POS 5.9035	-26.6337	202.015
		*TM_ROTAXIS -0.311389	0.352539	-0.88247
		*TM_ROTANGLE 0.822789
		*TM_SCALE 1	1	1
		*TM_SCALEAXIS 0	0	0
		*TM_SCALEAXISANG 0	0	0
	}
}
*HELPEROBJECT {
	*NODE_NAME "Bip01 L UpperArm"
	*NODE_PARENT "Bip01 L Clavicle"
	*NODE_TM {
		*NODE_NAME "Bip01 L UpperArm"
		*TM_ROW0 0.662387	0.0119074	-0.749068
		*TM_ROW1 0.0966139	0.990166	0.101174
		*TM_ROW2 0.742906	-0.139387	0.654723
		*TM_ROW3 11.5228	-21.7998	204.751
		*TM_POS 11.5228	-21.7998	204.751
		*TM_ROTAXIS -0.158931	-0.985702	0.0559631
		*TM_ROTANGLE 0.858415
		*TM_SCALE 1	1	1
		*TM_SCALEAXIS 0	0	0
		*TM_SCALEAXISANG 0	0	0
	}
}
*HELPEROBJECT {
	*NODE_NAME "Bip01 L Forearm"
	*NODE_PARENT "Bip01 L UpperArm"
	*NODE_TM {
		*NODE_NAME "Bip01 L Forearm"
		*TM_ROW0 0.159885	-0.912823	-0.375755
		*TM_ROW1 0.650021	0.38383	-0.655856
		*TM_ROW2 0.742906	-0.139387	0.654723
		*TM_ROW3 27.16	-21.5187	187.068
		*TM_POS 27.16	-21.5187	187.068
		*TM_ROTAXIS 0.259515	-0.562104	0.785297
		*TM_ROTANGLE 1.47141
		*TM_SCALE 1	1	1
		*TM_SCALEAXIS 0	0	0
		*TM_SCALEAXISANG 0	0	0
	}
}
*HELPEROBJECT {
	*NODE_NAME "Bip01 L Hand"
	*NODE_PARENT "Bip01 L Forearm"
	*NODE_TM {
		*NODE_NAME "Bip01 L Hand"
		*TM_ROW0 0.0294063	-0.793509	-0.607848
		*TM_ROW1 -0.850676	0.299448	-0.432066
		*TM_ROW2 0.524867	0.529787	-0.666214
		*TM_ROW3 31.1744	-44.4377	177.633
		*TM_POS 31.1744	-44.4377	177.633
		*TM_ROTAXIS -0.646797	0.761693	0.038442
		*TM_ROTANGLE 3.97996
		*TM_SCALE 1	1	1
		*TM_SCALEAXIS 0	0	0
		*TM_SCALEAXISANG 0	0	0
	}
}
*HELPEROBJECT {
	*NODE_NAME "Bip01 L Finger0"
	*NODE_PARENT "Bip01 L Hand"
	*NODE_TM {
		*NODE_NAME "Bip01 L Finger0"
		*TM_ROW0 -0.720128	-0.527772	-0.450414
		*TM_ROW1 -0.504216	0.844006	-0.182815
		*TM_ROW2 0.476637	0.0954553	-0.873903
		*TM_ROW3 26.4206	-50.4232	178.51
		*TM_POS 26.4206	-50.4232	178.51
		*TM_ROTAXIS -0.28741	0.957499	-0.0243299
		*TM_ROTANGLE 3.64693
		*TM_SCALE 1	1	1
		*TM_SCALEAXIS 0	0	0
		*TM_SCALEAXISANG 0	0	0
	}
}
*HELPEROBJECT {
	*NODE_NAME "Bip01 L Finger1"
	*NODE_PARENT "Bip01 L Hand"
	*NODE_TM {
		*NODE_NAME "Bip01 L Finger1"
		*TM_ROW0 -0.837399	0.178454	-0.51664
		*TM_ROW1 -0.154883	0.828992	0.537386
		*TM_ROW2 0.524189	0.530025	-0.666557
		*TM_ROW3 32.6567	-53.7873	168.231
		*TM_POS 32.6567	-53.7873	168.231
		*TM_ROTAXIS 0.00673499	0.95233	0.304994
		*TM_ROTANGLE 3.71973
		*TM_SCALE 1	1	1
		*TM_SCALEAXIS 0	0	0
		*TM_SCALEAXISANG 0	0	0
	}
}
*HELPEROBJECT {
	*NODE_NAME "Bip01 R Clavicle"
	*NODE_PARENT "Bip01 Neck"
	*NODE_TM {
		*NODE_NAME "Bip01 R Clavicle"
		*TM_ROW0 -0.711193	0.611779	0.346311
		*TM_ROW1 0.681997	0.71993	0.128766
		*TM_ROW2 -0.170544	0.32776	-0.929241
		*TM_ROW3 -6.08921	-26.6337	202.015
		*TM_POS -6.08921	-26.6337	202.015
		*TM_ROTAXIS 0.356447	0.925811	0.125777
		*TM_ROTANGLE 2.8587
		*TM_SCALE 1	1	1
		*TM_SCALEAXIS 0	0	0
		*TM_SCALEAXISANG 0	0	0
	}
}
*HELPEROBJECT {
	*NODE_NAME "Bip01 R UpperArm"
	*NODE_PARENT "Bip01 R Clavicle"
	*NODE_TM {
		*NODE_NAME "Bip01 R UpperArm"
		*TM_ROW0 -0.662386	0.0119051	-0.749068
		*TM_ROW1 -0.096617	0.990166	0.101174
		*TM_ROW2 0.742906	0.139389	-0.654722
		*TM_ROW3 -11.7085	-21.7999	204.751
		*TM_POS -11.7085	-21.7999	204.751
		*TM_ROTAXIS -0.025538	0.99704	0.072522
		*TM_ROTANGLE 3.98694
		*TM_SCALE 1	1	1
		*TM_SCALEAXIS 0	0	0
		*TM_SCALEAXISANG 0	0	0
	}
}
*HELPEROBJECT {
	*NODE_NAME "Bip01 R Forearm"
	*NODE_PARENT "Bip01 R UpperArm"
	*NODE_TM {
		*NODE_NAME "Bip01 R Forearm"
		*TM_ROW0 -0.159882	-0.912824	-0.375754
		*TM_ROW1 -0.650023	0.383828	-0.655856
		*TM_ROW2 0.742906	0.139389	-0.654723
		*TM_ROW3 -27.3458	-21.5189	187.068
		*TM_POS -27.3458	-21.5189	187.068
		*TM_ROTAXIS -0.569067	0.800498	-0.188057
		*TM_ROTANGLE 3.91521
		*TM_SCALE 1	1	1
		*TM_SCALEAXIS 0	0	0
		*TM_SCALEAXISANG 0	0	0
	}
}
*HELPEROBJECT {
	*NODE_NAME "Bip01 R Hand"
	*NODE_PARENT "Bip01 R Forearm"
	*NODE_TM {
		*NODE_NAME "Bip01 R Hand"
		*TM_ROW0 -0.0294039	-0.793509	-0.607848
		*TM_ROW1 0.868475	0.280779	-0.408552
		*TM_ROW2 0.49486	-0.539914	0.680886
		*TM_ROW3 -31.36	-44.4378	177.633
		*TM_POS -31.36	-44.4378	177.633
		*TM_ROTAXIS -0.065719	-0.551671	0.831469
		*TM_ROTANGLE 1.60467
		*TM_SCALE 1	1	1
		*TM_SCALEAXIS 0	0	0
		*TM_SCALEAXISANG 0	0	0
	}
}
*HELPEROBJECT {
	*NODE_NAME "Bip01 R Finger0"
	*NODE_PARENT "Bip01 R Hand"
	*NODE_TM {
		*NODE_NAME "Bip01 R Finger0"
		*TM_ROW0 0.688268	-0.483396	-0.54094
		*TM_ROW1 0.632441	0.765103	0.120978
		*TM_ROW2 0.355394	-0.425378	0.832315
		*TM_ROW3 -26.5311	-50.6739	178.282
		*TM_POS -26.5311	-50.6739	178.282
		*TM_ROTAXIS -0.35663	-0.585076	0.728355
		*TM_ROTANGLE 0.872592
		*TM_SCALE 1	1	1
		*TM_SCALEAXIS 0	0	0
		*TM_SCALEAXISANG 0	0	0
	}
}
*HELPEROBJECT {
	*NODE_NAME "Bip01 R Finger1"
	*NODE_PARENT "Bip01 R Hand"
	*NODE_TM {
		*NODE_NAME "Bip01 R Finger1"
		*TM_ROW0 0.835946	0.0800541	-0.542941
		*TM_ROW1 0.238729	0.837761	0.491086
		*TM_ROW2 0.494169	-0.540137	0.681212
		*TM_ROW3 -32.7119	-53.8404	168.294
		*TM_POS -32.7119	-53.8404	168.294
		*TM_ROTAXIS -0.700978	-0.70498	0.10786
		*TM_ROTANGLE 0.826493
		*TM_SCALE 1	1	1
		*TM_SCALEAXIS 0	0	0
		*TM_SCALEAXISANG 0	0	0
	}
}
*HELPEROBJECT {
	*NODE_NAME "Bip01 Head"
	*NODE_PARENT "Bip01 Neck"
	*NODE_TM {
		*NODE_NAME "Bip01 Head"
		*TM_ROW0 -4.76837e-007	-0.573575	0.819153
		*TM_ROW1 -1.40071e-006	-0.819153	-0.573575
		*TM_ROW2 1	-1.40071e-006	-4.76837e-007
		*TM_ROW3 2.5e-005	-32.9831	206.761
		*TM_POS 2.5e-005	-32.9831	206.761
		*TM_ROTAXIS -0.690162	0.217607	-0.690162
		*TM_ROTANGLE 3.57012
		*TM_SCALE 1	1	1
		*TM_SCALEAXIS 0	0	0
		*TM_SCALEAXISANG 0	0	0
	}
}
*HELPEROBJECT {
	*NODE_NAME "Bip01 Wingbone_R1"
	*NODE_PARENT "Bip01 Spine3"
	*NODE_TM {
		*NODE_NAME "Bip01 Wingbone_R1"
		*TM_ROW0 0.990944	0.00901791	-0.133975
		*TM_ROW1 0.0230219	0.971559	0.235676
		*TM_ROW2 0.13229	-0.236626	0.962552
		*TM_ROW3 -6.6313	-17.6941	200.235
		*TM_POS -6.6313	-17.6941	200.235
		*TM_ROTAXIS -0.870816	-0.490931	0.02582
		*TM_ROTANGLE 0.274623
		*TM_SCALE 1	1	1
		*TM_SCALEAXIS 0	0	0
		*TM_SCALEAXISANG 0	0	0
	}
}
*HELPEROBJECT {
	*NODE_NAME "Bip01 Wingbone_R2"
	*NODE_PARENT "Bip01 Wingbone_R1"
	*NODE_TM {
		*NODE_NAME "Bip01 Wingbone_R2"
		*TM_ROW0 0.999124	-0.0344585	0.0237364
		*TM_ROW1 0.0259994	0.955734	0.293079
		*TM_ROW2 -0.0327848	-0.292205	0.955793
		*TM_ROW3 -12.2687	-7.20593	213.801
		*TM_POS -12.2687	-7.20593	213.801
		*TM_ROTAXIS -0.990149	0.095619	0.102279
		*TM_ROTANGLE 0.300035
		*TM_SCALE 1	1	1
		*TM_SCALEAXIS 0	0	0
		*TM_SCALEAXISANG 0	0	0
	}
}
*HELPEROBJECT {
	*NODE_NAME "Bip01 Wingbone_R3"
	*NODE_PARENT "Bip01 Wingbone_R2"
	*NODE_TM {
		*NODE_NAME "Bip01 Wingbone_R3"
		*TM_ROW0 0.999124	-0.0344585	0.0237364
		*TM_ROW1 0.0259993	0.955734	0.293079
		*TM_ROW2 -0.0327848	-0.292205	0.955793
		*TM_ROW3 -18.0543	-12.945	255.745
		*TM_POS -18.0543	-12.945	255.745
		*TM_ROTAXIS -0.990149	0.0956191	0.102279
		*TM_ROTANGLE 0.300035
		*TM_SCALE 1	1	1
		*TM_SCALEAXIS 0	0	0
		*TM_SCALEAXISANG 0	0	0
	}
}
*HELPEROBJECT {
	*NODE_NAME "Bip01 Wingbone_R4"
	*NODE_PARENT "Bip01 Wingbone_R3"
	*NODE_TM {
		*NODE_NAME "Bip01 Wingbone_R4"
		*TM_ROW0 0.999124	-0.0344585	0.0237364
		*TM_ROW1 0.0259993	0.955734	0.293079
		*TM_ROW2 -0.0327848	-0.292205	0.955793
		*TM_ROW3 -13.9382	13.9065	283.802
		*TM_POS -13.9382	13.9065	283.802
		*TM_ROTAXIS -0.990149	0.0956191	0.102279
		*TM_ROTANGLE 0.300035
		*TM_SCALE 1	1	1
		*TM_SCALEAXIS 0	0	0
		*TM_SCALEAXISANG 0	0	0
	}
}
*HELPEROBJECT {
	*NODE_NAME "Bip01 Wingbone_R2A"
	*NODE_PARENT "Bip01 Wingbone_R2"
	*NODE_TM {
		*NODE_NAME "Bip01 Wingbone_R2A"
		*TM_ROW0 0.999124	-0.0344593	0.0237325
		*TM_ROW1 -0.0260012	-0.955734	-0.293079
		*TM_ROW2 0.0327813	0.292205	-0.955794
		*TM_ROW3 -17.1845	-10.7051	255.085
		*TM_POS -17.1845	-10.7051	255.085
		*TM_ROTAXIS 0.999776	-0.015457	0.014448
		*TM_ROTANGLE 2.84454
		*TM_SCALE 1	1	1
		*TM_SCALEAXIS 0	0	0
		*TM_SCALEAXISANG 0	0	0
	}
}
*HELPEROBJECT {
	*NODE_NAME "Bip01 Wingbone_R1A"
	*NODE_PARENT "Bip01 Wingbone_R1"
	*NODE_TM {
		*NODE_NAME "Bip01 Wingbone_R1A"
		*TM_ROW0 0.990943	0.00901757	-0.133978
		*TM_ROW1 -0.023023	-0.971559	-0.235676
		*TM_ROW2 -0.132293	0.236626	-0.962552
		*TM_ROW3 -10.7061	-5.12355	212.108
		*TM_POS -10.7061	-5.12355	212.108
		*TM_ROTAXIS 0.997701	-0.00356	-0.067683
		*TM_ROTANGLE 2.90263
		*TM_SCALE 1	1	1
		*TM_SCALEAXIS 0	0	0
		*TM_SCALEAXISANG 0	0	0
	}
}
*HELPEROBJECT {
	*NODE_NAME "Bip01 Wingbone_L1"
	*NODE_PARENT "Bip01 Spine3"
	*NODE_TM {
		*NODE_NAME "Bip01 Wingbone_L1"
		*TM_ROW0 0.990943	-0.00901777	0.133976
		*TM_ROW1 -0.0230223	0.971559	0.235677
		*TM_ROW2 -0.132291	-0.236627	0.962552
		*TM_ROW3 6.47145	-17.7508	200.252
		*TM_POS 6.47145	-17.7508	200.252
		*TM_ROTAXIS -0.870815	0.490933	-0.025821
		*TM_ROTANGLE 0.274624
		*TM_SCALE 1	1	1
		*TM_SCALEAXIS 0	0	0
		*TM_SCALEAXISANG 0	0	0
	}
}
*HELPEROBJECT {
	*NODE_NAME "Bip01 Wingbone_L2"
	*NODE_PARENT "Bip01 Wingbone_L1"
	*NODE_TM {
		*NODE_NAME "Bip01 Wingbone_L2"
		*TM_ROW0 0.999124	0.0344587	-0.0237357
		*TM_ROW1 -0.0259997	0.955734	0.293079
		*TM_ROW2 0.0327842	-0.292205	0.955793
		*TM_ROW3 13.1528	-7.45866	215.559
		*TM_POS 13.1528	-7.45866	215.559
		*TM_ROTAXIS -0.99015	-0.095617	-0.10228
		*TM_ROTANGLE 0.300035
		*TM_SCALE 1	1	1
		*TM_SCALEAXIS 0	0	0
		*TM_SCALEAXISANG 0	0	0
	}
}
*HELPEROBJECT {
	*NODE_NAME "Bip01 Wingbone_L3"
	*NODE_PARENT "Bip01 Wingbone_L2"
	*NODE_TM {
		*NODE_NAME "Bip01 Wingbone_L3"
		*TM_ROW0 0.999124	0.0344587	-0.0237357
		*TM_ROW1 -0.0259997	0.955734	0.293079
		*TM_ROW2 0.0327842	-0.292205	0.955793
		*TM_ROW3 17.616	-12.9357	256.333
		*TM_POS 17.616	-12.9357	256.333
		*TM_ROTAXIS -0.99015	-0.095617	-0.10228
		*TM_ROTANGLE 0.300035
		*TM_SCALE 1	1	1
		*TM_SCALEAXIS 0	0	0
		*TM_SCALEAXISANG 0	0	0
	}
}
*HELPEROBJECT {
	*NODE_NAME "Bip01 Wingbone_L4"
	*NODE_PARENT "Bip01 Wingbone_L3"
	*NODE_TM {
		*NODE_NAME "Bip01 Wingbone_L4"
		*TM_ROW0 0.999124	0.0344587	-0.0237357
		*TM_ROW1 -0.0259997	0.955734	0.293079
		*TM_ROW2 0.0327842	-0.292205	0.955793
		*TM_ROW3 14.1997	14.2615	283.426
		*TM_POS 14.1997	14.2615	283.426
		*TM_ROTAXIS -0.99015	-0.095617	-0.10228
		*TM_ROTANGLE 0.300035
		*TM_SCALE 1	1	1
		*TM_SCALEAXIS 0	0	0
		*TM_SCALEAXISANG 0	0	0
	}
}
*HELPEROBJECT {
	*NODE_NAME "Bip01 Wingbone_L2A"
	*NODE_PARENT "Bip01 Wingbone_L2"
	*NODE_TM {
		*NODE_NAME "Bip01 Wingbone_L2A"
		*TM_ROW0 0.999124	0.0344587	-0.0237357
		*TM_ROW1 -0.0259997	0.955734	0.293079
		*TM_ROW2 0.0327842	-0.292205	0.955793
		*TM_ROW3 16.9118	-10.6637	255.315
		*TM_POS 16.9118	-10.6637	255.315
		*TM_ROTAXIS -0.99015	-0.095617	-0.10228
		*TM_ROTANGLE 0.300035
		*TM_SCALE 1	1	1
		*TM_SCALEAXIS 0	0	0
		*TM_SCALEAXISANG 0	0	0
	}
}
*HELPEROBJECT {
	*NODE_NAME "Bip01 Wingbone_L1A"
	*NODE_PARENT "Bip01 Wingbone_L1"
	*NODE_TM {
		*NODE_NAME "Bip01 Wingbone_L1A"
		*TM_ROW0 0.990943	-0.00901777	0.133976
		*TM_ROW1 -0.0230223	0.971559	0.235677
		*TM_ROW2 -0.132291	-0.236627	0.962552
		*TM_ROW3 10.7034	-5.1241	212.161
		*TM_POS 10.7034	-5.1241	212.161
		*TM_ROTAXIS -0.870815	0.490933	-0.025821
		*TM_ROTANGLE 0.274624
		*TM_SCALE 1	1	1
		*TM_SCALEAXIS 0	0	0
		*TM_SCALEAXISANG 0	0	0
	}
}
*HELPEROBJECT {
	*NODE_NAME "Bip01 L Thigh"
	*NODE_PARENT "Bip01 Spine"
	*NODE_TM {
		*NODE_NAME "Bip01 L Thigh"
		*TM_ROW0 0.281583	-0.958428	-0.046114
		*TM_ROW1 0.0810748	-0.0241222	0.996416
		*TM_ROW2 -0.956105	-0.284313	0.070912
		*TM_ROW3 8.11149	-7.28886	166.747
		*TM_POS 8.11149	-7.28886	166.747
		*TM_ROTAXIS -0.679844	0.483047	0.551795
		*TM_ROTANGLE 1.91326
		*TM_SCALE 1	1	1
		*TM_SCALEAXIS 0	0	0
		*TM_SCALEAXISANG 0	0	0
	}
}
*HELPEROBJECT {
	*NODE_NAME "Bip01 L Calf"
	*NODE_PARENT "Bip01 L Thigh"
	*NODE_TM {
		*NODE_NAME "Bip01 L Calf"
		*TM_ROW0 -0.286719	0.857804	-0.426574
		*TM_ROW1 0.0604517	-0.428181	-0.901669
		*TM_ROW2 -0.956106	-0.284313	0.070912
		*TM_ROW3 17.9204	-40.6755	165.141
		*TM_POS 17.9204	-40.6755	165.141
		*TM_ROTAXIS 0.54202	0.464913	-0.700051
		*TM_ROTANGLE 2.5357
		*TM_SCALE 1	1	1
		*TM_SCALEAXIS 0	0	0
		*TM_SCALEAXISANG 0	0	0
	}
}
*HELPEROBJECT {
	*NODE_NAME "Bip01 L HorseLink"
	*NODE_PARENT "Bip01 L Calf"
	*NODE_TM {
		*NODE_NAME "Bip01 L HorseLink"
		*TM_ROW0 0.150792	-0.684896	-0.712868
		*TM_ROW1 0.251245	-0.670884	0.697704
		*TM_ROW2 -0.956106	-0.284312	0.0709132
		*TM_ROW3 9.80011	-16.3814	153.06
		*TM_POS 9.80011	-16.3814	153.06
		*TM_ROTAXIS 0.712452	-0.176469	-0.679169
		*TM_ROTANGLE 3.90195
		*TM_SCALE 1	1	1
		*TM_SCALEAXIS 0	0	0
		*TM_SCALEAXISANG 0	0	0
	}
}
*HELPEROBJECT {
	*NODE_NAME "Bip01 L Foot"
	*NODE_PARENT "Bip01 L HorseLink"
	*NODE_TM {
		*NODE_NAME "Bip01 L Foot"
		*TM_ROW0 0.0346217	-0.196341	-0.979924
		*TM_ROW1 0.280553	-0.939176	0.198089
		*TM_ROW2 -0.959214	-0.281779	0.0225687
		*TM_ROW3 13.1822	-31.7429	137.071
		*TM_POS 13.1822	-31.7429	137.071
		*TM_ROTAXIS 0.708969	0.030598	-0.704576
		*TM_ROTANGLE 3.48684
		*TM_SCALE 1	1	1
		*TM_SCALEAXIS 0	0	0
		*TM_SCALEAXISANG 0	0	0
	}
}
*HELPEROBJECT {
	*NODE_NAME "Bip01 L Toe0"
	*NODE_PARENT "Bip01 L Foot"
	*NODE_TM {
		*NODE_NAME "Bip01 L Toe0"
		*TM_ROW0 0.103764	-0.425237	-0.899114
		*TM_ROW1 0.26295	-0.860101	0.437132
		*TM_ROW2 -0.959214	-0.28178	0.0225687
		*TM_ROW3 17.9935	-48.3059	134.765
		*TM_POS 17.9935	-48.3059	134.765
		*TM_ROTAXIS 0.721061	-0.060279	-0.690244
		*TM_ROTANGLE 3.66347
		*TM_SCALE 1	1	1
		*TM_SCALEAXIS 0	0	0
		*TM_SCALEAXISANG 0	0	0
	}
}
*HELPEROBJECT {
	*NODE_NAME "Bip01 Foot_L Toe1"
	*NODE_PARENT "Bip01 L Foot"
	*NODE_TM {
		*NODE_NAME "Bip01 Foot_L Toe1"
		*TM_ROW0 0.891007	0.374146	-0.257143
		*TM_ROW1 -0.45399	0.734302	-0.504671
		*TM_ROW2 -2.55201e-007	0.566406	0.824126
		*TM_ROW3 10.8106	-27.998	133.751
		*TM_POS 10.8106	-27.998	133.751
		*TM_ROTAXIS 0.777217	-0.186593	-0.600929
		*TM_ROTANGLE 0.760172
		*TM_SCALE 1	1	1
		*TM_SCALEAXIS 0	0	0
		*TM_SCALEAXISANG 0	0	0
	}
}
*HELPEROBJECT {
	*NODE_NAME "Bip01 R Thigh"
	*NODE_PARENT "Bip01 Spine"
	*NODE_TM {
		*NODE_NAME "Bip01 R Thigh"
		*TM_ROW0 -0.414941	-0.90538	-0.0900677
		*TM_ROW1 -0.132625	-0.0377471	0.990447
		*TM_ROW2 -0.90013	0.422922	-0.104413
		*TM_ROW3 -8.11151	-7.28888	166.747
		*TM_POS -8.11151	-7.28888	166.747
		*TM_ROTAXIS -0.452152	0.645384	0.61566
		*TM_ROTANGLE 2.46315
		*TM_SCALE 1	1	1
		*TM_SCALEAXIS 0	0	0
		*TM_SCALEAXISANG 0	0	0
	}
}
*HELPEROBJECT {
	*NODE_NAME "Bip01 R Calf"
	*NODE_PARENT "Bip01 R Thigh"
	*NODE_TM {
		*NODE_NAME "Bip01 R Calf"
		*TM_ROW0 0.426091	0.804916	-0.412985
		*TM_ROW1 -0.0906171	-0.41623	-0.904733
		*TM_ROW2 -0.90013	0.422922	-0.104413
		*TM_ROW3 -21.4952	-36.4914	163.842
		*TM_POS -21.4952	-36.4914	163.842
		*TM_ROTAXIS 0.793149	0.291023	-0.534996
		*TM_ROTANGLE 2.1499
		*TM_SCALE 1	1	1
		*TM_SCALEAXIS 0	0	0
		*TM_SCALEAXISANG 0	0	0
	}
}
*HELPEROBJECT {
	*NODE_NAME "Bip01 R HorseLink"
	*NODE_PARENT "Bip01 R Calf"
	*NODE_TM {
		*NODE_NAME "Bip01 R HorseLink"
		*TM_ROW0 -0.26482	-0.721563	-0.639701
		*TM_ROW1 -0.345884	-0.548164	0.761499
		*TM_ROW2 -0.90013	0.422922	-0.104413
		*TM_ROW3 -10.6236	-15.9542	153.305
		*TM_POS -10.6236	-15.9542	153.305
		*TM_ROTAXIS 0.595193	-0.457816	-0.660416
		*TM_ROTANGLE 3.43
		*TM_SCALE 1	1	1
		*TM_SCALEAXIS 0	0	0
		*TM_SCALEAXISANG 0	0	0
	}
}
*HELPEROBJECT {
	*NODE_NAME "Bip01 R Foot"
	*NODE_PARENT "Bip01 R HorseLink"
	*NODE_TM {
		*NODE_NAME "Bip01 R Foot"
		*TM_ROW0 0.157793	-0.349221	-0.923659
		*TM_ROW1 -0.260575	-0.916949	0.302168
		*TM_ROW2 -0.952472	0.193002	-0.235686
		*TM_ROW3 -16.554	-32.1131	138.979
		*TM_POS -16.554	-32.1131	138.979
		*TM_ROTAXIS 0.760495	-0.200719	-0.617543
		*TM_ROTANGLE 3.21343
		*TM_SCALE 1	1	1
		*TM_SCALEAXIS 0	0	0
		*TM_SCALEAXISANG 0	0	0
	}
}
*HELPEROBJECT {
	*NODE_NAME "Bip01 R Toe0"
	*NODE_PARENT "Bip01 R Foot"
	*NODE_TM {
		*NODE_NAME "Bip01 R Toe0"
		*TM_ROW0 0.0747115	-0.602051	-0.794954
		*TM_ROW1 -0.295323	-0.77478	0.559017
		*TM_ROW2 -0.952471	0.193004	-0.235685
		*TM_ROW3 -19.7162	-49.683	137.37
		*TM_POS -19.7162	-49.683	137.37
		*TM_ROTAXIS 0.727876	-0.313248	-0.609977
		*TM_ROTANGLE 3.39575
		*TM_SCALE 1	1	1
		*TM_SCALEAXIS 0	0	0
		*TM_SCALEAXISANG 0	0	0
	}
}
*HELPEROBJECT {
	*NODE_NAME "Bip01 Foot_L Toe02"
	*NODE_PARENT "Bip01 R Foot"
	*NODE_TM {
		*NODE_NAME "Bip01 Foot_L Toe02"
		*TM_ROW0 0.96363	-0.220239	0.151363
		*TM_ROW1 -0.267238	-0.794153	0.545807
		*TM_ROW2 -3.06351e-006	-0.566406	-0.824126
		*TM_ROW3 -14.5939	-28.5897	134.029
		*TM_POS -14.5939	-28.5897	134.029
		*TM_ROTAXIS 0.989998	-0.134733	0.041834
		*TM_ROTANGLE 3.73806
		*TM_SCALE 1	1	1
		*TM_SCALEAXIS 0	0	0
		*TM_SCALEAXISANG 0	0	0
	}
}
*HELPEROBJECT {
	*NODE_NAME "Bip01 Tail"
	*NODE_PARENT "Bip01 Spine"
	*NODE_TM {
		*NODE_NAME "Bip01 Tail"
		*TM_ROW0 -1.07288e-006	0.978313	-0.207133
		*TM_ROW1 -3.63588e-006	0.207133	0.978313
		*TM_ROW2 1	1.84774e-006	3.33786e-006
		*TM_ROW3 0.619149	1.53965	172.259
		*TM_POS 0.619149	1.53965	172.259
		*TM_ROTAXIS -0.532812	-0.657434	-0.532815
		*TM_ROTANGLE 1.97842
		*TM_SCALE 1	1	1
		*TM_SCALEAXIS 0	0	0
		*TM_SCALEAXISANG 0	0	0
	}
}
*HELPEROBJECT {
	*NODE_NAME "Dummy"
	*NODE_PARENT "Bip01 L Finger0"
	*NODE_TM {
		*NODE_NAME "Dummy"
		*TM_ROW0 -1	-0	0
		*TM_ROW1 -0	-1	0
		*TM_ROW2 -0	-0	1
		*TM_ROW3 24.0437	-53.4159	178.948
		*TM_POS 24.0437	-53.4159	178.948
		*TM_ROTAXIS 0	0	-1
		*TM_ROTANGLE 3.14159
		*TM_SCALE 1	1	1
		*TM_SCALEAXIS 0	0	0
		*TM_SCALEAXISANG 0	0	0
	}
}
*HELPEROBJECT {
	*NODE_NAME "Dummy1"
	*NODE_PARENT "Bip01 L Finger1"
	*NODE_TM {
		*NODE_NAME "Dummy1"
		*TM_ROW0 -1	-0	0
		*TM_ROW1 -0	-1	0
		*TM_ROW2 -0	-0	1
		*TM_ROW3 33.3978	-58.4621	163.53
		*TM_POS 33.3978	-58.4621	163.53
		*TM_ROTAXIS 0	0	-1
		*TM_ROTANGLE 3.14159
		*TM_SCALE 1	1	1
		*TM_SCALEAXIS 0	0	0
		*TM_SCALEAXISANG 0	0	0
	}
}
*HELPEROBJECT {
	*NODE_NAME "Dummy2"
	*NODE_PARENT "Bip01 R Finger0"
	*NODE_TM {
		*NODE_NAME "Dummy2"
		*TM_ROW0 -1	-0	0
		*TM_ROW1 -0	-1	0
		*TM_ROW2 -0	-0	1
		*TM_ROW3 -24.1166	-53.7919	178.606
		*TM_POS -24.1166	-53.7919	178.606
		*TM_ROTAXIS 0	0	-1
		*TM_ROTANGLE 3.14159
		*TM_SCALE 1	1	1
		*TM_SCALEAXIS 0	0	0
		*TM_SCALEAXISANG 0	0	0
	}
}
*HELPEROBJECT {
	*NODE_NAME "Dummy3"
	*NODE_PARENT "Bip01 R Finger1"
	*NODE_TM {
		*NODE_NAME "Dummy3"
		*TM_ROW0 -1	-0	0
		*TM_ROW1 -0	-1	0
		*TM_ROW2 -0	-0	1
		*TM_ROW3 -33.3878	-58.5417	163.624
		*TM_POS -33.3878	-58.5417	163.624
		*TM_ROTAXIS 0	0	-1
		*TM_ROTANGLE 3.14159
		*TM_SCALE 1	1	1
		*TM_SCALEAXIS 0	0	0
		*TM_SCALEAXISANG 0	0	0
	}
}
*HELPEROBJECT {
	*NODE_NAME "Dummy4"
	*NODE_PARENT "Bip01 Head"
	*NODE_TM {
		*NODE_NAME "Dummy4"
		*TM_ROW0 -1	-0	0
		*TM_ROW1 -0	-1	0
		*TM_ROW2 -0	-0	1
		*TM_ROW3 2.85e-005	-35.2738	208.073
		*TM_POS 2.85e-005	-35.2738	208.073
		*TM_ROTAXIS 0	0	-1
		*TM_ROTANGLE 3.14159
		*TM_SCALE 1	1	1
		*TM_SCALEAXIS 0	0	0
		*TM_SCALEAXISANG 0	0	0
	}
}
*HELPEROBJECT {
	*NODE_NAME "Dummy5"
	*NODE_PARENT "Bip01 Wingbone_R4"
	*NODE_TM {
		*NODE_NAME "Dummy5"
		*TM_ROW0 -1	-0	0
		*TM_ROW1 -0	-1	0
		*TM_ROW2 -0	-0	1
		*TM_ROW3 -11.8801	27.3323	297.831
		*TM_POS -11.8801	27.3323	297.831
		*TM_ROTAXIS 0	0	-1
		*TM_ROTANGLE 3.14159
		*TM_SCALE 1	1	1
		*TM_SCALEAXIS 0	0	0
		*TM_SCALEAXISANG 0	0	0
	}
}
*HELPEROBJECT {
	*NODE_NAME "Dummy6"
	*NODE_PARENT "Bip01 Wingbone_R2A"
	*NODE_TM {
		*NODE_NAME "Dummy6"
		*TM_ROW0 -1	-0	0
		*TM_ROW1 -0	-1	0
		*TM_ROW2 -0	-0	1
		*TM_ROW3 -19.6424	-12.4547	275.727
		*TM_POS -19.6424	-12.4547	275.727
		*TM_ROTAXIS 0	0	-1
		*TM_ROTANGLE 3.14159
		*TM_SCALE 1	1	1
		*TM_SCALEAXIS 0	0	0
		*TM_SCALEAXISANG 0	0	0
	}
}
*HELPEROBJECT {
	*NODE_NAME "Dummy7"
	*NODE_PARENT "Bip01 Wingbone_R1A"
	*NODE_TM {
		*NODE_NAME "Dummy7"
		*TM_ROW0 -1	-0	0
		*TM_ROW1 -0	-1	0
		*TM_ROW2 -0	-0	1
		*TM_ROW3 -12.7435	1.16174	218.045
		*TM_POS -12.7435	1.16174	218.045
		*TM_ROTAXIS 0	0	-1
		*TM_ROTANGLE 3.14159
		*TM_SCALE 1	1	1
		*TM_SCALEAXIS 0	0	0
		*TM_SCALEAXISANG 0	0	0
	}
}
*HELPEROBJECT {
	*NODE_NAME "Dummy8"
	*NODE_PARENT "Bip01 Wingbone_L4"
	*NODE_TM {
		*NODE_NAME "Dummy8"
		*TM_ROW0 -1	-0	0
		*TM_ROW1 -0	-1	0
		*TM_ROW2 -0	-0	1
		*TM_ROW3 12.4915	27.8601	296.973
		*TM_POS 12.4915	27.8601	296.973
		*TM_ROTAXIS 0	0	-1
		*TM_ROTANGLE 3.14159
		*TM_SCALE 1	1	1
		*TM_SCALEAXIS 0	0	0
		*TM_SCALEAXISANG 0	0	0
	}
}
*HELPEROBJECT {
	*NODE_NAME "Dummy9"
	*NODE_PARENT "Bip01 Wingbone_L2A"
	*NODE_TM {
		*NODE_NAME "Dummy9"
		*TM_ROW0 -1	-0	0
		*TM_ROW1 -0	-1	0
		*TM_ROW2 -0	-0	1
		*TM_ROW3 18.7912	-12.2662	275.194
		*TM_POS 18.7912	-12.2662	275.194
		*TM_ROTAXIS 0	0	-1
		*TM_ROTANGLE 3.14159
		*TM_SCALE 1	1	1
		*TM_SCALEAXIS 0	0	0
		*TM_SCALEAXISANG 0	0	0
	}
}
*HELPEROBJECT {
	*NODE_NAME "Dummy10"
	*NODE_PARENT "Bip01 Wingbone_L1A"
	*NODE_TM {
		*NODE_NAME "Dummy10"
		*TM_ROW0 -1	-0	0
		*TM_ROW1 -0	-1	0
		*TM_ROW2 -0	-0	1
		*TM_ROW3 12.8194	1.18926	218.115
		*TM_POS 12.8194	1.18926	218.115
		*TM_ROTAXIS 0	0	-1
		*TM_ROTANGLE 3.14159
		*TM_SCALE 1	1	1
		*TM_SCALEAXIS 0	0	0
		*TM_SCALEAXISANG 0	0	0
	}
}
*HELPEROBJECT {
	*NODE_NAME "Dummy11"
	*NODE_PARENT "Bip01 L Toe0"
	*NODE_TM {
		*NODE_NAME "Dummy11"
		*TM_ROW0 -1	-0	0
		*TM_ROW1 -0	-1	0
		*TM_ROW2 -0	-0	1
		*TM_ROW3 20.3992	-56.5874	133.612
		*TM_POS 20.3992	-56.5874	133.612
		*TM_ROTAXIS 0	0	-1
		*TM_ROTANGLE 3.14159
		*TM_SCALE 1	1	1
		*TM_SCALEAXIS 0	0	0
		*TM_SCALEAXISANG 0	0	0
	}
}
*HELPEROBJECT {
	*NODE_NAME "Dummy12"
	*NODE_PARENT "Bip01 Foot_L Toe1"
	*NODE_TM {
		*NODE_NAME "Dummy12"
		*TM_ROW0 -1	-0	0
		*TM_ROW1 -0	-1	0
		*TM_ROW2 -0	-0	1
		*TM_ROW3 9.62477	-26.1255	132.091
		*TM_POS 9.62477	-26.1255	132.091
		*TM_ROTAXIS 0	0	-1
		*TM_ROTANGLE 3.14159
		*TM_SCALE 1	1	1
		*TM_SCALEAXIS 0	0	0
		*TM_SCALEAXISANG 0	0	0
	}
}
*HELPEROBJECT {
	*NODE_NAME "Dummy13"
	*NODE_PARENT "Bip01 R Toe0"
	*NODE_TM {
		*NODE_NAME "Dummy13"
		*TM_ROW0 -1	-0	0
		*TM_ROW1 -0	-1	0
		*TM_ROW2 -0	-0	1
		*TM_ROW3 -21.2973	-58.468	136.566
		*TM_POS -21.2973	-58.468	136.566
		*TM_ROTAXIS 0	0	-1
		*TM_ROTANGLE 3.14159
		*TM_SCALE 1	1	1
		*TM_SCALEAXIS 0	0	0
		*TM_SCALEAXISANG 0	0	0
	}
}
*HELPEROBJECT {
	*NODE_NAME "Dummy14"
	*NODE_PARENT "Bip01 Foot_L Toe02"
	*NODE_TM {
		*NODE_NAME "Dummy14"
		*TM_ROW0 -1	-0	0
		*TM_ROW1 -0	-1	0
		*TM_ROW2 -0	-0	1
		*TM_ROW3 -13.6138	-26.828	131.554
		*TM_POS -13.6138	-26.828	131.554
		*TM_ROTAXIS 0	0	-1
		*TM_ROTANGLE 3.14159
		*TM_SCALE 1	1	1
		*TM_SCALEAXIS 0	0	0
		*TM_SCALEAXISANG 0	0	0
	}
}
*HELPEROBJECT {
	*NODE_NAME "Dummy15"
	*NODE_PARENT "Bip01 Tail"
	*NODE_TM {
		*NODE_NAME "Dummy15"
		*TM_ROW0 -1	-0	0
		*TM_ROW1 -0	-1	0
		*TM_ROW2 -0	-0	1
		*TM_ROW3 0.92873	5.9531	173.403
		*TM_POS 0.92873	5.9531	173.403
		*TM_ROTAXIS 0	0	-1
		*TM_ROTANGLE 3.14159
		*TM_SCALE 1	1	1
		*TM_SCALEAXIS 0	0	0
		*TM_SCALEAXISANG 0	0	0
	}
}
*GEOMOBJECT {
	*NODE_NAME "zm_Skin"
	*NODE_PARENT "Bip01"
	*NODE_TM {
		*NODE_NAME "zm_Skin"
		*TM_ROW0 -1	-0	0
		*TM_ROW1 -0	-1	0
		*TM_ROW2 -0	-0	1
		*TM_ROW3 -0	-0	0
		*TM_POS -0	-0	0
		*TM_ROTAXIS 0	0	-1
		*TM_ROTANGLE 3.14159
		*TM_SCALE 1	1	1
		*TM_SCALEAXIS 0	0	0
		*TM_SCALEAXISANG 0	0	0
	}
	*MATERIAL_REF 0
	*MESH_SOFTSKIN {
		*TIMEVALUE 0
		*MESH_NUMVERTEX 586
		*MESH_NUMFACES 1195
		*MESH_VERTEX_LIST {
			*MESH_VERTEX 0	9.99057	11.9731	296.731
			*MESH_VERTEX 1	8.3031	84.0625	291.891
			*MESH_VERTEX 2	13.4211	-3.3365	234.587
			*MESH_VERTEX 3	-13.6989	-3.38692	234.347
			*MESH_VERTEX 4	-8.57621	84.0211	291.661
			*MESH_VERTEX 5	-14.6648	14.4881	282.117
			*MESH_VERTEX 6	3.82377	-38.3467	174.595
			*MESH_VERTEX 7	4.84148	36.8038	206.154
			*MESH_VERTEX 8	-4.9794	36.7834	206.013
			*MESH_VERTEX 9	-13.245	-5.97992	157.016
			*MESH_VERTEX 10	-13.8203	-43.7992	151.092
			*MESH_VERTEX 11	-15.4419	-20.8207	128.836
			*MESH_VERTEX 12	-15.4479	59.8465	158.6
			*MESH_VERTEX 13	11.6145	26.4528	163.789
			*MESH_VERTEX 14	16.3363	59.6123	158.614
			*MESH_VERTEX 15	-4.32853	70.2613	264.009
			*MESH_VERTEX 16	4.05547	70.3027	264.24
			*MESH_VERTEX 17	-5.85597	3.5915	170.217
			*MESH_VERTEX 18	6.06827	35.329	235.493
			*MESH_VERTEX 19	-6.3413	35.2876	235.262
			*MESH_VERTEX 20	26.5767	-21.5462	181.236
			*MESH_VERTEX 21	21.7466	-43.0509	170.214
			*MESH_VERTEX 22	-21.9988	-43.0651	166.886
			*MESH_VERTEX 23	-15.9888	-16.1381	257.022
			*MESH_VERTEX 24	15.7159	-16.0967	257.253
			*MESH_VERTEX 25	5.12017	17.0448	189.484
			*MESH_VERTEX 26	-5.12304	17.0454	189.431
			*MESH_VERTEX 27	4.26546	-15.3012	188.738
			*MESH_VERTEX 28	-9.09379	-10.2299	214.329
			*MESH_VERTEX 29	-18.0511	-23.7158	173.388
			*MESH_VERTEX 30	7.55641	-18.8405	205.343
			*MESH_VERTEX 31	12.7233	-5.16471	214.124
			*MESH_VERTEX 32	-4.82292	-1.29577	191.891
			*MESH_VERTEX 33	21.1071	-47.0441	131.99
			*MESH_VERTEX 34	9.30801	-20.9627	131.785
			*MESH_VERTEX 35	13.7885	-48.7161	147.135
			*MESH_VERTEX 36	-16.5894	-40.2405	134.883
			*MESH_VERTEX 37	-11.2518	26.6893	163.785
			*MESH_VERTEX 38	0.054135	64.039	160.574
			*MESH_VERTEX 39	14.3917	14.5295	282.347
			*MESH_VERTEX 40	15.1537	-35.9871	139.056
			*MESH_VERTEX 41	4.81876	-1.29602	191.945
			*MESH_VERTEX 42	12.8559	-19.1221	152.995
			*MESH_VERTEX 43	19.1729	-23.8655	164.493
			*MESH_VERTEX 44	-15.5568	-19.1221	152.995
			*MESH_VERTEX 45	0.001566	-35.7607	203.143
			*MESH_VERTEX 46	-4.52087	-38.1801	174.896
			*MESH_VERTEX 47	8.82609	-37.3259	187.331
			*MESH_VERTEX 48	-10.8041	-14.0337	174.531
			*MESH_VERTEX 49	10.9969	-7.93547	156.362
			*MESH_VERTEX 50	-15.5283	-25.581	139.385
			*MESH_VERTEX 51	-17.0805	-52.8974	163.692
			*MESH_VERTEX 52	-33.1738	-48.0005	170.298
			*MESH_VERTEX 53	-25.9127	-58.7672	164.818
			*MESH_VERTEX 54	17.0119	-53.0088	163.6
			*MESH_VERTEX 55	33.1049	-48.112	170.207
			*MESH_VERTEX 56	25.844	-58.8782	164.726
			*MESH_VERTEX 57	-3.7589	-37.3659	184.758
			*MESH_VERTEX 58	-13.301	-52.8767	147.146
			*MESH_VERTEX 59	-20.3362	-55.3915	168.344
			*MESH_VERTEX 60	-31.7808	-22.2861	185.599
			*MESH_VERTEX 61	-30.6914	-44.3412	178.927
			*MESH_VERTEX 62	-24.9873	-51.7368	175.752
			*MESH_VERTEX 63	20.2672	-55.503	168.252
			*MESH_VERTEX 64	24.9185	-51.8482	175.661
			*MESH_VERTEX 65	21.7731	-35.7332	164.413
			*MESH_VERTEX 66	-22.6751	-35.1382	162.875
			*MESH_VERTEX 67	-18.0551	-33.8965	140.454
			*MESH_VERTEX 68	0.054796	-23.792	223.184
			*MESH_VERTEX 69	-4.26423	-15.3012	188.738
			*MESH_VERTEX 70	0.053922	-50.9489	206.928
			*MESH_VERTEX 71	-4.09654	-16.6783	196.924
			*MESH_VERTEX 72	4.08239	-16.66	196.927
			*MESH_VERTEX 73	7.44072	-36.8198	199.97
			*MESH_VERTEX 74	-11.8144	-21.076	208.534
			*MESH_VERTEX 75	-24.163	-23.5715	186.243
			*MESH_VERTEX 76	10.2516	-37.6757	164.83
			*MESH_VERTEX 77	10.2638	-15.3259	174.253
			*MESH_VERTEX 78	-8.13847	77.6415	287.938
			*MESH_VERTEX 79	7.86537	77.683	288.168
			*MESH_VERTEX 80	-22.2515	-46.04	166.687
			*MESH_VERTEX 81	-28.124	-54.0179	162.63
			*MESH_VERTEX 82	-33.1651	-52.0687	167.32
			*MESH_VERTEX 83	22.1827	-46.1519	166.595
			*MESH_VERTEX 84	28.0551	-54.1293	162.539
			*MESH_VERTEX 85	33.0963	-52.1801	167.229
			*MESH_VERTEX 86	-16.4725	-41.5992	158.883
			*MESH_VERTEX 87	-1.72381	-7.30778	162.148
			*MESH_VERTEX 88	2.96652	-36.5671	209.454
			*MESH_VERTEX 89	31.638	-22.4949	185.484
			*MESH_VERTEX 90	-12.8608	-5.22184	213.965
			*MESH_VERTEX 91	-9.00985	-36.8647	187.948
			*MESH_VERTEX 92	-13.7727	-25.2595	200.288
			*MESH_VERTEX 93	-27.4482	-21.3449	190.938
			*MESH_VERTEX 94	-23.2286	-46.9974	137.418
			*MESH_VERTEX 95	-19.6598	-54.452	174.119
			*MESH_VERTEX 96	19.591	-54.5634	174.027
			*MESH_VERTEX 97	3.53559	-37.3701	184.774
			*MESH_VERTEX 98	-5.266	-45.7777	207.437
			*MESH_VERTEX 99	-11.826	-28.4084	204.782
			*MESH_VERTEX 100	27.3484	-24.0618	188.932
			*MESH_VERTEX 101	6.12262	3.40645	170.139
			*MESH_VERTEX 102	-10.2386	-4.58971	157.988
			*MESH_VERTEX 103	-24.6072	-44.8051	172.278
			*MESH_VERTEX 104	-22.2963	-48.8648	167.988
			*MESH_VERTEX 105	-25.7956	-52.8485	166.162
			*MESH_VERTEX 106	24.5386	-44.9171	172.186
			*MESH_VERTEX 107	22.2276	-48.9766	167.896
			*MESH_VERTEX 108	25.7268	-52.96	166.071
			*MESH_VERTEX 109	17.2348	-10.9608	255.67
			*MESH_VERTEX 110	-17.5079	-11.0022	255.44
			*MESH_VERTEX 111	13.5521	-25.2307	200.23
			*MESH_VERTEX 112	28.0525	-18.6187	188.944
			*MESH_VERTEX 113	-22.7758	-49.9432	163.328
			*MESH_VERTEX 114	22.707	-50.0548	163.237
			*MESH_VERTEX 115	-16.5282	-25.9547	261.298
			*MESH_VERTEX 116	-20.9001	-15.2159	257.167
			*MESH_VERTEX 117	16.0559	-25.9201	261.534
			*MESH_VERTEX 118	20.627	-15.1745	257.398
			*MESH_VERTEX 119	-26.1587	-44.532	168.394
			*MESH_VERTEX 120	-29.8295	-49.8913	162.537
			*MESH_VERTEX 121	-24.7828	-46.776	164.286
			*MESH_VERTEX 122	26.0899	-44.6441	168.302
			*MESH_VERTEX 123	29.7605	-50.003	162.446
			*MESH_VERTEX 124	24.714	-46.8879	164.195
			*MESH_VERTEX 125	-20.219	-57.3566	161.885
			*MESH_VERTEX 126	-31.8341	-53.7905	169.111
			*MESH_VERTEX 127	-35.5123	-49.8422	173.767
			*MESH_VERTEX 128	30.6021	-44.4727	178.836
			*MESH_VERTEX 129	20.1503	-57.4677	161.794
			*MESH_VERTEX 130	31.7652	-53.902	169.02
			*MESH_VERTEX 131	35.4435	-49.9537	173.676
			*MESH_VERTEX 132	-33.0422	-51.7572	177.009
			*MESH_VERTEX 133	32.9733	-51.8686	176.918
			*MESH_VERTEX 134	-10.9847	11.9565	296.484
			*MESH_VERTEX 135	-11.7144	13.156	285.081
			*MESH_VERTEX 136	11.4414	13.1974	285.312
			*MESH_VERTEX 137	14.182	-23.9736	166.036
			*MESH_VERTEX 138	13.4685	-40.8998	132.24
			*MESH_VERTEX 139	-15.4594	-24.0231	163.99
			*MESH_VERTEX 140	-31.2768	-50.132	172.976
			*MESH_VERTEX 141	31.208	-50.2435	172.885
			*MESH_VERTEX 142	17.1837	-44.1247	161.695
			*MESH_VERTEX 143	-16.9282	13.3872	284.927
			*MESH_VERTEX 144	7.52672	-40.9302	187.563
			*MESH_VERTEX 145	10.1567	-31.1495	184.396
			*MESH_VERTEX 146	6.31911	1.798	161.852
			*MESH_VERTEX 147	-7.17444	-36.5441	199.523
			*MESH_VERTEX 148	-5.23263	-35.5482	191.05
			*MESH_VERTEX 149	-8.67074	-34.6743	192.763
			*MESH_VERTEX 150	-2.13352	-45.8928	202.259
			*MESH_VERTEX 151	-0.047715	-46.919	199.933
			*MESH_VERTEX 152	11.7794	-6.1409	211.207
			*MESH_VERTEX 153	-11.8552	-6.20608	211.095
			*MESH_VERTEX 154	-7.5606	-18.8754	205.317
			*MESH_VERTEX 155	-17.8515	-7.20751	234.152
			*MESH_VERTEX 156	-14.0971	-9.85512	213.494
			*MESH_VERTEX 157	36.489	-46.7415	170.888
			*MESH_VERTEX 158	-13.3958	-25.2481	159.439
			*MESH_VERTEX 159	-2.78371	-13.3195	167.534
			*MESH_VERTEX 160	-1.44756	-45.7414	225.744
			*MESH_VERTEX 161	34.3269	-54.5473	167.319
			*MESH_VERTEX 162	-34.3957	-54.4359	167.411
			*MESH_VERTEX 163	-24.5192	-18.1431	186.524
			*MESH_VERTEX 164	6.62686	-41.8634	221.7
			*MESH_VERTEX 165	-6.50013	-41.8647	221.553
			*MESH_VERTEX 166	0.054989	-27.3587	218.177
			*MESH_VERTEX 167	-10.3642	-27.819	172.508
			*MESH_VERTEX 168	-2.92626	-36.5111	209.488
			*MESH_VERTEX 169	-0.098752	24.2716	165.814
			*MESH_VERTEX 170	16.6551	13.4287	285.158
			*MESH_VERTEX 171	13.9849	-9.79393	213.639
			*MESH_VERTEX 172	8.98365	-10.1589	214.416
			*MESH_VERTEX 173	2.2315	-54.0448	208.898
			*MESH_VERTEX 174	8.32287	-45.6457	214.122
			*MESH_VERTEX 175	0.053927	-50.7754	209.207
			*MESH_VERTEX 176	32.5796	-55.9845	169.375
			*MESH_VERTEX 177	-32.6484	-55.8731	169.466
			*MESH_VERTEX 178	8.84243	-26.1743	163.963
			*MESH_VERTEX 179	17.5723	-7.15992	234.392
			*MESH_VERTEX 180	-24.9683	-54.7046	165.414
			*MESH_VERTEX 181	24.8996	-54.816	165.323
			*MESH_VERTEX 182	-21.4594	-56.8715	134.799
			*MESH_VERTEX 183	19.9802	-56.1128	127.094
			*MESH_VERTEX 184	-32.1812	-41.9545	174.845
			*MESH_VERTEX 185	-36.5578	-46.6301	170.98
			*MESH_VERTEX 186	-29.8062	-48.2463	163.655
			*MESH_VERTEX 187	29.7372	-48.3581	163.563
			*MESH_VERTEX 188	-12.4461	-31.1327	136.256
			*MESH_VERTEX 189	-9.90782	-22.4531	129.969
			*MESH_VERTEX 190	-10.1838	-21.5203	121.458
			*MESH_VERTEX 191	-11.605	-35.874	144.199
			*MESH_VERTEX 192	-14.4122	-45.0889	148.219
			*MESH_VERTEX 193	9.65039	-39.7375	142.953
			*MESH_VERTEX 194	13.5857	-56.5132	141.019
			*MESH_VERTEX 195	14.0329	-49.1563	143.971
			*MESH_VERTEX 196	8.6725	-33.1096	136.52
			*MESH_VERTEX 197	11.2856	-27.3068	140.718
			*MESH_VERTEX 198	8.15417	-15.2904	153.144
			*MESH_VERTEX 199	-9.32673	-35.1751	182.15
			*MESH_VERTEX 200	-7.00686	-27.1703	182.637
			*MESH_VERTEX 201	14.5168	10.5494	286.691
			*MESH_VERTEX 202	11.7595	-28.3005	204.907
			*MESH_VERTEX 203	4.23791	-23.6046	133.159
			*MESH_VERTEX 204	-12.03	-36.8104	161.308
			*MESH_VERTEX 205	-25.0339	-38.9594	160.862
			*MESH_VERTEX 206	23.4829	-39.9588	162.903
			*MESH_VERTEX 207	30.9767	-57.5921	172.148
			*MESH_VERTEX 208	-17.1842	-44.3895	166.578
			*MESH_VERTEX 209	-31.0455	-57.4807	172.24
			*MESH_VERTEX 210	-11.0207	-20.0407	202.317
			*MESH_VERTEX 211	4.48735	-44.5209	206.771
			*MESH_VERTEX 212	11.1916	-40.4509	168.936
			*MESH_VERTEX 213	24.0317	-23.6173	186.168
			*MESH_VERTEX 214	0.063384	-36.5218	221.572
			*MESH_VERTEX 215	1.5743	-45.7414	225.744
			*MESH_VERTEX 216	0.063352	-51.8163	218.818
			*MESH_VERTEX 217	-2.12249	-54.0449	208.898
			*MESH_VERTEX 218	14.494	-5.81361	170.451
			*MESH_VERTEX 219	-21.6418	-21.8741	161.771
			*MESH_VERTEX 220	-12.6557	-1.95436	163.294
			*MESH_VERTEX 221	-14.318	-5.8902	170.848
			*MESH_VERTEX 222	1.4e-005	-35.0772	186.171
			*MESH_VERTEX 223	-4.63659	-35.8224	180.517
			*MESH_VERTEX 224	11.8727	-8.59035	234.547
			*MESH_VERTEX 225	18.5455	-17.5682	256.331
			*MESH_VERTEX 226	-12.0945	-16.7922	130.571
			*MESH_VERTEX 227	-12.1529	-8.64045	234.309
			*MESH_VERTEX 228	-19.0181	-17.6029	256.097
			*MESH_VERTEX 229	22.4388	-50.7851	177.954
			*MESH_VERTEX 230	29.8551	-43.0449	175.552
			*MESH_VERTEX 231	9.10193	-35.1794	182.156
			*MESH_VERTEX 232	10.9459	-19.9751	202.271
			*MESH_VERTEX 233	12.339	-20.6567	208.325
			*MESH_VERTEX 234	0.0621781	-17.0668	188.684
			*MESH_VERTEX 235	2.75218	-21.6513	207.802
			*MESH_VERTEX 236	-2.7483	-21.6685	207.799
			*MESH_VERTEX 237	0.054875	-12.9659	212.533
			*MESH_VERTEX 238	3.86031	-26.7855	213.797
			*MESH_VERTEX 239	10.7169	-26.9045	175.177
			*MESH_VERTEX 240	-7.262	-18.1222	180.952
			*MESH_VERTEX 241	5.16302	-26.2265	177.324
			*MESH_VERTEX 242	8.37988	-16.0161	178.796
			*MESH_VERTEX 243	-3.13114	-19.3693	175.248
			*MESH_VERTEX 244	-4.70921	-26.2129	177.293
			*MESH_VERTEX 245	7.00987	-27.1702	182.637
			*MESH_VERTEX 246	-3.78265	-26.8426	213.792
			*MESH_VERTEX 247	3.01275	-20.5668	125.244
