*3DSMAX_ASCIIEXPORT	110
*COMMENT "[ GothicSourcer v3.14 ] - June 2007"
*SCENE {
	*SCENE_FILENAME "LUR_BODY.MAX"
	*SCENE_FIRSTFRAME 0
	*SCENE_LASTFRAME 100
	*SCENE_FRAMESPEED 25
	*SCENE_TICKSPERFRAME 192
	*SCENE_BACKGROUND_STATIC 0	0	0
	*SCENE_AMBIENT_STATIC 0.2	0.2	0.2
}
*MATERIAL_LIST {
	*MATERIAL_COUNT 1
	*MATERIAL 0 {
		*MATERIAL_NAME "MATERIAL #55"
		*MATERIAL_CLASS "Standard"
		*MATERIAL_AMBIENT 0.254902	0.321569	0.294118
		*MATERIAL_DIFFUSE 0.254902	0.321569	0.294118
		*MATERIAL_SPECULAR 0.9	0.9	0.9
		*MATERIAL_SHINE 0.1
		*MATERIAL_SHINESTRENGTH 0
		*MATERIAL_TRANSPARENCY 0
		*MATERIAL_WIRESIZE 1
		*MATERIAL_SHADING Blinn
		*MATERIAL_XP_FALLOFF 0
		*MATERIAL_SELFILLUM 0
		*MATERIAL_FALLOFF In
		*MATERIAL_XP_TYPE Filter
		*MAP_DIFFUSE {
			*MAP_NAME "Map #1"
			*MAP_CLASS "Bitmap"
			*MAP_SUBNO 1
			*MAP_AMOUNT 1
			*BITMAP "LUR_BODY_V0.TGA"
			*MAP_TYPE Screen
			*UVW_U_OFFSET 0
			*UVW_V_OFFSET 0
			*UVW_U_TILING 1
			*UVW_V_TILING 1
			*UVW_ANGLE 0
			*UVW_BLUR 1
			*UVW_BLUR_OFFSET 0
			*UVW_NOUSE_AMT 1
			*UVW_NOISE_SIZE 1
			*UVW_NOISE_LEVEL 1
			*UVW_NOISE_PHASE 0
			*BITMAP_FILTER Pyramidal
		}
	}
}
*HELPEROBJECT {
	*NODE_NAME "Bip01"
	*NODE_TM {
		*NODE_NAME "Bip01"
		*TM_ROW0 6.27438e-006	-1	0
		*TM_ROW1 1	6.27438e-006	0
		*TM_ROW2 -0	-0	1
		*TM_ROW3 1.22058	-1.79674	112.114
		*TM_POS 1.22058	-1.79674	112.114
		*TM_ROTAXIS 0	0	1
		*TM_ROTANGLE 1.57079
		*TM_SCALE 1	1	1
		*TM_SCALEAXIS 0	0	0
		*TM_SCALEAXISANG 0	0	0
	}
}
*HELPEROBJECT {
	*NODE_NAME "Bip01 Pelvis"
	*NODE_PARENT "Bip01"
	*NODE_TM {
		*NODE_NAME "Bip01 Pelvis"
		*TM_ROW0 -5.96046e-008	1.79264e-006	1
		*TM_ROW1 -1.79264e-006	-1	1.79264e-006
		*TM_ROW2 1	-1.79264e-006	-5.96046e-008
		*TM_ROW3 2.44115	-1.79664	112.114
		*TM_POS 2.44115	-1.79664	112.114
		*TM_ROTAXIS 0.707107	0	0.707107
		*TM_ROTANGLE 3.1416
		*TM_SCALE 1	1	1
		*TM_SCALEAXIS 0	0	0
		*TM_SCALEAXISANG 0	0	0
	}
}
*HELPEROBJECT {
	*NODE_NAME "Bip01 Spine"
	*NODE_PARENT "Bip01 Pelvis"
	*NODE_TM {
		*NODE_NAME "Bip01 Spine"
		*TM_ROW0 -2.74181e-006	-1	-0.000793874
		*TM_ROW1 -2.86102e-006	0.000793934	-1
		*TM_ROW2 1	-2.86102e-006	-2.74181e-006
		*TM_ROW3 2.44116	2.7806	120.428
		*TM_POS 2.44116	2.7806	120.428
		*TM_ROTAXIS 0.577197	-0.577657	0.577197
		*TM_ROTANGLE 2.09394
		*TM_SCALE 1	1	1
		*TM_SCALEAXIS 0	0	0
		*TM_SCALEAXISANG 0	0	0
	}
}
*HELPEROBJECT {
	*NODE_NAME "Bip01 Spine1"
	*NODE_PARENT "Bip01 Spine"
	*NODE_TM {
		*NODE_NAME "Bip01 Spine1"
		*TM_ROW0 -2.74181e-006	-1	-0.000793874
		*TM_ROW1 -2.86102e-006	0.000793934	-1
		*TM_ROW2 1	-2.86102e-006	-2.74181e-006
		*TM_ROW3 2.44121	-27.0678	120.431
		*TM_POS 2.44121	-27.0678	120.431
		*TM_ROTAXIS 0.577197	-0.577657	0.577197
		*TM_ROTANGLE 2.09394
		*TM_SCALE 1	1	1
		*TM_SCALEAXIS 0	0	0
		*TM_SCALEAXISANG 0	0	0
	}
}
*HELPEROBJECT {
	*NODE_NAME "Bip01 Spine2"
	*NODE_PARENT "Bip01 Spine1"
	*NODE_TM {
		*NODE_NAME "Bip01 Spine2"
		*TM_ROW0 -2.74181e-006	-1	-0.000793874
		*TM_ROW1 -2.86102e-006	0.000793934	-1
		*TM_ROW2 1	-2.86102e-006	-2.74181e-006
		*TM_ROW3 2.44126	-61.1301	120.432
		*TM_POS 2.44126	-61.1301	120.432
		*TM_ROTAXIS 0.577197	-0.577657	0.577197
		*TM_ROTANGLE 2.09394
		*TM_SCALE 1	1	1
		*TM_SCALEAXIS 0	0	0
		*TM_SCALEAXISANG 0	0	0
	}
}
*HELPEROBJECT {
	*NODE_NAME "Bip01 Neck"
	*NODE_PARENT "Bip01 Spine2"
	*NODE_TM {
		*NODE_NAME "Bip01 Neck"
		*TM_ROW0 -2.74181e-006	-1	-0.000793874
		*TM_ROW1 -2.86102e-006	0.000793934	-1
		*TM_ROW2 1	-2.86102e-006	-2.74181e-006
		*TM_ROW3 2.44132	-96.4214	120.416
		*TM_POS 2.44132	-96.4214	120.416
		*TM_ROTAXIS 0.577197	-0.577657	0.577197
		*TM_ROTANGLE 2.09394
		*TM_SCALE 1	1	1
		*TM_SCALEAXIS 0	0	0
		*TM_SCALEAXISANG 0	0	0
	}
}
*HELPEROBJECT {
	*NODE_NAME "Bip01 Neck1"
	*NODE_PARENT "Bip01 Neck"
	*NODE_TM {
		*NODE_NAME "Bip01 Neck1"
		*TM_ROW0 -2.74181e-006	-1	-0.000793874
		*TM_ROW1 -2.86102e-006	0.000793934	-1
		*TM_ROW2 1	-2.86102e-006	-2.74181e-006
		*TM_ROW3 2.44134	-111.497	120.416
		*TM_POS 2.44134	-111.497	120.416
		*TM_ROTAXIS 0.577197	-0.577657	0.577197
		*TM_ROTANGLE 2.09394
		*TM_SCALE 1	1	1
		*TM_SCALEAXIS 0	0	0
		*TM_SCALEAXISANG 0	0	0
	}
}
*HELPEROBJECT {
	*NODE_NAME "Bip01 Head"
	*NODE_PARENT "Bip01 Neck1"
	*NODE_TM {
		*NODE_NAME "Bip01 Head"
		*TM_ROW0 -5.96044e-008	1.79283e-006	1
		*TM_ROW1 -1.79264e-006	-1	1.79263e-006
		*TM_ROW2 1	-1.79264e-006	-5.96044e-008
		*TM_ROW3 2.44137	-126.982	120.404
		*TM_POS 2.44137	-126.982	120.404
		*TM_ROTAXIS -0.707107	4.01944e-012	-0.707107
		*TM_ROTANGLE 3.14159
		*TM_SCALE 1	1	1
		*TM_SCALEAXIS 0	0	0
		*TM_SCALEAXISANG 0	0	0
	}
}
*HELPEROBJECT {
	*NODE_NAME "Bip01 Ponytail1"
	*NODE_PARENT "Bip01 Head"
	*NODE_TM {
		*NODE_NAME "Bip01 Ponytail1"
		*TM_ROW0 8.09431e-005	-1	0.000248343
		*TM_ROW1 -5.78165e-006	-0.000248194	-1
		*TM_ROW2 1	8.07643e-005	-5.72205e-006
		*TM_ROW3 2.44136	-131.491	103.267
		*TM_POS 2.44136	-131.491	103.267
		*TM_ROTAXIS 0.57743	-0.57724	0.57738
		*TM_ROTANGLE 2.0945
		*TM_SCALE 1	1	1
		*TM_SCALEAXIS 0	0	0
		*TM_SCALEAXISANG 0	0	0
	}
}
*HELPEROBJECT {
	*NODE_NAME "ZS_JAW"
	*NODE_PARENT "Bip01 Ponytail1"
	*NODE_TM {
		*NODE_NAME "ZS_JAW"
		*TM_ROW0 1	8.71762e-005	-1.44005e-007
		*TM_ROW1 -8.71762e-005	1	8.24639e-005
		*TM_ROW2 1.51195e-007	-8.24637e-005	1
		*TM_ROW3 1.22258	-153.596	109.25
		*TM_POS 1.22258	-153.596	109.25
		*TM_ROTAXIS 0	0	0
		*TM_ROTANGLE 0
		*TM_SCALE 1	1	1
		*TM_SCALEAXIS 0	0	0
		*TM_SCALEAXISANG 0	0	0
	}
}
*HELPEROBJECT {
	*NODE_NAME "Bip01 L Clavicle"
	*NODE_PARENT "Bip01 Neck"
	*NODE_TM {
		*NODE_NAME "Bip01 L Clavicle"
		*TM_ROW0 0.811186	-0.13917	-0.567987
		*TM_ROW1 0.573569	-1.4304e-006	0.819158
		*TM_ROW2 -0.114003	-0.990268	0.0798225
		*TM_ROW3 10.4763	-74.1961	116.866
		*TM_POS 10.4763	-74.1961	116.866
		*TM_ROTAXIS -0.906059	-0.22733	0.3569
		*TM_ROTANGLE 1.62532
		*TM_SCALE 1	1	1
		*TM_SCALEAXIS 0	0	0
		*TM_SCALEAXISANG 0	0	0
	}
}
*HELPEROBJECT {
	*NODE_NAME "Bip01 L UpperArm"
	*NODE_PARENT "Bip01 L Clavicle"
	*NODE_TM {
		*NODE_NAME "Bip01 L UpperArm"
		*TM_ROW0 0.398251	0.0166714	-0.917125
		*TM_ROW1 0.683481	0.661426	0.308817
		*TM_ROW2 0.611759	-0.749825	0.252019
		*TM_ROW3 24.9994	-76.6878	106.697
		*TM_POS 24.9994	-76.6878	106.697
		*TM_ROTAXIS -0.535869	-0.773898	0.337529
		*TM_ROTANGLE 1.41431
		*TM_SCALE 1	1	1
		*TM_SCALEAXIS 0	0	0
		*TM_SCALEAXISANG 0	0	0
	}
}
*HELPEROBJECT {
	*NODE_NAME "Bip01 L Forearm"
	*NODE_PARENT "Bip01 L UpperArm"
	*NODE_TM {
		*NODE_NAME "Bip01 L Forearm"
		*TM_ROW0 0.3972	0.0156488	-0.917599
		*TM_ROW1 0.684097	0.661448	0.307405
		*TM_ROW2 0.611754	-0.749828	0.252022
		*TM_ROW3 41.2428	-76.0079	69.2904
		*TM_POS 41.2428	-76.0079	69.2904
		*TM_ROTAXIS -0.535112	-0.774072	0.338331
		*TM_ROTANGLE 1.41483
		*TM_SCALE 1	1	1
		*TM_SCALEAXIS 0	0	0
		*TM_SCALEAXISANG 0	0	0
	}
}
*HELPEROBJECT {
	*NODE_NAME "Bip01 L Hand"
	*NODE_PARENT "Bip01 L Forearm"
	*NODE_TM {
		*NODE_NAME "Bip01 L Hand"
		*TM_ROW0 0.216	-0.62764	-0.747938
		*TM_ROW1 -0.08038	0.751991	-0.654254
		*TM_ROW2 0.973079	0.201438	0.11198
		*TM_ROW3 61.8676	-75.1954	21.6428
		*TM_POS 61.8676	-75.1954	21.6428
		*TM_ROTAXIS 0.428189	-0.861197	0.273849
		*TM_ROTANGLE 1.5308
		*TM_SCALE 1	1	1
		*TM_SCALEAXIS 0	0	0
		*TM_SCALEAXISANG 0	0	0
	}
}
*HELPEROBJECT {
	*NODE_NAME "Bip01 L Finger0"
	*NODE_PARENT "Bip01 L Hand"
	*NODE_TM {
		*NODE_NAME "Bip01 L Finger0"
		*TM_ROW0 -0.760394	-0.0980293	-0.642021
		*TM_ROW1 0.64921	-0.0871636	-0.755599
		*TM_ROW2 0.01811	-0.991359	0.12992
		*TM_ROW3 52.486	-85.5986	11.4297
		*TM_POS 52.486	-85.5986	11.4297
		*TM_ROTAXIS 0.230109	0.644307	-0.729327
		*TM_ROTANGLE 3.67943
		*TM_SCALE 1	1	1
		*TM_SCALEAXIS 0	0	0
		*TM_SCALEAXISANG 0	0	0
	}
}
*HELPEROBJECT {
	*NODE_NAME "Bip01 L Finger01"
	*NODE_PARENT "Bip01 L Finger0"
	*NODE_TM {
		*NODE_NAME "Bip01 L Finger01"
		*TM_ROW0 -0.97617	-0.0456246	-0.212156
		*TM_ROW1 0.21625	-0.122974	-0.968563
		*TM_ROW2 0.0181005	-0.99136	0.12991
		*TM_ROW3 42.1571	-86.9301	2.7085
		*TM_POS 42.1571	-86.9301	2.7085
		*TM_ROTAXIS 0.0652398	0.658909	-0.749388
		*TM_ROTANGLE 3.31722
		*TM_SCALE 1	1	1
		*TM_SCALEAXIS 0	0	0
		*TM_SCALEAXISANG 0	0	0
	}
}
*HELPEROBJECT {
	*NODE_NAME "Bip01 L Finger02"
	*NODE_PARENT "Bip01 L Finger01"
	*NODE_TM {
		*NODE_NAME "Bip01 L Finger02"
		*TM_ROW0 -0.97617	-0.0456246	-0.212156
		*TM_ROW1 0.21625	-0.122974	-0.968563
		*TM_ROW2 0.0181005	-0.99136	0.12991
		*TM_ROW3 31.9229	-87.4085	0.484314
		*TM_POS 31.9229	-87.4085	0.484314
		*TM_ROTAXIS 0.0652398	0.658909	-0.749388
		*TM_ROTANGLE 3.31722
		*TM_SCALE 1	1	1
		*TM_SCALEAXIS 0	0	0
		*TM_SCALEAXISANG 0	0	0
	}
}
*HELPEROBJECT {
	*NODE_NAME "Bip01 L Finger1"
	*NODE_PARENT "Bip01 L Hand"
	*NODE_TM {
		*NODE_NAME "Bip01 L Finger1"
		*TM_ROW0 0.0128072	-0.996321	-0.0847339
		*TM_ROW1 0.0912199	0.0855517	-0.992149
		*TM_ROW2 0.995748	0.00497699	0.0919802
		*TM_ROW3 64.0832	-89.4281	4.95789
		*TM_POS 64.0832	-89.4281	4.95789
		*TM_ROTAXIS 0.54524	-0.59082	0.59468
		*TM_ROTANGLE 1.98759
		*TM_SCALE 1	1	1
		*TM_SCALEAXIS 0	0	0
		*TM_SCALEAXISANG 0	0	0
	}
}
*HELPEROBJECT {
	*NODE_NAME "Bip01 L Finger11"
	*NODE_PARENT "Bip01 L Finger1"
	*NODE_TM {
		*NODE_NAME "Bip01 L Finger11"
		*TM_ROW0 0.00961705	-0.9987	-0.0500514
		*TM_ROW1 0.0916239	0.0507231	-0.994501
		*TM_ROW2 0.995747	0.00497824	0.0919927
		*TM_ROW3 64.4004	-114.107	2.85902
		*TM_POS 64.4004	-114.107	2.85902
		*TM_ROTAXIS 0.551747	-0.577317	0.601897
		*TM_ROTANGLE 2.00847
		*TM_SCALE 1	1	1
		*TM_SCALEAXIS 0	0	0
		*TM_SCALEAXISANG 0	0	0
	}
}
*HELPEROBJECT {
	*NODE_NAME "Bip01 L Finger12"
	*NODE_PARENT "Bip01 L Finger11"
	*NODE_TM {
		*NODE_NAME "Bip01 L Finger12"
		*TM_ROW0 0.00961705	-0.9987	-0.0500514
		*TM_ROW1 0.0916239	0.0507231	-0.994501
		*TM_ROW2 0.995747	0.00497824	0.0919927
		*TM_ROW3 64.6231	-137.243	1.69946
		*TM_POS 64.6231	-137.243	1.69946
		*TM_ROTAXIS 0.551747	-0.577317	0.601897
		*TM_ROTANGLE 2.00847
		*TM_SCALE 1	1	1
		*TM_SCALEAXIS 0	0	0
		*TM_SCALEAXISANG 0	0	0
	}
}
*HELPEROBJECT {
	*NODE_NAME "Bip01 L Finger2"
	*NODE_PARENT "Bip01 L Hand"
	*NODE_TM {
		*NODE_NAME "Bip01 L Finger2"
		*TM_ROW0 0.707265	-0.706845	-0.0120921
		*TM_ROW1 0.062171	0.079228	-0.994916
		*TM_ROW2 0.704209	0.702918	0.0999806
		*TM_ROW3 75.8848	-88.521	4.44545
		*TM_POS 75.8848	-88.521	4.44545
		*TM_ROTAXIS 0.850288	-0.358729	0.385129
		*TM_ROTANGLE 1.62759
		*TM_SCALE 1	1	1
		*TM_SCALEAXIS 0	0	0
		*TM_SCALEAXISANG 0	0	0
	}
}
*HELPEROBJECT {
	*NODE_NAME "Bip01 L Finger21"
	*NODE_PARENT "Bip01 L Finger2"
	*NODE_TM {
		*NODE_NAME "Bip01 L Finger21"
		*TM_ROW0 0.704664	-0.70918	0.0226298
		*TM_ROW1 0.0868147	0.05452	-0.994731
		*TM_ROW2 0.70421	0.702916	0.0999857
		*TM_ROW3 94.3973	-107.022	4.12868
		*TM_POS 94.3973	-107.022	4.12868
		*TM_ROTAXIS 0.850936	-0.341638	0.398988
		*TM_ROTANGLE 1.64127
		*TM_SCALE 1	1	1
		*TM_SCALEAXIS 0	0	0
		*TM_SCALEAXISANG 0	0	0
	}
}
*HELPEROBJECT {
	*NODE_NAME "Bip01 L Finger22"
	*NODE_PARENT "Bip01 L Finger21"
	*NODE_TM {
		*NODE_NAME "Bip01 L Finger22"
		*TM_ROW0 0.704664	-0.70918	0.0226298
		*TM_ROW1 0.0868147	0.05452	-0.994731
		*TM_ROW2 0.70421	0.702916	0.0999857
		*TM_ROW3 110.82	-123.55	4.65603
		*TM_POS 110.82	-123.55	4.65603
		*TM_ROTAXIS 0.850936	-0.341638	0.398988
		*TM_ROTANGLE 1.64127
		*TM_SCALE 1	1	1
		*TM_SCALEAXIS 0	0	0
		*TM_SCALEAXISANG 0	0	0
	}
}
*HELPEROBJECT {
	*NODE_NAME "Bip01 R Clavicle"
	*NODE_PARENT "Bip01 Neck"
	*NODE_TM {
		*NODE_NAME "Bip01 R Clavicle"
		*TM_ROW0 -0.81118	-0.139167	-0.567997
		*TM_ROW1 -0.573577	-9.23859e-006	0.819152
		*TM_ROW2 -0.114004	0.990269	-0.0798158
		*TM_ROW3 -5.59369	-74.1961	116.866
		*TM_POS -5.59369	-74.1961	116.866
		*TM_ROTAXIS -0.26276	0.697129	0.667059
		*TM_ROTANGLE 3.47326
		*TM_SCALE 1	1	1
		*TM_SCALEAXIS 0	0	0
		*TM_SCALEAXISANG 0	0	0
	}
}
*HELPEROBJECT {
	*NODE_NAME "Bip01 R UpperArm"
	*NODE_PARENT "Bip01 R Clavicle"
	*NODE_TM {
		*NODE_NAME "Bip01 R UpperArm"
		*TM_ROW0 -0.397581	0.0167041	-0.917415
		*TM_ROW1 -0.683696	0.661429	0.308337
		*TM_ROW2 0.611955	0.749822	-0.251551
		*TM_ROW3 -20.1169	-76.6879	106.697
		*TM_POS -20.1169	-76.6879	106.697
		*TM_ROTAXIS 0.253859	-0.879407	-0.402739
		*TM_ROTANGLE 2.08731
		*TM_SCALE 1	1	1
		*TM_SCALEAXIS 0	0	0
		*TM_SCALEAXISANG 0	0	0
	}
}
*HELPEROBJECT {
	*NODE_NAME "Bip01 R Forearm"
	*NODE_PARENT "Bip01 R UpperArm"
	*NODE_TM {
		*NODE_NAME "Bip01 R Forearm"
		*TM_ROW0 -0.396405	0.015562	-0.917944
		*TM_ROW1 -0.68438	0.661456	0.306757
		*TM_ROW2 0.611953	0.749823	-0.251554
		*TM_ROW3 -36.3331	-76.0064	69.2786
		*TM_POS -36.3331	-76.0064	69.2786
		*TM_ROTAXIS 0.254669	-0.879366	-0.402318
		*TM_ROTANGLE 2.08662
		*TM_SCALE 1	1	1
		*TM_SCALEAXIS 0	0	0
		*TM_SCALEAXISANG 0	0	0
	}
}
*HELPEROBJECT {
	*NODE_NAME "Bip01 R Hand"
	*NODE_PARENT "Bip01 R Forearm"
	*NODE_TM {
		*NODE_NAME "Bip01 R Hand"
		*TM_ROW0 -0.215405	-0.627666	-0.748089
		*TM_ROW1 0.0809054	0.751968	-0.654216
		*TM_ROW2 0.973168	-0.201446	-0.111196
		*TM_ROW3 -56.9168	-75.1982	21.6132
		*TM_POS -56.9168	-75.1982	21.6132
		*TM_ROTAXIS 0.236351	-0.898513	0.369881
		*TM_ROTANGLE 1.86222
		*TM_SCALE 1	1	1
		*TM_SCALEAXIS 0	0	0
		*TM_SCALEAXISANG 0	0	0
	}
}
*HELPEROBJECT {
	*NODE_NAME "Bip01 R Finger0"
	*NODE_PARENT "Bip01 R Hand"
	*NODE_TM {
		*NODE_NAME "Bip01 R Finger0"
		*TM_ROW0 0.760903	-0.0980378	-0.641417
		*TM_ROW1 -0.648611	-0.0871881	-0.75611
		*TM_ROW2 0.0182034	0.991356	-0.12993
		*TM_ROW3 -47.527	-85.6018	11.4079
		*TM_POS -47.527	-85.6018	11.4079
		*TM_ROTAXIS 0.897392	-0.338741	-0.282741
		*TM_ROTANGLE 1.80093
		*TM_SCALE 1	1	1
		*TM_SCALEAXIS 0	0	0
		*TM_SCALEAXISANG 0	0	0
	}
}
*HELPEROBJECT {
	*NODE_NAME "Bip01 R Finger01"
	*NODE_PARENT "Bip01 R Finger0"
	*NODE_TM {
		*NODE_NAME "Bip01 R Finger01"
		*TM_ROW0 0.991406	-0.0347373	-0.12613
		*TM_ROW1 -0.129554	-0.126519	-0.983468
		*TM_ROW2 0.0182051	0.991356	-0.129932
		*TM_ROW3 -37.1911	-86.9336	2.69502
		*TM_POS -37.1911	-86.9336	2.69502
		*TM_ROTAXIS 0.996198	-0.0728098	-0.0478299
		*TM_ROTANGLE 1.70371
		*TM_SCALE 1	1	1
		*TM_SCALEAXIS 0	0	0
		*TM_SCALEAXISANG 0	0	0
	}
}
*HELPEROBJECT {
	*NODE_NAME "Bip01 R Finger02"
	*NODE_PARENT "Bip01 R Finger01"
	*NODE_TM {
		*NODE_NAME "Bip01 R Finger02"
		*TM_ROW0 0.991406	-0.0347373	-0.12613
		*TM_ROW1 -0.129554	-0.126519	-0.983468
		*TM_ROW2 0.0182051	0.991356	-0.129932
		*TM_ROW3 -26.7971	-87.2978	1.37264
		*TM_POS -26.7971	-87.2978	1.37264
		*TM_ROTAXIS 0.996198	-0.0728098	-0.0478299
		*TM_ROTANGLE 1.70371
		*TM_SCALE 1	1	1
		*TM_SCALEAXIS 0	0	0
		*TM_SCALEAXISANG 0	0	0
	}
}
*HELPEROBJECT {
	*NODE_NAME "Bip01 R Finger1"
	*NODE_PARENT "Bip01 R Hand"
	*NODE_TM {
		*NODE_NAME "Bip01 R Finger1"
		*TM_ROW0 -0.0127393	-0.996324	-0.0847181
		*TM_ROW1 -0.0904446	0.0855257	-0.992223
		*TM_ROW2 0.99582	-0.00497808	-0.0912014
		*TM_ROW3 -59.1189	-89.4315	4.92693
		*TM_POS -59.1189	-89.4315	4.92693
		*TM_ROTAXIS -0.57355	0.62775	-0.52628
		*TM_ROTANGLE 4.17813
		*TM_SCALE 1	1	1
		*TM_SCALEAXIS 0	0	0
		*TM_SCALEAXISANG 0	0	0
	}
}
*HELPEROBJECT {
	*NODE_NAME "Bip01 R Finger11"
	*NODE_PARENT "Bip01 R Finger1"
	*NODE_TM {
		*NODE_NAME "Bip01 R Finger11"
		*TM_ROW0 -0.0095729	-0.998702	-0.0500342
		*TM_ROW1 -0.0908233	0.0506979	-0.994576
		*TM_ROW2 0.995821	-0.0049768	-0.0911904
		*TM_ROW3 -59.4344	-114.111	2.82856
		*TM_POS -59.4344	-114.111	2.82856
		*TM_ROTAXIS -0.581377	0.614427	-0.533367
		*TM_ROTANGLE 4.15964
		*TM_SCALE 1	1	1
		*TM_SCALEAXIS 0	0	0
		*TM_SCALEAXISANG 0	0	0
	}
}
*HELPEROBJECT {
	*NODE_NAME "Bip01 R Finger12"
	*NODE_PARENT "Bip01 R Finger11"
	*NODE_TM {
		*NODE_NAME "Bip01 R Finger12"
		*TM_ROW0 -0.0095729	-0.998702	-0.0500342
		*TM_ROW1 -0.0908233	0.0506979	-0.994576
		*TM_ROW2 0.995821	-0.0049768	-0.0911904
		*TM_ROW3 -59.6562	-137.246	1.66952
		*TM_POS -59.6562	-137.246	1.66952
		*TM_ROTAXIS -0.581377	0.614427	-0.533367
		*TM_ROTANGLE 4.15964
		*TM_SCALE 1	1	1
		*TM_SCALEAXIS 0	0	0
		*TM_SCALEAXISANG 0	0	0
	}
}
*HELPEROBJECT {
	*NODE_NAME "Bip01 R Finger2"
	*NODE_PARENT "Bip01 R Hand"
	*NODE_TM {
		*NODE_NAME "Bip01 R Finger2"
		*TM_ROW0 -0.707255	-0.706845	-0.01264
		*TM_ROW1 -0.0613678	0.0791954	-0.994969
		*TM_ROW2 0.70429	-0.702921	-0.0993889
		*TM_ROW3 -70.9202	-88.5245	4.40502
		*TM_POS -70.9202	-88.5245	4.40502
		*TM_ROTAXIS -0.28975	0.71129	-0.6404
		*TM_ROTANGLE 3.66978
		*TM_SCALE 1	1	1
		*TM_SCALEAXIS 0	0	0
		*TM_SCALEAXISANG 0	0	0
	}
}
*HELPEROBJECT {
	*NODE_NAME "Bip01 R Finger21"
	*NODE_PARENT "Bip01 R Finger2"
	*NODE_TM {
		*NODE_NAME "Bip01 R Finger21"
		*TM_ROW0 -0.704678	-0.709183	0.0220905
		*TM_ROW1 -0.0860206	0.0544866	-0.994803
		*TM_ROW2 0.704294	-0.702915	-0.0993997
		*TM_ROW3 -89.4324	-107.026	4.07402
		*TM_POS -89.4324	-107.026	4.07402
		*TM_ROTAXIS -0.30123	0.704039	-0.643109
		*TM_ROTANGLE 3.64738
		*TM_SCALE 1	1	1
		*TM_SCALEAXIS 0	0	0
		*TM_SCALEAXISANG 0	0	0
	}
}
*HELPEROBJECT {
	*NODE_NAME "Bip01 R Finger22"
	*NODE_PARENT "Bip01 R Finger21"
	*NODE_TM {
		*NODE_NAME "Bip01 R Finger22"
		*TM_ROW0 -0.704678	-0.709183	0.0220905
		*TM_ROW1 -0.0860206	0.0544866	-0.994803
		*TM_ROW2 0.704294	-0.702915	-0.0993997
		*TM_ROW3 -105.855	-123.554	4.58873
		*TM_POS -105.855	-123.554	4.58873
		*TM_ROTAXIS -0.30123	0.704039	-0.643109
		*TM_ROTANGLE 3.64738
		*TM_SCALE 1	1	1
		*TM_SCALEAXIS 0	0	0
		*TM_SCALEAXISANG 0	0	0
	}
}
*HELPEROBJECT {
	*NODE_NAME "Bip01 L Thigh"
	*NODE_PARENT "Bip01 Spine"
	*NODE_TM {
		*NODE_NAME "Bip01 L Thigh"
		*TM_ROW0 0.202917	-0.44119	-0.874171
		*TM_ROW1 -0.0729662	-0.897075	0.435812
		*TM_ROW2 -0.976473	-0.0246488	-0.214224
		*TM_ROW3 25.2539	-1.79661	112.114
		*TM_POS 25.2539	-1.79661	112.114
		*TM_ROTAXIS 0.769491	-0.17096	-0.615351
		*TM_ROTANGLE 3.44545
		*TM_SCALE 1	1	1
		*TM_SCALEAXIS 0	0	0
		*TM_SCALEAXISANG 0	0	0
	}
}
*HELPEROBJECT {
	*NODE_NAME "Bip01 L Calf"
	*NODE_PARENT "Bip01 L Thigh"
	*NODE_TM {
		*NODE_NAME "Bip01 L Calf"
		*TM_ROW0 0.09378	0.846071	-0.524756
		*TM_ROW1 0.194185	-0.5325	-0.823855
		*TM_ROW2 -0.976472	-0.0246388	-0.214232
		*TM_ROW3 37.4618	-28.34	59.521
		*TM_POS 37.4618	-28.34	59.521
		*TM_ROTAXIS 0.709819	0.401189	-0.578969
		*TM_ROTANGLE 2.54362
		*TM_SCALE 1	1	1
		*TM_SCALEAXIS 0	0	0
		*TM_SCALEAXISANG 0	0	0
	}
}
*HELPEROBJECT {
	*NODE_NAME "Bip01 L HorseLink"
	*NODE_PARENT "Bip01 L Calf"
	*NODE_TM {
		*NODE_NAME "Bip01 L HorseLink"
		*TM_ROW0 0.196971	-0.506271	-0.839579
		*TM_ROW1 -0.0877658	-0.862022	0.499214
		*TM_ROW2 -0.976473	-0.0246444	-0.214227
		*TM_ROW3 41.7739	10.5669	35.3898
		*TM_POS 41.7739	10.5669	35.3898
		*TM_ROTAXIS 0.7655	-0.20004	-0.61155
		*TM_ROTANGLE 3.49082
		*TM_SCALE 1	1	1
		*TM_SCALEAXIS 0	0	0
		*TM_SCALEAXISANG 0	0	0
	}
}
*HELPEROBJECT {
	*NODE_NAME "Bip01 L Foot"
	*NODE_PARENT "Bip01 L HorseLink"
	*NODE_TM {
		*NODE_NAME "Bip01 L Foot"
		*TM_ROW0 -6.49288e-008	-1.70347e-006	-1
		*TM_ROW1 1.80883e-006	-1	1.80999e-006
		*TM_ROW2 -1	-1.8052e-006	-4.14214e-008
		*TM_ROW3 46.6821	-2.04864	14.4686
		*TM_POS 46.6821	-2.04864	14.4686
		*TM_ROTAXIS 0.707107	-1.69307e-009	-0.707107
		*TM_ROTANGLE 3.1416
		*TM_SCALE 1	1	1
		*TM_SCALEAXIS 0	0	0
		*TM_SCALEAXISANG 0	0	0
	}
}
*HELPEROBJECT {
	*NODE_NAME "Bip01 L Toe0"
	*NODE_PARENT "Bip01 L Foot"
	*NODE_TM {
		*NODE_NAME "Bip01 L Toe0"
		*TM_ROW0 0.573579	-0.81915	7.75239e-006
		*TM_ROW1 -1.18262e-005	1.05821e-006	1
		*TM_ROW2 -0.81915	-0.573579	-9.00526e-006
		*TM_ROW3 59.0547	-6.42747	-0.442124
		*TM_POS 59.0547	-6.42747	-0.442124
		*TM_ROTAXIS -0.805307	0.419219	0.419209
		*TM_ROTANGLE 1.78566
		*TM_SCALE 1	1	1
		*TM_SCALEAXIS 0	0	0
		*TM_SCALEAXISANG 0	0	0
	}
}
*HELPEROBJECT {
	*NODE_NAME "Bip01 L Toe01"
	*NODE_PARENT "Bip01 L Toe0"
	*NODE_TM {
		*NODE_NAME "Bip01 L Toe01"
		*TM_ROW0 0.573579	-0.81915	7.75239e-006
		*TM_ROW1 -1.18262e-005	1.05821e-006	1
		*TM_ROW2 -0.81915	-0.573579	-9.00526e-006
		*TM_ROW3 69.6204	-21.5167	-0.442103
		*TM_POS 69.6204	-21.5167	-0.442103
		*TM_ROTAXIS -0.805307	0.419219	0.419209
		*TM_ROTANGLE 1.78566
		*TM_SCALE 1	1	1
		*TM_SCALEAXIS 0	0	0
		*TM_SCALEAXISANG 0	0	0
	}
}
*HELPEROBJECT {
	*NODE_NAME "Bip01 L Toe1"
	*NODE_PARENT "Bip01 L Foot"
	*NODE_TM {
		*NODE_NAME "Bip01 L Toe1"
		*TM_ROW0 3.11562e-006	-1	2.96778e-006
		*TM_ROW1 2.95575e-006	3.01026e-006	1
		*TM_ROW2 -1	-2.96299e-006	3.11763e-006
		*TM_ROW3 45.5608	-16.5524	-0.442123
		*TM_POS 45.5608	-16.5524	-0.442123
		*TM_ROTAXIS -0.57735	0.57735	0.57735
		*TM_ROTANGLE 2.09439
		*TM_SCALE 1	1	1
		*TM_SCALEAXIS 0	0	0
		*TM_SCALEAXISANG 0	0	0
	}
}
*HELPEROBJECT {
	*NODE_NAME "Bip01 L Toe11"
	*NODE_PARENT "Bip01 L Toe1"
	*NODE_TM {
		*NODE_NAME "Bip01 L Toe11"
		*TM_ROW0 3.11562e-006	-1	2.96778e-006
		*TM_ROW1 2.95575e-006	3.01026e-006	1
		*TM_ROW2 -1	-2.96299e-006	3.11763e-006
		*TM_ROW3 45.5608	-41.7432	-0.442103
		*TM_POS 45.5608	-41.7432	-0.442103
		*TM_ROTAXIS -0.57735	0.57735	0.57735
		*TM_ROTANGLE 2.09439
		*TM_SCALE 1	1	1
		*TM_SCALEAXIS 0	0	0
		*TM_SCALEAXISANG 0	0	0
	}
}
*HELPEROBJECT {
	*NODE_NAME "Bip01 L Toe2"
	*NODE_PARENT "Bip01 L Foot"
	*NODE_TM {
		*NODE_NAME "Bip01 L Toe2"
		*TM_ROW0 -0.951055	-0.309021	-8.56514e-007
		*TM_ROW1 -8.73844e-007	-1.48782e-007	1
		*TM_ROW2 -0.309021	0.951055	-7.04855e-008
		*TM_ROW3 33.9447	-2.69023	-0.442143
		*TM_POS 33.9447	-2.69023	-0.442143
		*TM_ROTAXIS 0.111301	-0.702713	-0.702713
		*TM_ROTANGLE 3.36328
		*TM_SCALE 1	1	1
		*TM_SCALEAXIS 0	0	0
		*TM_SCALEAXISANG 0	0	0
	}
}
*HELPEROBJECT {
	*NODE_NAME "Bip01 L Toe21"
	*NODE_PARENT "Bip01 L Toe2"
	*NODE_TM {
		*NODE_NAME "Bip01 L Toe21"
		*TM_ROW0 -0.951055	-0.309021	-8.56514e-007
		*TM_ROW1 -8.73844e-007	-1.48782e-007	1
		*TM_ROW2 -0.309021	0.951055	-7.04855e-008
		*TM_ROW3 18.8616	-7.59104	-0.442152
		*TM_POS 18.8616	-7.59104	-0.442152
		*TM_ROTAXIS 0.111301	-0.702713	-0.702713
		*TM_ROTANGLE 3.36328
		*TM_SCALE 1	1	1
		*TM_SCALEAXIS 0	0	0
		*TM_SCALEAXISANG 0	0	0
	}
}
*HELPEROBJECT {
	*NODE_NAME "Bip01 R Thigh"
	*NODE_PARENT "Bip01 Spine"
	*NODE_TM {
		*NODE_NAME "Bip01 R Thigh"
		*TM_ROW0 -0.204547	-0.424159	-0.882185
		*TM_ROW1 0.0692689	-0.905253	0.419189
		*TM_ROW2 -0.976403	0.0246359	0.214548
		*TM_ROW3 -20.3716	-1.79668	112.114
		*TM_POS -20.3716	-1.79668	112.114
		*TM_ROTAXIS 0.617682	-0.1475	-0.772472
		*TM_ROTANGLE 3.46667
		*TM_SCALE 1	1	1
		*TM_SCALEAXIS 0	0	0
		*TM_SCALEAXISANG 0	0	0
	}
}
*HELPEROBJECT {
	*NODE_NAME "Bip01 R Calf"
	*NODE_PARENT "Bip01 R Thigh"
	*NODE_TM {
		*NODE_NAME "Bip01 R Calf"
		*TM_ROW0 -0.0914958	0.852714	-0.514304
		*TM_ROW1 -0.195611	-0.521798	-0.830339
		*TM_ROW2 -0.976404	0.0246308	0.214542
		*TM_ROW3 -32.6774	-27.3154	59.0389
		*TM_POS -32.6774	-27.3154	59.0389
		*TM_ROTAXIS 0.598087	0.323258	-0.733346
		*TM_ROTANGLE 2.34532
		*TM_SCALE 1	1	1
		*TM_SCALEAXIS 0	0	0
		*TM_SCALEAXISANG 0	0	0
	}
}
*HELPEROBJECT {
	*NODE_NAME "Bip01 R HorseLink"
	*NODE_PARENT "Bip01 R Calf"
	*NODE_TM {
		*NODE_NAME "Bip01 R HorseLink"
		*TM_ROW0 -0.197236	-0.506264	-0.839521
		*TM_ROW1 0.0879326	-0.862027	0.499177
		*TM_ROW2 -0.976405	0.0246343	0.214539
		*TM_ROW3 -36.8848	11.8969	35.3883
		*TM_POS -36.8848	11.8969	35.3883
		*TM_ROTAXIS 0.614171	-0.17716	-0.769031
		*TM_ROTANGLE 3.53824
		*TM_SCALE 1	1	1
		*TM_SCALEAXIS 0	0	0
		*TM_SCALEAXISANG 0	0	0
	}
}
*HELPEROBJECT {
	*NODE_NAME "Bip01 R Foot"
	*NODE_PARENT "Bip01 R HorseLink"
	*NODE_TM {
		*NODE_NAME "Bip01 R Foot"
		*TM_ROW0 -4.32553e-008	-1.63268e-006	-1
		*TM_ROW1 1.80286e-006	-1	1.85549e-006
		*TM_ROW2 -1	-1.75498e-006	-2.82599e-008
		*TM_ROW3 -41.7997	-0.718411	14.4685
		*TM_POS -41.7997	-0.718411	14.4685
		*TM_ROTAXIS 0.707107	-3.55385e-008	-0.707107
		*TM_ROTANGLE 3.1416
		*TM_SCALE 1	1	1
		*TM_SCALEAXIS 0	0	0
		*TM_SCALEAXISANG 0	0	0
	}
}
*HELPEROBJECT {
	*NODE_NAME "Bip01 R Toe0"
	*NODE_PARENT "Bip01 R Foot"
	*NODE_TM {
		*NODE_NAME "Bip01 R Toe0"
		*TM_ROW0 -0.573575	-0.819153	-2.88097e-006
		*TM_ROW1 -2.96678e-006	-1.59048e-006	1
		*TM_ROW2 -0.819153	0.573575	-1.44088e-006
		*TM_ROW3 -54.1723	-5.09728	-0.442181
		*TM_POS -54.1723	-5.09728	-0.442181
		*TM_ROTAXIS 0.345439	-0.663578	-0.663578
		*TM_ROTANGLE 3.8068
		*TM_SCALE 1	1	1
		*TM_SCALEAXIS 0	0	0
		*TM_SCALEAXISANG 0	0	0
	}
}
*HELPEROBJECT {
	*NODE_NAME "Bip01 R Toe01"
	*NODE_PARENT "Bip01 R Toe0"
	*NODE_TM {
		*NODE_NAME "Bip01 R Toe01"
		*TM_ROW0 -0.573575	-0.819154	-2.88097e-006
		*TM_ROW1 -2.96678e-006	-1.59048e-006	1
		*TM_ROW2 -0.819153	0.573575	-1.44088e-006
		*TM_ROW3 -64.7379	-20.1865	-0.44217
		*TM_POS -64.7379	-20.1865	-0.44217
		*TM_ROTAXIS 0.345439	-0.663578	-0.663578
		*TM_ROTANGLE 3.8068
		*TM_SCALE 1	1	1
		*TM_SCALEAXIS 0	0	0
		*TM_SCALEAXISANG 0	0	0
	}
}
*HELPEROBJECT {
	*NODE_NAME "Bip01 R Toe1"
	*NODE_PARENT "Bip01 R Foot"
	*NODE_TM {
		*NODE_NAME "Bip01 R Toe1"
		*TM_ROW0 3.10966e-006	-1	3.01328e-006
		*TM_ROW1 2.93408e-006	2.93947e-006	1
		*TM_ROW2 -1	-2.91276e-006	3.13079e-006
		*TM_ROW3 -40.6783	-15.2221	-0.44217
		*TM_POS -40.6783	-15.2221	-0.44217
		*TM_ROTAXIS -0.57735	0.57735	0.57735
		*TM_ROTANGLE 2.09439
		*TM_SCALE 1	1	1
		*TM_SCALEAXIS 0	0	0
		*TM_SCALEAXISANG 0	0	0
	}
}
*HELPEROBJECT {
	*NODE_NAME "Bip01 R Toe11"
	*NODE_PARENT "Bip01 R Toe1"
	*NODE_TM {
		*NODE_NAME "Bip01 R Toe11"
		*TM_ROW0 3.10966e-006	-1	3.01328e-006
		*TM_ROW1 2.93408e-006	2.93947e-006	1
		*TM_ROW2 -1	-2.91276e-006	3.13079e-006
		*TM_ROW3 -40.6783	-40.4129	-0.442168
		*TM_POS -40.6783	-40.4129	-0.442168
		*TM_ROTAXIS -0.57735	0.57735	0.57735
		*TM_ROTANGLE 2.09439
		*TM_SCALE 1	1	1
		*TM_SCALEAXIS 0	0	0
		*TM_SCALEAXISANG 0	0	0
	}
}
*HELPEROBJECT {
	*NODE_NAME "Bip01 R Toe2"
	*NODE_PARENT "Bip01 R Foot"
	*NODE_TM {
		*NODE_NAME "Bip01 R Toe2"
		*TM_ROW0 0.95106	-0.309008	-1.74302e-007
		*TM_ROW1 -1.80262e-007	-1.11178e-006	1
		*TM_ROW2 -0.309008	-0.95106	-8.82352e-007
		*TM_ROW3 -29.0623	-1.35994	-0.442171
		*TM_POS -29.0623	-1.35994	-0.442171
		*TM_ROTAXIS -0.975822	0.15455	0.15455
		*TM_ROTANGLE 1.59527
		*TM_SCALE 1	1	1
		*TM_SCALEAXIS 0	0	0
		*TM_SCALEAXISANG 0	0	0
	}
}
*HELPEROBJECT {
	*NODE_NAME "Bip01 R Toe21"
	*NODE_PARENT "Bip01 R Toe2"
	*NODE_TM {
		*NODE_NAME "Bip01 R Toe21"
		*TM_ROW0 0.95106	-0.309008	-1.74302e-007
		*TM_ROW1 -1.80262e-007	-1.11178e-006	1
		*TM_ROW2 -0.309008	-0.95106	-8.82352e-007
		*TM_ROW3 -13.9792	-6.2607	-0.442172
		*TM_POS -13.9792	-6.2607	-0.442172
		*TM_ROTAXIS -0.975822	0.15455	0.15455
		*TM_ROTANGLE 1.59527
		*TM_SCALE 1	1	1
		*TM_SCALEAXIS 0	0	0
		*TM_SCALEAXISANG 0	0	0
	}
}
*HELPEROBJECT {
	*NODE_NAME "Bip01 Tail"
	*NODE_PARENT "Bip01 Spine"
	*NODE_TM {
		*NODE_NAME "Bip01 Tail"
		*TM_ROW0 -5.66244e-007	0.974548	-0.22418
		*TM_ROW1 4.17233e-007	0.22418	0.974548
		*TM_ROW2 1	4.17232e-007	-5.66244e-007
		*TM_ROW3 2.44115	11.298	122.182
		*TM_POS 2.44115	11.298	122.182
		*TM_ROTAXIS -0.52867	-0.66409	-0.52867
		*TM_ROTANGLE 1.96916
		*TM_SCALE 1	1	1
		*TM_SCALEAXIS 0	0	0
		*TM_SCALEAXISANG 0	0	0
	}
}
*HELPEROBJECT {
	*NODE_NAME "Bip01 Tail1"
	*NODE_PARENT "Bip01 Tail"
	*NODE_TM {
		*NODE_NAME "Bip01 Tail1"
		*TM_ROW0 1.41561e-006	0.819608	-0.572924
		*TM_ROW1 -7.7486e-007	0.572924	0.819609
		*TM_ROW2 1	-7.74861e-007	1.41561e-006
		*TM_ROW3 2.44107	60.3657	110.862
		*TM_POS 2.44107	60.3657	110.862
		*TM_ROTAXIS -0.41948	-0.80503	-0.41948
		*TM_ROTANGLE 1.78599
		*TM_SCALE 1	1	1
		*TM_SCALEAXIS 0	0	0
		*TM_SCALEAXISANG 0	0	0
	}
}
*HELPEROBJECT {
	*NODE_NAME "Bip01 Tail2"
	*NODE_PARENT "Bip01 Tail1"
	*NODE_TM {
		*NODE_NAME "Bip01 Tail2"
		*TM_ROW0 -2.61143e-006	0.268006	-0.963417
		*TM_ROW1 -9.81987e-006	0.963417	0.268006
		*TM_ROW2 1	1.01775e-005	1.17347e-007
		*TM_ROW3 2.44101	95.2457	86.4368
		*TM_POS 2.44101	95.2457	86.4368
		*TM_ROTAXIS -0.13402	-0.981873	-0.13403
		*TM_ROTANGLE 1.58909
		*TM_SCALE 1	1	1
		*TM_SCALEAXIS 0	0	0
		*TM_SCALEAXISANG 0	0	0
	}
}
*HELPEROBJECT {
	*NODE_NAME "Dummy"
	*NODE_PARENT "Bip01 L Finger02"
	*NODE_TM {
		*NODE_NAME "Dummy"
		*TM_ROW0 -1	-0	0
		*TM_ROW1 -0	-1	0
		*TM_ROW2 -0	-0	1
		*TM_ROW3 26.8057	-87.6477	-0.627781
		*TM_POS 26.8057	-87.6477	-0.627781
		*TM_ROTAXIS 0	0	-1
		*TM_ROTANGLE 3.14159
		*TM_SCALE 1	1	1
		*TM_SCALEAXIS 0	0	0
		*TM_SCALEAXISANG 0	0	0
	}
}
*HELPEROBJECT {
	*NODE_NAME "Dummy1"
	*NODE_PARENT "Bip01 L Finger12"
	*NODE_TM {
		*NODE_NAME "Dummy1"
		*TM_ROW0 -1	-0	0
		*TM_ROW1 -0	-1	0
		*TM_ROW2 -0	-0	1
		*TM_ROW3 64.7345	-148.81	1.11968
		*TM_POS 64.7345	-148.81	1.11968
		*TM_ROTAXIS 0	0	-1
		*TM_ROTANGLE 3.14159
		*TM_SCALE 1	1	1
		*TM_SCALEAXIS 0	0	0
		*TM_SCALEAXISANG 0	0	0
	}
}
*HELPEROBJECT {
	*NODE_NAME "Dummy2"
	*NODE_PARENT "Bip01 L Finger22"
	*NODE_TM {
		*NODE_NAME "Dummy2"
		*TM_ROW0 -1	-0	0
		*TM_ROW1 -0	-1	0
		*TM_ROW2 -0	-0	1
		*TM_ROW3 119.031	-131.814	4.91971
		*TM_POS 119.031	-131.814	4.91971
		*TM_ROTAXIS 0	0	-1
		*TM_ROTANGLE 3.14159
		*TM_SCALE 1	1	1
		*TM_SCALEAXIS 0	0	0
		*TM_SCALEAXISANG 0	0	0
	}
}
*HELPEROBJECT {
	*NODE_NAME "Dummy3"
	*NODE_PARENT "Bip01 R Finger02"
	*NODE_TM {
		*NODE_NAME "Dummy3"
		*TM_ROW0 -1	-0	0
		*TM_ROW1 -0	-1	0
		*TM_ROW2 -0	-0	1
		*TM_ROW3 -21.6001	-87.4799	0.711449
		*TM_POS -21.6001	-87.4799	0.711449
		*TM_ROTAXIS 0	0	-1
		*TM_ROTANGLE 3.14159
		*TM_SCALE 1	1	1
		*TM_SCALEAXIS 0	0	0
		*TM_SCALEAXISANG 0	0	0
	}
}
*HELPEROBJECT {
	*NODE_NAME "Dummy4"
	*NODE_PARENT "Bip01 R Finger12"
	*NODE_TM {
		*NODE_NAME "Dummy4"
		*TM_ROW0 -1	-0	0
		*TM_ROW1 -0	-1	0
		*TM_ROW2 -0	-0	1
		*TM_ROW3 -59.767	-148.814	1.09
		*TM_POS -59.767	-148.814	1.09
		*TM_ROTAXIS 0	0	-1
		*TM_ROTANGLE 3.14159
		*TM_SCALE 1	1	1
		*TM_SCALEAXIS 0	0	0
		*TM_SCALEAXISANG 0	0	0
	}
}
*HELPEROBJECT {
	*NODE_NAME "Dummy5"
	*NODE_PARENT "Bip01 R Finger22"
	*NODE_TM {
		*NODE_NAME "Dummy5"
		*TM_ROW0 -1	-0	0
		*TM_ROW1 -0	-1	0
		*TM_ROW2 -0	-0	1
		*TM_ROW3 -114.067	-131.818	4.84609
		*TM_POS -114.067	-131.818	4.84609
		*TM_ROTAXIS 0	0	-1
		*TM_ROTANGLE 3.14159
		*TM_SCALE 1	1	1
		*TM_SCALEAXIS 0	0	0
		*TM_SCALEAXISANG 0	0	0
	}
}
*HELPEROBJECT {
	*NODE_NAME "Dummy6"
	*NODE_PARENT "Bip01 L Toe01"
	*NODE_TM {
		*NODE_NAME "Dummy6"
		*TM_ROW0 -1	-0	0
		*TM_ROW1 -0	-1	0
		*TM_ROW2 -0	-0	1
		*TM_ROW3 74.9032	-29.0613	-0.442093
		*TM_POS 74.9032	-29.0613	-0.442093
		*TM_ROTAXIS 0	0	-1
		*TM_ROTANGLE 3.14159
		*TM_SCALE 1	1	1
		*TM_SCALEAXIS 0	0	0
		*TM_SCALEAXISANG 0	0	0
	}
}
*HELPEROBJECT {
	*NODE_NAME "Dummy7"
	*NODE_PARENT "Bip01 L Toe11"
	*NODE_TM {
		*NODE_NAME "Dummy7"
		*TM_ROW0 -1	-0	0
		*TM_ROW1 -0	-1	0
		*TM_ROW2 -0	-0	1
		*TM_ROW3 45.5608	-54.3386	-0.442092
		*TM_POS 45.5608	-54.3386	-0.442092
		*TM_ROTAXIS 0	0	-1
		*TM_ROTANGLE 3.14159
		*TM_SCALE 1	1	1
		*TM_SCALEAXIS 0	0	0
		*TM_SCALEAXISANG 0	0	0
	}
}
*HELPEROBJECT {
	*NODE_NAME "Dummy8"
	*NODE_PARENT "Bip01 L Toe21"
	*NODE_TM {
		*NODE_NAME "Dummy8"
		*TM_ROW0 -1	-0	0
		*TM_ROW1 -0	-1	0
		*TM_ROW2 -0	-0	1
		*TM_ROW3 11.3201	-10.0414	-0.442157
		*TM_POS 11.3201	-10.0414	-0.442157
		*TM_ROTAXIS 0	0	-1
		*TM_ROTANGLE 3.14159
		*TM_SCALE 1	1	1
		*TM_SCALEAXIS 0	0	0
		*TM_SCALEAXISANG 0	0	0
	}
}
*HELPEROBJECT {
	*NODE_NAME "Dummy9"
	*NODE_PARENT "Bip01 R Toe01"
	*NODE_TM {
		*NODE_NAME "Dummy9"
		*TM_ROW0 -1	-0	0
		*TM_ROW1 -0	-1	0
		*TM_ROW2 -0	-0	1
		*TM_ROW3 -70.0207	-27.7312	-0.442165
		*TM_POS -70.0207	-27.7312	-0.442165
		*TM_ROTAXIS 0	0	-1
		*TM_ROTANGLE 3.14159
		*TM_SCALE 1	1	1
		*TM_SCALEAXIS 0	0	0
		*TM_SCALEAXISANG 0	0	0
	}
}
*HELPEROBJECT {
	*NODE_NAME "Dummy10"
	*NODE_PARENT "Bip01 R Toe11"
	*NODE_TM {
		*NODE_NAME "Dummy10"
		*TM_ROW0 -1	-0	0
		*TM_ROW1 -0	-1	0
		*TM_ROW2 -0	-0	1
		*TM_ROW3 -40.6783	-53.0084	-0.442168
		*TM_POS -40.6783	-53.0084	-0.442168
		*TM_ROTAXIS 0	0	-1
		*TM_ROTANGLE 3.14159
		*TM_SCALE 1	1	1
		*TM_SCALEAXIS 0	0	0
		*TM_SCALEAXISANG 0	0	0
	}
}
*HELPEROBJECT {
	*NODE_NAME "Dummy11"
	*NODE_PARENT "Bip01 R Toe21"
	*NODE_TM {
		*NODE_NAME "Dummy11"
		*TM_ROW0 -1	-0	0
		*TM_ROW1 -0	-1	0
		*TM_ROW2 -0	-0	1
		*TM_ROW3 -6.43767	-8.71108	-0.442172
		*TM_POS -6.43767	-8.71108	-0.442172
		*TM_ROTAXIS 0	0	-1
		*TM_ROTANGLE 3.14159
		*TM_SCALE 1	1	1
		*TM_SCALEAXIS 0	0	0
		*TM_SCALEAXISANG 0	0	0
	}
}
*HELPEROBJECT {
	*NODE_NAME "Dummy12"
	*NODE_PARENT "Bip01 Tail2"
	*NODE_TM {
		*NODE_NAME "Dummy12"
		*TM_ROW0 -1	-0	0
		*TM_ROW1 -0	-1	0
		*TM_ROW2 -0	-0	1
		*TM_ROW3 2.44098	112.686	74.224
		*TM_POS 2.44098	112.686	74.224
		*TM_ROTAXIS 0	0	-1
		*TM_ROTANGLE 3.14159
		*TM_SCALE 1	1	1
		*TM_SCALEAXIS 0	0	0
		*TM_SCALEAXISANG 0	0	0
	}
}
*GEOMOBJECT {
	*NODE_NAME "zm_Skin"
	*NODE_PARENT "Bip01"
	*NODE_TM {
		*NODE_NAME "zm_Skin"
		*TM_ROW0 -1	-0	0
		*TM_ROW1 -0	-1	0
		*TM_ROW2 -0	-0	1
		*TM_ROW3 -0	-0	0
		*TM_POS -0	-0	0
		*TM_ROTAXIS 0	0	-1
		*TM_ROTANGLE 3.14159
		*TM_SCALE 1	1	1
		*TM_SCALEAXIS 0	0	0
		*TM_SCALEAXISANG 0	0	0
	}
	*MATERIAL_REF 0
	*MESH_SOFTSKIN {
		*TIMEVALUE 0
		*MESH_NUMVERTEX 277
		*MESH_NUMFACES 557
		*MESH_VERTEX_LIST {
			*MESH_VERTEX 0	7.66441	-9.7898	-0.684282
			*MESH_VERTEX 1	-7.90089	64.37	120.019
			*MESH_VERTEX 2	27.9643	-86.8089	112.121
			*MESH_VERTEX 3	-52.1601	10.2539	12.6337
			*MESH_VERTEX 4	-24.9814	-89.1223	-3.24915
			*MESH_VERTEX 5	-56.567	-141.274	-3.811
			*MESH_VERTEX 6	30.7021	-86.8628	-3.76686
			*MESH_VERTEX 7	60.6364	-139.004	-3.66898
			*MESH_VERTEX 8	43.829	-63.3395	-0.304212
			*MESH_VERTEX 9	41.6458	24.1472	33.665
			*MESH_VERTEX 10	-28.2295	-79.189	120.822
			*MESH_VERTEX 11	-83.7166	-91.3331	-3.60426
			*MESH_VERTEX 12	87.0429	-89.2704	-3.33957
			*MESH_VERTEX 13	-30.3778	-5.15224	60.9133
			*MESH_VERTEX 14	1.22147	15.0133	97.0386
			*MESH_VERTEX 15	5.70192	116.461	79.5645
			*MESH_VERTEX 16	2.93631	112.369	31.7347
			*MESH_VERTEX 17	16.2975	-29.9566	102.295
			*MESH_VERTEX 18	-41.3879	-62.0091	-0.304267
			*MESH_VERTEX 19	-76.2576	-35.2525	-0.439169
			*MESH_VERTEX 20	32.7845	-6.26854	61.1093
			*MESH_VERTEX 21	9.217	100.34	112.376
			*MESH_VERTEX 22	4.68182	-164.245	100.42
			*MESH_VERTEX 23	13.8081	52.5093	143.668
			*MESH_VERTEX 24	-11.9436	-131.821	113.166
			*MESH_VERTEX 25	12.7493	-119.682	130.654
			*MESH_VERTEX 26	1.22208	52.8399	93.088
			*MESH_VERTEX 27	-39.1813	25.5365	33.754
			*MESH_VERTEX 28	78.6987	-36.5828	-0.439103
			*MESH_VERTEX 29	54.6013	8.92346	12.6332
			*MESH_VERTEX 30	1.20317	27.3819	137.391
			*MESH_VERTEX 31	-57.4867	-74.2194	19.8296
			*MESH_VERTEX 32	-51.0836	-91.892	-3.17103
			*MESH_VERTEX 33	55.143	-87.4388	0.525051
			*MESH_VERTEX 34	-9.80371	57.0323	140.023
			*MESH_VERTEX 35	7.23969	98.0461	87.2991
			*MESH_VERTEX 36	14.3844	-131.9	113.132
			*MESH_VERTEX 37	28.8914	-68.2828	111.414
			*MESH_VERTEX 38	1.3058	-96.8697	141.819
			*MESH_VERTEX 39	2.81364	-47.3159	144.34
			*MESH_VERTEX 40	3.80594	-53.9703	160.803
			*MESH_VERTEX 41	9.49271	64.3915	120.268
			*MESH_VERTEX 42	-27.3136	5.96595	107.323
			*MESH_VERTEX 43	-13.9447	-29.7825	101.973
			*MESH_VERTEX 44	-110.465	-124.946	0.348169
			*MESH_VERTEX 45	-70.215	-99.9357	-1.24371
			*MESH_VERTEX 46	113.875	-123.08	0.172513
			*MESH_VERTEX 47	73.872	-97.7097	-1.11731
			*MESH_VERTEX 48	53.1468	-81.0032	14.5587
			*MESH_VERTEX 49	43.7686	-16.8081	58.5144
			*MESH_VERTEX 50	17.0507	5.55533	153.67
			*MESH_VERTEX 51	29.9672	5.55717	107.261
			*MESH_VERTEX 52	-9.95922	-120.075	110.6
			*MESH_VERTEX 53	-41.6728	27.3826	-0.712253
			*MESH_VERTEX 54	44.1134	26.0547	-0.712294
			*MESH_VERTEX 55	-41.3456	-71.071	77.0042
			*MESH_VERTEX 56	-33.17	-97.0209	-3.10099
			*MESH_VERTEX 57	-47.6093	-93.5018	13.5016
			*MESH_VERTEX 58	-5.6506	104.211	113.352
			*MESH_VERTEX 59	4.09725	-162.616	109.046
			*MESH_VERTEX 60	-15.3618	1.636	151.355
			*MESH_VERTEX 61	-22.0524	-41.065	64.045
			*MESH_VERTEX 62	-21.0387	-21.2293	128.354
			*MESH_VERTEX 63	57.8779	-18.6613	-0.0613333
			*MESH_VERTEX 64	-55.4363	-17.3312	-0.06034
			*MESH_VERTEX 65	32.7937	-12.0435	-0.552033
			*MESH_VERTEX 66	41.1322	-1.84587	36.0564
			*MESH_VERTEX 67	34.3727	3.47469	12.7342
			*MESH_VERTEX 68	-41.3887	-15.6316	58.1962
			*MESH_VERTEX 69	-30.3524	-10.7136	-0.551671
			*MESH_VERTEX 70	-38.7133	-0.40907	35.9191
			*MESH_VERTEX 71	-5.22341	-8.45938	-0.684302
			*MESH_VERTEX 72	-31.9335	4.80553	12.72
			*MESH_VERTEX 73	-14.0528	-73.7682	103.268
			*MESH_VERTEX 74	1.21996	-116.547	100.334
			*MESH_VERTEX 75	-33.8212	-74.3421	65.2016
			*MESH_VERTEX 76	-31.8036	-84.0368	63.7057
			*MESH_VERTEX 77	-24.2868	-86.8051	110.748
			*MESH_VERTEX 78	-4.79913	98.0451	87.2986
			*MESH_VERTEX 79	2.93631	105.76	28.6203
			*MESH_VERTEX 80	-26.1561	-68.2587	111.19
			*MESH_VERTEX 81	-13.7519	16.3347	133.639
			*MESH_VERTEX 82	24.3441	-42.0696	64.758
			*MESH_VERTEX 83	14.4137	-97.4426	130.512
			*MESH_VERTEX 84	37.6196	-74.4755	67.4748
			*MESH_VERTEX 85	22.1094	-79.7115	103.254
			*MESH_VERTEX 86	23.0948	-21.041	128.622
			*MESH_VERTEX 87	1.21821	77.2834	116.567
			*MESH_VERTEX 88	45.5662	-70.895	79.1606
			*MESH_VERTEX 89	-10.3776	-119.677	130.575
			*MESH_VERTEX 90	-73.0917	-78.7276	10.3007
			*MESH_VERTEX 91	-30.4948	12.8082	35.4339
			*MESH_VERTEX 92	32.9425	11.4213	35.4355
			*MESH_VERTEX 93	-49.2456	14.1419	36.1164
			*MESH_VERTEX 94	68.143	-93.7741	14.0658
			*MESH_VERTEX 95	38.9941	-94.6658	-2.8839
			*MESH_VERTEX 96	39.4997	-90.3785	8.68861
			*MESH_VERTEX 97	51.701	12.7461	36.0787
			*MESH_VERTEX 98	-8.61167	-31.2696	141.527
			*MESH_VERTEX 99	-36.6618	-29.1738	44.109
			*MESH_VERTEX 100	39.001	-30.5165	44.6122
			*MESH_VERTEX 101	5.5835	86.5755	80.117
			*MESH_VERTEX 102	-3.14019	86.5834	80.1038
			*MESH_VERTEX 103	35.2546	-84.2225	66.7088
			*MESH_VERTEX 104	31.7589	-79.7223	119.969
			*MESH_VERTEX 105	-20.2138	-79.488	103.996
			*MESH_VERTEX 106	-52.0444	-82.5936	18.7611
			*MESH_VERTEX 107	-63.8793	-94.211	12.2502
			*MESH_VERTEX 108	16.1841	16.3938	133.601
			*MESH_VERTEX 109	12.3993	-120.075	110.598
			*MESH_VERTEX 110	1.22032	-161.005	119.288
			*MESH_VERTEX 111	0.923771	-43.8305	91.6684
			*MESH_VERTEX 112	1.22056	-125.967	131.121
			*MESH_VERTEX 113	11.0116	-31.2163	141.567
			*MESH_VERTEX 114	21.365	-73.3765	131.061
			*MESH_VERTEX 115	56.6919	-82.2166	20.8508
			*MESH_VERTEX 116	77.4909	-77.7691	12.6044
			*MESH_VERTEX 117	61.5213	-73.883	22.1912
			*MESH_VERTEX 118	-2.3584	-163.66	109.043
			*MESH_VERTEX 119	4.80502	-163.66	109.042
			*MESH_VERTEX 120	-100.196	-107.918	2.54573
			*MESH_VERTEX 121	-61.9354	-84.145	23.6106
			*MESH_VERTEX 122	51.358	-92.6681	15.4387
			*MESH_VERTEX 123	66.7102	-83.4864	25.7108
			*MESH_VERTEX 124	1.22081	-136.321	107.764
			*MESH_VERTEX 125	-35.2592	-92.7113	8.42409
			*MESH_VERTEX 126	57.5258	18.9553	-0.158494
			*MESH_VERTEX 127	71.4834	-20.8931	6.30207
			*MESH_VERTEX 128	44.2937	-8.43218	23.1354
			*MESH_VERTEX 129	-55.0853	20.2835	-0.157912
			*MESH_VERTEX 130	-69.0422	-19.5643	6.30024
			*MESH_VERTEX 131	-41.853	-7.10781	23.1375
			*MESH_VERTEX 132	25.2609	-19.1467	58.1915
			*MESH_VERTEX 133	-22.8872	-18.0286	57.8468
			*MESH_VERTEX 134	1.21747	16.5192	138.904
			*MESH_VERTEX 135	-11.9754	-129.866	103.62
			*MESH_VERTEX 136	-3.76482	-161.008	98.3319
			*MESH_VERTEX 137	1.22052	105.93	78.5583
			*MESH_VERTEX 138	-4.1768	115.193	80.2846
			*MESH_VERTEX 139	-48.8083	-81.6923	12.3217
			*MESH_VERTEX 140	103.596	-106.043	2.36202
			*MESH_VERTEX 141	34.8437	-17.1189	117.694
			*MESH_VERTEX 142	-57.8028	3.6779	-0.229471
			*MESH_VERTEX 143	-67.5517	-4.62736	-0.60059
			*MESH_VERTEX 144	60.2435	2.34931	-0.230874
			*MESH_VERTEX 145	69.9933	-5.95836	-0.600004
			*MESH_VERTEX 146	25.4088	-48.7671	129.523
			*MESH_VERTEX 147	-32.4752	-17.0224	117.473
			*MESH_VERTEX 148	-22.9239	-49.2476	129.815
			*MESH_VERTEX 149	-10.8989	-51.3472	139.735
			*MESH_VERTEX 150	19.1443	-91.5502	111.801
			*MESH_VERTEX 151	1.24702	-96.4231	104.733
			*MESH_VERTEX 152	14.4157	-129.866	103.619
			*MESH_VERTEX 153	9.49426	60.9167	105.246
			*MESH_VERTEX 154	12.1037	-51.4247	140.547
			*MESH_VERTEX 155	-7.38069	60.8727	104.984
			*MESH_VERTEX 156	-15.5249	-91.5693	110.211
			*MESH_VERTEX 157	-13.3221	-97.3943	129.138
			*MESH_VERTEX 158	-1.6566	-162.616	109.046
			*MESH_VERTEX 159	1.22042	-140.74	129.969
			*MESH_VERTEX 160	-24.004	8.19939	78.8837
			*MESH_VERTEX 161	-0.571731	105.76	28.6203
			*MESH_VERTEX 162	26.5505	7.42065	78.7061
			*MESH_VERTEX 163	-0.571731	112.369	31.7347
			*MESH_VERTEX 164	-39.4818	-31.6842	63.9136
			*MESH_VERTEX 165	-27.0433	-35.62	90.8503
			*MESH_VERTEX 166	-13.9354	-126.127	124.48
			*MESH_VERTEX 167	41.8103	-32.7558	64.4619
			*MESH_VERTEX 168	29.3346	-36.1594	91.4872
			*MESH_VERTEX 169	16.3766	-126.127	124.48
			*MESH_VERTEX 170	-40.7455	-11.6385	83.1496
			*MESH_VERTEX 171	43.1657	-12.4068	83.342
			*MESH_VERTEX 172	10.1831	-141.026	110.954
			*MESH_VERTEX 173	-7.74221	-141.026	110.954
			*MESH_VERTEX 174	1.22032	-162.06	112.579
			*MESH_VERTEX 175	1.22297	-161.355	105.823
