*3DSMAX_ASCIIEXPORT	110
*COMMENT "[ GothicSourcer v3.14 ] - June 2007"
*SCENE {
	*SCENE_FILENAME "MOL_BODY.MAX"
	*SCENE_FIRSTFRAME 0
	*SCENE_LASTFRAME 100
	*SCENE_FRAMESPEED 25
	*SCENE_TICKSPERFRAME 192
	*SCENE_BACKGROUND_STATIC 0	0	0
	*SCENE_AMBIENT_STATIC 0.2	0.2	0.2
}
*MATERIAL_LIST {
	*MATERIAL_COUNT 1
	*MATERIAL 0 {
		*MATERIAL_NAME "XX"
		*MATERIAL_CLASS "Standard"
		*MATERIAL_AMBIENT 0.427451	0.258824	0.203922
		*MATERIAL_DIFFUSE 0.427451	0.258824	0.203922
		*MATERIAL_SPECULAR 0.9	0.9	0.9
		*MATERIAL_SHINE 0.1
		*MATERIAL_SHINESTRENGTH 0
		*MATERIAL_TRANSPARENCY 0
		*MATERIAL_WIRESIZE 1
		*MATERIAL_SHADING Blinn
		*MATERIAL_XP_FALLOFF 0
		*MATERIAL_SELFILLUM 0
		*MATERIAL_FALLOFF In
		*MATERIAL_XP_TYPE Filter
		*MAP_DIFFUSE {
			*MAP_NAME "Map #1"
			*MAP_CLASS "Bitmap"
			*MAP_SUBNO 1
			*MAP_AMOUNT 1
			*BITMAP "MOL_BODY_V0.TGA"
			*MAP_TYPE Screen
			*UVW_U_OFFSET 0
			*UVW_V_OFFSET 0
			*UVW_U_TILING 1
			*UVW_V_TILING 1
			*UVW_ANGLE 0
			*UVW_BLUR 1
			*UVW_BLUR_OFFSET 0
			*UVW_NOUSE_AMT 1
			*UVW_NOISE_SIZE 1
			*UVW_NOISE_LEVEL 1
			*UVW_NOISE_PHASE 0
			*BITMAP_FILTER Pyramidal
		}
	}
}
*HELPEROBJECT {
	*NODE_NAME "Bip01"
	*NODE_TM {
		*NODE_NAME "Bip01"
		*TM_ROW0 1.26759e-006	-1	0
		*TM_ROW1 1	1.26759e-006	0
		*TM_ROW2 -0	-0	1
		*TM_ROW3 0.004941	34.8722	53.6719
		*TM_POS 0.004941	34.8722	53.6719
		*TM_ROTAXIS 0	0	1
		*TM_ROTANGLE 1.5708
		*TM_SCALE 1	1	1
		*TM_SCALEAXIS 0	0	0
		*TM_SCALEAXISANG 0	0	0
	}
}
*HELPEROBJECT {
	*NODE_NAME "Bip01 Pelvis"
	*NODE_PARENT "Bip01"
	*NODE_TM {
		*NODE_NAME "Bip01 Pelvis"
		*TM_ROW0 -1.19209e-006	2.95918e-007	1
		*TM_ROW1 2.53251e-006	-1	2.95921e-007
		*TM_ROW2 1	2.53251e-006	1.66893e-006
		*TM_ROW3 0.004941	34.8722	53.6719
		*TM_POS 0.004941	34.8722	53.6719
		*TM_ROTAXIS -0.707106	-1e-006	-0.707107
		*TM_ROTANGLE 3.14159
		*TM_SCALE 1	1	1
		*TM_SCALEAXIS 0	0	0
		*TM_SCALEAXISANG 0	0	0
	}
}
*HELPEROBJECT {
	*NODE_NAME "Bip01 Spine"
	*NODE_PARENT "Bip01 Pelvis"
	*NODE_TM {
		*NODE_NAME "Bip01 Spine"
		*TM_ROW0 1.2517e-006	-0.966132	0.25805
		*TM_ROW1 -2.74181e-006	-0.25805	-0.966132
		*TM_ROW2 1	3.27826e-007	-2.74181e-006
		*TM_ROW3 0.004941	34.8772	60.7283
		*TM_POS 0.004941	34.8772	60.7283
		*TM_ROTAXIS 0.621399	-0.477209	0.621397
		*TM_ROTANGLE 2.2511
		*TM_SCALE 1	1	1
		*TM_SCALEAXIS 0	0	0
		*TM_SCALEAXISANG 0	0	0
	}
}
*HELPEROBJECT {
	*NODE_NAME "Bip01 Spine1"
	*NODE_PARENT "Bip01 Spine"
	*NODE_TM {
		*NODE_NAME "Bip01 Spine1"
		*TM_ROW0 1.75834e-006	-0.905971	-0.423339
		*TM_ROW1 -2.92063e-006	0.423339	-0.905971
		*TM_ROW2 1	2.83122e-006	-1.90735e-006
		*TM_ROW3 0.004973	11.4296	67.0064
		*TM_POS 0.004973	11.4296	67.0064
		*TM_ROTAXIS 0.473078	-0.743234	0.473075
		*TM_ROTANGLE 1.86328
		*TM_SCALE 1	1	1
		*TM_SCALEAXIS 0	0	0
		*TM_SCALEAXISANG 0	0	0
	}
}
*HELPEROBJECT {
	*NODE_NAME "Bip01 Spine2"
	*NODE_PARENT "Bip01 Spine1"
	*NODE_TM {
		*NODE_NAME "Bip01 Spine2"
		*TM_ROW0 1.04308e-006	-0.93942	-0.342768
		*TM_ROW1 -3.57628e-006	0.342769	-0.93942
		*TM_ROW2 1	2.08616e-006	-2.92063e-006
		*TM_ROW3 0.005003	-10.5569	56.7538
		*TM_POS 0.005003	-10.5569	56.7538
		*TM_ROTAXIS 0.497331	-0.710863	0.497328
		*TM_ROTANGLE 1.90563
		*TM_SCALE 1	1	1
		*TM_SCALEAXIS 0	0	0
		*TM_SCALEAXISANG 0	0	0
	}
}
*HELPEROBJECT {
	*NODE_NAME "Bip01 Neck"
	*NODE_PARENT "Bip01 Spine2"
	*NODE_TM {
		*NODE_NAME "Bip01 Neck"
		*TM_ROW0 1.46031e-006	-0.928716	-0.370792
		*TM_ROW1 -3.15905e-006	0.370793	-0.928716
		*TM_ROW2 1	2.563e-006	-2.41399e-006
		*TM_ROW3 0.005035	-33.3516	48.4465
		*TM_POS 0.005035	-33.3516	48.4465
		*TM_ROTAXIS 0.489199	-0.72206	0.489196
		*TM_ROTANGLE 1.89084
		*TM_SCALE 1	1	1
		*TM_SCALEAXIS 0	0	0
		*TM_SCALEAXISANG 0	0	0
	}
}
*HELPEROBJECT {
	*NODE_NAME "Bip01 Neck1"
	*NODE_PARENT "Bip01 Neck"
	*NODE_TM {
		*NODE_NAME "Bip01 Neck1"
		*TM_ROW0 1.49012e-006	-0.917176	-0.398482
		*TM_ROW1 -3.03984e-006	0.398482	-0.917176
		*TM_ROW2 1	2.6226e-006	-2.23517e-006
		*TM_ROW3 0.005049	-44.1147	44.1654
		*TM_POS 0.005049	-44.1147	44.1654
		*TM_ROTAXIS 0.480853	-0.733188	0.48085
		*TM_ROTANGLE 1.87628
		*TM_SCALE 1	1	1
		*TM_SCALEAXIS 0	0	0
		*TM_SCALEAXISANG 0	0	0
	}
}
*HELPEROBJECT {
	*NODE_NAME "Bip01 Head"
	*NODE_PARENT "Bip01 Neck1"
	*NODE_TM {
		*NODE_NAME "Bip01 Head"
		*TM_ROW0 1.13249e-006	-0.989016	0.147811
		*TM_ROW1 -2.5034e-006	-0.147811	-0.989016
		*TM_ROW2 1	6.85453e-007	-2.563e-006
		*TM_ROW3 0.005073	-61.3405	36.6814
		*TM_POS 0.005073	-61.3405	36.6814
		*TM_ROTAXIS 0.603853	-0.520312	0.603851
		*TM_ROTANGLE 2.18206
		*TM_SCALE 1	1	1
		*TM_SCALEAXIS 0	0	0
		*TM_SCALEAXISANG 0	0	0
	}
}
*HELPEROBJECT {
	*NODE_NAME "Bip01 Ponytail1"
	*NODE_PARENT "Bip01 Head"
	*NODE_TM {
		*NODE_NAME "Bip01 Ponytail1"
		*TM_ROW0 5.48363e-006	-0.930538	-0.366196
		*TM_ROW1 3.75509e-006	0.366196	-0.930538
		*TM_ROW2 1	3.75509e-006	5.48363e-006
		*TM_ROW3 0.00508	-64.8011	26.789
		*TM_POS 0.00508	-64.8011	26.789
		*TM_ROTAXIS 0.490554	-0.720218	0.490554
		*TM_ROTANGLE 1.89325
		*TM_SCALE 1	1	1
		*TM_SCALEAXIS 0	0	0
		*TM_SCALEAXISANG 0	0	0
	}
}
*HELPEROBJECT {
	*NODE_NAME "Bip01 L Clavicle"
	*NODE_PARENT "Bip01 Neck"
	*NODE_TM {
		*NODE_NAME "Bip01 L Clavicle"
		*TM_ROW0 0.920961	0.301336	-0.247039
		*TM_ROW1 0.342021	-0.321393	0.883022
		*TM_ROW2 0.186689	-0.897721	-0.399054
		*TM_ROW3 16.6632	-31.268	48.4379
		*TM_POS 16.6632	-31.268	48.4379
		*TM_ROTAXIS -0.971356	-0.236589	0.022193
		*TM_ROTANGLE 1.98203
		*TM_SCALE 1	1	1
		*TM_SCALEAXIS 0	0	0
		*TM_SCALEAXISANG 0	0	0
	}
}
*HELPEROBJECT {
	*NODE_NAME "Bip01 L UpperArm"
	*NODE_PARENT "Bip01 L Clavicle"
	*NODE_TM {
		*NODE_NAME "Bip01 L UpperArm"
		*TM_ROW0 0.351789	0.853356	-0.384745
		*TM_ROW1 0.194978	0.335203	0.92175
		*TM_ROW2 0.915548	-0.399278	-0.0484653
		*TM_ROW3 26.5761	-28.0246	45.7789
		*TM_POS 26.5761	-28.0246	45.7789
		*TM_ROTAXIS -0.671574	-0.661033	-0.334701
		*TM_ROTANGLE 1.75253
		*TM_SCALE 1	1	1
		*TM_SCALEAXIS 0	0	0
		*TM_SCALEAXISANG 0	0	0
	}
}
*HELPEROBJECT {
	*NODE_NAME "Bip01 L Forearm"
	*NODE_PARENT "Bip01 L UpperArm"
	*NODE_TM {
		*NODE_NAME "Bip01 L Forearm"
		*TM_ROW0 -0.162049	-0.255899	-0.953025
		*TM_ROW1 0.36812	0.880393	-0.298991
		*TM_ROW2 0.915548	-0.399278	-0.0484655
		*TM_ROW3 37.2348	-2.1691	34.1217
		*TM_POS 37.2348	-2.1691	34.1217
		*TM_ROTAXIS -0.0508409	-0.94728	0.316349
		*TM_ROTANGLE 1.73662
		*TM_SCALE 1	1	1
		*TM_SCALEAXIS 0	0	0
		*TM_SCALEAXISANG 0	0	0
	}
}
*HELPEROBJECT {
	*NODE_NAME "Bip01 L Hand"
	*NODE_PARENT "Bip01 L Forearm"
	*NODE_TM {
		*NODE_NAME "Bip01 L Hand"
		*TM_ROW0 -0.317029	-0.616262	-0.720912
		*TM_ROW1 0.231118	0.687007	-0.688916
		*TM_ROW2 0.919825	-0.385022	-0.075372
		*TM_ROW3 33.0486	-8.77964	9.50258
		*TM_POS 33.0486	-8.77964	9.50258
		*TM_ROTAXIS 0.162382	-0.876707	0.452787
		*TM_ROTANGLE 1.93125
		*TM_SCALE 1	1	1
		*TM_SCALEAXIS 0	0	0
		*TM_SCALEAXISANG 0	0	0
	}
}
*HELPEROBJECT {
	*NODE_NAME "Bip01 L Finger0"
	*NODE_PARENT "Bip01 L Hand"
	*NODE_TM {
		*NODE_NAME "Bip01 L Finger0"
		*TM_ROW0 -0.386688	-0.921338	-0.0401094
		*TM_ROW1 0.0259033	0.0326245	-0.999132
		*TM_ROW2 0.921847	-0.387391	0.0112502
		*TM_ROW3 26.0444	-16.2728	4.01852
		*TM_POS 26.0444	-16.2728	4.01852
		*TM_ROTAXIS -0.412731	0.649015	-0.639087
		*TM_ROTANGLE 3.97628
		*TM_SCALE 1	1	1
		*TM_SCALEAXIS 0	0	0
		*TM_SCALEAXISANG 0	0	0
	}
}
*HELPEROBJECT {
	*NODE_NAME "Bip01 L Finger01"
	*NODE_PARENT "Bip01 L Finger0"
	*NODE_TM {
		*NODE_NAME "Bip01 L Finger01"
		*TM_ROW0 -0.386688	-0.921338	-0.0401094
		*TM_ROW1 0.0259033	0.0326245	-0.999132
		*TM_ROW2 0.921847	-0.387391	0.0112502
		*TM_ROW3 22.6584	-24.3403	3.6673
		*TM_POS 22.6584	-24.3403	3.6673
		*TM_ROTAXIS -0.412731	0.649015	-0.639087
		*TM_ROTANGLE 3.97628
		*TM_SCALE 1	1	1
		*TM_SCALEAXIS 0	0	0
		*TM_SCALEAXISANG 0	0	0
	}
}
*HELPEROBJECT {
	*NODE_NAME "Bip01 R Clavicle"
	*NODE_PARENT "Bip01 Neck"
	*NODE_TM {
		*NODE_NAME "Bip01 R Clavicle"
		*TM_ROW0 -0.920962	0.301332	-0.247039
		*TM_ROW1 -0.34202	-0.321395	0.883022
		*TM_ROW2 0.186686	0.897722	0.399054
		*TM_ROW3 -16.6532	-31.2681	48.4379
		*TM_POS -16.6532	-31.2681	48.4379
		*TM_ROTAXIS 0.018942	-0.558896	-0.829021
		*TM_ROTANGLE 2.74311
		*TM_SCALE 1	1	1
		*TM_SCALEAXIS 0	0	0
		*TM_SCALEAXISANG 0	0	0
	}
}
*HELPEROBJECT {
	*NODE_NAME "Bip01 R UpperArm"
	*NODE_PARENT "Bip01 R Clavicle"
	*NODE_TM {
		*NODE_NAME "Bip01 R UpperArm"
		*TM_ROW0 -0.324358	0.862793	-0.387788
		*TM_ROW1 -0.217409	0.330981	0.918251
		*TM_ROW2 0.920611	0.382151	0.0802225
		*TM_ROW3 -26.566	-28.0247	45.7789
		*TM_POS -26.566	-28.0247	45.7789
		*TM_ROTAXIS -0.301287	-0.735317	-0.607071
		*TM_ROTANGLE 2.04494
		*TM_SCALE 1	1	1
		*TM_SCALEAXIS 0	0	0
		*TM_SCALEAXISANG 0	0	0
	}
}
*HELPEROBJECT {
	*NODE_NAME "Bip01 R Forearm"
	*NODE_PARENT "Bip01 R UpperArm"
	*NODE_TM {
		*NODE_NAME "Bip01 R Forearm"
		*TM_ROW0 0.175456	-0.221301	-0.959292
		*TM_ROW1 -0.348841	0.897211	-0.270783
		*TM_ROW2 0.920611	0.382151	0.0802225
		*TM_ROW3 -36.3936	-1.88323	34.0294
		*TM_POS -36.3936	-1.88323	34.0294
		*TM_ROTAXIS 0.327425	-0.94271	-0.063957
		*TM_ROTANGLE 1.49428
		*TM_SCALE 1	1	1
		*TM_SCALEAXIS 0	0	0
		*TM_SCALEAXISANG 0	0	0
	}
}
*HELPEROBJECT {
	*NODE_NAME "Bip01 R Hand"
	*NODE_PARENT "Bip01 R Forearm"
	*NODE_TM {
		*NODE_NAME "Bip01 R Hand"
		*TM_ROW0 0.32637	-0.640256	-0.695381
		*TM_ROW1 -0.215111	0.666053	-0.714214
		*TM_ROW2 0.92044	0.382682	0.079654
		*TM_ROW3 -31.8611	-7.6	9.24847
		*TM_POS -31.8611	-7.6	9.24847
		*TM_ROTAXIS 0.548804	-0.808435	0.212711
		*TM_ROTANGLE 1.53475
		*TM_SCALE 1	1	1
		*TM_SCALEAXIS 0	0	0
		*TM_SCALEAXISANG 0	0	0
	}
}
*HELPEROBJECT {
	*NODE_NAME "Bip01 R Finger0"
	*NODE_PARENT "Bip01 R Hand"
	*NODE_TM {
		*NODE_NAME "Bip01 R Finger0"
		*TM_ROW0 0.382285	-0.924035	-0.00418
		*TM_ROW1 -0.00802083	0.00120526	-0.999967
		*TM_ROW2 0.92401	0.382306	-0.00695068
		*TM_ROW3 -24.802	-15.2968	4.129
		*TM_POS -24.802	-15.2968	4.129
		*TM_ROTAXIS 0.727381	-0.488433	0.482026
		*TM_ROTANGLE 1.88781
		*TM_SCALE 1	1	1
		*TM_SCALEAXIS 0	0	0
		*TM_SCALEAXISANG 0	0	0
	}
}
*HELPEROBJECT {
	*NODE_NAME "Bip01 R Finger01"
	*NODE_PARENT "Bip01 R Finger0"
	*NODE_TM {
		*NODE_NAME "Bip01 R Finger01"
		*TM_ROW0 0.382285	-0.924035	-0.00418
		*TM_ROW1 -0.00802083	0.00120526	-0.999967
		*TM_ROW2 0.92401	0.382305	-0.00695068
		*TM_ROW3 -21.4546	-23.388	4.09239
		*TM_POS -21.4546	-23.388	4.09239
		*TM_ROTAXIS 0.727381	-0.488433	0.482026
		*TM_ROTANGLE 1.88781
		*TM_SCALE 1	1	1
		*TM_SCALEAXIS 0	0	0
		*TM_SCALEAXISANG 0	0	0
	}
}
*HELPEROBJECT {
	*NODE_NAME "Bip01 L Thigh"
	*NODE_PARENT "Bip01 Pelvis"
	*NODE_TM {
		*NODE_NAME "Bip01 L Thigh"
		*TM_ROW0 0.610684	0.210562	-0.763367
		*TM_ROW1 0.773864	-0.363122	0.51892
		*TM_ROW2 -0.16793	-0.907638	-0.384699
		*TM_ROW3 21.2837	34.8722	53.6719
		*TM_POS 21.2837	34.8722	53.6719
		*TM_ROTAXIS 0.867065	0.361908	-0.342376
		*TM_ROTANGLE 4.10762
		*TM_SCALE 1	1	1
		*TM_SCALEAXIS 0	0	0
		*TM_SCALEAXISANG 0	0	0
	}
}
*HELPEROBJECT {
	*NODE_NAME "Bip01 L Calf"
	*NODE_PARENT "Bip01 L Thigh"
	*NODE_TM {
		*NODE_NAME "Bip01 L Calf"
		*TM_ROW0 -0.00805876	0.391492	-0.920146
		*TM_ROW1 0.985766	-0.15142	-0.0730581
		*TM_ROW2 -0.167931	-0.907638	-0.384699
		*TM_ROW3 37.5011	40.464	33.3998
		*TM_POS 37.5011	40.464	33.3998
		*TM_ROTAXIS 0.656618	0.591817	-0.467554
		*TM_ROTANGLE 3.83027
		*TM_SCALE 1	1	1
		*TM_SCALEAXIS 0	0	0
		*TM_SCALEAXISANG 0	0	0
	}
}
*HELPEROBJECT {
	*NODE_NAME "Bip01 L Foot"
	*NODE_PARENT "Bip01 L Calf"
	*NODE_TM {
		*NODE_NAME "Bip01 L Foot"
		*TM_ROW0 4.96576e-008	-1.09895e-007	-1
		*TM_ROW1 0.766045	-0.642787	1.65691e-007
		*TM_ROW2 -0.642787	-0.766045	-3.25638e-008
		*TM_ROW3 37.2871	50.8605	8.96422
		*TM_POS 37.2871	50.8605	8.96422
		*TM_ROTAXIS 0.671543	0.313146	-0.671543
		*TM_ROTANGLE 3.74854
		*TM_SCALE 1	1	1
		*TM_SCALEAXIS 0	0	0
		*TM_SCALEAXISANG 0	0	0
	}
}
*HELPEROBJECT {
	*NODE_NAME "Bip01 L Toe0"
	*NODE_PARENT "Bip01 L Foot"
	*NODE_TM {
		*NODE_NAME "Bip01 L Toe0"
		*TM_ROW0 0.766046	-0.642786	1.66791e-008
		*TM_ROW1 -1.09262e-007	-1.67645e-008	1
		*TM_ROW2 -0.642786	-0.766045	4.93926e-008
		*TM_ROW3 46.4839	43.1435	-0.557399
		*TM_POS 46.4839	43.1435	-0.557399
		*TM_ROTAXIS -0.889127	0.323615	0.323615
		*TM_ROTANGLE 1.68804
		*TM_SCALE 1	1	1
		*TM_SCALEAXIS 0	0	0
		*TM_SCALEAXISANG 0	0	0
	}
}
*HELPEROBJECT {
	*NODE_NAME "Bip01 R Thigh"
	*NODE_PARENT "Bip01 Pelvis"
	*NODE_TM {
		*NODE_NAME "Bip01 R Thigh"
		*TM_ROW0 -0.62834	0.194357	-0.753269
		*TM_ROW1 -0.759114	-0.364908	0.539063
		*TM_ROW2 -0.170103	0.910532	0.376826
		*TM_ROW3 -21.2738	34.8722	53.6719
		*TM_POS -21.2738	34.8722	53.6719
		*TM_ROTAXIS 0.315396	-0.495138	-0.809546
		*TM_ROTANGLE 2.5119
		*TM_SCALE 1	1	1
		*TM_SCALEAXIS 0	0	0
		*TM_SCALEAXISANG 0	0	0
	}
}
*HELPEROBJECT {
	*NODE_NAME "Bip01 R Calf"
	*NODE_PARENT "Bip01 R Thigh"
	*NODE_TM {
		*NODE_NAME "Bip01 R Calf"
		*TM_ROW0 0.17571	0.404295	-0.897592
		*TM_ROW1 -0.969635	-0.0864709	-0.228761
		*TM_ROW2 -0.170102	0.910532	0.376825
		*TM_ROW3 -37.9601	40.0336	33.668
		*TM_POS -37.9601	40.0336	33.668
		*TM_ROTAXIS 0.5911	-0.377444	-0.712837
		*TM_ROTANGLE 1.84104
		*TM_SCALE 1	1	1
		*TM_SCALEAXIS 0	0	0
		*TM_SCALEAXISANG 0	0	0
	}
}
*HELPEROBJECT {
	*NODE_NAME "Bip01 R Foot"
	*NODE_PARENT "Bip01 R Calf"
	*NODE_TM {
		*NODE_NAME "Bip01 R Foot"
		*TM_ROW0 1.92907e-008	-9.76445e-008	-1
		*TM_ROW1 -0.766043	-0.642789	5.12037e-008
		*TM_ROW2 -0.642789	0.766043	-4.39191e-008
		*TM_ROW3 -33.294	50.7701	9.83133
		*TM_POS -33.294	50.7701	9.83133
		*TM_ROTAXIS 0.671543	-0.313145	-0.671543
		*TM_ROTANGLE 2.53465
		*TM_SCALE 1	1	1
		*TM_SCALEAXIS 0	0	0
		*TM_SCALEAXISANG 0	0	0
	}
}
*HELPEROBJECT {
	*NODE_NAME "Bip01 R Toe0"
	*NODE_PARENT "Bip01 R Foot"
	*NODE_TM {
		*NODE_NAME "Bip01 R Toe0"
		*TM_ROW0 -0.766044	-0.642788	-3.06424e-007
		*TM_ROW1 -3.47116e-007	8.23757e-009	1
		*TM_ROW2 -0.642788	0.766044	1.56856e-008
		*TM_ROW3 -42.4907	43.0531	0.309701
		*TM_POS -42.4907	43.0531	0.309701
		*TM_ROTAXIS 0.249244	-0.684791	-0.684791
		*TM_ROTANGLE 3.63013
		*TM_SCALE 1	1	1
		*TM_SCALEAXIS 0	0	0
		*TM_SCALEAXISANG 0	0	0
	}
}
*HELPEROBJECT {
	*NODE_NAME "Bip01 Tail"
	*NODE_PARENT "Bip01 Pelvis"
	*NODE_TM {
		*NODE_NAME "Bip01 Tail"
		*TM_ROW0 -1.40071e-006	0.668881	-0.74337
		*TM_ROW1 -3.96371e-006	0.74337	0.668881
		*TM_ROW2 1	3.96371e-006	1.63913e-006
		*TM_ROW3 0.004933	40.5847	69.9972
		*TM_POS 0.004933	40.5847	69.9972
		*TM_ROTAXIS -0.337226	-0.878951	-0.33723
		*TM_ROTANGLE 1.69947
		*TM_SCALE 1	1	1
		*TM_SCALEAXIS 0	0	0
		*TM_SCALEAXISANG 0	0	0
	}
}
*HELPEROBJECT {
	*NODE_NAME "Bip01 Tail1"
	*NODE_PARENT "Bip01 Tail"
	*NODE_TM {
		*NODE_NAME "Bip01 Tail1"
		*TM_ROW0 -3.12924e-007	0.607595	-0.794247
		*TM_ROW1 -4.35114e-006	0.794247	0.607595
		*TM_ROW2 1	3.69549e-006	2.39909e-006
		*TM_ROW3 0.004916	52.744	56.4621
		*TM_POS 0.004916	52.744	56.4621
		*TM_ROTAXIS -0.305416	-0.901909	-0.30542
		*TM_ROTANGLE 1.67385
		*TM_SCALE 1	1	1
		*TM_SCALEAXIS 0	0	0
		*TM_SCALEAXISANG 0	0	0
	}
}
*HELPEROBJECT {
	*NODE_NAME "Bip01 Tail2"
	*NODE_PARENT "Bip01 Tail1"
	*NODE_TM {
		*NODE_NAME "Bip01 Tail2"
		*TM_ROW0 -4.39584e-007	0.396361	-0.918095
		*TM_ROW1 -4.06802e-006	0.918095	0.396361
		*TM_ROW2 1	3.919e-006	1.21072e-006
		*TM_ROW3 0.004901	63.7864	42.0044
		*TM_POS 0.004901	63.7864	42.0044
		*TM_ROTAXIS -0.198345	-0.959853	-0.198349
		*TM_ROTANGLE 1.61176
		*TM_SCALE 1	1	1
		*TM_SCALEAXIS 0	0	0
		*TM_SCALEAXISANG 0	0	0
	}
}
*HELPEROBJECT {
	*NODE_NAME "Bip01 Tail3"
	*NODE_PARENT "Bip01 Tail2"
	*NODE_TM {
		*NODE_NAME "Bip01 Tail3"
		*TM_ROW0 -5.32717e-007	0.371139	-0.928577
		*TM_ROW1 -4.03821e-006	0.928577	0.371139
		*TM_ROW2 1	3.96371e-006	1.0021e-006
		*TM_ROW3 0.004891	70.9851	25.2935
		*TM_POS 0.004891	70.9851	25.2935
		*TM_ROTAXIS -0.185686	-0.964904	-0.18569
		*TM_ROTANGLE 1.60652
		*TM_SCALE 1	1	1
		*TM_SCALEAXIS 0	0	0
		*TM_SCALEAXISANG 0	0	0
	}
}
*HELPEROBJECT {
	*NODE_NAME "Dummy"
	*NODE_PARENT "Bip01 Ponytail1"
	*NODE_TM {
		*NODE_NAME "Dummy"
		*TM_ROW0 -1	-0	0
		*TM_ROW1 -0	-1	0
		*TM_ROW2 -0	-0	1
		*TM_ROW3 0.0050835	-66.5314	21.8429
		*TM_POS 0.0050835	-66.5314	21.8429
		*TM_ROTAXIS 0	0	-1
		*TM_ROTANGLE 3.14159
		*TM_SCALE 1	1	1
		*TM_SCALEAXIS 0	0	0
		*TM_SCALEAXISANG 0	0	0
	}
}
*HELPEROBJECT {
	*NODE_NAME "Dummy1"
	*NODE_PARENT "Bip01 L Finger01"
	*NODE_TM {
		*NODE_NAME "Dummy1"
		*TM_ROW0 -1	-0	0
		*TM_ROW1 -0	-1	0
		*TM_ROW2 -0	-0	1
		*TM_ROW3 20.9655	-28.3741	3.49169
		*TM_POS 20.9655	-28.3741	3.49169
		*TM_ROTAXIS 0	0	-1
		*TM_ROTANGLE 3.14159
		*TM_SCALE 1	1	1
		*TM_SCALEAXIS 0	0	0
		*TM_SCALEAXISANG 0	0	0
	}
}
*HELPEROBJECT {
	*NODE_NAME "Dummy2"
	*NODE_PARENT "Bip01 R Finger01"
	*NODE_TM {
		*NODE_NAME "Dummy2"
		*TM_ROW0 -1	-0	0
		*TM_ROW1 -0	-1	0
		*TM_ROW2 -0	-0	1
		*TM_ROW3 -19.7809	-27.4335	4.07409
		*TM_POS -19.7809	-27.4335	4.07409
		*TM_ROTAXIS 0	0	-1
		*TM_ROTANGLE 3.14159
		*TM_SCALE 1	1	1
		*TM_SCALEAXIS 0	0	0
		*TM_SCALEAXISANG 0	0	0
	}
}
*HELPEROBJECT {
	*NODE_NAME "Dummy3"
	*NODE_PARENT "Bip01 L Toe0"
	*NODE_TM {
		*NODE_NAME "Dummy3"
		*TM_ROW0 -1	-0	0
		*TM_ROW1 -0	-1	0
		*TM_ROW2 -0	-0	1
		*TM_ROW3 51.0823	39.285	-5.31821
		*TM_POS 51.0823	39.285	-5.31821
		*TM_ROTAXIS 0	0	-1
		*TM_ROTANGLE 3.14159
		*TM_SCALE 1	1	1
		*TM_SCALEAXIS 0	0	0
		*TM_SCALEAXISANG 0	0	0
	}
}
*HELPEROBJECT {
	*NODE_NAME "Dummy4"
	*NODE_PARENT "Bip01 R Toe0"
	*NODE_TM {
		*NODE_NAME "Dummy4"
		*TM_ROW0 -1	-0	0
		*TM_ROW1 -0	-1	0
		*TM_ROW2 -0	-0	1
		*TM_ROW3 -47.0891	39.1946	-4.45111
		*TM_POS -47.0891	39.1946	-4.45111
		*TM_ROTAXIS 0	0	-1
		*TM_ROTANGLE 3.14159
		*TM_SCALE 1	1	1
		*TM_SCALEAXIS 0	0	0
		*TM_SCALEAXISANG 0	0	0
	}
}
*HELPEROBJECT {
	*NODE_NAME "Dummy5"
	*NODE_PARENT "Bip01 Tail3"
	*NODE_TM {
		*NODE_NAME "Dummy5"
		*TM_ROW0 -1	-0	0
		*TM_ROW1 -0	-1	0
		*TM_ROW2 -0	-0	1
		*TM_ROW3 0.004886	74.5844	16.9381
		*TM_POS 0.004886	74.5844	16.9381
		*TM_ROTAXIS 0	0	-1
		*TM_ROTANGLE 3.14159
		*TM_SCALE 1	1	1
		*TM_SCALEAXIS 0	0	0
		*TM_SCALEAXISANG 0	0	0
	}
}
*GEOMOBJECT {
	*NODE_NAME "zm_Skin"
	*NODE_PARENT "Bip01"
	*NODE_TM {
		*NODE_NAME "zm_Skin"
		*TM_ROW0 -1	-0	0
		*TM_ROW1 -0	-1	0
		*TM_ROW2 -0	-0	1
		*TM_ROW3 -0	-0	0
		*TM_POS -0	-0	0
		*TM_ROTAXIS 0	0	-1
		*TM_ROTANGLE 3.14159
		*TM_SCALE 1	1	1
		*TM_SCALEAXIS 0	0	0
		*TM_SCALEAXISANG 0	0	0
	}
	*MATERIAL_REF 0
	*MESH_SOFTSKIN {
		*TIMEVALUE 0
		*MESH_NUMVERTEX 318
		*MESH_NUMFACES 588
		*MESH_VERTEX_LIST {
			*MESH_VERTEX 0	-27.5787	26.5443	31.7416
			*MESH_VERTEX 1	3.78606	-92.5668	32.7985
			*MESH_VERTEX 2	31.2708	3.95919	22.8595
			*MESH_VERTEX 3	38.3905	52.8399	30.505
			*MESH_VERTEX 4	-45.5127	55.0035	0.900573
			*MESH_VERTEX 5	-4.4889	63.6016	41.9628
			*MESH_VERTEX 6	-45.5833	-0.0343242	40.1581
			*MESH_VERTEX 7	17.9799	-33.6321	-0.742853
			*MESH_VERTEX 8	21.5061	-12.9088	-0.0401658
			*MESH_VERTEX 9	-19.6059	-42.101	40.3448
			*MESH_VERTEX 10	-16.7597	-32.8371	0.0611386
			*MESH_VERTEX 11	-35.1281	-11.1384	25.7901
			*MESH_VERTEX 12	-3.16395e-010	77.153	8.56017
			*MESH_VERTEX 13	-1.26715e-012	48.3981	54.5969
			*MESH_VERTEX 14	-41.2881	7.43607	22.9431
			*MESH_VERTEX 15	4.4889	63.6016	41.9628
			*MESH_VERTEX 16	11.3203	19.3829	87.8258
			*MESH_VERTEX 17	53.8455	35.3895	-0.0561613
			*MESH_VERTEX 18	27.0502	26.9252	31.4868
			*MESH_VERTEX 19	35.9742	-11.7124	26.2885
			*MESH_VERTEX 20	19.6059	-42.101	40.3448
			*MESH_VERTEX 21	23.4507	-17.8452	30.3045
			*MESH_VERTEX 22	46.2727	-0.381732	40.481
			*MESH_VERTEX 23	49.496	55.0938	0.0334742
			*MESH_VERTEX 24	41.018	-18.2756	0.140019
			*MESH_VERTEX 25	0.004931	37.0452	25.9897
			*MESH_VERTEX 26	-3.78606	-92.5668	32.7985
			*MESH_VERTEX 27	9.08136	-88.0511	32.403
			*MESH_VERTEX 28	-25.3712	48.5256	31.4804
			*MESH_VERTEX 29	30.4845	-6.82997	50.926
			*MESH_VERTEX 30	-23.4135	-17.8449	30.3153
			*MESH_VERTEX 31	-41.5638	-6.49414	8.5766
			*MESH_VERTEX 32	-30.315	-6.82826	50.9702
			*MESH_VERTEX 33	0.004946	36.9412	82.9669
			*MESH_VERTEX 34	-25.5743	54.3025	12.0268
			*MESH_VERTEX 35	2.12551	-92.2885	27.7833
			*MESH_VERTEX 36	45.3745	39.7974	31.0919
			*MESH_VERTEX 37	0.004995	-15.2116	82.1346
			*MESH_VERTEX 38	-11.3203	19.3829	87.8258
			*MESH_VERTEX 39	-37.6037	31.3571	0.86378
			*MESH_VERTEX 40	-9.08136	-88.0511	32.403
			*MESH_VERTEX 41	-11.1019	-83.9589	32.4765
			*MESH_VERTEX 42	32.5544	-3.6779	1.53346
			*MESH_VERTEX 43	-20.1841	-12.0849	0.048268
			*MESH_VERTEX 44	-30.1542	4.59383	23.1007
			*MESH_VERTEX 45	11.0448	-74.3548	50.2027
			*MESH_VERTEX 46	11.1019	-83.9589	32.4765
			*MESH_VERTEX 47	10.9446	-80.9551	25.2638
			*MESH_VERTEX 48	11.9696	-79.6482	32.9039
			*MESH_VERTEX 49	-10.9447	-80.9551	25.2638
			*MESH_VERTEX 50	-11.9696	-79.6482	32.9039
			*MESH_VERTEX 51	-41.5173	44.0816	13.6842
			*MESH_VERTEX 52	-49.8622	35.2992	0.810933
			*MESH_VERTEX 53	25.8419	49.7217	29.0083
			*MESH_VERTEX 54	18.4242	31.965	27.4911
			*MESH_VERTEX 55	41.587	31.4474	-0.00331592
			*MESH_VERTEX 56	29.5712	54.8501	10.068
			*MESH_VERTEX 57	-31.2918	38.5826	10.3195
			*MESH_VERTEX 58	-11.0448	-74.3547	50.2027
			*MESH_VERTEX 59	-2.12551	-92.2886	27.7833
			*MESH_VERTEX 60	-9.99466e-007	-93.4213	32.9967
			*MESH_VERTEX 61	34.1179	-13.1713	11.627
			*MESH_VERTEX 62	-39.7253	-17.3473	0.0483466
			*MESH_VERTEX 63	0.005041	-43.5823	61.2594
			*MESH_VERTEX 64	-14.192	-37.1832	63.3974
			*MESH_VERTEX 65	34.887	38.7181	9.42892
			*MESH_VERTEX 66	7.77381	-88.179	26.1345
			*MESH_VERTEX 67	6.92309	-90.4899	32.4601
			*MESH_VERTEX 68	-7.77381	-88.179	26.1345
			*MESH_VERTEX 69	-6.92309	-90.4899	32.4601
			*MESH_VERTEX 70	-39.6305	46.5505	43.4407
			*MESH_VERTEX 71	-45.5399	39.8147	30.3228
			*MESH_VERTEX 72	-23.7555	37.4316	67.1991
			*MESH_VERTEX 73	-33.8917	-19.6361	49.0585
			*MESH_VERTEX 74	12.0136	-69.7493	28.2365
			*MESH_VERTEX 75	-12.0136	-69.7492	28.2364
			*MESH_VERTEX 76	-4.89992e-005	-83.7208	23.6884
			*MESH_VERTEX 77	-31.2079	-2.75468	1.13289
			*MESH_VERTEX 78	-25.7449	46.0903	1.52977
			*MESH_VERTEX 79	-34.1737	57.3005	1.88529
			*MESH_VERTEX 80	33.9306	-19.7272	49.1894
			*MESH_VERTEX 81	17.3844	-17.9088	19.9975
			*MESH_VERTEX 82	-26.0388	38.2101	25.6359
			*MESH_VERTEX 83	-9.99428e-007	-88.2148	45.942
			*MESH_VERTEX 84	24.1194	-3.69518	35.1753
			*MESH_VERTEX 85	42.4502	6.63566	22.7643
			*MESH_VERTEX 86	-23.6195	-3.69946	35.3605
			*MESH_VERTEX 87	29.7282	46.1806	0.662659
			*MESH_VERTEX 88	38.157	57.3908	1.01819
			*MESH_VERTEX 89	-37.7688	52.4623	31.0115
			*MESH_VERTEX 90	31.5173	28.4604	43.9695
			*MESH_VERTEX 91	39.1076	46.9186	43.2031
			*MESH_VERTEX 92	21.7112	22.1343	76.3106
			*MESH_VERTEX 93	-17.3844	-17.9084	19.9976
			*MESH_VERTEX 94	-39.7733	-6.49782	1.00249
			*MESH_VERTEX 95	35.4802	6.22868	38.1222
			*MESH_VERTEX 96	-31.7392	28.189	44.3005
			*MESH_VERTEX 97	-34.6085	6.38749	38.2697
			*MESH_VERTEX 98	25.4614	-31.8206	31.9521
			*MESH_VERTEX 99	-33.0189	-11.9631	11.3932
			*MESH_VERTEX 100	46.2826	41.2973	7.95154
			*MESH_VERTEX 101	14.192	-37.1832	63.3973
			*MESH_VERTEX 102	-14.1753	-19.3011	76.5855
			*MESH_VERTEX 103	41.1023	-7.46197	1.43677
			*MESH_VERTEX 104	-31.0456	6.33935	41.2347
			*MESH_VERTEX 105	-31.3115	29.2274	55.1546
			*MESH_VERTEX 106	42.7586	-7.79415	8.9867
			*MESH_VERTEX 107	43.0697	-10.5289	33.0107
			*MESH_VERTEX 108	-36.8358	58.3144	22.7157
			*MESH_VERTEX 109	-42.3499	-10.1424	32.6493
			*MESH_VERTEX 110	15.7725	50.0807	35.5991
			*MESH_VERTEX 111	-3.99955e-006	-67.2725	23.9623
			*MESH_VERTEX 112	-4.39993e-005	-83.3916	20.4847
			*MESH_VERTEX 113	39.2584	58.4602	22.1408
			*MESH_VERTEX 114	26.7457	39.221	23.5372
			*MESH_VERTEX 115	-26.6132	1.54915	12.1679
			*MESH_VERTEX 116	-24.4939	-17.3012	7.2562
			*MESH_VERTEX 117	8.88811	44.7497	67.6641
			*MESH_VERTEX 118	-6.80554	-80.1	22.299
			*MESH_VERTEX 119	-25.4614	-31.8207	31.9521
			*MESH_VERTEX 120	-17.9159	-62.491	26.7563
			*MESH_VERTEX 121	-14.0755	-36.2701	24.4335
			*MESH_VERTEX 122	-9.99033e-007	-71.1797	33.3831
			*MESH_VERTEX 123	19.7701	53.1519	47.0102
			*MESH_VERTEX 124	6.80547	-80.1001	22.299
			*MESH_VERTEX 125	17.9159	-62.491	26.7563
			*MESH_VERTEX 126	27.833	0.498764	12.0325
			*MESH_VERTEX 127	25.6606	-18.3728	7.07478
			*MESH_VERTEX 128	-8.88811	44.7497	67.6641
			*MESH_VERTEX 129	-20.3181	53.1115	46.6796
			*MESH_VERTEX 130	0.005047	-33.4633	16.0181
			*MESH_VERTEX 131	14.0755	-36.2701	24.4335
			*MESH_VERTEX 132	-32.6585	29.07	29.8397
			*MESH_VERTEX 133	-29.0102	-36.5352	41.6231
			*MESH_VERTEX 134	-19.1051	31.637	27.4938
			*MESH_VERTEX 135	0.004989	20.7883	18.5303
			*MESH_VERTEX 136	-38.4157	2.86429	10.9044
			*MESH_VERTEX 137	29.0044	-36.573	41.6994
			*MESH_VERTEX 138	-6.80554	-81.3846	25.2754
			*MESH_VERTEX 139	6.80545	-81.3847	25.2754
			*MESH_VERTEX 140	-21.7112	22.1343	76.3106
			*MESH_VERTEX 141	-47.8305	-3.02031	21.6752
			*MESH_VERTEX 142	48.8553	-3.95052	22.0433
			*MESH_VERTEX 143	39.6742	1.64041	10.9038
			*MESH_VERTEX 144	32.1644	29.5446	29.4417
			*MESH_VERTEX 145	44.2226	42.8569	23.4623
			*MESH_VERTEX 146	-3.69995e-005	-82.4123	17.3447
			*MESH_VERTEX 147	23.766	37.4269	67.1981
			*MESH_VERTEX 148	14.1753	-19.3011	76.5855
			*MESH_VERTEX 149	-29.5836	40.692	54.8158
			*MESH_VERTEX 150	-8.89445	-89.2379	37.7924
			*MESH_VERTEX 151	8.89444	-89.2379	37.7924
			*MESH_VERTEX 152	-9.99255e-007	-77.0428	51.4084
			*MESH_VERTEX 153	8.63539	-60.8207	50.8966
			*MESH_VERTEX 154	-8.6354	-60.8206	50.8966
			*MESH_VERTEX 155	-26.9155	-33.0417	54.1382
			*MESH_VERTEX 156	33.9557	-24.2557	-0.17428
			*MESH_VERTEX 157	38.0185	-18.8727	4.8998
			*MESH_VERTEX 158	-32.6915	-23.369	0.0486838
			*MESH_VERTEX 159	-36.814	-17.8087	4.87742
			*MESH_VERTEX 160	-10.4694	-42.6384	54.2532
			*MESH_VERTEX 161	10.4694	-42.6384	54.2532
			*MESH_VERTEX 162	26.9078	-33.0213	54.1436
			*MESH_VERTEX 163	-6.60734	-86.6647	43.6941
			*MESH_VERTEX 164	6.60734	-86.6647	43.6941
			*MESH_VERTEX 165	-42.2993	41.207	8.81864
			*MESH_VERTEX 166	20.9647	0.965524	71.814
			*MESH_VERTEX 167	-25.3151	-23.4846	0.420212
			*MESH_VERTEX 168	-19.8284	-25.183	7.02907
			*MESH_VERTEX 169	26.5734	-24.3425	0.0626839
			*MESH_VERTEX 170	20.9611	-26.2179	6.51642
			*MESH_VERTEX 171	30.4456	37.0676	16.5389
			*MESH_VERTEX 172	3.9543e-011	65.9922	43.0835
			*MESH_VERTEX 173	-28.6521	36.4457	18.0628
			*MESH_VERTEX 174	-16.5855	49.9323	35.1959
			*MESH_VERTEX 175	-40.2878	34.2008	39.6971
			*MESH_VERTEX 176	0.004969	20.7782	89.5671
			*MESH_VERTEX 177	-20.9647	0.965569	71.814
			*MESH_VERTEX 178	45.003	43.9053	13.5892
			*MESH_VERTEX 179	6.68524	-78.7824	18.3884
			*MESH_VERTEX 180	-6.68529	-78.7824	18.3883
			*MESH_VERTEX 181	29.5027	40.8026	54.684
			*MESH_VERTEX 182	25.6838	5.83394	56.0722
			*MESH_VERTEX 183	31.4351	29.3615	54.8452
			*MESH_VERTEX 184	-39.1045	56.4646	11.4312
			*MESH_VERTEX 185	-15.6481	-55.7189	24.9652
			*MESH_VERTEX 186	-14.9936	-60.4409	36.5193
			*MESH_VERTEX 187	15.6481	-55.7189	24.9652
			*MESH_VERTEX 188	14.9937	-60.441	36.5194
			*MESH_VERTEX 189	9.4544	-67.9571	17.6109
			*MESH_VERTEX 190	-9.45439	-67.957	17.6108
			*MESH_VERTEX 191	-42.9926	43.0351	22.8158
			*MESH_VERTEX 192	17.4534	-65.0373	36.0143
			*MESH_VERTEX 193	-17.4534	-65.0373	36.0143
			*MESH_VERTEX 194	10.7671	-2.09713	80.0945
			*MESH_VERTEX 195	-10.7671	-2.09712	80.0945
			*MESH_VERTEX 196	-32.5584	36.6256	4.99779
			*MESH_VERTEX 197	-49.8831	50.1088	0.943471
			*MESH_VERTEX 198	53.8664	50.1991	0.0763782
			*MESH_VERTEX 199	-9.99045e-007	-93.7883	37.2496
			*MESH_VERTEX 200	39.8123	34.6144	39.3219
			*MESH_VERTEX 201	31.0456	6.33934	41.2347
			*MESH_VERTEX 202	43.1402	56.4391	10.801
			*MESH_VERTEX 203	-43.9227	54.8637	4.50919
			*MESH_VERTEX 204	47.906	54.9539	3.64209
			*MESH_VERTEX 205	-12.8889	34.8057	78.3385
			*MESH_VERTEX 206	12.8889	34.8057	78.3384
			*MESH_VERTEX 207	-25.6838	5.83393	56.0722
			*MESH_VERTEX 208	36.5417	36.7159	4.13069
			*MESH_VERTEX 209	-0.000292	45.4329	41.5452
			*MESH_VERTEX 210	-8.50237	41.5019	29.4777
			*MESH_VERTEX 211	-7.46399	48.2885	36.6827
			*MESH_VERTEX 212	8.54111	41.5088	29.4909
			*MESH_VERTEX 213	7.50421	48.2897	36.6981
			*MESH_VERTEX 214	-2.78496	70.9761	25.1691
			*MESH_VERTEX 215	2.78496	70.9761	25.1691
			*MESH_VERTEX 216	-24.3464	52.2467	23.461
			*MESH_VERTEX 217	26.4241	53.2598	20.8784
			*MESH_VERTEX 218	14.9456	-67.3314	22.5824
			*MESH_VERTEX 219	11.6026	-73.0196	22.1055
			*MESH_VERTEX 220	-14.9456	-67.3313	22.5823
			*MESH_VERTEX 221	-11.6027	-73.0196	22.1055
			*MESH_VERTEX 222	-2.39994e-005	-78.5624	15.3846
			*MESH_VERTEX 223	-1.99925e-006	-70.1488	16.5737
			*MESH_VERTEX 224	0.005029	-16.923	14.5303
			*MESH_VERTEX 225	-27.2274	51.6249	38.2771
			*MESH_VERTEX 226	26.5454	51.9173	38.3423
			*MESH_VERTEX 227	0.005004	2.92402	18.5339
			*MESH_VERTEX 228	13.3511	-72.8337	44.1678
			*MESH_VERTEX 229	-13.3511	-72.8337	44.1678
			*MESH_VERTEX 230	-25.1385	22.119	28.2312
			*MESH_VERTEX 231	-27.6188	-15.9456	61.9335
			*MESH_VERTEX 232	24.5958	22.5187	27.9611
			*MESH_VERTEX 233	12.331	-75.4418	29.5157
			*MESH_VERTEX 234	14.542	-75.7974	32.0257
			*MESH_VERTEX 235	-12.331	-75.4418	29.5157
			*MESH_VERTEX 236	-14.542	-75.7974	32.0257
			*MESH_VERTEX 237	27.6188	-15.9455	61.9335
			*MESH_VERTEX 238	-31.8588	35.7266	0.855305
			*MESH_VERTEX 239	35.8421	35.8169	-0.0117962
			*MESH_VERTEX 240	12.9542	-60.058	44.2169
			*MESH_VERTEX 241	-12.9542	-60.058	44.2169
			*MESH_VERTEX 242	10.8393	-54.0709	18.8268
			*MESH_VERTEX 243	-10.8393	-54.0709	18.8267
			*MESH_VERTEX 244	-5.0196e-011	60.12	40.5346
			*MESH_VERTEX 245	-9.99292e-007	-81.5722	48.2151
			*MESH_VERTEX 246	15.5273	48.186	60.0995
			*MESH_VERTEX 247	-15.5274	48.1862	60.0992
			*MESH_VERTEX 248	32.5098	-22.0992	29.204
			*MESH_VERTEX 249	31.7755	23.6452	41.9984
			*MESH_VERTEX 250	-31.9813	23.3448	42.3987
			*MESH_VERTEX 251	34.0479	-29.5369	40.5549
			*MESH_VERTEX 252	-33.9415	-29.387	40.3649
			*MESH_VERTEX 253	-31.918	-21.9184	29.1076
			*MESH_VERTEX 254	9.86682	-74.8524	27.9163
			*MESH_VERTEX 255	10.72	-74.2192	26.6175
			*MESH_VERTEX 256	-9.86688	-74.8524	27.9163
			*MESH_VERTEX 257	-10.7201	-74.2192	26.6175
			*MESH_VERTEX 258	0.002413	47.5042	71.1064
			*MESH_VERTEX 259	6.0201	52.5996	56.2425
			*MESH_VERTEX 260	-6.0201	52.5996	56.2425
			*MESH_VERTEX 261	-10.6552	-73.5162	29.9794
			*MESH_VERTEX 262	10.6552	-73.5163	29.9794
			*MESH_VERTEX 263	-9.45278	-81.5164	41.3624
			*MESH_VERTEX 264	9.45278	-81.5164	41.3624
			*MESH_VERTEX 265	-8.5268	50.7069	48.5389
			*MESH_VERTEX 266	0.005072	-53.0163	16.0027
			*MESH_VERTEX 267	-3.65765	-92.7297	37.6866
			*MESH_VERTEX 268	3.65765	-92.7297	37.6866
			*MESH_VERTEX 269	-21.0567	1.31105	24.5164
			*MESH_VERTEX 270	21.0567	1.31099	24.5164
			*MESH_VERTEX 271	-3.43841	-82.2642	22.9341
			*MESH_VERTEX 272	3.43832	-82.2642	22.9341
			*MESH_VERTEX 273	50.4451	38.2003	4.58266
			*MESH_VERTEX 274	-46.4618	38.11	5.44976
			*MESH_VERTEX 275	-2.44507e-011	56.0826	59.3668
			*MESH_VERTEX 276	8.55638	50.7013	48.5611
			*MESH_VERTEX 277	9.99964e-007	73.0891	25.9692
			*MESH_VERTEX 278	0.00498	-2.39268	83.6825
			*MESH_VERTEX 279	23.3818	24.9051	65.6715
			*MESH_VERTEX 280	-23.3815	24.9052	65.6716
			*MESH_VERTEX 281	-8.82651	-80.8981	47.0295
			*MESH_VERTEX 282	8.82651	-80.8981	47.0295
			*MESH_VERTEX 283	0.005063	-61.0535	55.5266
			*MESH_VERTEX 284	-7.12338e-011	68.7528	23.8755
			*MESH_VERTEX 285	0.005025	-33.3227	68.6379
			*MESH_VERTEX 286	3.43832	-82.2642	22.9341
			*MESH_VERTEX 287	6.80547	-80.1001	22.299
			*MESH_VERTEX 288	6.80545	-81.3847	25.2754
			*MESH_VERTEX 289	9.86682	-74.8524	27.9163
			*MESH_VERTEX 290	-3.43841	-82.2642	22.9341
			*MESH_VERTEX 291	-6.80554	-80.1	22.299
			*MESH_VERTEX 292	-6.80554	-81.3846	25.2754
			*MESH_VERTEX 293	-9.86688	-74.8524	27.9163
			*MESH_VERTEX 294	-10.7201	-74.2192	26.6175
			*MESH_VERTEX 295	-10.6552	-73.5162	29.9794
			*MESH_VERTEX 296	-12.0136	-69.7492	28.2364
			*MESH_VERTEX 297	11.6112	-77.6184	27.3566
			*MESH_VERTEX 298	10.72	-74.2192	26.6175
			*MESH_VERTEX 299	10.6552	-73.5163	29.9794
			*MESH_VERTEX 300	5.48795	-90.3305	27.5223
			*MESH_VERTEX 301	5.48795	-90.3305	27.5223
			*MESH_VERTEX 302	3.78606	-92.5668	32.7985
			*MESH_VERTEX 303	6.92309	-90.4899	32.4601
			*MESH_VERTEX 304	-5.48795	-90.3305	27.5223
			*MESH_VERTEX 305	-3.78606	-92.5668	32.7985
			*MESH_VERTEX 306	-6.92309	-90.4899	32.4601
			*MESH_VERTEX 307	-9.45863	-85.0765	26.7011
			*MESH_VERTEX 308	-9.08136	-88.0511	32.403
			*MESH_VERTEX 309	-11.1019	-83.9589	32.4765
			*MESH_VERTEX 310	-5.48795	-90.3305	27.5223
			*MESH_VERTEX 311	-9.45863	-85.0765	26.7011
			*MESH_VERTEX 312	-11.6112	-77.6184	27.3566
			*MESH_VERTEX 313	9.45862	-85.0765	26.7011
			*MESH_VERTEX 314	9.08136	-88.0511	32.403
			*MESH_VERTEX 315	11.1019	-83.9589	32.4765
			*MESH_VERTEX 316	9.45862	-85.0765	26.7011
			*MESH_VERTEX 317	12.0136	-69.7493	28.2365
		}
		*MESH_FACE_LIST {
			*MESH_FACE    0:    A:    63 B:    153 C:    161 AB:    1 BC:    1 CA:    1	 *MESH_SMOOTHING 1 	*MESH_MTLID 0
			*MESH_FACE    1:    A:    227 B:    270 C:    224 AB:    1 BC:    1 CA:    1	 *MESH_SMOOTHING 1 	*MESH_MTLID 0
			*MESH_FACE    2:    A:    145 B:    144 C:    171 AB:    1 BC:    1 CA:    1	 *MESH_SMOOTHING 1 	*MESH_MTLID 0
			*MESH_FACE    3:    A:    114 B:    171 C:    144 AB:    1 BC:    1 CA:    1	 *MESH_SMOOTHING 1 	*MESH_MTLID 0
			*MESH_FACE    4:    A:    149 B:    70 C:    175 AB:    1 BC:    1 CA:    1	 *MESH_SMOOTHING 1 	*MESH_MTLID 0
			*MESH_FACE    5:    A:    154 B:    63 C:    160 AB:    1 BC:    1 CA:    1	 *MESH_SMOOTHING 1 	*MESH_MTLID 0
			*MESH_FACE    6:    A:    209 B:    213 C:    212 AB:    1 BC:    1 CA:    1	 *MESH_SMOOTHING 1 	*MESH_MTLID 0
			*MESH_FACE    7:    A:    174 B:    129 C:    265 AB:    1 BC:    1 CA:    1	 *MESH_SMOOTHING 1 	*MESH_MTLID 0
			*MESH_FACE    8:    A:    32 B:    177 C:    207 AB:    1 BC:    1 CA:    1	 *MESH_SMOOTHING 1 	*MESH_MTLID 0
			*MESH_FACE    9:    A:    104 B:    93 C:    30 AB:    1 BC:    1 CA:    1	 *MESH_SMOOTHING 1 	*MESH_MTLID 0
			*MESH_FACE    10:    A:    7 B:    170 C:    8 AB:    1 BC:    1 CA:    1	 *MESH_SMOOTHING 1 	*MESH_MTLID 0
			*MESH_FACE    11:    A:    103 B:    42 C:    143 AB:    1 BC:    1 CA:    1	 *MESH_SMOOTHING 1 	*MESH_MTLID 0
			*MESH_FACE    12:    A:    9 B:    121 C:    185 AB:    1 BC:    1 CA:    1	 *MESH_SMOOTHING 1 	*MESH_MTLID 0
			*MESH_FACE    13:    A:    102 B:    231 C:    155 AB:    1 BC:    1 CA:    1	 *MESH_SMOOTHING 1 	*MESH_MTLID 0
			*MESH_FACE    14:    A:    30 B:    253 C:    11 AB:    1 BC:    1 CA:    1	 *MESH_SMOOTHING 1 	*MESH_MTLID 0
			*MESH_FACE    15:    A:    116 B:    43 C:    115 AB:    1 BC:    1 CA:    1	 *MESH_SMOOTHING 1 	*MESH_MTLID 0
			*MESH_FACE    16:    A:    77 B:    94 C:    136 AB:    1 BC:    1 CA:    1	 *MESH_SMOOTHING 1 	*MESH_MTLID 0
			*MESH_FACE    17:    A:    109 B:    252 C:    73 AB:    1 BC:    1 CA:    1	 *MESH_SMOOTHING 1 	*MESH_MTLID 0
			*MESH_FACE    18:    A:    123 B:    276 C:    246 AB:    1 BC:    1 CA:    1	 *MESH_SMOOTHING 1 	*MESH_MTLID 0
			*MESH_FACE    19:    A:    244 B:    5 C:    284 AB:    1 BC:    1 CA:    1	 *MESH_SMOOTHING 1 	*MESH_MTLID 0
			*MESH_FACE    20:    A:    15 B:    244 C:    284 AB:    1 BC:    1 CA:    1	 *MESH_SMOOTHING 1 	*MESH_MTLID 0
			*MESH_FACE    21:    A:    129 B:    149 C:    247 AB:    1 BC:    1 CA:    1	 *MESH_SMOOTHING 1 	*MESH_MTLID 0
			*MESH_FACE    22:    A:    141 B:    6 C:    14 AB:    1 BC:    1 CA:    1	 *MESH_SMOOTHING 1 	*MESH_MTLID 0
			*MESH_FACE    23:    A:    11 B:    44 C:    30 AB:    1 BC:    1 CA:    1	 *MESH_SMOOTHING 1 	*MESH_MTLID 0
			*MESH_FACE    24:    A:    15 B:    172 C:    275 AB:    1 BC:    1 CA:    1	 *MESH_SMOOTHING 1 	*MESH_MTLID 0
			*MESH_FACE    25:    A:    181 B:    123 C:    246 AB:    1 BC:    1 CA:    1	 *MESH_SMOOTHING 1 	*MESH_MTLID 0
			*MESH_FACE    26:    A:    172 B:    5 C:    275 AB:    1 BC:    1 CA:    1	 *MESH_SMOOTHING 1 	*MESH_MTLID 0
			*MESH_FACE    27:    A:    275 B:    5 C:    260 AB:    1 BC:    1 CA:    1	 *MESH_SMOOTHING 1 	*MESH_MTLID 0
			*MESH_FACE    28:    A:    202 B:    145 C:    178 AB:    1 BC:    1 CA:    1	 *MESH_SMOOTHING 1 	*MESH_MTLID 0
			*MESH_FACE    29:    A:    123 B:    110 C:    276 AB:    1 BC:    1 CA:    1	 *MESH_SMOOTHING 1 	*MESH_MTLID 0
			*MESH_FACE    30:    A:    201 B:    182 C:    29 AB:    1 BC:    1 CA:    1	 *MESH_SMOOTHING 1 	*MESH_MTLID 0
			*MESH_FACE    31:    A:    131 B:    20 C:    187 AB:    1 BC:    1 CA:    1	 *MESH_SMOOTHING 1 	*MESH_MTLID 0
			*MESH_FACE    32:    A:    8 B:    127 C:    126 AB:    1 BC:    1 CA:    1	 *MESH_SMOOTHING 1 	*MESH_MTLID 0
			*MESH_FACE    33:    A:    126 B:    143 C:    42 AB:    1 BC:    1 CA:    1	 *MESH_SMOOTHING 1 	*MESH_MTLID 0
			*MESH_FACE    34:    A:    131 B:    98 C:    20 AB:    1 BC:    1 CA:    1	 *MESH_SMOOTHING 1 	*MESH_MTLID 0
			*MESH_FACE    35:    A:    237 B:    148 C:    162 AB:    1 BC:    1 CA:    1	 *MESH_SMOOTHING 1 	*MESH_MTLID 0
			*MESH_FACE    36:    A:    2 B:    19 C:    21 AB:    1 BC:    1 CA:    1	 *MESH_SMOOTHING 1 	*MESH_MTLID 0
			*MESH_FACE    37:    A:    107 B:    251 C:    248 AB:    1 BC:    1 CA:    1	 *MESH_SMOOTHING 1 	*MESH_MTLID 0
			*MESH_FACE    38:    A:    251 B:    107 C:    80 AB:    1 BC:    1 CA:    1	 *MESH_SMOOTHING 1 	*MESH_MTLID 0
			*MESH_FACE    39:    A:    84 B:    29 C:    95 AB:    1 BC:    1 CA:    1	 *MESH_SMOOTHING 1 	*MESH_MTLID 0
			*MESH_FACE    40:    A:    107 B:    22 C:    80 AB:    1 BC:    1 CA:    1	 *MESH_SMOOTHING 1 	*MESH_MTLID 0
			*MESH_FACE    41:    A:    22 B:    107 C:    142 AB:    1 BC:    1 CA:    1	 *MESH_SMOOTHING 1 	*MESH_MTLID 0
			*MESH_FACE    42:    A:    202 B:    100 C:    204 AB:    1 BC:    1 CA:    1	 *MESH_SMOOTHING 1 	*MESH_MTLID 0
			*MESH_FACE    43:    A:    217 B:    171 C:    114 AB:    1 BC:    1 CA:    1	 *MESH_SMOOTHING 1 	*MESH_MTLID 0
			*MESH_FACE    44:    A:    169 B:    7 C:    8 AB:    1 BC:    1 CA:    1	 *MESH_SMOOTHING 1 	*MESH_MTLID 0
			*MESH_FACE    45:    A:    169 B:    170 C:    7 AB:    1 BC:    1 CA:    1	 *MESH_SMOOTHING 1 	*MESH_MTLID 0
			*MESH_FACE    46:    A:    174 B:    211 C:    210 AB:    1 BC:    1 CA:    1	 *MESH_SMOOTHING 1 	*MESH_MTLID 0
			*MESH_FACE    47:    A:    269 B:    227 C:    224 AB:    1 BC:    1 CA:    1	 *MESH_SMOOTHING 1 	*MESH_MTLID 0
			*MESH_FACE    48:    A:    153 B:    63 C:    283 AB:    1 BC:    1 CA:    1	 *MESH_SMOOTHING 1 	*MESH_MTLID 0
			*MESH_FACE    49:    A:    121 B:    243 C:    185 AB:    1 BC:    1 CA:    1	 *MESH_SMOOTHING 1 	*MESH_MTLID 0
			*MESH_FACE    50:    A:    67 B:    268 C:    1 AB:    1 BC:    1 CA:    1	 *MESH_SMOOTHING 1 	*MESH_MTLID 0
			*MESH_FACE    51:    A:    60 B:    122 C:    1 AB:    1 BC:    1 CA:    1	 *MESH_SMOOTHING 1 	*MESH_MTLID 0
			*MESH_FACE    52:    A:    230 B:    134 C:    135 AB:    1 BC:    1 CA:    1	 *MESH_SMOOTHING 1 	*MESH_MTLID 0
			*MESH_FACE    53:    A:    238 B:    79 C:    78 AB:    1 BC:    1 CA:    1	 *MESH_SMOOTHING 1 	*MESH_MTLID 0
			*MESH_FACE    54:    A:    201 B:    29 C:    21 AB:    1 BC:    1 CA:    1	 *MESH_SMOOTHING 1 	*MESH_MTLID 0
			*MESH_FACE    55:    A:    21 B:    29 C:    84 AB:    1 BC:    1 CA:    1	 *MESH_SMOOTHING 1 	*MESH_MTLID 0
			*MESH_FACE    56:    A:    32 B:    104 C:    30 AB:    1 BC:    1 CA:    1	 *MESH_SMOOTHING 1 	*MESH_MTLID 0
			*MESH_FACE    57:    A:    32 B:    30 C:    86 AB:    1 BC:    1 CA:    1	 *MESH_SMOOTHING 1 	*MESH_MTLID 0
			*MESH_FACE    58:    A:    11 B:    253 C:    109 AB:    1 BC:    1 CA:    1	 *MESH_SMOOTHING 1 	*MESH_MTLID 0
			*MESH_FACE    59:    A:    168 B:    167 C:    10 AB:    1 BC:    1 CA:    1	 *MESH_SMOOTHING 1 	*MESH_MTLID 0
			*MESH_FACE    60:    A:    32 B:    97 C:    6 AB:    1 BC:    1 CA:    1	 *MESH_SMOOTHING 1 	*MESH_MTLID 0
			*MESH_FACE    61:    A:    6 B:    109 C:    73 AB:    1 BC:    1 CA:    1	 *MESH_SMOOTHING 1 	*MESH_MTLID 0
			*MESH_FACE    62:    A:    206 B:    147 C:    117 AB:    1 BC:    1 CA:    1	 *MESH_SMOOTHING 1 	*MESH_MTLID 0
			*MESH_FACE    63:    A:    102 B:    177 C:    231 AB:    1 BC:    1 CA:    1	 *MESH_SMOOTHING 1 	*MESH_MTLID 0
			*MESH_FACE    64:    A:    34 B:    216 C:    173 AB:    1 BC:    1 CA:    1	 *MESH_SMOOTHING 1 	*MESH_MTLID 0
			*MESH_FACE    65:    A:    216 B:    34 C:    108 AB:    1 BC:    1 CA:    1	 *MESH_SMOOTHING 1 	*MESH_MTLID 0
