*3DSMAX_ASCIIEXPORT	110
*COMMENT "[ GothicSourcer v3.14 ] - June 2007"
*SCENE {
	*SCENE_FILENAME "ORC_BODYWARRIOR.MAX"
	*SCENE_FIRSTFRAME 0
	*SCENE_LASTFRAME 100
	*SCENE_FRAMESPEED 25
	*SCENE_TICKSPERFRAME 192
	*SCENE_BACKGROUND_STATIC 0	0	0
	*SCENE_AMBIENT_STATIC 0.2	0.2	0.2
}
*MATERIAL_LIST {
	*MATERIAL_COUNT 1
	*MATERIAL 0 {
		*MATERIAL_NAME "Compound Material #1"
		*MATERIAL_CLASS "Multi/Sub-Object"
		*NUMSUBMTLS 3
		*SUBMATERIAL 0 {
			*MATERIAL_NAME "WARRIORARMS"
			*MATERIAL_CLASS "Standard"
			*MATERIAL_AMBIENT 0.356863	0.286275	0.160784
			*MATERIAL_DIFFUSE 0.356863	0.286275	0.160784
			*MATERIAL_SPECULAR 0.9	0.9	0.9
			*MATERIAL_SHINE 0.1
			*MATERIAL_SHINESTRENGTH 0
			*MATERIAL_TRANSPARENCY 0
			*MATERIAL_WIRESIZE 1
			*MATERIAL_SHADING Blinn
			*MATERIAL_XP_FALLOFF 0
			*MATERIAL_SELFILLUM 0
			*MATERIAL_FALLOFF In
			*MATERIAL_XP_TYPE Filter
			*MAP_DIFFUSE {
				*MAP_NAME "Map #1-1"
				*MAP_CLASS "Bitmap"
				*MAP_SUBNO 1
				*MAP_AMOUNT 1
				*BITMAP "ORC_ARMSWARRIOR_V0.TGA"
				*MAP_TYPE Screen
				*UVW_U_OFFSET 0
				*UVW_V_OFFSET 0
				*UVW_U_TILING 1
				*UVW_V_TILING 1
				*UVW_ANGLE 0
				*UVW_BLUR 1
				*UVW_BLUR_OFFSET 0
				*UVW_NOUSE_AMT 1
				*UVW_NOISE_SIZE 1
				*UVW_NOISE_LEVEL 1
				*UVW_NOISE_PHASE 0
				*BITMAP_FILTER Pyramidal
			}
		}
		*SUBMATERIAL 1 {
			*MATERIAL_NAME "WARRIORLEGS"
			*MATERIAL_CLASS "Standard"
			*MATERIAL_AMBIENT 0.262745	0.211765	0.129412
			*MATERIAL_DIFFUSE 0.262745	0.211765	0.129412
			*MATERIAL_SPECULAR 0.9	0.9	0.9
			*MATERIAL_SHINE 0.1
			*MATERIAL_SHINESTRENGTH 0
			*MATERIAL_TRANSPARENCY 0
			*MATERIAL_WIRESIZE 1
			*MATERIAL_SHADING Blinn
			*MATERIAL_XP_FALLOFF 0
			*MATERIAL_SELFILLUM 0
			*MATERIAL_FALLOFF In
			*MATERIAL_XP_TYPE Filter
			*MAP_DIFFUSE {
				*MAP_NAME "Map #1-2"
				*MAP_CLASS "Bitmap"
				*MAP_SUBNO 1
				*MAP_AMOUNT 1
				*BITMAP "ORC_LEGSWARRIOR_V0.TGA"
				*MAP_TYPE Screen
				*UVW_U_OFFSET 0
				*UVW_V_OFFSET 0
				*UVW_U_TILING 1
				*UVW_V_TILING 1
				*UVW_ANGLE 0
				*UVW_BLUR 1
				*UVW_BLUR_OFFSET 0
				*UVW_NOUSE_AMT 1
				*UVW_NOISE_SIZE 1
				*UVW_NOISE_LEVEL 1
				*UVW_NOISE_PHASE 0
				*BITMAP_FILTER Pyramidal
			}
		}
		*SUBMATERIAL 2 {
			*MATERIAL_NAME "WARRIORBODY"
			*MATERIAL_CLASS "Standard"
			*MATERIAL_AMBIENT 0.27451	0.203922	0.129412
			*MATERIAL_DIFFUSE 0.27451	0.203922	0.129412
			*MATERIAL_SPECULAR 0.9	0.9	0.9
			*MATERIAL_SHINE 0.1
			*MATERIAL_SHINESTRENGTH 0
			*MATERIAL_TRANSPARENCY 0
			*MATERIAL_WIRESIZE 1
			*MATERIAL_SHADING Blinn
			*MATERIAL_XP_FALLOFF 0
			*MATERIAL_SELFILLUM 0
			*MATERIAL_FALLOFF In
			*MATERIAL_XP_TYPE Filter
			*MAP_DIFFUSE {
				*MAP_NAME "Map #1-3"
				*MAP_CLASS "Bitmap"
				*MAP_SUBNO 1
				*MAP_AMOUNT 1
				*BITMAP "ORC_BODYWARRIOR_V0.TGA"
				*MAP_TYPE Screen
				*UVW_U_OFFSET 0
				*UVW_V_OFFSET 0
				*UVW_U_TILING 1
				*UVW_V_TILING 1
				*UVW_ANGLE 0
				*UVW_BLUR 1
				*UVW_BLUR_OFFSET 0
				*UVW_NOUSE_AMT 1
				*UVW_NOISE_SIZE 1
				*UVW_NOISE_LEVEL 1
				*UVW_NOISE_PHASE 0
				*BITMAP_FILTER Pyramidal
			}
		}
	}
}
*HELPEROBJECT {
	*NODE_NAME "Bip01"
	*NODE_TM {
		*NODE_NAME "Bip01"
		*TM_ROW0 1.26759e-006	-1	0
		*TM_ROW1 1	1.26759e-006	0
		*TM_ROW2 -0	-0	1
		*TM_ROW3 -1e-006	0	100.39
		*TM_POS -1e-006	0	100.39
		*TM_ROTAXIS 0	0	1
		*TM_ROTANGLE 1.5708
		*TM_SCALE 1	1	1
		*TM_SCALEAXIS 0	0	0
		*TM_SCALEAXISANG 0	0	0
	}
}
*HELPEROBJECT {
	*NODE_NAME "Bip01 Pelvis"
	*NODE_PARENT "Bip01"
	*NODE_TM {
		*NODE_NAME "Bip01 Pelvis"
		*TM_ROW0 -1.19209e-006	-1.64892e-007	1
		*TM_ROW1 2.99332e-006	-1	-1.64887e-007
		*TM_ROW2 1	2.99332e-006	1.66893e-006
		*TM_ROW3 -1e-006	4e-005	100.39
		*TM_POS -1e-006	4e-005	100.39
		*TM_ROTAXIS -0.707106	-1e-006	-0.707107
		*TM_ROTANGLE 3.14159
		*TM_SCALE 1	1	1
		*TM_SCALEAXIS 0	0	0
		*TM_SCALEAXISANG 0	0	0
	}
}
*HELPEROBJECT {
	*NODE_NAME "Bip01 Spine"
	*NODE_PARENT "Bip01 Pelvis"
	*NODE_TM {
		*NODE_NAME "Bip01 Spine"
		*TM_ROW0 -1.19209e-007	-0.259588	0.96572
		*TM_ROW1 -1.78814e-006	-0.965719	-0.259588
		*TM_ROW2 1	-1.78814e-006	-1.19209e-007
		*TM_ROW3 -9.99999e-007	-1.86469	107.969
		*TM_POS -9.99999e-007	-1.86469	107.969
		*TM_ROTAXIS 0.704044	-0.092975	0.704044
		*TM_ROTANGLE 2.95618
		*TM_SCALE 1	1	1
		*TM_SCALEAXIS 0	0	0
		*TM_SCALEAXISANG 0	0	0
	}
}
*HELPEROBJECT {
	*NODE_NAME "Bip01 Spine1"
	*NODE_PARENT "Bip01 Spine"
	*NODE_TM {
		*NODE_NAME "Bip01 Spine1"
		*TM_ROW0 1.78814e-007	-0.0879481	0.996125
		*TM_ROW1 -1.09151e-006	-0.996125	-0.0879481
		*TM_ROW2 1	-1.09151e-006	1.78814e-007
		*TM_ROW3 6e-006	-6.55859	125.486
		*TM_POS 6e-006	-6.55859	125.486
		*TM_ROTAXIS 0.706764	-0.03114	0.706764
		*TM_ROTANGLE 3.07933
		*TM_SCALE 1	1	1
		*TM_SCALEAXIS 0	0	0
		*TM_SCALEAXISANG 0	0	0
	}
}
*HELPEROBJECT {
	*NODE_NAME "Bip01 Spine2"
	*NODE_PARENT "Bip01 Spine1"
	*NODE_TM {
		*NODE_NAME "Bip01 Spine2"
		*TM_ROW0 2.98023e-007	0.172863	0.984946
		*TM_ROW1 -1.42306e-006	-0.984946	0.172863
		*TM_ROW2 1	-1.42306e-006	2.98023e-007
		*TM_ROW3 8e-006	-8.13954	143.55
		*TM_POS 8e-006	-8.13954	143.55
		*TM_ROTAXIS 0.70577	0.061463	0.70577
		*TM_ROTANGLE 3.26437
		*TM_SCALE 1	1	1
		*TM_SCALEAXIS 0	0	0
		*TM_SCALEAXISANG 0	0	0
	}
}
*HELPEROBJECT {
	*NODE_NAME "Bip01 Spine3"
	*NODE_PARENT "Bip01 Spine2"
	*NODE_TM {
		*NODE_NAME "Bip01 Spine3"
		*TM_ROW0 2.98023e-007	0.172863	0.984946
		*TM_ROW1 -1.42306e-006	-0.984946	0.172863
		*TM_ROW2 1	-1.42306e-006	2.98023e-007
		*TM_ROW3 4e-006	-4.98999	161.413
		*TM_POS 4e-006	-4.98999	161.413
		*TM_ROTAXIS 0.70577	0.061463	0.70577
		*TM_ROTANGLE 3.26437
		*TM_SCALE 1	1	1
		*TM_SCALEAXIS 0	0	0
		*TM_SCALEAXISANG 0	0	0
	}
}
*HELPEROBJECT {
	*NODE_NAME "Bip01 Neck"
	*NODE_PARENT "Bip01 Spine3"
	*NODE_TM {
		*NODE_NAME "Bip01 Neck"
		*TM_ROW0 6.55651e-007	-0.826733	0.562595
		*TM_ROW1 -1.81794e-006	-0.562595	-0.826733
		*TM_ROW2 1	-5.36442e-007	-1.72853e-006
		*TM_ROW3 -1e-006	-1.85131	179.282
		*TM_POS -1e-006	-1.85131	179.282
		*TM_ROTAXIS 0.662278	-0.350396	0.662277
		*TM_ROTANGLE 2.46754
		*TM_SCALE 1	1	1
		*TM_SCALEAXIS 0	0	0
		*TM_SCALEAXISANG 0	0	0
	}
}
*HELPEROBJECT {
	*NODE_NAME "Bip01 Neck1"
	*NODE_PARENT "Bip01 Neck"
	*NODE_TM {
		*NODE_NAME "Bip01 Neck1"
		*TM_ROW0 1.90735e-006	-0.843235	0.537545
		*TM_ROW1 -1.96695e-006	-0.537545	-0.843235
		*TM_ROW2 1	5.36442e-007	-2.68221e-006
		*TM_ROW3 7.99999e-006	-8.02732	183.492
		*TM_POS 7.99999e-006	-8.02732	183.492
		*TM_ROTAXIS 0.65927	-0.361563	0.659268
		*TM_ROTANGLE 2.44772
		*TM_SCALE 1	1	1
		*TM_SCALEAXIS 0	0	0
		*TM_SCALEAXISANG 0	0	0
	}
}
*HELPEROBJECT {
	*NODE_NAME "Bip01 Neck2"
	*NODE_PARENT "Bip01 Neck1"
	*NODE_TM {
		*NODE_NAME "Bip01 Neck2"
		*TM_ROW0 1.90735e-006	-0.934839	0.355071
		*TM_ROW1 -2.05636e-006	-0.355071	-0.934839
		*TM_ROW2 1	9.53675e-007	-2.44379e-006
		*TM_ROW3 1.8e-005	-14.3278	187.515
		*TM_POS 1.8e-005	-14.3278	187.515
		*TM_ROTAXIS 0.635522	-0.438435	0.63552
		*TM_ROTANGLE 2.3152
		*TM_SCALE 1	1	1
		*TM_SCALEAXIS 0	0	0
		*TM_SCALEAXISANG 0	0	0
	}
}
*HELPEROBJECT {
	*NODE_NAME "Bip01 Head"
	*NODE_PARENT "Bip01 Neck2"
	*NODE_TM {
		*NODE_NAME "Bip01 Head"
		*TM_ROW0 -1.1921e-007	-0.216439	0.976296
		*TM_ROW1 -2.12342e-006	-0.976296	-0.216439
		*TM_ROW2 1	-2.12342e-006	-1.19209e-007
		*TM_ROW3 2.80001e-005	-21.315	190.169
		*TM_POS 2.80001e-005	-21.315	190.169
		*TM_ROTAXIS -0.704996	0.0772101	-0.704996
		*TM_ROTANGLE 3.2957
		*TM_SCALE 1	1	1
		*TM_SCALEAXIS 0	0	0
		*TM_SCALEAXISANG 0	0	0
	}
}
*HELPEROBJECT {
	*NODE_NAME "Bip01 R Clavicle"
	*NODE_PARENT "Bip01 Neck"
	*NODE_TM {
		*NODE_NAME "Bip01 R Clavicle"
		*TM_ROW0 -0.930679	-0.0635278	-0.36028
		*TM_ROW1 -7.37608e-007	0.984808	-0.173649
		*TM_ROW2 0.365838	-0.161611	-0.916539
		*TM_ROW3 -20.767	-1.85468	184.641
		*TM_POS -20.767	-1.85468	184.641
		*TM_ROTAXIS -0.016513	0.996059	-0.087144
		*TM_ROTANGLE 3.51468
		*TM_SCALE 1	1	1
		*TM_SCALEAXIS 0	0	0
		*TM_SCALEAXISANG 0	0	0
	}
}
*HELPEROBJECT {
	*NODE_NAME "Bip01 R UpperArm"
	*NODE_PARENT "Bip01 R Clavicle"
	*NODE_TM {
		*NODE_NAME "Bip01 R UpperArm"
		*TM_ROW0 -0.226576	0.326402	-0.917674
		*TM_ROW1 0.110598	0.944705	0.30871
		*TM_ROW2 0.967694	-0.0315468	-0.250147
		*TM_ROW3 -38.1611	-3.042	177.907
		*TM_POS -38.1611	-3.042	177.907
		*TM_ROTAXIS -0.176487	-0.977918	-0.111935
		*TM_ROTANGLE 1.84005
		*TM_SCALE 1	1	1
		*TM_SCALEAXIS 0	0	0
		*TM_SCALEAXISANG 0	0	0
	}
}
*HELPEROBJECT {
	*NODE_NAME "Bip01 R Forearm"
	*NODE_PARENT "Bip01 R UpperArm"
	*NODE_TM {
		*NODE_NAME "Bip01 R Forearm"
		*TM_ROW0 -0.227626	-0.535956	-0.812981
		*TM_ROW1 -0.10842	0.843657	-0.525823
		*TM_ROW2 0.967694	-0.0315472	-0.250146
		*TM_ROW3 -48.2433	11.4822	137.073
		*TM_POS -48.2433	11.4822	137.073
		*TM_ROTAXIS 0.260582	-0.938772	0.225397
		*TM_ROTANGLE 1.89342
		*TM_SCALE 1	1	1
		*TM_SCALEAXIS 0	0	0
		*TM_SCALEAXISANG 0	0	0
	}
}
*HELPEROBJECT {
	*NODE_NAME "Bip01 R Hand"
	*NODE_PARENT "Bip01 R Forearm"
	*NODE_TM {
		*NODE_NAME "Bip01 R Hand"
		*TM_ROW0 -0.227626	-0.535955	-0.812981
		*TM_ROW1 0.967607	-0.0308752	-0.250566
		*TM_ROW2 0.109191	-0.843682	0.525622
		*TM_ROW3 -59.4585	-14.9245	97.0171
		*TM_POS -59.4585	-14.9245	97.0171
		*TM_ROTAXIS -0.318728	-0.495556	0.807983
		*TM_ROTANGLE 1.94598
		*TM_SCALE 1	1	1
		*TM_SCALEAXIS 0	0	0
		*TM_SCALEAXISANG 0	0	0
	}
}
*HELPEROBJECT {
	*NODE_NAME "Bip01 R Finger0"
	*NODE_PARENT "Bip01 R Hand"
	*NODE_TM {
		*NODE_NAME "Bip01 R Finger0"
		*TM_ROW0 -0.227626	-0.535955	-0.812981
		*TM_ROW1 0.967694	-0.0315475	-0.250146
		*TM_ROW2 0.10842	-0.843657	0.525821
		*TM_ROW3 -63.9724	-32.6734	67.1956
		*TM_POS -63.9724	-32.6734	67.1956
		*TM_ROTAXIS -0.318972	-0.495191	0.80811
		*TM_ROTANGLE 1.94623
		*TM_SCALE 1	1	1
		*TM_SCALEAXIS 0	0	0
		*TM_SCALEAXISANG 0	0	0
	}
}
*HELPEROBJECT {
	*NODE_NAME "ZS_RIGHTHAND"
	*NODE_PARENT "Bip01 R Hand"
	*NODE_TM {
		*NODE_NAME "ZS_RIGHTHAND"
		*TM_ROW0 -0.0919255	0.847042	-0.523517
		*TM_ROW1 0.0985439	0.530901	0.841685
		*TM_ROW2 0.990878	0.0257829	-0.132274
		*TM_ROW3 -57.3666	-39.9319	91.4154
		*TM_POS -57.3666	-39.9319	91.4154
		*TM_ROTAXIS -0.434918	-0.807251	-0.398988
		*TM_ROTANGLE 1.92479
		*TM_SCALE 1	1	1
		*TM_SCALEAXIS 0	0	0
		*TM_SCALEAXISANG 0	0	0
	}
}
*HELPEROBJECT {
	*NODE_NAME "Bip01 L Clavicle"
	*NODE_PARENT "Bip01 Neck"
	*NODE_TM {
		*NODE_NAME "Bip01 L Clavicle"
		*TM_ROW0 0.930678	-0.0635258	-0.36028
		*TM_ROW1 -1.46404e-006	0.984808	-0.173648
		*TM_ROW2 0.365838	0.161611	0.916539
		*TM_ROW3 20.767	-1.85461	184.641
		*TM_POS 20.767	-1.85461	184.641
		*TM_ROTAXIS 0.417874	-0.905048	0.079178
		*TM_ROTANGLE 0.412771
		*TM_SCALE 1	1	1
		*TM_SCALEAXIS 0	0	0
		*TM_SCALEAXISANG 0	0	0
	}
}
*HELPEROBJECT {
	*NODE_NAME "Bip01 L UpperArm"
	*NODE_PARENT "Bip01 L Clavicle"
	*NODE_TM {
		*NODE_NAME "Bip01 L UpperArm"
		*TM_ROW0 0.226575	0.326403	-0.917674
		*TM_ROW1 -0.110602	0.944704	0.308709
		*TM_ROW2 0.967694	0.0315509	0.250147
		*TM_ROW3 38.1611	-3.04189	177.907
		*TM_POS 38.1611	-3.04189	177.907
		*TM_ROTAXIS -0.141762	-0.964335	-0.223521
		*TM_ROTANGLE 1.35849
		*TM_SCALE 1	1	1
		*TM_SCALEAXIS 0	0	0
		*TM_SCALEAXISANG 0	0	0
	}
}
*HELPEROBJECT {
	*NODE_NAME "Bip01 L Forearm"
	*NODE_PARENT "Bip01 L UpperArm"
	*NODE_TM {
		*NODE_NAME "Bip01 L Forearm"
		*TM_ROW0 0.240525	-0.41305	-0.878372
		*TM_ROW1 0.07561	0.910162	-0.407295
		*TM_ROW2 0.967694	0.0315509	0.250147
		*TM_ROW3 48.2432	11.4823	137.073
		*TM_POS 48.2432	11.4823	137.073
		*TM_ROTAXIS 0.223967	-0.942148	0.24939
		*TM_ROTANGLE 1.36901
		*TM_SCALE 1	1	1
		*TM_SCALEAXIS 0	0	0
		*TM_SCALEAXISANG 0	0	0
	}
}
*HELPEROBJECT {
	*NODE_NAME "Bip01 L Hand"
	*NODE_PARENT "Bip01 L Forearm"
	*NODE_TM {
		*NODE_NAME "Bip01 L Hand"
		*TM_ROW0 0.240523	-0.41305	-0.878372
		*TM_ROW1 -0.967634	-0.0308247	-0.25047
		*TM_ROW2 0.0763812	0.910187	-0.407095
		*TM_ROW3 60.0939	-8.86877	93.7952
		*TM_POS 60.0939	-8.86877	93.7952
		*TM_ROTAXIS 0.724528	-0.595995	-0.346193
		*TM_ROTANGLE 2.21267
		*TM_SCALE 1	1	1
		*TM_SCALEAXIS 0	0	0
		*TM_SCALEAXISANG 0	0	0
	}
}
*HELPEROBJECT {
	*NODE_NAME "Bip01 L Finger0"
	*NODE_PARENT "Bip01 L Hand"
	*NODE_TM {
		*NODE_NAME "Bip01 L Finger0"
		*TM_ROW0 0.240524	-0.41305	-0.878372
		*TM_ROW1 -0.967694	-0.0315497	-0.250147
		*TM_ROW2 0.0756107	0.910162	-0.407294
		*TM_ROW3 65.0173	-22.263	61.8409
		*TM_POS 65.0173	-22.263	61.8409
		*TM_ROTAXIS 0.724623	-0.595771	-0.34638
		*TM_ROTANGLE 2.21325
		*TM_SCALE 1	1	1
		*TM_SCALEAXIS 0	0	0
		*TM_SCALEAXISANG 0	0	0
	}
}
*HELPEROBJECT {
	*NODE_NAME "ZS_LEFTHAND"
	*NODE_PARENT "Bip01 L Hand"
	*NODE_TM {
		*NODE_NAME "ZS_LEFTHAND"
		*TM_ROW0 -0.0590281	-0.912622	0.404521
		*TM_ROW1 0.111153	-0.408716	-0.905867
		*TM_ROW2 0.992049	-0.00850807	0.125566
		*TM_ROW3 59.611	-32.9569	84.9709
		*TM_POS 59.611	-32.9569	84.9709
		*TM_ROTAXIS -0.605198	0.396241	-0.690455
		*TM_ROTANGLE 3.97671
		*TM_SCALE 1	1	1
		*TM_SCALEAXIS 0	0	0
		*TM_SCALEAXISANG 0	0	0
	}
}
*HELPEROBJECT {
	*NODE_NAME "ZS_CROSSBOW"
	*NODE_PARENT "Bip01 Spine3"
	*NODE_TM {
		*NODE_NAME "ZS_CROSSBOW"
		*TM_ROW0 -0.405534	-0.0900488	-0.909634
		*TM_ROW1 0.862856	0.290741	-0.413461
		*TM_ROW2 0.301699	-0.952555	-0.0402061
		*TM_ROW3 -22.0241	17.4491	156.732
		*TM_POS -22.0241	17.4491	156.732
		*TM_ROTAXIS 0.330169	0.741883	-0.583608
		*TM_ROTANGLE 4.09673
		*TM_SCALE 1	1	1
		*TM_SCALEAXIS 0	0	0
		*TM_SCALEAXISANG 0	0	0
	}
}
*HELPEROBJECT {
	*NODE_NAME "Bip01 L Thigh"
	*NODE_PARENT "Bip01 Spine"
	*NODE_TM {
		*NODE_NAME "Bip01 L Thigh"
		*TM_ROW0 0.053579	-0.575272	-0.816206
		*TM_ROW1 -0.0377807	-0.817963	0.57403
		*TM_ROW2 -0.997849	8.09121e-005	-0.0655597
		*TM_ROW3 18.9348	6.04516e-005	100.39
		*TM_POS 18.9348	6.04516e-005	100.39
		*TM_ROTAXIS 0.711181	-0.225074	-0.666006
		*TM_ROTANGLE 3.55695
		*TM_SCALE 1	1	1
		*TM_SCALEAXIS 0	0	0
		*TM_SCALEAXISANG 0	0	0
	}
}
*HELPEROBJECT {
	*NODE_NAME "Bip01 L Calf"
	*NODE_PARENT "Bip01 L Thigh"
	*NODE_TM {
		*NODE_NAME "Bip01 L Calf"
		*TM_ROW0 0.0442902	0.738124	-0.67321
		*TM_ROW1 0.0483363	-0.674665	-0.73654
		*TM_ROW2 -0.997849	8.10328e-005	-0.0655593
		*TM_ROW3 21.1926	-24.2423	65.9946
		*TM_POS 21.1926	-24.2423	65.9946
		*TM_ROTAXIS 0.694861	0.306235	-0.650683
		*TM_ROTANGLE 2.58293
		*TM_SCALE 1	1	1
		*TM_SCALEAXIS 0	0	0
		*TM_SCALEAXISANG 0	0	0
	}
}
*HELPEROBJECT {
	*NODE_NAME "Bip01 L HorseLink"
	*NODE_PARENT "Bip01 L Calf"
	*NODE_TM {
		*NODE_NAME "Bip01 L HorseLink"
		*TM_ROW0 0.0655604	0.00141326	-0.997848
		*TM_ROW1 1.15718e-005	-0.999999	-0.00141548
		*TM_ROW2 -0.997849	8.1244e-005	-0.06556
		*TM_ROW3 22.6569	0.160504	43.7379
		*TM_POS 22.6569	0.160504	43.7379
		*TM_ROTAXIS 0.729918	0.00048801	-0.683535
		*TM_ROTANGLE 3.14057
		*TM_SCALE 1	1	1
		*TM_SCALEAXIS 0	0	0
		*TM_SCALEAXISANG 0	0	0
	}
}
*HELPEROBJECT {
	*NODE_NAME "Bip01 L Foot"
	*NODE_PARENT "Bip01 L HorseLink"
	*NODE_TM {
		*NODE_NAME "Bip01 L Foot"
		*TM_ROW0 -1.15149e-006	-1.43094e-006	-1
		*TM_ROW1 0.17365	-0.984807	1.25858e-006
		*TM_ROW2 -0.984807	-0.17365	1.57511e-006
		*TM_ROW3 24.2903	0.195716	18.8773
		*TM_POS 24.2903	0.195716	18.8773
		*TM_ROTAXIS 0.705757	0.061746	-0.705758
		*TM_ROTANGLE 3.26493
		*TM_SCALE 1	1	1
		*TM_SCALEAXIS 0	0	0
		*TM_SCALEAXISANG 0	0	0
	}
}
*HELPEROBJECT {
	*NODE_NAME "Bip01 L Toe0"
	*NODE_PARENT "Bip01 L Foot"
	*NODE_TM {
		*NODE_NAME "Bip01 L Toe0"
		*TM_ROW0 0.17365	-0.984807	8.26451e-007
		*TM_ROW1 8.23665e-007	9.46649e-007	1
		*TM_ROW2 -0.984808	-0.17365	1.00887e-006
		*TM_ROW3 30.6862	-36.0772	0.3113
		*TM_POS 30.6862	-36.0772	0.3113
		*TM_ROTAXIS -0.644401	0.540716	0.540716
		*TM_ROTANGLE 1.99673
		*TM_SCALE 1	1	1
		*TM_SCALEAXIS 0	0	0
		*TM_SCALEAXISANG 0	0	0
	}
}
*HELPEROBJECT {
	*NODE_NAME "Bip01 R Thigh"
	*NODE_PARENT "Bip01 Spine"
	*NODE_TM {
		*NODE_NAME "Bip01 R Thigh"
		*TM_ROW0 -0.0535765	-0.575272	-0.816206
		*TM_ROW1 0.0377831	-0.817962	0.57403
		*TM_ROW2 -0.997849	-8.41892e-005	0.0655594
		*TM_ROW3 -18.9348	6.04389e-006	100.39
		*TM_POS -18.9348	6.04389e-006	100.39
		*TM_ROTAXIS 0.6681	-0.211379	-0.713416
		*TM_ROTANGLE 3.58571
		*TM_SCALE 1	1	1
		*TM_SCALEAXIS 0	0	0
		*TM_SCALEAXISANG 0	0	0
	}
}
*HELPEROBJECT {
	*NODE_NAME "Bip01 R Calf"
	*NODE_PARENT "Bip01 R Thigh"
	*NODE_TM {
		*NODE_NAME "Bip01 R Calf"
		*TM_ROW0 -0.0442933	0.738124	-0.67321
		*TM_ROW1 -0.0483345	-0.674665	-0.73654
		*TM_ROW2 -0.997849	-8.4541e-005	0.06556
		*TM_ROW3 -21.1925	-24.2423	65.9946
		*TM_POS -21.1925	-24.2423	65.9946
		*TM_ROTAXIS 0.654459	0.288494	-0.698895
		*TM_ROTANGLE 2.54401
		*TM_SCALE 1	1	1
		*TM_SCALEAXIS 0	0	0
		*TM_SCALEAXISANG 0	0	0
	}
}
*HELPEROBJECT {
	*NODE_NAME "Bip01 R HorseLink"
	*NODE_PARENT "Bip01 R Calf"
	*NODE_TM {
		*NODE_NAME "Bip01 R HorseLink"
		*TM_ROW0 -0.0655601	0.00141258	-0.997848
		*TM_ROW1 -7.29476e-006	-0.999999	-0.00141515
		*TM_ROW2 -0.997849	-8.54982e-005	0.0655603
		*TM_ROW3 -22.6569	0.160446	43.7379
		*TM_POS -22.6569	0.160446	43.7379
		*TM_ROTAXIS 0.683535	0.000513978	-0.729918
		*TM_ROTANGLE 3.14062
		*TM_SCALE 1	1	1
		*TM_SCALEAXIS 0	0	0
		*TM_SCALEAXISANG 0	0	0
	}
}
*HELPEROBJECT {
	*NODE_NAME "Bip01 R Foot"
	*NODE_PARENT "Bip01 R HorseLink"
	*NODE_TM {
		*NODE_NAME "Bip01 R Foot"
		*TM_ROW0 -6.60007e-008	-1.2867e-006	-1
		*TM_ROW1 -0.173647	-0.984808	1.27949e-006
		*TM_ROW2 -0.984808	0.173647	-7.77815e-008
		*TM_ROW3 -24.2903	0.19563	18.8773
		*TM_POS -24.2903	0.19563	18.8773
		*TM_ROTAXIS 0.705758	-0.061746	-0.705757
		*TM_ROTANGLE 3.01826
		*TM_SCALE 1	1	1
		*TM_SCALEAXIS 0	0	0
		*TM_SCALEAXISANG 0	0	0
	}
}
*HELPEROBJECT {
	*NODE_NAME "Bip01 R Toe0"
	*NODE_PARENT "Bip01 R Foot"
	*NODE_TM {
		*NODE_NAME "Bip01 R Toe0"
		*TM_ROW0 -0.173647	-0.984808	1.12303e-006
		*TM_ROW1 -4.70441e-007	1.42826e-006	1
		*TM_ROW2 -0.984808	0.173647	-4.95014e-007
		*TM_ROW3 -30.6861	-36.0773	0.311313
		*TM_POS -30.6861	-36.0773	0.311313
		*TM_ROTAXIS -0.510274	0.608121	0.60812
		*TM_ROTANGLE 2.19793
		*TM_SCALE 1	1	1
		*TM_SCALEAXIS 0	0	0
		*TM_SCALEAXISANG 0	0	0
	}
}
*HELPEROBJECT {
	*NODE_NAME "ZS_SWORD"
	*NODE_PARENT "Bip01 Spine"
	*NODE_TM {
		*NODE_NAME "ZS_SWORD"
		*TM_ROW0 -0.103765	-0.493366	0.863611
		*TM_ROW1 0.0576065	-0.869821	-0.489992
		*TM_ROW2 0.992932	-0.00109431	0.118678
		*TM_ROW3 29.1669	-4.3507	116.705
		*TM_POS 29.1669	-4.3507	116.705
		*TM_ROTAXIS -0.653717	0.172919	-0.736718
		*TM_ROTANGLE 3.52484
		*TM_SCALE 1	1	1
		*TM_SCALEAXIS 0	0	0
		*TM_SCALEAXISANG 0	0	0
	}
}
*HELPEROBJECT {
	*NODE_NAME "ZS_LONGSWORD"
	*NODE_PARENT "Bip01 Spine"
	*NODE_TM {
		*NODE_NAME "ZS_LONGSWORD"
		*TM_ROW0 -0.103765	-0.493366	0.863611
		*TM_ROW1 0.0576065	-0.869821	-0.489992
		*TM_ROW2 0.992932	-0.00109431	0.118678
		*TM_ROW3 29.1669	-4.3507	116.705
		*TM_POS 29.1669	-4.3507	116.705
		*TM_ROTAXIS -0.653717	0.172919	-0.736718
		*TM_ROTANGLE 3.52484
		*TM_SCALE 1	1	1
		*TM_SCALEAXIS 0	0	0
		*TM_SCALEAXISANG 0	0	0
	}
}
*HELPEROBJECT {
	*NODE_NAME "Dummy"
	*NODE_PARENT "Bip01 Head"
	*NODE_TM {
		*NODE_NAME "Dummy"
		*TM_ROW0 -1	-0	0
		*TM_ROW1 -0	-1	0
		*TM_ROW2 -0	-0	1
		*TM_ROW3 3.30001e-005	-24.8086	191.496
		*TM_POS 3.30001e-005	-24.8086	191.496
		*TM_ROTAXIS 0	0	-1
		*TM_ROTANGLE 3.14159
		*TM_SCALE 1	1	1
		*TM_SCALEAXIS 0	0	0
		*TM_SCALEAXISANG 0	0	0
	}
}
*HELPEROBJECT {
	*NODE_NAME "Dummy1"
	*NODE_PARENT "Bip01 R Finger0"
	*NODE_TM {
		*NODE_NAME "Dummy1"
		*TM_ROW0 -1	-0	0
		*TM_ROW1 -0	-1	0
		*TM_ROW2 -0	-0	1
		*TM_ROW3 -66.2294	-41.5479	52.2849
		*TM_POS -66.2294	-41.5479	52.2849
		*TM_ROTAXIS 0	0	-1
		*TM_ROTANGLE 3.14159
		*TM_SCALE 1	1	1
		*TM_SCALEAXIS 0	0	0
		*TM_SCALEAXISANG 0	0	0
	}
}
*HELPEROBJECT {
	*NODE_NAME "Dummy2"
	*NODE_PARENT "Bip01 L Finger0"
	*NODE_TM {
		*NODE_NAME "Dummy2"
		*TM_ROW0 -1	-0	0
		*TM_ROW1 -0	-1	0
		*TM_ROW2 -0	-0	1
		*TM_ROW3 67.479	-28.9601	45.8638
		*TM_POS 67.479	-28.9601	45.8638
		*TM_ROTAXIS 0	0	-1
		*TM_ROTANGLE 3.14159
		*TM_SCALE 1	1	1
		*TM_SCALEAXIS 0	0	0
		*TM_SCALEAXISANG 0	0	0
	}
}
*HELPEROBJECT {
	*NODE_NAME "Dummy3"
	*NODE_PARENT "Bip01 L Toe0"
	*NODE_TM {
		*NODE_NAME "Dummy3"
		*TM_ROW0 -1	-0	0
		*TM_ROW1 -0	-1	0
		*TM_ROW2 -0	-0	1
		*TM_ROW3 33.8842	-54.2137	-8.97171
		*TM_POS 33.8842	-54.2137	-8.97171
		*TM_ROTAXIS 0	0	-1
		*TM_ROTANGLE 3.14159
		*TM_SCALE 1	1	1
		*TM_SCALEAXIS 0	0	0
		*TM_SCALEAXISANG 0	0	0
	}
}
*HELPEROBJECT {
	*NODE_NAME "Dummy4"
	*NODE_PARENT "Bip01 R Toe0"
	*NODE_TM {
		*NODE_NAME "Dummy4"
		*TM_ROW0 -1	-0	0
		*TM_ROW1 -0	-1	0
		*TM_ROW2 -0	-0	1
		*TM_ROW3 -33.8841	-54.2138	-8.9717
		*TM_POS -33.8841	-54.2138	-8.9717
		*TM_ROTAXIS 0	0	-1
		*TM_ROTANGLE 3.14159
		*TM_SCALE 1	1	1
		*TM_SCALEAXIS 0	0	0
		*TM_SCALEAXISANG 0	0	0
	}
}
*GEOMOBJECT {
	*NODE_NAME "zm_Skin"
	*NODE_PARENT "Bip01"
	*NODE_TM {
		*NODE_NAME "zm_Skin"
		*TM_ROW0 -1	-0	0
		*TM_ROW1 -0	-1	0
		*TM_ROW2 -0	-0	1
		*TM_ROW3 -0	-0	0
		*TM_POS -0	-0	0
		*TM_ROTAXIS 0	0	-1
		*TM_ROTANGLE 3.14159
		*TM_SCALE 1	1	1
		*TM_SCALEAXIS 0	0	0
		*TM_SCALEAXISANG 0	0	0
	}
	*MATERIAL_REF 0
	*MESH_SOFTSKIN {
		*TIMEVALUE 0
		*MESH_NUMVERTEX 46
		*MESH_NUMFACES 54
		*MESH_VERTEX_LIST {
			*MESH_VERTEX 0	67.7774	-15.426	170.533
			*MESH_VERTEX 1	21.465	-30.7107	176.455
			*MESH_VERTEX 2	25.5489	9.06555	203.126
			*MESH_VERTEX 3	-67.7774	-15.426	170.533
			*MESH_VERTEX 4	-21.4651	-30.7102	176.455
			*MESH_VERTEX 5	-25.5489	9.06538	203.126
			*MESH_VERTEX 6	63.5832	16.3405	174.995
			*MESH_VERTEX 7	-63.5832	16.3405	174.995
			*MESH_VERTEX 8	17.8945	18.2774	183.506
			*MESH_VERTEX 9	-17.8976	18.272	183.531
			*MESH_VERTEX 10	35.0662	-1.93588	198.72
			*MESH_VERTEX 11	51.0872	-1.26052	210.119
			*MESH_VERTEX 12	47.4551	5.47568	190.631
			*MESH_VERTEX 13	-35.0662	-1.9359	198.72
			*MESH_VERTEX 14	-51.0869	-1.26055	210.118
			*MESH_VERTEX 15	-47.4549	5.47556	190.631
			*MESH_VERTEX 16	33.2114	-23.6934	187.277
			*MESH_VERTEX 17	40.0331	-33.985	189.674
			*MESH_VERTEX 18	42.9315	-20.511	189.754
			*MESH_VERTEX 19	-33.2114	-23.6931	187.277
			*MESH_VERTEX 20	-40.033	-33.9845	189.674
			*MESH_VERTEX 21	-42.9314	-20.5107	189.753
			*MESH_VERTEX 22	43.5613	13.5365	190.235
			*MESH_VERTEX 23	39.5096	25.7091	191.089
			*MESH_VERTEX 24	39.1196	17.8185	182.249
			*MESH_VERTEX 25	-43.5612	13.5362	190.235
			*MESH_VERTEX 26	-39.5095	25.7086	191.089
			*MESH_VERTEX 27	-39.1196	17.8183	182.249
			*MESH_VERTEX 28	45.8681	-9.55202	192.862
			*MESH_VERTEX 29	-45.868	-9.55192	192.862
			*MESH_VERTEX 30	28.0877	-18.4889	205.505
			*MESH_VERTEX 31	-28.0876	-18.4887	205.505
			*MESH_VERTEX 32	-33.8862	14.8822	189.997
			*MESH_VERTEX 33	33.8862	14.8824	189.997
			*MESH_VERTEX 34	40.4418	-24.2275	180.806
			*MESH_VERTEX 35	-40.4418	-24.2272	180.806
			*MESH_VERTEX 36	33.2906	-4.67589	191.149
			*MESH_VERTEX 37	-33.2905	-4.67586	191.148
			*MESH_VERTEX 38	55.006	-18.1517	187.803
			*MESH_VERTEX 39	-55.0058	-18.1515	187.802
			*MESH_VERTEX 40	-33.9306	21.2929	174.488
			*MESH_VERTEX 41	33.9305	21.293	174.488
			*MESH_VERTEX 42	47.5228	13.601	190.43
			*MESH_VERTEX 43	-47.5228	13.6008	190.43
			*MESH_VERTEX 44	-32.6821	-30.2075	169.329
			*MESH_VERTEX 45	32.682	-30.2079	169.329
		}
		*MESH_FACE_LIST {
			*MESH_FACE    0:    A:    10 B:    11 C:    12 AB:    1 BC:    1 CA:    1	 *MESH_SMOOTHING 1 	*MESH_MTLID 0
			*MESH_FACE    1:    A:    12 B:    11 C:    28 AB:    1 BC:    1 CA:    1	 *MESH_SMOOTHING 1 	*MESH_MTLID 0
			*MESH_FACE    2:    A:    14 B:    13 C:    15 AB:    1 BC:    1 CA:    1	 *MESH_SMOOTHING 1 	*MESH_MTLID 0
			*MESH_FACE    3:    A:    14 B:    15 C:    29 AB:    1 BC:    1 CA:    1	 *MESH_SMOOTHING 1 	*MESH_MTLID 0
			*MESH_FACE    4:    A:    16 B:    17 C:    18 AB:    1 BC:    1 CA:    1	 *MESH_SMOOTHING 1 	*MESH_MTLID 0
			*MESH_FACE    5:    A:    18 B:    17 C:    34 AB:    1 BC:    1 CA:    1	 *MESH_SMOOTHING 1 	*MESH_MTLID 0
			*MESH_FACE    6:    A:    20 B:    19 C:    21 AB:    1 BC:    1 CA:    1	 *MESH_SMOOTHING 1 	*MESH_MTLID 0
			*MESH_FACE    7:    A:    20 B:    21 C:    35 AB:    1 BC:    1 CA:    1	 *MESH_SMOOTHING 1 	*MESH_MTLID 0
			*MESH_FACE    8:    A:    33 B:    23 C:    24 AB:    1 BC:    1 CA:    1	 *MESH_SMOOTHING 1 	*MESH_MTLID 0
			*MESH_FACE    9:    A:    24 B:    23 C:    22 AB:    1 BC:    1 CA:    1	 *MESH_SMOOTHING 1 	*MESH_MTLID 0
			*MESH_FACE    10:    A:    26 B:    32 C:    27 AB:    1 BC:    1 CA:    1	 *MESH_SMOOTHING 1 	*MESH_MTLID 0
			*MESH_FACE    11:    A:    26 B:    27 C:    25 AB:    1 BC:    1 CA:    1	 *MESH_SMOOTHING 1 	*MESH_MTLID 0
			*MESH_FACE    12:    A:    28 B:    11 C:    10 AB:    1 BC:    1 CA:    1	 *MESH_SMOOTHING 1 	*MESH_MTLID 0
			*MESH_FACE    13:    A:    14 B:    29 C:    13 AB:    1 BC:    1 CA:    1	 *MESH_SMOOTHING 1 	*MESH_MTLID 0
			*MESH_FACE    14:    A:    26 B:    25 C:    32 AB:    1 BC:    1 CA:    1	 *MESH_SMOOTHING 1 	*MESH_MTLID 0
			*MESH_FACE    15:    A:    22 B:    23 C:    33 AB:    1 BC:    1 CA:    1	 *MESH_SMOOTHING 1 	*MESH_MTLID 0
			*MESH_FACE    16:    A:    34 B:    17 C:    16 AB:    1 BC:    1 CA:    1	 *MESH_SMOOTHING 1 	*MESH_MTLID 0
			*MESH_FACE    17:    A:    20 B:    35 C:    19 AB:    1 BC:    1 CA:    1	 *MESH_SMOOTHING 1 	*MESH_MTLID 0
			*MESH_FACE    18:    A:    1 B:    38 C:    30 AB:    1 BC:    1 CA:    1	 *MESH_SMOOTHING 1 	*MESH_MTLID 1
			*MESH_FACE    19:    A:    39 B:    4 C:    31 AB:    1 BC:    1 CA:    1	 *MESH_SMOOTHING 1 	*MESH_MTLID 1
			*MESH_FACE    20:    A:    42 B:    30 C:    38 AB:    1 BC:    1 CA:    1	 *MESH_SMOOTHING 1 	*MESH_MTLID 1
			*MESH_FACE    21:    A:    31 B:    43 C:    39 AB:    1 BC:    1 CA:    1	 *MESH_SMOOTHING 1 	*MESH_MTLID 1
			*MESH_FACE    22:    A:    42 B:    8 C:    2 AB:    1 BC:    1 CA:    1	 *MESH_SMOOTHING 1 	*MESH_MTLID 1
			*MESH_FACE    23:    A:    9 B:    43 C:    5 AB:    1 BC:    1 CA:    1	 *MESH_SMOOTHING 1 	*MESH_MTLID 1
			*MESH_FACE    24:    A:    30 B:    42 C:    2 AB:    1 BC:    1 CA:    1	 *MESH_SMOOTHING 1 	*MESH_MTLID 1
			*MESH_FACE    25:    A:    43 B:    31 C:    5 AB:    1 BC:    1 CA:    1	 *MESH_SMOOTHING 1 	*MESH_MTLID 1
			*MESH_FACE    26:    A:    45 B:    0 C:    38 AB:    1 BC:    1 CA:    1	 *MESH_SMOOTHING 1 	*MESH_MTLID 1
			*MESH_FACE    27:    A:    6 B:    38 C:    0 AB:    1 BC:    1 CA:    1	 *MESH_SMOOTHING 1 	*MESH_MTLID 1
			*MESH_FACE    28:    A:    3 B:    44 C:    39 AB:    1 BC:    1 CA:    1	 *MESH_SMOOTHING 1 	*MESH_MTLID 1
			*MESH_FACE    29:    A:    39 B:    7 C:    3 AB:    1 BC:    1 CA:    1	 *MESH_SMOOTHING 1 	*MESH_MTLID 1
			*MESH_FACE    30:    A:    43 B:    9 C:    40 AB:    1 BC:    1 CA:    1	 *MESH_SMOOTHING 1 	*MESH_MTLID 1
			*MESH_FACE    31:    A:    8 B:    42 C:    41 AB:    1 BC:    1 CA:    1	 *MESH_SMOOTHING 1 	*MESH_MTLID 1
			*MESH_FACE    32:    A:    6 B:    41 C:    42 AB:    1 BC:    1 CA:    1	 *MESH_SMOOTHING 1 	*MESH_MTLID 1
			*MESH_FACE    33:    A:    38 B:    6 C:    42 AB:    1 BC:    1 CA:    1	 *MESH_SMOOTHING 1 	*MESH_MTLID 1
			*MESH_FACE    34:    A:    40 B:    7 C:    43 AB:    1 BC:    1 CA:    1	 *MESH_SMOOTHING 1 	*MESH_MTLID 1
			*MESH_FACE    35:    A:    7 B:    39 C:    43 AB:    1 BC:    1 CA:    1	 *MESH_SMOOTHING 1 	*MESH_MTLID 1
			*MESH_FACE    36:    A:    4 B:    39 C:    44 AB:    1 BC:    1 CA:    1	 *MESH_SMOOTHING 1 	*MESH_MTLID 1
			*MESH_FACE    37:    A:    38 B:    1 C:    45 AB:    1 BC:    1 CA:    1	 *MESH_SMOOTHING 1 	*MESH_MTLID 1
			*MESH_FACE    38:    A:    45 B:    36 C:    0 AB:    1 BC:    1 CA:    1	 *MESH_SMOOTHING 1 	*MESH_MTLID 2
			*MESH_FACE    39:    A:    37 B:    44 C:    3 AB:    1 BC:    1 CA:    1	 *MESH_SMOOTHING 1 	*MESH_MTLID 2
			*MESH_FACE    40:    A:    36 B:    6 C:    0 AB:    1 BC:    1 CA:    1	 *MESH_SMOOTHING 1 	*MESH_MTLID 2
			*MESH_FACE    41:    A:    7 B:    37 C:    3 AB:    1 BC:    1 CA:    1	 *MESH_SMOOTHING 1 	*MESH_MTLID 2
			*MESH_FACE    42:    A:    36 B:    41 C:    6 AB:    1 BC:    1 CA:    1	 *MESH_SMOOTHING 1 	*MESH_MTLID 2
			*MESH_FACE    43:    A:    40 B:    37 C:    7 AB:    1 BC:    1 CA:    1	 *MESH_SMOOTHING 1 	*MESH_MTLID 2
			*MESH_FACE    44:    A:    30 B:    36 C:    1 AB:    1 BC:    1 CA:    1	 *MESH_SMOOTHING 1 	*MESH_MTLID 2
			*MESH_FACE    45:    A:    37 B:    31 C:    4 AB:    1 BC:    1 CA:    1	 *MESH_SMOOTHING 1 	*MESH_MTLID 2
			*MESH_FACE    46:    A:    2 B:    8 C:    36 AB:    1 BC:    1 CA:    1	 *MESH_SMOOTHING 1 	*MESH_MTLID 2
			*MESH_FACE    47:    A:    30 B:    2 C:    36 AB:    1 BC:    1 CA:    1	 *MESH_SMOOTHING 1 	*MESH_MTLID 2
			*MESH_FACE    48:    A:    9 B:    5 C:    37 AB:    1 BC:    1 CA:    1	 *MESH_SMOOTHING 1 	*MESH_MTLID 2
			*MESH_FACE    49:    A:    5 B:    31 C:    37 AB:    1 BC:    1 CA:    1	 *MESH_SMOOTHING 1 	*MESH_MTLID 2
			*MESH_FACE    50:    A:    40 B:    9 C:    37 AB:    1 BC:    1 CA:    1	 *MESH_SMOOTHING 1 	*MESH_MTLID 2
			*MESH_FACE    51:    A:    8 B:    41 C:    36 AB:    1 BC:    1 CA:    1	 *MESH_SMOOTHING 1 	*MESH_MTLID 2
			*MESH_FACE    52:    A:    37 B:    4 C:    44 AB:    1 BC:    1 CA:    1	 *MESH_SMOOTHING 1 	*MESH_MTLID 2
			*MESH_FACE    53:    A:    1 B:    36 C:    45 AB:    1 BC:    1 CA:    1	 *MESH_SMOOTHING 1 	*MESH_MTLID 2
		}
		*MESH_NUMTVERTEX 24
		*MESH_TVERTLIST {
			*MESH_TVERT 0	0.510178	0.886593	0
			*MESH_TVERT 1	0.484079	0.958003	0
			*MESH_TVERT 2	0.459133	0.886446	0
			*MESH_TVERT 3	0.510236	0.886649	0
			*MESH_TVERT 4	0.459213	0.886446	0
			*MESH_TVERT 5	0.067685	0.410641	0
			*MESH_TVERT 6	0.186975	0.272295	0
			*MESH_TVERT 7	0.033587	0.271151	0
			*MESH_TVERT 8	0.182491	0.135398	0
			*MESH_TVERT 9	0.045897	0.010041	0
			*MESH_TVERT 10	0.03635	0.1404	0
			*MESH_TVERT 11	0.148219	0.423317	0
			*MESH_TVERT 12	0.288275	0.279054	0
			*MESH_TVERT 13	0.306981	0.141522	0
			*MESH_TVERT 14	0.151893	0.00808501	0
			*MESH_TVERT 15	0.986201	0.368373	0
			*MESH_TVERT 16	0.881483	0.421212	0
			*MESH_TVERT 17	0.94801	0.269783	0
			*MESH_TVERT 18	0.812104	0.267858	0
			*MESH_TVERT 19	0.774099	0.365106	0
			*MESH_TVERT 20	0.936984	0.47996	0
			*MESH_TVERT 21	0.984421	0.419513	0
			*MESH_TVERT 22	0.822238	0.472514	0
			*MESH_TVERT 23	0.781009	0.435618	0
		}
		*MESH_NUMTVFACES 54
		*MESH_TFACELIST {
			*MESH_TFACE 0	0	1	2
			*MESH_TFACE 1	3	1	4
			*MESH_TFACE 2	1	0	2
			*MESH_TFACE 3	1	3	4
			*MESH_TFACE 4	0	1	2
			*MESH_TFACE 5	3	1	4
			*MESH_TFACE 6	1	0	2
			*MESH_TFACE 7	1	3	4
			*MESH_TFACE 8	0	1	2
			*MESH_TFACE 9	3	1	4
			*MESH_TFACE 10	1	0	2
			*MESH_TFACE 11	1	3	4
			*MESH_TFACE 12	4	1	0
			*MESH_TFACE 13	1	4	0
			*MESH_TFACE 14	1	4	0
			*MESH_TFACE 15	4	1	0
			*MESH_TFACE 16	4	1	0
			*MESH_TFACE 17	1	4	0
			*MESH_TFACE 18	5	6	7
			*MESH_TFACE 19	6	5	7
			*MESH_TFACE 20	8	7	6
			*MESH_TFACE 21	7	8	6
			*MESH_TFACE 22	8	9	10
			*MESH_TFACE 23	9	8	10
			*MESH_TFACE 24	7	8	10
			*MESH_TFACE 25	8	7	10
			*MESH_TFACE 26	11	12	6
			*MESH_TFACE 27	13	6	12
			*MESH_TFACE 28	12	11	6
			*MESH_TFACE 29	6	13	12
			*MESH_TFACE 30	8	9	14
			*MESH_TFACE 31	9	8	14
			*MESH_TFACE 32	13	14	8
			*MESH_TFACE 33	6	13	8
			*MESH_TFACE 34	14	13	8
			*MESH_TFACE 35	13	6	8
			*MESH_TFACE 36	5	6	11
			*MESH_TFACE 37	6	5	11
			*MESH_TFACE 38	15	16	17
			*MESH_TFACE 39	16	15	17
			*MESH_TFACE 40	16	18	17
			*MESH_TFACE 41	18	16	17
			*MESH_TFACE 42	16	19	18
			*MESH_TFACE 43	19	16	18
			*MESH_TFACE 44	20	16	21
			*MESH_TFACE 45	16	20	21
			*MESH_TFACE 46	22	23	16
			*MESH_TFACE 47	20	22	16
			*MESH_TFACE 48	23	22	16
			*MESH_TFACE 49	22	20	16
			*MESH_TFACE 50	19	23	16
			*MESH_TFACE 51	23	19	16
			*MESH_TFACE 52	16	21	15
			*MESH_TFACE 53	21	16	15
		}
	}
}
*GEOMOBJECT {
	*NODE_NAME "zm_Skin1"
	*NODE_PARENT "Bip01"
	*NODE_TM {
		*NODE_NAME "zm_Skin1"
		*TM_ROW0 -1	-0	0
		*TM_ROW1 -0	-1	0
		*TM_ROW2 -0	-0	1
		*TM_ROW3 -0	-0	0
		*TM_POS -0	-0	0
		*TM_ROTAXIS 0	0	-1
		*TM_ROTANGLE 3.14159
		*TM_SCALE 1	1	1
		*TM_SCALEAXIS 0	0	0
		*TM_SCALEAXISANG 0	0	0
	}
	*MATERIAL_REF 0
	*MESH_SOFTSKIN {
		*TIMEVALUE 0
		*MESH_NUMVERTEX 246
		*MESH_NUMFACES 456
		*MESH_VERTEX_LIST {
			*MESH_VERTEX 0	38.3876	-17.2522	167.827
			*MESH_VERTEX 1	-54.4926	-10.0914	136.179
			*MESH_VERTEX 2	15.3184	-16.9375	106.009
			*MESH_VERTEX 3	55.6127	26.651	127.916
			*MESH_VERTEX 4	0.016483	-9.90458	208.055
			*MESH_VERTEX 5	-30.9204	13.7167	173.563
			*MESH_VERTEX 6	-71.4999	-14.394	72.9168
			*MESH_VERTEX 7	-54.64	21.0982	115.008
			*MESH_VERTEX 8	71.9656	-4.67643	69.9392
			*MESH_VERTEX 9	55.2528	-9.79778	133.252
			*MESH_VERTEX 10	6.71202	-12.5079	54.2453
			*MESH_VERTEX 11	-36.5547	5.16843	1.00658
			*MESH_VERTEX 12	13.7685	17.0268	99.343
			*MESH_VERTEX 13	26.4541	-9.20694	21.1663
			*MESH_VERTEX 14	38.4636	-12.5664	56.5153
			*MESH_VERTEX 15	22.767	-40.5213	1.28092
			*MESH_VERTEX 16	10.5817	0.852463	1.80484
			*MESH_VERTEX 17	-6.68016	-12.5082	54.2442
			*MESH_VERTEX 18	-22.736	-40.5267	1.28089
			*MESH_VERTEX 19	-10.5507	0.847052	1.80483
			*MESH_VERTEX 20	-9.1531	-22.6564	1.17271
			*MESH_VERTEX 21	-11.5946	-12.8116	83.7836
			*MESH_VERTEX 22	0.016087	-22.0492	96.3808
			*MESH_VERTEX 23	-15.2862	-16.9374	106.009
			*MESH_VERTEX 24	21.6111	-39.7378	65.2702
			*MESH_VERTEX 25	11.6267	-12.8116	83.7837
			*MESH_VERTEX 26	0.016007	-19.53	73.532
			*MESH_VERTEX 27	-67.464	-2.99827	115.849
			*MESH_VERTEX 28	-87.5323	-6.01247	113.625
			*MESH_VERTEX 29	-67.6	-2.45112	100.745
			*MESH_VERTEX 30	67.8338	0.499016	114.028
			*MESH_VERTEX 31	87.9744	-1.39946	111.385
			*MESH_VERTEX 32	67.8265	3.23171	99.2032
			*MESH_VERTEX 33	30.9636	13.7249	173.457
			*MESH_VERTEX 34	-21.5835	-39.7356	65.2363
			*MESH_VERTEX 35	-26.4229	-9.21235	21.1663
			*MESH_VERTEX 36	26.7269	-5.0774	114.603
			*MESH_VERTEX 37	-46.481	-4.03375	183.554
			*MESH_VERTEX 38	-38.4317	-12.5667	56.5143
			*MESH_VERTEX 39	-13.7364	17.0269	99.3432
			*MESH_VERTEX 40	-26.6955	-5.08322	114.601
			*MESH_VERTEX 41	-69.8487	-18.6936	88.6277
			*MESH_VERTEX 42	-82.8631	-14.5481	94.8323
			*MESH_VERTEX 43	-68.9301	-8.4203	92.3727
			*MESH_VERTEX 44	70.5706	-11.1113	84.9288
			*MESH_VERTEX 45	83.4755	-7.38525	91.6101
			*MESH_VERTEX 46	69.3226	-1.47582	90.0287
			*MESH_VERTEX 47	-38.3556	-17.2523	167.827
			*MESH_VERTEX 48	-66.1206	-14.7143	107.848
			*MESH_VERTEX 49	66.8494	-9.9676	104.481
			*MESH_VERTEX 50	54.1813	23.9423	116.474
			*MESH_VERTEX 51	66.9215	11.1803	145.398
			*MESH_VERTEX 52	-66.855	-17.4474	99.27
			*MESH_VERTEX 53	67.6078	-11.4182	95.6479
			*MESH_VERTEX 54	0.016092	-2.58562	98.4694
			*MESH_VERTEX 55	-51.2873	24.7407	144.124
			*MESH_VERTEX 56	-56.0691	25.3434	126.26
			*MESH_VERTEX 57	-66.9048	11.3344	145.406
			*MESH_VERTEX 58	-59.0592	-8.26771	101.061
			*MESH_VERTEX 59	0.016399	-38.3132	182.976
			*MESH_VERTEX 60	57.6292	-28.0029	65.4204
			*MESH_VERTEX 61	41.1654	2.60152	134.581
			*MESH_VERTEX 62	59.5063	-2.88311	98.7025
			*MESH_VERTEX 63	24.4496	14.3175	18.4044
			*MESH_VERTEX 64	36.5419	3.86109	16.7671
			*MESH_VERTEX 65	9.1841	-22.6509	1.17272
			*MESH_VERTEX 66	45.6412	-12.6333	1.84909
			*MESH_VERTEX 67	-56.3608	-37.607	71.489
			*MESH_VERTEX 68	-40.9091	2.63398	135.52
			*MESH_VERTEX 69	-54.8023	-0.21481	139.61
			*MESH_VERTEX 70	55.7675	-13.9387	122.449
			*MESH_VERTEX 71	-23.1679	-25.1439	93.5424
			*MESH_VERTEX 72	-17.5112	10.8624	131.823
			*MESH_VERTEX 73	-54.8536	-15.6431	126.147
			*MESH_VERTEX 74	-68.3482	-38.3547	78.09
			*MESH_VERTEX 75	69.6798	-29.2121	71.835
			*MESH_VERTEX 76	-45.6102	-12.6387	1.84899
			*MESH_VERTEX 77	-36.5108	3.85568	16.767
			*MESH_VERTEX 78	23.2	-25.1449	93.544
			*MESH_VERTEX 79	17.5437	10.8624	131.823
			*MESH_VERTEX 80	23.2775	-10.2943	69.1213
			*MESH_VERTEX 81	10.405	-17.7982	64.8757
			*MESH_VERTEX 82	36.5857	5.17383	1.00665
			*MESH_VERTEX 83	-23.2803	-16.4492	46.4216
			*MESH_VERTEX 84	23.3121	-16.4489	46.4225
			*MESH_VERTEX 85	-24.4181	14.3154	18.403
			*MESH_VERTEX 86	21.7502	4.12307	74.6013
			*MESH_VERTEX 87	32.8729	-20.6043	66.2278
			*MESH_VERTEX 88	21.8275	-32.7426	63.4117
			*MESH_VERTEX 89	-10.4146	-17.7483	64.2425
			*MESH_VERTEX 90	-23.388	-9.91135	67.0176
			*MESH_VERTEX 91	46.519	-4.02345	183.521
			*MESH_VERTEX 92	13.1877	-14.4492	199.529
			*MESH_VERTEX 93	-13.1548	-14.4492	199.529
			*MESH_VERTEX 94	0.012709	-27.4913	173.706
			*MESH_VERTEX 95	54.9703	-0.248365	138.979
			*MESH_VERTEX 96	46.5184	8.30943	174.373
			*MESH_VERTEX 97	16.4646	20.991	173.059
			*MESH_VERTEX 98	14.4126	7.71522	195.63
			*MESH_VERTEX 99	11.3742	5.02768	17.6833
			*MESH_VERTEX 100	-11.3428	5.02545	17.6819
			*MESH_VERTEX 101	-46.4788	8.34967	174.462
			*MESH_VERTEX 102	-16.4318	20.991	173.059
			*MESH_VERTEX 103	67.1934	-16.0469	98.2353
			*MESH_VERTEX 104	51.6859	-30.1985	86.717
			*MESH_VERTEX 105	54.0797	-14.8955	96.5535
			*MESH_VERTEX 106	-66.2728	-21.6673	102.455
			*MESH_VERTEX 107	-50.3003	-36.6998	92.8465
			*MESH_VERTEX 108	-53.2066	-20.2858	100.562
			*MESH_VERTEX 109	-21.7955	-32.7428	63.4115
			*MESH_VERTEX 110	59.287	-10.3986	67.6549
			*MESH_VERTEX 111	-21.0273	-28.1433	154.433
			*MESH_VERTEX 112	21.06	-28.1432	154.433
			*MESH_VERTEX 113	-58.6324	-19.9302	71.3397
			*MESH_VERTEX 114	-23.7382	-19.7219	124.112
			*MESH_VERTEX 115	23.7706	-19.7219	124.112
			*MESH_VERTEX 116	70.1066	2.26836	89.0245
			*MESH_VERTEX 117	-46.201	-16.598	170.485
			*MESH_VERTEX 118	46.1842	-16.66	170.584
			*MESH_VERTEX 119	-67.3547	4.23048	124.06
			*MESH_VERTEX 120	-32.8648	-20.5786	65.863
			*MESH_VERTEX 121	-69.8475	-4.8754	90.878
			*MESH_VERTEX 122	41.4552	26.267	138.283
			*MESH_VERTEX 123	41.5782	1.61335	113.417
			*MESH_VERTEX 124	-12.3334	-27.5493	190.952
			*MESH_VERTEX 125	-16.2153	-16.3812	182.402
			*MESH_VERTEX 126	12.3662	-27.5493	190.952
			*MESH_VERTEX 127	16.2481	-16.3812	182.402
			*MESH_VERTEX 128	-41.5848	26.3866	137.667
			*MESH_VERTEX 129	-41.2644	-1.01835	114.913
			*MESH_VERTEX 130	42.4504	-31.1016	2.39667
			*MESH_VERTEX 131	-42.4193	-31.107	2.39658
			*MESH_VERTEX 132	-25.6924	-1.72426	143.196
			*MESH_VERTEX 133	25.725	-1.72427	143.196
			*MESH_VERTEX 134	-21.6613	2.52009	60.6045
			*MESH_VERTEX 135	-14.3797	7.71519	195.63
			*MESH_VERTEX 136	0.016462	-4.24663	198.449
			*MESH_VERTEX 137	67.531	6.47794	123.146
			*MESH_VERTEX 138	51.2432	24.5377	144.401
			*MESH_VERTEX 139	30.2373	3.87406	103.019
			*MESH_VERTEX 140	-30.1865	3.94454	102.988
			*MESH_VERTEX 141	-17.8383	18.5685	113.059
			*MESH_VERTEX 142	17.8705	18.5685	113.059
			*MESH_VERTEX 143	0.016177	-32.04	118.172
			*MESH_VERTEX 144	0.016153	-23.2927	111.636
			*MESH_VERTEX 145	-18.5933	-5.24259	194.293
			*MESH_VERTEX 146	0.016092	12.1962	99.9567
			*MESH_VERTEX 147	18.6269	-5.24302	194.295
			*MESH_VERTEX 148	30.0804	-24.4317	15.0277
			*MESH_VERTEX 149	-30.0492	-24.4371	15.0276
			*MESH_VERTEX 150	-21.7183	4.12433	74.5995
			*MESH_VERTEX 151	35.13	-9.5963	144.676
			*MESH_VERTEX 152	33.2773	-9.2348	165.486
			*MESH_VERTEX 153	33.7702	2.30416	154.335
			*MESH_VERTEX 154	21.6932	2.52036	60.6054
			*MESH_VERTEX 155	-35.1193	-9.36678	144.631
			*MESH_VERTEX 156	-33.3648	-9.21211	165.459
			*MESH_VERTEX 157	-33.7377	2.30418	154.335
			*MESH_VERTEX 158	-7.77979	-3.99225	90.9971
			*MESH_VERTEX 159	-8.15284	-21.1816	80.3217
			*MESH_VERTEX 160	7.83733	-4.13045	91.0055
			*MESH_VERTEX 161	8.18487	-21.1823	80.323
			*MESH_VERTEX 162	0.016304	15.6693	156.443
			*MESH_VERTEX 163	0.008642	10.7487	187.544
			*MESH_VERTEX 164	-23.4836	-9.421	32.5394
			*MESH_VERTEX 165	23.5155	-9.41998	32.5402
			*MESH_VERTEX 166	0.016301	-25.3906	152.962
			*MESH_VERTEX 167	-21.6142	-20.6187	146.213
			*MESH_VERTEX 168	21.6468	-20.6187	146.213
			*MESH_VERTEX 169	-54.6199	-2.21536	170.436
			*MESH_VERTEX 170	54.6321	-2.30987	170.447
			*MESH_VERTEX 171	33.7959	-1.25756	189.617
			*MESH_VERTEX 172	-33.7615	-1.25538	189.623
			*MESH_VERTEX 173	10.8584	-2.25149	76.2528
			*MESH_VERTEX 174	-32.9994	-1.5443	36.8538
			*MESH_VERTEX 175	33.0312	-1.54397	36.8545
			*MESH_VERTEX 176	59.1981	1.18752	83.5314
			*MESH_VERTEX 177	-58.9188	-6.30984	85.5077
			*MESH_VERTEX 178	0.016245	-33.3418	136.759
			*MESH_VERTEX 179	-41.3932	-14.2831	160.216
			*MESH_VERTEX 180	-48.3259	-10.0927	147.049
			*MESH_VERTEX 181	-23.4496	15.9407	35.6467
			*MESH_VERTEX 182	-13.2765	0.343143	35.0501
			*MESH_VERTEX 183	23.4813	15.9411	35.6474
			*MESH_VERTEX 184	13.3082	0.343488	35.0508
			*MESH_VERTEX 185	41.3804	-14.4353	160.335
			*MESH_VERTEX 186	53.8969	-2.54154	154.935
			*MESH_VERTEX 187	48.3336	-10.3248	147.1
			*MESH_VERTEX 188	-53.887	-2.32876	154.9
			*MESH_VERTEX 189	-56.3063	11.6997	142.785
			*MESH_VERTEX 190	-17.9149	13.8181	145.051
			*MESH_VERTEX 191	17.9474	13.8181	145.051
			*MESH_VERTEX 192	56.3228	11.5535	142.783
