*3DSMAX_ASCIIEXPORT	110
*COMMENT "[ GothicSourcer v3.14 ] - June 2007"
*SCENE {
	*SCENE_FILENAME "ORC_BODYSHAMAN.MAX"
	*SCENE_FIRSTFRAME 0
	*SCENE_LASTFRAME 100
	*SCENE_FRAMESPEED 25
	*SCENE_TICKSPERFRAME 192
	*SCENE_BACKGROUND_STATIC 0	0	0
	*SCENE_AMBIENT_STATIC 0.2	0.2	0.2
}
*MATERIAL_LIST {
	*MATERIAL_COUNT 1
	*MATERIAL 0 {
		*MATERIAL_NAME "Compound Material #1"
		*MATERIAL_CLASS "Multi/Sub-Object"
		*NUMSUBMTLS 3
		*SUBMATERIAL 0 {
			*MATERIAL_NAME "WARRIORBODY"
			*MATERIAL_CLASS "Standard"
			*MATERIAL_AMBIENT 0.286275	0.247059	0.180392
			*MATERIAL_DIFFUSE 0.286275	0.247059	0.180392
			*MATERIAL_SPECULAR 0.9	0.9	0.9
			*MATERIAL_SHINE 0.1
			*MATERIAL_SHINESTRENGTH 0
			*MATERIAL_TRANSPARENCY 0
			*MATERIAL_WIRESIZE 1
			*MATERIAL_SHADING Blinn
			*MATERIAL_XP_FALLOFF 0
			*MATERIAL_SELFILLUM 0
			*MATERIAL_FALLOFF In
			*MATERIAL_XP_TYPE Filter
			*MAP_DIFFUSE {
				*MAP_NAME "Map #1-1"
				*MAP_CLASS "Bitmap"
				*MAP_SUBNO 1
				*MAP_AMOUNT 1
				*BITMAP "ORC_BODYSHAMAN_V0.TGA"
				*MAP_TYPE Screen
				*UVW_U_OFFSET 0
				*UVW_V_OFFSET 0
				*UVW_U_TILING 1
				*UVW_V_TILING 1
				*UVW_ANGLE 0
				*UVW_BLUR 1
				*UVW_BLUR_OFFSET 0
				*UVW_NOUSE_AMT 1
				*UVW_NOISE_SIZE 1
				*UVW_NOISE_LEVEL 1
				*UVW_NOISE_PHASE 0
				*BITMAP_FILTER Pyramidal
			}
		}
		*SUBMATERIAL 1 {
			*MATERIAL_NAME "MATERIAL #168"
			*MATERIAL_CLASS "Standard"
			*MATERIAL_AMBIENT 0.407843	0.360784	0.258824
			*MATERIAL_DIFFUSE 0.407843	0.360784	0.258824
			*MATERIAL_SPECULAR 0.9	0.9	0.9
			*MATERIAL_SHINE 0.1
			*MATERIAL_SHINESTRENGTH 0
			*MATERIAL_TRANSPARENCY 0
			*MATERIAL_WIRESIZE 1
			*MATERIAL_SHADING Blinn
			*MATERIAL_XP_FALLOFF 0
			*MATERIAL_SELFILLUM 0
			*MATERIAL_FALLOFF In
			*MATERIAL_XP_TYPE Filter
			*MAP_DIFFUSE {
				*MAP_NAME "Map #1-2"
				*MAP_CLASS "Bitmap"
				*MAP_SUBNO 1
				*MAP_AMOUNT 1
				*BITMAP "ORC_ARMSSHAMAN_V0.TGA"
				*MAP_TYPE Screen
				*UVW_U_OFFSET 0
				*UVW_V_OFFSET 0
				*UVW_U_TILING 1
				*UVW_V_TILING 1
				*UVW_ANGLE 0
				*UVW_BLUR 1
				*UVW_BLUR_OFFSET 0
				*UVW_NOUSE_AMT 1
				*UVW_NOISE_SIZE 1
				*UVW_NOISE_LEVEL 1
				*UVW_NOISE_PHASE 0
				*BITMAP_FILTER Pyramidal
			}
		}
		*SUBMATERIAL 2 {
			*MATERIAL_NAME "MATERIAL #169"
			*MATERIAL_CLASS "Standard"
			*MATERIAL_AMBIENT 0.270588	0.227451	0.164706
			*MATERIAL_DIFFUSE 0.270588	0.227451	0.164706
			*MATERIAL_SPECULAR 0.9	0.9	0.9
			*MATERIAL_SHINE 0.1
			*MATERIAL_SHINESTRENGTH 0
			*MATERIAL_TRANSPARENCY 0
			*MATERIAL_WIRESIZE 1
			*MATERIAL_SHADING Blinn
			*MATERIAL_XP_FALLOFF 0
			*MATERIAL_SELFILLUM 0
			*MATERIAL_FALLOFF In
			*MATERIAL_XP_TYPE Filter
			*MAP_DIFFUSE {
				*MAP_NAME "Map #1-3"
				*MAP_CLASS "Bitmap"
				*MAP_SUBNO 1
				*MAP_AMOUNT 1
				*BITMAP "ORC_LEGSSHAMAN_V0.TGA"
				*MAP_TYPE Screen
				*UVW_U_OFFSET 0
				*UVW_V_OFFSET 0
				*UVW_U_TILING 1
				*UVW_V_TILING 1
				*UVW_ANGLE 0
				*UVW_BLUR 1
				*UVW_BLUR_OFFSET 0
				*UVW_NOUSE_AMT 1
				*UVW_NOISE_SIZE 1
				*UVW_NOISE_LEVEL 1
				*UVW_NOISE_PHASE 0
				*BITMAP_FILTER Pyramidal
			}
		}
	}
}
*HELPEROBJECT {
	*NODE_NAME "Bip01"
	*NODE_TM {
		*NODE_NAME "Bip01"
		*TM_ROW0 1.26759e-006	-1	0
		*TM_ROW1 1	1.26759e-006	0
		*TM_ROW2 -0	-0	1
		*TM_ROW3 -1e-006	0	100.39
		*TM_POS -1e-006	0	100.39
		*TM_ROTAXIS 0	0	1
		*TM_ROTANGLE 1.5708
		*TM_SCALE 1	1	1
		*TM_SCALEAXIS 0	0	0
		*TM_SCALEAXISANG 0	0	0
	}
}
*HELPEROBJECT {
	*NODE_NAME "Bip01 Pelvis"
	*NODE_PARENT "Bip01"
	*NODE_TM {
		*NODE_NAME "Bip01 Pelvis"
		*TM_ROW0 -1.19209e-006	-1.64892e-007	1
		*TM_ROW1 2.99332e-006	-1	-1.64887e-007
		*TM_ROW2 1	2.99332e-006	1.66893e-006
		*TM_ROW3 -1e-006	4e-005	100.39
		*TM_POS -1e-006	4e-005	100.39
		*TM_ROTAXIS -0.707106	-1e-006	-0.707107
		*TM_ROTANGLE 3.14159
		*TM_SCALE 1	1	1
		*TM_SCALEAXIS 0	0	0
		*TM_SCALEAXISANG 0	0	0
	}
}
*HELPEROBJECT {
	*NODE_NAME "Bip01 Spine"
	*NODE_PARENT "Bip01 Pelvis"
	*NODE_TM {
		*NODE_NAME "Bip01 Spine"
		*TM_ROW0 -1.19209e-007	-0.259588	0.96572
		*TM_ROW1 -1.78814e-006	-0.965719	-0.259588
		*TM_ROW2 1	-1.78814e-006	-1.19209e-007
		*TM_ROW3 -9.99999e-007	-1.86469	107.969
		*TM_POS -9.99999e-007	-1.86469	107.969
		*TM_ROTAXIS 0.704044	-0.092975	0.704044
		*TM_ROTANGLE 2.95618
		*TM_SCALE 1	1	1
		*TM_SCALEAXIS 0	0	0
		*TM_SCALEAXISANG 0	0	0
	}
}
*HELPEROBJECT {
	*NODE_NAME "Bip01 Spine1"
	*NODE_PARENT "Bip01 Spine"
	*NODE_TM {
		*NODE_NAME "Bip01 Spine1"
		*TM_ROW0 1.78814e-007	-0.0879481	0.996125
		*TM_ROW1 -1.09151e-006	-0.996125	-0.0879481
		*TM_ROW2 1	-1.09151e-006	1.78814e-007
		*TM_ROW3 6e-006	-6.55859	125.486
		*TM_POS 6e-006	-6.55859	125.486
		*TM_ROTAXIS 0.706764	-0.03114	0.706764
		*TM_ROTANGLE 3.07933
		*TM_SCALE 1	1	1
		*TM_SCALEAXIS 0	0	0
		*TM_SCALEAXISANG 0	0	0
	}
}
*HELPEROBJECT {
	*NODE_NAME "Bip01 Spine2"
	*NODE_PARENT "Bip01 Spine1"
	*NODE_TM {
		*NODE_NAME "Bip01 Spine2"
		*TM_ROW0 2.98023e-007	0.172863	0.984946
		*TM_ROW1 -1.42306e-006	-0.984946	0.172863
		*TM_ROW2 1	-1.42306e-006	2.98023e-007
		*TM_ROW3 8e-006	-8.13954	143.55
		*TM_POS 8e-006	-8.13954	143.55
		*TM_ROTAXIS 0.70577	0.061463	0.70577
		*TM_ROTANGLE 3.26437
		*TM_SCALE 1	1	1
		*TM_SCALEAXIS 0	0	0
		*TM_SCALEAXISANG 0	0	0
	}
}
*HELPEROBJECT {
	*NODE_NAME "Bip01 Spine3"
	*NODE_PARENT "Bip01 Spine2"
	*NODE_TM {
		*NODE_NAME "Bip01 Spine3"
		*TM_ROW0 2.98023e-007	0.172863	0.984946
		*TM_ROW1 -1.42306e-006	-0.984946	0.172863
		*TM_ROW2 1	-1.42306e-006	2.98023e-007
		*TM_ROW3 4e-006	-4.98999	161.413
		*TM_POS 4e-006	-4.98999	161.413
		*TM_ROTAXIS 0.70577	0.061463	0.70577
		*TM_ROTANGLE 3.26437
		*TM_SCALE 1	1	1
		*TM_SCALEAXIS 0	0	0
		*TM_SCALEAXISANG 0	0	0
	}
}
*HELPEROBJECT {
	*NODE_NAME "Bip01 Neck"
	*NODE_PARENT "Bip01 Spine3"
	*NODE_TM {
		*NODE_NAME "Bip01 Neck"
		*TM_ROW0 6.55651e-007	-0.826733	0.562595
		*TM_ROW1 -1.81794e-006	-0.562595	-0.826733
		*TM_ROW2 1	-5.36442e-007	-1.72853e-006
		*TM_ROW3 -1e-006	-1.85131	179.282
		*TM_POS -1e-006	-1.85131	179.282
		*TM_ROTAXIS 0.662278	-0.350396	0.662277
		*TM_ROTANGLE 2.46754
		*TM_SCALE 1	1	1
		*TM_SCALEAXIS 0	0	0
		*TM_SCALEAXISANG 0	0	0
	}
}
*HELPEROBJECT {
	*NODE_NAME "Bip01 Neck1"
	*NODE_PARENT "Bip01 Neck"
	*NODE_TM {
		*NODE_NAME "Bip01 Neck1"
		*TM_ROW0 1.90735e-006	-0.843235	0.537545
		*TM_ROW1 -1.96695e-006	-0.537545	-0.843235
		*TM_ROW2 1	5.36442e-007	-2.68221e-006
		*TM_ROW3 7.99999e-006	-8.02732	183.492
		*TM_POS 7.99999e-006	-8.02732	183.492
		*TM_ROTAXIS 0.65927	-0.361563	0.659268
		*TM_ROTANGLE 2.44772
		*TM_SCALE 1	1	1
		*TM_SCALEAXIS 0	0	0
		*TM_SCALEAXISANG 0	0	0
	}
}
*HELPEROBJECT {
	*NODE_NAME "Bip01 Neck2"
	*NODE_PARENT "Bip01 Neck1"
	*NODE_TM {
		*NODE_NAME "Bip01 Neck2"
		*TM_ROW0 1.90735e-006	-0.934839	0.355071
		*TM_ROW1 -2.05636e-006	-0.355071	-0.934839
		*TM_ROW2 1	9.53675e-007	-2.44379e-006
		*TM_ROW3 1.8e-005	-14.3278	187.515
		*TM_POS 1.8e-005	-14.3278	187.515
		*TM_ROTAXIS 0.635522	-0.438435	0.63552
		*TM_ROTANGLE 2.3152
		*TM_SCALE 1	1	1
		*TM_SCALEAXIS 0	0	0
		*TM_SCALEAXISANG 0	0	0
	}
}
*HELPEROBJECT {
	*NODE_NAME "Bip01 Head"
	*NODE_PARENT "Bip01 Neck2"
	*NODE_TM {
		*NODE_NAME "Bip01 Head"
		*TM_ROW0 -1.1921e-007	-0.216439	0.976296
		*TM_ROW1 -2.12342e-006	-0.976296	-0.216439
		*TM_ROW2 1	-2.12342e-006	-1.19209e-007
		*TM_ROW3 2.80001e-005	-21.315	190.169
		*TM_POS 2.80001e-005	-21.315	190.169
		*TM_ROTAXIS -0.704996	0.0772101	-0.704996
		*TM_ROTANGLE 3.2957
		*TM_SCALE 1	1	1
		*TM_SCALEAXIS 0	0	0
		*TM_SCALEAXISANG 0	0	0
	}
}
*HELPEROBJECT {
	*NODE_NAME "Bip01 R Clavicle"
	*NODE_PARENT "Bip01 Neck"
	*NODE_TM {
		*NODE_NAME "Bip01 R Clavicle"
		*TM_ROW0 -0.930679	-0.0635278	-0.36028
		*TM_ROW1 -7.37608e-007	0.984808	-0.173649
		*TM_ROW2 0.365838	-0.161611	-0.916539
		*TM_ROW3 -20.767	-1.85468	184.641
		*TM_POS -20.767	-1.85468	184.641
		*TM_ROTAXIS -0.016513	0.996059	-0.087144
		*TM_ROTANGLE 3.51468
		*TM_SCALE 1	1	1
		*TM_SCALEAXIS 0	0	0
		*TM_SCALEAXISANG 0	0	0
	}
}
*HELPEROBJECT {
	*NODE_NAME "Bip01 R UpperArm"
	*NODE_PARENT "Bip01 R Clavicle"
	*NODE_TM {
		*NODE_NAME "Bip01 R UpperArm"
		*TM_ROW0 -0.226576	0.326402	-0.917674
		*TM_ROW1 0.110598	0.944705	0.30871
		*TM_ROW2 0.967694	-0.0315468	-0.250147
		*TM_ROW3 -38.1611	-3.042	177.907
		*TM_POS -38.1611	-3.042	177.907
		*TM_ROTAXIS -0.176487	-0.977918	-0.111935
		*TM_ROTANGLE 1.84005
		*TM_SCALE 1	1	1
		*TM_SCALEAXIS 0	0	0
		*TM_SCALEAXISANG 0	0	0
	}
}
*HELPEROBJECT {
	*NODE_NAME "Bip01 R Forearm"
	*NODE_PARENT "Bip01 R UpperArm"
	*NODE_TM {
		*NODE_NAME "Bip01 R Forearm"
		*TM_ROW0 -0.227626	-0.535956	-0.812981
		*TM_ROW1 -0.10842	0.843657	-0.525823
		*TM_ROW2 0.967694	-0.0315472	-0.250146
		*TM_ROW3 -48.2433	11.4822	137.073
		*TM_POS -48.2433	11.4822	137.073
		*TM_ROTAXIS 0.260582	-0.938772	0.225397
		*TM_ROTANGLE 1.89342
		*TM_SCALE 1	1	1
		*TM_SCALEAXIS 0	0	0
		*TM_SCALEAXISANG 0	0	0
	}
}
*HELPEROBJECT {
	*NODE_NAME "Bip01 R Hand"
	*NODE_PARENT "Bip01 R Forearm"
	*NODE_TM {
		*NODE_NAME "Bip01 R Hand"
		*TM_ROW0 -0.227626	-0.535955	-0.812981
		*TM_ROW1 0.967607	-0.0308752	-0.250566
		*TM_ROW2 0.109191	-0.843682	0.525622
		*TM_ROW3 -59.4585	-14.9245	97.0171
		*TM_POS -59.4585	-14.9245	97.0171
		*TM_ROTAXIS -0.318728	-0.495556	0.807983
		*TM_ROTANGLE 1.94598
		*TM_SCALE 1	1	1
		*TM_SCALEAXIS 0	0	0
		*TM_SCALEAXISANG 0	0	0
	}
}
*HELPEROBJECT {
	*NODE_NAME "Bip01 R Finger0"
	*NODE_PARENT "Bip01 R Hand"
	*NODE_TM {
		*NODE_NAME "Bip01 R Finger0"
		*TM_ROW0 -0.227626	-0.535955	-0.812981
		*TM_ROW1 0.967694	-0.0315475	-0.250146
		*TM_ROW2 0.10842	-0.843657	0.525821
		*TM_ROW3 -63.9724	-32.6734	67.1956
		*TM_POS -63.9724	-32.6734	67.1956
		*TM_ROTAXIS -0.318972	-0.495191	0.80811
		*TM_ROTANGLE 1.94623
		*TM_SCALE 1	1	1
		*TM_SCALEAXIS 0	0	0
		*TM_SCALEAXISANG 0	0	0
	}
}
*HELPEROBJECT {
	*NODE_NAME "ZS_RIGHTHAND"
	*NODE_PARENT "Bip01 R Hand"
	*NODE_TM {
		*NODE_NAME "ZS_RIGHTHAND"
		*TM_ROW0 -0.0919255	0.847042	-0.523517
		*TM_ROW1 0.0985439	0.530901	0.841685
		*TM_ROW2 0.990878	0.0257829	-0.132274
		*TM_ROW3 -57.3666	-39.9319	91.4154
		*TM_POS -57.3666	-39.9319	91.4154
		*TM_ROTAXIS -0.434918	-0.807251	-0.398988
		*TM_ROTANGLE 1.92479
		*TM_SCALE 1	1	1
		*TM_SCALEAXIS 0	0	0
		*TM_SCALEAXISANG 0	0	0
	}
}
*HELPEROBJECT {
	*NODE_NAME "Bip01 L Clavicle"
	*NODE_PARENT "Bip01 Neck"
	*NODE_TM {
		*NODE_NAME "Bip01 L Clavicle"
		*TM_ROW0 0.930678	-0.0635258	-0.36028
		*TM_ROW1 -1.46404e-006	0.984808	-0.173648
		*TM_ROW2 0.365838	0.161611	0.916539
		*TM_ROW3 20.767	-1.85461	184.641
		*TM_POS 20.767	-1.85461	184.641
		*TM_ROTAXIS 0.417874	-0.905048	0.079178
		*TM_ROTANGLE 0.412771
		*TM_SCALE 1	1	1
		*TM_SCALEAXIS 0	0	0
		*TM_SCALEAXISANG 0	0	0
	}
}
*HELPEROBJECT {
	*NODE_NAME "Bip01 L UpperArm"
	*NODE_PARENT "Bip01 L Clavicle"
	*NODE_TM {
		*NODE_NAME "Bip01 L UpperArm"
		*TM_ROW0 0.226575	0.326403	-0.917674
		*TM_ROW1 -0.110602	0.944704	0.308709
		*TM_ROW2 0.967694	0.0315509	0.250147
		*TM_ROW3 38.1611	-3.04189	177.907
		*TM_POS 38.1611	-3.04189	177.907
		*TM_ROTAXIS -0.141762	-0.964335	-0.223521
		*TM_ROTANGLE 1.35849
		*TM_SCALE 1	1	1
		*TM_SCALEAXIS 0	0	0
		*TM_SCALEAXISANG 0	0	0
	}
}
*HELPEROBJECT {
	*NODE_NAME "Bip01 L Forearm"
	*NODE_PARENT "Bip01 L UpperArm"
	*NODE_TM {
		*NODE_NAME "Bip01 L Forearm"
		*TM_ROW0 0.240525	-0.41305	-0.878372
		*TM_ROW1 0.07561	0.910162	-0.407295
		*TM_ROW2 0.967694	0.0315509	0.250147
		*TM_ROW3 48.2432	11.4823	137.073
		*TM_POS 48.2432	11.4823	137.073
		*TM_ROTAXIS 0.223967	-0.942148	0.24939
		*TM_ROTANGLE 1.36901
		*TM_SCALE 1	1	1
		*TM_SCALEAXIS 0	0	0
		*TM_SCALEAXISANG 0	0	0
	}
}
*HELPEROBJECT {
	*NODE_NAME "Bip01 L Hand"
	*NODE_PARENT "Bip01 L Forearm"
	*NODE_TM {
		*NODE_NAME "Bip01 L Hand"
		*TM_ROW0 0.240523	-0.41305	-0.878372
		*TM_ROW1 -0.967634	-0.0308247	-0.25047
		*TM_ROW2 0.0763812	0.910187	-0.407095
		*TM_ROW3 60.0939	-8.86877	93.7952
		*TM_POS 60.0939	-8.86877	93.7952
		*TM_ROTAXIS 0.724528	-0.595995	-0.346193
		*TM_ROTANGLE 2.21267
		*TM_SCALE 1	1	1
		*TM_SCALEAXIS 0	0	0
		*TM_SCALEAXISANG 0	0	0
	}
}
*HELPEROBJECT {
	*NODE_NAME "Bip01 L Finger0"
	*NODE_PARENT "Bip01 L Hand"
	*NODE_TM {
		*NODE_NAME "Bip01 L Finger0"
		*TM_ROW0 0.240524	-0.41305	-0.878372
		*TM_ROW1 -0.967694	-0.0315497	-0.250147
		*TM_ROW2 0.0756107	0.910162	-0.407294
		*TM_ROW3 65.0173	-22.263	61.8409
		*TM_POS 65.0173	-22.263	61.8409
		*TM_ROTAXIS 0.724623	-0.595771	-0.34638
		*TM_ROTANGLE 2.21325
		*TM_SCALE 1	1	1
		*TM_SCALEAXIS 0	0	0
		*TM_SCALEAXISANG 0	0	0
	}
}
*HELPEROBJECT {
	*NODE_NAME "ZS_LEFTHAND"
	*NODE_PARENT "Bip01 L Hand"
	*NODE_TM {
		*NODE_NAME "ZS_LEFTHAND"
		*TM_ROW0 -0.0590281	-0.912622	0.404521
		*TM_ROW1 0.111153	-0.408716	-0.905867
		*TM_ROW2 0.992049	-0.00850807	0.125566
		*TM_ROW3 59.611	-32.9569	84.9709
		*TM_POS 59.611	-32.9569	84.9709
		*TM_ROTAXIS -0.605198	0.396241	-0.690455
		*TM_ROTANGLE 3.97671
		*TM_SCALE 1	1	1
		*TM_SCALEAXIS 0	0	0
		*TM_SCALEAXISANG 0	0	0
	}
}
*HELPEROBJECT {
	*NODE_NAME "ZS_CROSSBOW"
	*NODE_PARENT "Bip01 Spine3"
	*NODE_TM {
		*NODE_NAME "ZS_CROSSBOW"
		*TM_ROW0 -0.405534	-0.0900488	-0.909634
		*TM_ROW1 0.862856	0.290741	-0.413461
		*TM_ROW2 0.301699	-0.952555	-0.0402061
		*TM_ROW3 -22.0241	17.4491	156.732
		*TM_POS -22.0241	17.4491	156.732
		*TM_ROTAXIS 0.330169	0.741883	-0.583608
		*TM_ROTANGLE 4.09673
		*TM_SCALE 1	1	1
		*TM_SCALEAXIS 0	0	0
		*TM_SCALEAXISANG 0	0	0
	}
}
*HELPEROBJECT {
	*NODE_NAME "Bip01 L Thigh"
	*NODE_PARENT "Bip01 Spine"
	*NODE_TM {
		*NODE_NAME "Bip01 L Thigh"
		*TM_ROW0 0.053579	-0.575272	-0.816206
		*TM_ROW1 -0.0377807	-0.817963	0.57403
		*TM_ROW2 -0.997849	8.09121e-005	-0.0655597
		*TM_ROW3 18.9348	6.04516e-005	100.39
		*TM_POS 18.9348	6.04516e-005	100.39
		*TM_ROTAXIS 0.711181	-0.225074	-0.666006
		*TM_ROTANGLE 3.55695
		*TM_SCALE 1	1	1
		*TM_SCALEAXIS 0	0	0
		*TM_SCALEAXISANG 0	0	0
	}
}
*HELPEROBJECT {
	*NODE_NAME "Bip01 L Calf"
	*NODE_PARENT "Bip01 L Thigh"
	*NODE_TM {
		*NODE_NAME "Bip01 L Calf"
		*TM_ROW0 0.0442902	0.738124	-0.67321
		*TM_ROW1 0.0483363	-0.674665	-0.73654
		*TM_ROW2 -0.997849	8.10328e-005	-0.0655593
		*TM_ROW3 21.1926	-24.2423	65.9946
		*TM_POS 21.1926	-24.2423	65.9946
		*TM_ROTAXIS 0.694861	0.306235	-0.650683
		*TM_ROTANGLE 2.58293
		*TM_SCALE 1	1	1
		*TM_SCALEAXIS 0	0	0
		*TM_SCALEAXISANG 0	0	0
	}
}
*HELPEROBJECT {
	*NODE_NAME "Bip01 L HorseLink"
	*NODE_PARENT "Bip01 L Calf"
	*NODE_TM {
		*NODE_NAME "Bip01 L HorseLink"
		*TM_ROW0 0.0655604	0.00141326	-0.997848
		*TM_ROW1 1.15718e-005	-0.999999	-0.00141548
		*TM_ROW2 -0.997849	8.1244e-005	-0.06556
		*TM_ROW3 22.6569	0.160504	43.7379
		*TM_POS 22.6569	0.160504	43.7379
		*TM_ROTAXIS 0.729918	0.00048801	-0.683535
		*TM_ROTANGLE 3.14057
		*TM_SCALE 1	1	1
		*TM_SCALEAXIS 0	0	0
		*TM_SCALEAXISANG 0	0	0
	}
}
*HELPEROBJECT {
	*NODE_NAME "Bip01 L Foot"
	*NODE_PARENT "Bip01 L HorseLink"
	*NODE_TM {
		*NODE_NAME "Bip01 L Foot"
		*TM_ROW0 -1.15149e-006	-1.43094e-006	-1
		*TM_ROW1 0.17365	-0.984807	1.25858e-006
		*TM_ROW2 -0.984807	-0.17365	1.57511e-006
		*TM_ROW3 24.2903	0.195716	18.8773
		*TM_POS 24.2903	0.195716	18.8773
		*TM_ROTAXIS 0.705757	0.061746	-0.705758
		*TM_ROTANGLE 3.26493
		*TM_SCALE 1	1	1
		*TM_SCALEAXIS 0	0	0
		*TM_SCALEAXISANG 0	0	0
	}
}
*HELPEROBJECT {
	*NODE_NAME "Bip01 L Toe0"
	*NODE_PARENT "Bip01 L Foot"
	*NODE_TM {
		*NODE_NAME "Bip01 L Toe0"
		*TM_ROW0 0.17365	-0.984807	8.26451e-007
		*TM_ROW1 8.23665e-007	9.46649e-007	1
		*TM_ROW2 -0.984808	-0.17365	1.00887e-006
		*TM_ROW3 30.6862	-36.0772	0.3113
		*TM_POS 30.6862	-36.0772	0.3113
		*TM_ROTAXIS -0.644401	0.540716	0.540716
		*TM_ROTANGLE 1.99673
		*TM_SCALE 1	1	1
		*TM_SCALEAXIS 0	0	0
		*TM_SCALEAXISANG 0	0	0
	}
}
*HELPEROBJECT {
	*NODE_NAME "Bip01 R Thigh"
	*NODE_PARENT "Bip01 Spine"
	*NODE_TM {
		*NODE_NAME "Bip01 R Thigh"
		*TM_ROW0 -0.0535765	-0.575272	-0.816206
		*TM_ROW1 0.0377831	-0.817962	0.57403
		*TM_ROW2 -0.997849	-8.41892e-005	0.0655594
		*TM_ROW3 -18.9348	6.04389e-006	100.39
		*TM_POS -18.9348	6.04389e-006	100.39
		*TM_ROTAXIS 0.6681	-0.211379	-0.713416
		*TM_ROTANGLE 3.58571
		*TM_SCALE 1	1	1
		*TM_SCALEAXIS 0	0	0
		*TM_SCALEAXISANG 0	0	0
	}
}
*HELPEROBJECT {
	*NODE_NAME "Bip01 R Calf"
	*NODE_PARENT "Bip01 R Thigh"
	*NODE_TM {
		*NODE_NAME "Bip01 R Calf"
		*TM_ROW0 -0.0442933	0.738124	-0.67321
		*TM_ROW1 -0.0483345	-0.674665	-0.73654
		*TM_ROW2 -0.997849	-8.4541e-005	0.06556
		*TM_ROW3 -21.1925	-24.2423	65.9946
		*TM_POS -21.1925	-24.2423	65.9946
		*TM_ROTAXIS 0.654459	0.288494	-0.698895
		*TM_ROTANGLE 2.54401
		*TM_SCALE 1	1	1
		*TM_SCALEAXIS 0	0	0
		*TM_SCALEAXISANG 0	0	0
	}
}
*HELPEROBJECT {
	*NODE_NAME "Bip01 R HorseLink"
	*NODE_PARENT "Bip01 R Calf"
	*NODE_TM {
		*NODE_NAME "Bip01 R HorseLink"
		*TM_ROW0 -0.0655601	0.00141258	-0.997848
		*TM_ROW1 -7.29476e-006	-0.999999	-0.00141515
		*TM_ROW2 -0.997849	-8.54982e-005	0.0655603
		*TM_ROW3 -22.6569	0.160446	43.7379
		*TM_POS -22.6569	0.160446	43.7379
		*TM_ROTAXIS 0.683535	0.000513978	-0.729918
		*TM_ROTANGLE 3.14062
		*TM_SCALE 1	1	1
		*TM_SCALEAXIS 0	0	0
		*TM_SCALEAXISANG 0	0	0
	}
}
*HELPEROBJECT {
	*NODE_NAME "Bip01 R Foot"
	*NODE_PARENT "Bip01 R HorseLink"
	*NODE_TM {
		*NODE_NAME "Bip01 R Foot"
		*TM_ROW0 -6.60007e-008	-1.2867e-006	-1
		*TM_ROW1 -0.173647	-0.984808	1.27949e-006
		*TM_ROW2 -0.984808	0.173647	-7.77815e-008
		*TM_ROW3 -24.2903	0.19563	18.8773
		*TM_POS -24.2903	0.19563	18.8773
		*TM_ROTAXIS 0.705758	-0.061746	-0.705757
		*TM_ROTANGLE 3.01826
		*TM_SCALE 1	1	1
		*TM_SCALEAXIS 0	0	0
		*TM_SCALEAXISANG 0	0	0
	}
}
*HELPEROBJECT {
	*NODE_NAME "Bip01 R Toe0"
	*NODE_PARENT "Bip01 R Foot"
	*NODE_TM {
		*NODE_NAME "Bip01 R Toe0"
		*TM_ROW0 -0.173647	-0.984808	1.12303e-006
		*TM_ROW1 -4.70441e-007	1.42826e-006	1
		*TM_ROW2 -0.984808	0.173647	-4.95014e-007
		*TM_ROW3 -30.6861	-36.0773	0.311313
		*TM_POS -30.6861	-36.0773	0.311313
		*TM_ROTAXIS -0.510274	0.608121	0.60812
		*TM_ROTANGLE 2.19793
		*TM_SCALE 1	1	1
		*TM_SCALEAXIS 0	0	0
		*TM_SCALEAXISANG 0	0	0
	}
}
*HELPEROBJECT {
	*NODE_NAME "ZS_SWORD"
	*NODE_PARENT "Bip01 Spine"
	*NODE_TM {
		*NODE_NAME "ZS_SWORD"
		*TM_ROW0 -0.103765	-0.493366	0.863611
		*TM_ROW1 0.0576065	-0.869821	-0.489992
		*TM_ROW2 0.992932	-0.00109431	0.118678
		*TM_ROW3 29.1669	-4.3507	116.705
		*TM_POS 29.1669	-4.3507	116.705
		*TM_ROTAXIS -0.653717	0.172919	-0.736718
		*TM_ROTANGLE 3.52484
		*TM_SCALE 1	1	1
		*TM_SCALEAXIS 0	0	0
		*TM_SCALEAXISANG 0	0	0
	}
}
*HELPEROBJECT {
	*NODE_NAME "ZS_LONGSWORD"
	*NODE_PARENT "Bip01 Spine"
	*NODE_TM {
		*NODE_NAME "ZS_LONGSWORD"
		*TM_ROW0 -0.103765	-0.493366	0.863611
		*TM_ROW1 0.0576065	-0.869821	-0.489992
		*TM_ROW2 0.992932	-0.00109431	0.118678
		*TM_ROW3 29.1669	-4.3507	116.705
		*TM_POS 29.1669	-4.3507	116.705
		*TM_ROTAXIS -0.653717	0.172919	-0.736718
		*TM_ROTANGLE 3.52484
		*TM_SCALE 1	1	1
		*TM_SCALEAXIS 0	0	0
		*TM_SCALEAXISANG 0	0	0
	}
}
*HELPEROBJECT {
	*NODE_NAME "Dummy"
	*NODE_PARENT "Bip01 Head"
	*NODE_TM {
		*NODE_NAME "Dummy"
		*TM_ROW0 -1	-0	0
		*TM_ROW1 -0	-1	0
		*TM_ROW2 -0	-0	1
		*TM_ROW3 3.30001e-005	-24.8086	191.496
		*TM_POS 3.30001e-005	-24.8086	191.496
		*TM_ROTAXIS 0	0	-1
		*TM_ROTANGLE 3.14159
		*TM_SCALE 1	1	1
		*TM_SCALEAXIS 0	0	0
		*TM_SCALEAXISANG 0	0	0
	}
}
*HELPEROBJECT {
	*NODE_NAME "Dummy1"
	*NODE_PARENT "Bip01 R Finger0"
	*NODE_TM {
		*NODE_NAME "Dummy1"
		*TM_ROW0 -1	-0	0
		*TM_ROW1 -0	-1	0
		*TM_ROW2 -0	-0	1
		*TM_ROW3 -66.2294	-41.5479	52.2849
		*TM_POS -66.2294	-41.5479	52.2849
		*TM_ROTAXIS 0	0	-1
		*TM_ROTANGLE 3.14159
		*TM_SCALE 1	1	1
		*TM_SCALEAXIS 0	0	0
		*TM_SCALEAXISANG 0	0	0
	}
}
*HELPEROBJECT {
	*NODE_NAME "Dummy2"
	*NODE_PARENT "Bip01 L Finger0"
	*NODE_TM {
		*NODE_NAME "Dummy2"
		*TM_ROW0 -1	-0	0
		*TM_ROW1 -0	-1	0
		*TM_ROW2 -0	-0	1
		*TM_ROW3 67.479	-28.9601	45.8638
		*TM_POS 67.479	-28.9601	45.8638
		*TM_ROTAXIS 0	0	-1
		*TM_ROTANGLE 3.14159
		*TM_SCALE 1	1	1
		*TM_SCALEAXIS 0	0	0
		*TM_SCALEAXISANG 0	0	0
	}
}
*HELPEROBJECT {
	*NODE_NAME "Dummy3"
	*NODE_PARENT "Bip01 L Toe0"
	*NODE_TM {
		*NODE_NAME "Dummy3"
		*TM_ROW0 -1	-0	0
		*TM_ROW1 -0	-1	0
		*TM_ROW2 -0	-0	1
		*TM_ROW3 33.8842	-54.2137	-8.97171
		*TM_POS 33.8842	-54.2137	-8.97171
		*TM_ROTAXIS 0	0	-1
		*TM_ROTANGLE 3.14159
		*TM_SCALE 1	1	1
		*TM_SCALEAXIS 0	0	0
		*TM_SCALEAXISANG 0	0	0
	}
}
*HELPEROBJECT {
	*NODE_NAME "Dummy4"
	*NODE_PARENT "Bip01 R Toe0"
	*NODE_TM {
		*NODE_NAME "Dummy4"
		*TM_ROW0 -1	-0	0
		*TM_ROW1 -0	-1	0
		*TM_ROW2 -0	-0	1
		*TM_ROW3 -33.8841	-54.2138	-8.9717
		*TM_POS -33.8841	-54.2138	-8.9717
		*TM_ROTAXIS 0	0	-1
		*TM_ROTANGLE 3.14159
		*TM_SCALE 1	1	1
		*TM_SCALEAXIS 0	0	0
		*TM_SCALEAXISANG 0	0	0
	}
}
*GEOMOBJECT {
	*NODE_NAME "zm_Skin"
	*NODE_PARENT "Bip01"
	*NODE_TM {
		*NODE_NAME "zm_Skin"
		*TM_ROW0 -1	-0	0
		*TM_ROW1 -0	-1	0
		*TM_ROW2 -0	-0	1
		*TM_ROW3 -0	-0	0
		*TM_POS -0	-0	0
		*TM_ROTAXIS 0	0	-1
		*TM_ROTANGLE 3.14159
		*TM_SCALE 1	1	1
		*TM_SCALEAXIS 0	0	0
		*TM_SCALEAXISANG 0	0	0
	}
	*MATERIAL_REF 0
	*MESH_SOFTSKIN {
		*TIMEVALUE 0
		*MESH_NUMVERTEX 313
		*MESH_NUMFACES 500
		*MESH_VERTEX_LIST {
			*MESH_VERTEX 0	23.5832	15.9804	35.3786
			*MESH_VERTEX 1	34.0534	-8.65841	145.503
			*MESH_VERTEX 2	-43.9348	-3.81795	186.606
			*MESH_VERTEX 3	-10.4036	-17.7955	64.409
			*MESH_VERTEX 4	-13.7363	17.0271	99.3426
			*MESH_VERTEX 5	-71.8701	-14.4834	72.8329
			*MESH_VERTEX 6	-41.9629	-1.21398	114.758
			*MESH_VERTEX 7	42.4503	-31.1016	2.39663
			*MESH_VERTEX 8	32.8704	-20.6512	66.2667
			*MESH_VERTEX 9	-22.736	-40.5268	1.28088
			*MESH_VERTEX 10	-36.5547	5.16841	1.00657
			*MESH_VERTEX 11	72.1538	-4.78734	69.9477
			*MESH_VERTEX 12	34.6544	13.835	173.718
			*MESH_VERTEX 13	15.3185	-16.9932	106.568
			*MESH_VERTEX 14	57.6108	-28.0102	65.3952
			*MESH_VERTEX 15	-35.2216	14.0098	174.653
			*MESH_VERTEX 16	-54.6705	-0.192362	140.042
			*MESH_VERTEX 17	-68.5004	-38.4442	77.9647
			*MESH_VERTEX 18	11.6268	-12.8096	58.9962
			*MESH_VERTEX 19	-11.5945	-12.8096	58.9962
			*MESH_VERTEX 20	27.7208	-12.6881	164.581
			*MESH_VERTEX 21	0.016198	-22.0764	96.5207
			*MESH_VERTEX 22	-15.2861	-16.9932	106.568
			*MESH_VERTEX 23	41.3651	2.60922	133.836
			*MESH_VERTEX 24	43.8484	-4.06534	186.796
			*MESH_VERTEX 25	0.016085	-19.5276	48.7432
			*MESH_VERTEX 26	-10.5507	0.847031	1.80483
			*MESH_VERTEX 27	1.22184	-37.706	181.799
			*MESH_VERTEX 28	-26.9307	-11.7452	164.574
			*MESH_VERTEX 29	-26.6939	-4.85728	114.695
			*MESH_VERTEX 30	-32.8587	-20.5996	65.955
			*MESH_VERTEX 31	-21.7999	-32.7126	63.3438
			*MESH_VERTEX 32	-13.2715	0.431034	35.359
			*MESH_VERTEX 33	-21.6523	2.94226	60.7409
			*MESH_VERTEX 34	13.7687	17.0271	99.3425
			*MESH_VERTEX 35	-13.8618	-16.2173	199.79
			*MESH_VERTEX 36	12.686	-26.8079	190.868
			*MESH_VERTEX 37	-55.0222	21.0899	115.075
			*MESH_VERTEX 38	0.016202	-2.58556	98.4692
			*MESH_VERTEX 39	11.465	5.28739	18.3483
			*MESH_VERTEX 40	-23.4074	-9.28749	32.9992
			*MESH_VERTEX 41	-22.8388	3.89979	74.6951
			*MESH_VERTEX 42	21.6469	-20.17	147.444
			*MESH_VERTEX 43	10.3984	-17.8607	64.9779
			*MESH_VERTEX 44	23.2614	-10.4069	69.3675
			*MESH_VERTEX 45	54.8599	-0.251203	139.341
			*MESH_VERTEX 46	69.6332	-29.2346	71.8151
			*MESH_VERTEX 47	54.095	23.9304	116.487
			*MESH_VERTEX 48	23.4346	-9.28805	32.9978
			*MESH_VERTEX 49	33.017	-1.4978	37.2613
			*MESH_VERTEX 50	36.5857	5.17384	1.00661
			*MESH_VERTEX 51	9.18408	-22.6509	1.1727
			*MESH_VERTEX 52	-21.6141	-20.1699	147.442
			*MESH_VERTEX 53	-1.2973	-11.5346	209.029
			*MESH_VERTEX 54	-56.3721	-37.5257	71.6312
			*MESH_VERTEX 55	-50.8019	-36.6117	93.0957
			*MESH_VERTEX 56	-32.9824	-1.49369	37.2553
			*MESH_VERTEX 57	-45.6102	-12.6387	1.84898
			*MESH_VERTEX 58	17.9476	14.1485	144.652
			*MESH_VERTEX 59	-58.891	-19.8396	71.5464
			*MESH_VERTEX 60	43.9596	-15.3842	168.026
			*MESH_VERTEX 61	22.8671	3.91394	74.6846
			*MESH_VERTEX 62	-38.4236	-12.284	56.6379
			*MESH_VERTEX 63	-43.0946	-15.6131	167.756
			*MESH_VERTEX 64	15.6047	19.2086	170.352
			*MESH_VERTEX 65	12.3905	-14.3323	200.438
			*MESH_VERTEX 66	-1.15071	-4.67536	199.19
			*MESH_VERTEX 67	-18.9464	-8.6038	193.448
			*MESH_VERTEX 68	-14.3795	10.1047	193.973
			*MESH_VERTEX 69	-53.881	-2.69848	169.746
			*MESH_VERTEX 70	10.5817	0.852491	1.80482
			*MESH_VERTEX 71	22.767	-40.5213	1.2809
			*MESH_VERTEX 72	-9.15309	-22.6564	1.17271
			*MESH_VERTEX 73	-66.015	-21.4317	102.823
			*MESH_VERTEX 74	-53.3337	-20.2709	100.584
			*MESH_VERTEX 75	22.6127	-25.3753	93.6204
			*MESH_VERTEX 76	26.7238	-4.84693	114.698
			*MESH_VERTEX 77	-17.8381	18.5685	113.059
			*MESH_VERTEX 78	-21.0272	-27.7247	154.374
			*MESH_VERTEX 79	21.832	-32.7127	63.3448
			*MESH_VERTEX 80	59.3628	-10.3477	67.6724
			*MESH_VERTEX 81	51.6037	25.0392	142.832
			*MESH_VERTEX 82	67.6181	6.66948	123.137
			*MESH_VERTEX 83	-59.3942	-6.32754	85.5687
			*MESH_VERTEX 84	-69.8797	-4.35467	91.7774
			*MESH_VERTEX 85	-51.7184	25.2143	142.353
			*MESH_VERTEX 86	-67.7803	4.41983	124.444
			*MESH_VERTEX 87	51.2747	-29.9106	86.601
			*MESH_VERTEX 88	-24.6637	14.1512	19.3616
			*MESH_VERTEX 89	-42.4193	-31.107	2.39658
			*MESH_VERTEX 90	66.3859	-16.5666	98.5702
			*MESH_VERTEX 91	54.1443	-14.8785	96.5763
			*MESH_VERTEX 92	-23.414	-9.99036	66.721
			*MESH_VERTEX 93	17.8707	18.5685	113.059
			*MESH_VERTEX 94	0.0165177	-27.462	173.086
			*MESH_VERTEX 95	41.7726	26.4034	137.13
			*MESH_VERTEX 96	41.7271	1.36862	113.472
			*MESH_VERTEX 97	21.0601	-27.7248	154.373
			*MESH_VERTEX 98	-7.97937	-2.89575	90.9849
			*MESH_VERTEX 99	-8.1101	-21.112	80.1916
			*MESH_VERTEX 100	56.3061	-13.8917	122.474
			*MESH_VERTEX 101	18.997	-7.97456	193.778
			*MESH_VERTEX 102	15.7387	-17.6281	181.291
			*MESH_VERTEX 103	-41.9362	26.4653	136.412
			*MESH_VERTEX 104	-41.1759	2.53469	134.617
			*MESH_VERTEX 105	-55.52	-15.6559	126.266
			*MESH_VERTEX 106	-11.9441	-28.3222	190.082
			*MESH_VERTEX 107	21.6843	2.9395	60.7417
			*MESH_VERTEX 108	45.6412	-12.6333	1.84905
			*MESH_VERTEX 109	-30.0492	-24.4372	15.0276
			*MESH_VERTEX 110	38.4556	-12.2861	56.6384
			*MESH_VERTEX 111	30.6956	-13.9808	176.091
			*MESH_VERTEX 112	-33.9659	-8.3279	145.434
			*MESH_VERTEX 113	0.016205	12.1964	99.9563
			*MESH_VERTEX 114	71.0018	1.68947	89.6762
			*MESH_VERTEX 115	30.2922	2.43371	103.953
			*MESH_VERTEX 116	-15.5735	18.9257	170.551
			*MESH_VERTEX 117	-17.9147	14.1484	144.652
			*MESH_VERTEX 118	36.5419	3.86111	16.767
			*MESH_VERTEX 119	-27.7552	4.27001	155.43
			*MESH_VERTEX 120	-23.7382	-19.7709	125.917
			*MESH_VERTEX 121	0.0164747	14.9808	154.155
			*MESH_VERTEX 122	0.0164195	-26.2101	155.306
			*MESH_VERTEX 123	11.5126	-2.05487	76.0205
			*MESH_VERTEX 124	8.00859	-2.8234	90.9574
			*MESH_VERTEX 125	0.0163827	-32.8155	135.963
			*MESH_VERTEX 126	60.0084	1.3052	83.6075
			*MESH_VERTEX 127	-36.5108	3.85565	16.767
			*MESH_VERTEX 128	-23.5412	15.9817	35.3771
			*MESH_VERTEX 129	14.4128	10.1046	193.973
			*MESH_VERTEX 130	8.14435	-21.0989	80.1956
			*MESH_VERTEX 131	-26.4229	-9.21239	21.1663
			*MESH_VERTEX 132	-30.2178	2.63627	103.765
			*MESH_VERTEX 133	-22.5717	-25.3998	93.6156
			*MESH_VERTEX 134	0.0162462	-23.1013	111.985
			*MESH_VERTEX 135	30.0804	-24.4317	15.0276
			*MESH_VERTEX 136	26.4541	-9.20691	21.1663
			*MESH_VERTEX 137	29.1811	1.55462	154.032
			*MESH_VERTEX 138	26.2252	-5.56601	166.253
			*MESH_VERTEX 139	39.2344	-12.7875	160.268
			*MESH_VERTEX 140	-11.4201	5.25298	18.3266
			*MESH_VERTEX 141	13.3077	0.433031	35.3533
			*MESH_VERTEX 142	24.7287	14.1517	19.3664
			*MESH_VERTEX 143	46.9288	8.87353	174.722
			*MESH_VERTEX 144	34.2665	-11.4461	80.5081
			*MESH_VERTEX 145	23.7709	-19.7709	125.917
			*MESH_VERTEX 146	53.8271	-2.14277	169.983
			*MESH_VERTEX 147	52.9771	-2.07699	155.438
			*MESH_VERTEX 148	-30.033	-13.3885	176.446
			*MESH_VERTEX 149	0.0162769	-31.508	117.975
			*MESH_VERTEX 150	26.0066	-5.85347	122.991
			*MESH_VERTEX 151	16.2882	-19.4481	115.598
			*MESH_VERTEX 152	-11.4812	-2.06558	76.0274
			*MESH_VERTEX 153	16.4998	-24.2699	11.8493
			*MESH_VERTEX 154	-16.4687	-24.2754	11.8493
			*MESH_VERTEX 155	-26.0033	-4.74017	166.394
			*MESH_VERTEX 156	-38.8199	-12.6108	160.043
			*MESH_VERTEX 157	-53.0104	-2.04821	155.208
			*MESH_VERTEX 158	-47.1004	-9.67514	147.832
			*MESH_VERTEX 159	-56.1631	11.99	143.031
			*MESH_VERTEX 160	6.73896	-25.1269	173.568
			*MESH_VERTEX 161	-16.2557	-19.4481	115.598
			*MESH_VERTEX 162	-25.974	-5.85239	122.991
			*MESH_VERTEX 163	0.0162867	18.0084	115.277
			*MESH_VERTEX 164	-47.4966	8.4416	174.809
			*MESH_VERTEX 165	56.1636	11.7994	143.063
			*MESH_VERTEX 166	47.1724	-9.88305	148.078
			*MESH_VERTEX 167	-15.842	-17.4103	180.325
			*MESH_VERTEX 168	6.70402	-12.2224	54.368
			*MESH_VERTEX 169	-6.67203	-12.2204	54.3675
			*MESH_VERTEX 170	-7.15386	-24.5021	172.103
			*MESH_VERTEX 171	-51.4888	15.1461	162.283
			*MESH_VERTEX 172	-34.9695	19.1628	159.762
			*MESH_VERTEX 173	-14.7694	-28.5981	125.892
			*MESH_VERTEX 174	14.8021	-28.5982	125.892
			*MESH_VERTEX 175	-70.6952	-32.2999	89.9948
			*MESH_VERTEX 176	71.2134	-24.9143	84.4647
			*MESH_VERTEX 177	-33.4128	-1.52029	189.574
			*MESH_VERTEX 178	-29.4539	9.64446	184.177
			*MESH_VERTEX 179	51.1608	15.2201	162.21
			*MESH_VERTEX 180	-34.2315	-11.4624	80.5171
			*MESH_VERTEX 181	25.4977	-2.07406	142.748
			*MESH_VERTEX 182	17.5439	11.3252	131.033
			*MESH_VERTEX 183	33.4741	-1.40767	189.584
			*MESH_VERTEX 184	29.5034	9.68847	183.905
			*MESH_VERTEX 185	17.4814	-28.2768	168.828
			*MESH_VERTEX 186	0.0164866	-25.5117	168.18
			*MESH_VERTEX 187	-17.5112	11.3252	131.033
			*MESH_VERTEX 188	21.3795	-30.0241	73.6286
			*MESH_VERTEX 189	-21.3469	-30.0311	73.6196
			*MESH_VERTEX 190	-17.4739	-27.9187	169.047
			*MESH_VERTEX 191	0.147462	9.90511	188.479
			*MESH_VERTEX 192	-21.8512	-23.8883	46.3622
			*MESH_VERTEX 193	21.8831	-23.891	46.3635
			*MESH_VERTEX 194	40.8007	-15.6284	11.6476
			*MESH_VERTEX 195	-40.7696	-15.6339	11.6475
			*MESH_VERTEX 196	34.6385	18.9898	159.42
			*MESH_VERTEX 197	27.4589	-7.90166	130.555
			*MESH_VERTEX 198	-25.4763	-2.12069	142.751
			*MESH_VERTEX 199	-27.4263	-7.90161	130.555
			*MESH_VERTEX 200	0.0163439	13.7747	131.562
			*MESH_VERTEX 201	11.9233	-28.234	137.661
			*MESH_VERTEX 202	-11.8905	-28.234	137.661
			*MESH_VERTEX 203	-17.3382	-23.4994	139.646
			*MESH_VERTEX 204	17.371	-23.4995	139.645
			*MESH_VERTEX 205	-23.3122	8.35925	45.0459
			*MESH_VERTEX 206	23.3442	8.35985	45.0427
			*MESH_VERTEX 207	21.0484	-23.1754	151.13
			*MESH_VERTEX 208	-21.0156	-23.1754	151.13
			*MESH_VERTEX 209	-17.126	13.2505	122.856
			*MESH_VERTEX 210	17.1586	13.2504	122.856
			*MESH_VERTEX 211	-24.1957	-11.8354	154.658
			*MESH_VERTEX 212	24.4581	-14.1225	155.076
			*MESH_VERTEX 213	24.5827	-5.07993	214.358
			*MESH_VERTEX 214	30.1696	2.12708	204.129
			*MESH_VERTEX 215	24.0272	-6.4854	204.87
			*MESH_VERTEX 216	15.3766	-23.16	222.66
			*MESH_VERTEX 217	21.601	-11.2596	219.551
			*MESH_VERTEX 218	18.6223	-19.5494	214.237
			*MESH_VERTEX 219	29.2135	9.32416	213.056
			*MESH_VERTEX 220	30.1237	16.6907	208.968
			*MESH_VERTEX 221	31.8753	10.284	204.03
			*MESH_VERTEX 222	30.1655	2.12836	204.128
			*MESH_VERTEX 223	27.1114	1.82129	215.633
			*MESH_VERTEX 224	14.9163	-17.7409	227.569
			*MESH_VERTEX 225	27.109	1.822	215.633
			*MESH_VERTEX 226	29.2143	9.32391	213.056
			*MESH_VERTEX 227	31.8815	10.2821	204.032
			*MESH_VERTEX 228	30.1288	16.6891	208.97
			*MESH_VERTEX 229	-22.4026	-9.55176	220.689
			*MESH_VERTEX 230	-28.0092	1.80868	214.464
			*MESH_VERTEX 231	-23.4728	-3.66773	224.894
			*MESH_VERTEX 232	-22.4067	-9.55286	220.688
			*MESH_VERTEX 233	-28.0051	1.80993	214.463
			*MESH_VERTEX 234	-23.3962	-6.88365	211.36
			*MESH_VERTEX 235	-20.0361	-15.2209	209.277
			*MESH_VERTEX 236	-18.7339	-19.3086	209.695
			*MESH_VERTEX 237	-17.7197	-21.7829	204.755
			*MESH_VERTEX 238	-23.4752	-3.66837	224.894
			*MESH_VERTEX 239	-24.5386	4.3101	225.827
			*MESH_VERTEX 240	15.1967	-9.89705	229.498
			*MESH_VERTEX 241	20.4415	-4.17983	223.614
			*MESH_VERTEX 242	-24.5395	4.30984	225.828
			*MESH_VERTEX 243	-28.2308	9.27499	217.962
			*MESH_VERTEX 244	16.5197	-27.6046	210.371
			*MESH_VERTEX 245	15.4294	-31.7065	209.983
			*MESH_VERTEX 246	15.9369	-33.6511	204.665
			*MESH_VERTEX 247	-17.42	-21.5557	210.181
			*MESH_VERTEX 248	-16.4831	-18.0751	225.039
			*MESH_VERTEX 249	-17.7428	-17.7087	211.987
			*MESH_VERTEX 250	-23.3967	-6.88385	211.36
			*MESH_VERTEX 251	-20.0331	-15.2201	209.277
			*MESH_VERTEX 252	-18.7286	-19.3071	209.696
			*MESH_VERTEX 253	-17.4255	-21.5563	210.182
			*MESH_VERTEX 254	-16.4874	-18.0757	225.039
			*MESH_VERTEX 255	-17.7459	-17.709	211.987
			*MESH_VERTEX 256	15.4347	-31.7079	209.984
			*MESH_VERTEX 257	15.3806	-23.1611	222.66
			*MESH_VERTEX 258	16.5227	-27.6053	210.372
			*MESH_VERTEX 259	-18.5138	-11.2287	218.442
			*MESH_VERTEX 260	-20.1789	-4.85949	226.346
			*MESH_VERTEX 261	-15.2963	-14.8764	231.523
			*MESH_VERTEX 262	-14.2079	-8.27946	236.065
			*MESH_VERTEX 263	19.3685	-14.5093	206.443
			*MESH_VERTEX 264	17.7109	-17.9088	208.527
			*MESH_VERTEX 265	15.4632	-22.0112	205.11
			*MESH_VERTEX 266	-18.5144	-11.2289	218.442
			*MESH_VERTEX 267	-17.9817	-21.4141	204.526
			*MESH_VERTEX 268	24.5867	-5.08156	214.359
			*MESH_VERTEX 269	24.0267	-6.48517	204.87
			*MESH_VERTEX 270	19.3713	-14.5106	206.443
			*MESH_VERTEX 271	17.7158	-17.911	208.527
			*MESH_VERTEX 272	15.4677	-22.0132	205.11
			*MESH_VERTEX 273	16.3004	-20.3242	204.321
			*MESH_VERTEX 274	-20.1829	-4.86077	226.348
			*MESH_VERTEX 275	-15.2939	-14.8758	231.522
			*MESH_VERTEX 276	-14.2087	-8.27976	236.065
			*MESH_VERTEX 277	-17.9432	0.0205774	232.604
			*MESH_VERTEX 278	-17.7148	-21.7816	204.755
			*MESH_VERTEX 279	18.6218	-19.5492	214.237
			*MESH_VERTEX 280	21.5973	-11.2583	219.549
			*MESH_VERTEX 281	14.9185	-17.7416	227.57
			*MESH_VERTEX 282	15.196	-9.89675	229.497
			*MESH_VERTEX 283	20.436	-4.17779	223.611
			*MESH_VERTEX 284	14.9465	-1.52784	229.731
			*MESH_VERTEX 285	15.813	-1.10972	228.419
			*MESH_VERTEX 286	-28.2246	9.27684	217.96
			*MESH_VERTEX 287	-17.9493	0.0187109	232.607
			*MESH_VERTEX 288	-12.414	-0.723251	239.197
			*MESH_VERTEX 289	-13.112	0.28113	238.123
			*MESH_VERTEX 290	30.3422	16.2496	207.475
			*MESH_VERTEX 291	30.348	16.2478	207.477
			*MESH_VERTEX 292	16.4027	-31.7385	205.059
			*MESH_VERTEX 293	-24.6518	12.6531	225.316
			*MESH_VERTEX 294	-25.1512	12.9165	223.75
			*MESH_VERTEX 295	-18.3433	-19.8546	204.773
			*MESH_VERTEX 296	-24.6569	12.6515	225.317
			*MESH_VERTEX 297	-25.1571	12.9147	223.751
			*MESH_VERTEX 298	-18.3395	-19.8536	204.774
			*MESH_VERTEX 299	-17.9867	-21.4147	204.526
			*MESH_VERTEX 300	-12.409	-0.721636	239.195
			*MESH_VERTEX 301	-13.1064	0.282853	238.121
			*MESH_VERTEX 302	-18.1065	-19.7024	205.568
			*MESH_VERTEX 303	-18.1025	-19.702	205.567
			*MESH_VERTEX 304	15.9417	-33.6524	204.666
			*MESH_VERTEX 305	16.4065	-31.7395	205.06
			*MESH_VERTEX 306	14.9511	-1.52959	229.734
			*MESH_VERTEX 307	15.8182	-1.11162	228.422
			*MESH_VERTEX 308	16.2968	-20.3226	204.321
			*MESH_VERTEX 309	23.309	-16.0015	46.4718
			*MESH_VERTEX 310	59.4715	-2.8168	98.6352
			*MESH_VERTEX 311	-23.2771	-15.9989	46.4711
			*MESH_VERTEX 312	-59.7177	-8.31976	101.118
		}
		*MESH_FACE_LIST {
			*MESH_FACE    0:    A:    187 B:    198 C:    117 AB:    1 BC:    1 CA:    1	 *MESH_SMOOTHING 1 	*MESH_MTLID 0
			*MESH_FACE    1:    A:    199 B:    198 C:    187 AB:    1 BC:    1 CA:    1	 *MESH_SMOOTHING 1 	*MESH_MTLID 0
			*MESH_FACE    2:    A:    182 B:    150 C:    210 AB:    1 BC:    1 CA:    1	 *MESH_SMOOTHING 1 	*MESH_MTLID 0
			*MESH_FACE    3:    A:    42 B:    197 C:    181 AB:    1 BC:    1 CA:    1	 *MESH_SMOOTHING 1 	*MESH_MTLID 0
			*MESH_FACE    4:    A:    102 B:    111 C:    183 AB:    1 BC:    1 CA:    1	 *MESH_SMOOTHING 1 	*MESH_MTLID 0
			*MESH_FACE    5:    A:    76 B:    151 C:    13 AB:    1 BC:    1 CA:    1	 *MESH_SMOOTHING 1 	*MESH_MTLID 0
			*MESH_FACE    6:    A:    125 B:    149 C:    174 AB:    1 BC:    1 CA:    1	 *MESH_SMOOTHING 1 	*MESH_MTLID 0
			*MESH_FACE    7:    A:    15 B:    178 C:    116 AB:    1 BC:    1 CA:    1	 *MESH_SMOOTHING 1 	*MESH_MTLID 0
			*MESH_FACE    8:    A:    106 B:    170 C:    94 AB:    1 BC:    1 CA:    1	 *MESH_SMOOTHING 1 	*MESH_MTLID 0
			*MESH_FACE    9:    A:    18 B:    25 C:    21 AB:    1 BC:    1 CA:    1	 *MESH_SMOOTHING 1 	*MESH_MTLID 0
			*MESH_FACE    10:    A:    25 B:    18 C:    13 AB:    1 BC:    1 CA:    1	 *MESH_SMOOTHING 1 	*MESH_MTLID 0
			*MESH_FACE    11:    A:    13 B:    21 C:    25 AB:    1 BC:    1 CA:    1	 *MESH_SMOOTHING 1 	*MESH_MTLID 0
			*MESH_FACE    12:    A:    18 B:    21 C:    13 AB:    1 BC:    1 CA:    1	 *MESH_SMOOTHING 1 	*MESH_MTLID 0
			*MESH_FACE    13:    A:    151 B:    134 C:    13 AB:    1 BC:    1 CA:    1	 *MESH_SMOOTHING 1 	*MESH_MTLID 0
			*MESH_FACE    14:    A:    21 B:    22 C:    25 AB:    1 BC:    1 CA:    1	 *MESH_SMOOTHING 1 	*MESH_MTLID 0
			*MESH_FACE    15:    A:    21 B:    19 C:    22 AB:    1 BC:    1 CA:    1	 *MESH_SMOOTHING 1 	*MESH_MTLID 0
			*MESH_FACE    16:    A:    13 B:    21 C:    38 AB:    1 BC:    1 CA:    1	 *MESH_SMOOTHING 1 	*MESH_MTLID 0
			*MESH_FACE    17:    A:    149 B:    125 C:    173 AB:    1 BC:    1 CA:    1	 *MESH_SMOOTHING 1 	*MESH_MTLID 0
			*MESH_FACE    18:    A:    19 B:    25 C:    22 AB:    1 BC:    1 CA:    1	 *MESH_SMOOTHING 1 	*MESH_MTLID 0
			*MESH_FACE    19:    A:    25 B:    19 C:    21 AB:    1 BC:    1 CA:    1	 *MESH_SMOOTHING 1 	*MESH_MTLID 0
			*MESH_FACE    20:    A:    106 B:    167 C:    170 AB:    1 BC:    1 CA:    1	 *MESH_SMOOTHING 1 	*MESH_MTLID 0
			*MESH_FACE    21:    A:    183 B:    129 C:    101 AB:    1 BC:    1 CA:    1	 *MESH_SMOOTHING 1 	*MESH_MTLID 0
			*MESH_FACE    22:    A:    199 B:    52 C:    198 AB:    1 BC:    1 CA:    1	 *MESH_SMOOTHING 1 	*MESH_MTLID 0
			*MESH_FACE    23:    A:    134 B:    161 C:    22 AB:    1 BC:    1 CA:    1	 *MESH_SMOOTHING 1 	*MESH_MTLID 0
			*MESH_FACE    24:    A:    200 B:    163 C:    209 AB:    1 BC:    1 CA:    1	 *MESH_SMOOTHING 1 	*MESH_MTLID 0
			*MESH_FACE    25:    A:    148 B:    167 C:    177 AB:    1 BC:    1 CA:    1	 *MESH_SMOOTHING 1 	*MESH_MTLID 0
			*MESH_FACE    26:    A:    27 B:    94 C:    36 AB:    1 BC:    1 CA:    1	 *MESH_SMOOTHING 1 	*MESH_MTLID 0
			*MESH_FACE    27:    A:    21 B:    22 C:    38 AB:    1 BC:    1 CA:    1	 *MESH_SMOOTHING 1 	*MESH_MTLID 0
			*MESH_FACE    28:    A:    137 B:    138 C:    212 AB:    1 BC:    1 CA:    1	 *MESH_SMOOTHING 1 	*MESH_MTLID 0
			*MESH_FACE    29:    A:    185 B:    111 C:    102 AB:    1 BC:    1 CA:    1	 *MESH_SMOOTHING 1 	*MESH_MTLID 0
			*MESH_FACE    30:    A:    155 B:    119 C:    211 AB:    1 BC:    1 CA:    1	 *MESH_SMOOTHING 1 	*MESH_MTLID 0
			*MESH_FACE    31:    A:    148 B:    190 C:    167 AB:    1 BC:    1 CA:    1	 *MESH_SMOOTHING 1 	*MESH_MTLID 0
			*MESH_FACE    32:    A:    68 B:    177 C:    67 AB:    1 BC:    1 CA:    1	 *MESH_SMOOTHING 1 	*MESH_MTLID 0
			*MESH_FACE    33:    A:    181 B:    197 C:    182 AB:    1 BC:    1 CA:    1	 *MESH_SMOOTHING 1 	*MESH_MTLID 0
			*MESH_FACE    34:    A:    184 B:    12 C:    64 AB:    1 BC:    1 CA:    1	 *MESH_SMOOTHING 1 	*MESH_MTLID 0
			*MESH_FACE    35:    A:    12 B:    58 C:    64 AB:    1 BC:    1 CA:    1	 *MESH_SMOOTHING 1 	*MESH_MTLID 0
			*MESH_FACE    36:    A:    121 B:    200 C:    187 AB:    1 BC:    1 CA:    1	 *MESH_SMOOTHING 1 	*MESH_MTLID 0
			*MESH_FACE    37:    A:    183 B:    101 C:    102 AB:    1 BC:    1 CA:    1	 *MESH_SMOOTHING 1 	*MESH_MTLID 0
			*MESH_FACE    38:    A:    53 B:    66 C:    35 AB:    1 BC:    1 CA:    1	 *MESH_SMOOTHING 1 	*MESH_MTLID 0
			*MESH_FACE    39:    A:    66 B:    53 C:    65 AB:    1 BC:    1 CA:    1	 *MESH_SMOOTHING 1 	*MESH_MTLID 0
			*MESH_FACE    40:    A:    67 B:    177 C:    167 AB:    1 BC:    1 CA:    1	 *MESH_SMOOTHING 1 	*MESH_MTLID 0
			*MESH_FACE    41:    A:    67 B:    35 C:    66 AB:    1 BC:    1 CA:    1	 *MESH_SMOOTHING 1 	*MESH_MTLID 0
			*MESH_FACE    42:    A:    67 B:    66 C:    68 AB:    1 BC:    1 CA:    1	 *MESH_SMOOTHING 1 	*MESH_MTLID 0
			*MESH_FACE    43:    A:    68 B:    191 C:    116 AB:    1 BC:    1 CA:    1	 *MESH_SMOOTHING 1 	*MESH_MTLID 0
			*MESH_FACE    44:    A:    28 B:    208 C:    78 AB:    1 BC:    1 CA:    1	 *MESH_SMOOTHING 1 	*MESH_MTLID 0
			*MESH_FACE    45:    A:    190 B:    122 C:    186 AB:    1 BC:    1 CA:    1	 *MESH_SMOOTHING 1 	*MESH_MTLID 0
			*MESH_FACE    46:    A:    122 B:    185 C:    186 AB:    1 BC:    1 CA:    1	 *MESH_SMOOTHING 1 	*MESH_MTLID 0
