*3DSMAX_ASCIIEXPORT	110
*COMMENT "[ GothicSourcer v3.14 ] - June 2007"
*SCENE {
	*SCENE_FILENAME "SHA_BODY.MAX"
	*SCENE_FIRSTFRAME 0
	*SCENE_LASTFRAME 100
	*SCENE_FRAMESPEED 25
	*SCENE_TICKSPERFRAME 192
	*SCENE_BACKGROUND_STATIC 0	0	0
	*SCENE_AMBIENT_STATIC 0.2	0.2	0.2
}
*MATERIAL_LIST {
	*MATERIAL_COUNT 1
	*MATERIAL 0 {
		*MATERIAL_NAME "SHADOWBEAST"
		*MATERIAL_CLASS "Standard"
		*MATERIAL_AMBIENT 0.278431	0.239216	0.215686
		*MATERIAL_DIFFUSE 0.278431	0.239216	0.215686
		*MATERIAL_SPECULAR 0.9	0.9	0.9
		*MATERIAL_SHINE 0.1
		*MATERIAL_SHINESTRENGTH 0
		*MATERIAL_TRANSPARENCY 0
		*MATERIAL_WIRESIZE 1
		*MATERIAL_SHADING Blinn
		*MATERIAL_XP_FALLOFF 0
		*MATERIAL_SELFILLUM 0
		*MATERIAL_FALLOFF In
		*MATERIAL_XP_TYPE Filter
		*MAP_DIFFUSE {
			*MAP_NAME "Map #1"
			*MAP_CLASS "Bitmap"
			*MAP_SUBNO 1
			*MAP_AMOUNT 1
			*BITMAP "SHA_BODY_V0.TGA"
			*MAP_TYPE Screen
			*UVW_U_OFFSET 0
			*UVW_V_OFFSET 0
			*UVW_U_TILING 1
			*UVW_V_TILING 1
			*UVW_ANGLE 0
			*UVW_BLUR 1
			*UVW_BLUR_OFFSET 0
			*UVW_NOUSE_AMT 1
			*UVW_NOISE_SIZE 1
			*UVW_NOISE_LEVEL 1
			*UVW_NOISE_PHASE 0
			*BITMAP_FILTER Pyramidal
		}
	}
}
*HELPEROBJECT {
	*NODE_NAME "Bip01"
	*NODE_TM {
		*NODE_NAME "Bip01"
		*TM_ROW0 6.27438e-006	-1	0
		*TM_ROW1 1	6.27438e-006	0
		*TM_ROW2 -0	-0	1
		*TM_ROW3 -0.10485	48.9101	109.914
		*TM_POS -0.10485	48.9101	109.914
		*TM_ROTAXIS 0	0	1
		*TM_ROTANGLE 1.57079
		*TM_SCALE 1	1	1
		*TM_SCALEAXIS 0	0	0
		*TM_SCALEAXISANG 0	0	0
	}
}
*HELPEROBJECT {
	*NODE_NAME "Bip01 Pelvis"
	*NODE_PARENT "Bip01"
	*NODE_TM {
		*NODE_NAME "Bip01 Pelvis"
		*TM_ROW0 -5.96046e-008	1.79264e-006	1
		*TM_ROW1 -1.79264e-006	-1	1.79264e-006
		*TM_ROW2 1	-1.79264e-006	-5.96046e-008
		*TM_ROW3 -0.10485	48.9102	109.914
		*TM_POS -0.10485	48.9102	109.914
		*TM_ROTAXIS 0.707107	0	0.707107
		*TM_ROTANGLE 3.1416
		*TM_SCALE 1	1	1
		*TM_SCALEAXIS 0	0	0
		*TM_SCALEAXISANG 0	0	0
	}
}
*HELPEROBJECT {
	*NODE_NAME "Bip01 Spine"
	*NODE_PARENT "Bip01 Pelvis"
	*NODE_TM {
		*NODE_NAME "Bip01 Spine"
		*TM_ROW0 -3.27826e-006	-0.989133	0.147021
		*TM_ROW1 -3.99351e-006	-0.147021	-0.989134
		*TM_ROW2 1	-3.99351e-006	-3.27826e-006
		*TM_ROW3 -0.10485	46.398	118.085
		*TM_POS -0.10485	46.398	118.085
		*TM_ROTAXIS 0.60372	-0.52062	0.60372
		*TM_ROTANGLE 2.18159
		*TM_SCALE 1	1	1
		*TM_SCALEAXIS 0	0	0
		*TM_SCALEAXISANG 0	0	0
	}
}
*HELPEROBJECT {
	*NODE_NAME "Bip01 Spine1"
	*NODE_PARENT "Bip01 Spine"
	*NODE_TM {
		*NODE_NAME "Bip01 Spine1"
		*TM_ROW0 -2.98023e-006	-0.991548	0.129739
		*TM_ROW1 -3.42727e-006	-0.129739	-0.991548
		*TM_ROW2 1	-3.42727e-006	-2.98023e-006
		*TM_ROW3 -0.1048	11.9059	123.247
		*TM_POS -0.1048	11.9059	123.247
		*TM_ROTAXIS 0.600806	-0.527317	0.600807
		*TM_ROTANGLE 2.17108
		*TM_SCALE 1	1	1
		*TM_SCALEAXIS 0	0	0
		*TM_SCALEAXISANG 0	0	0
	}
}
*HELPEROBJECT {
	*NODE_NAME "Bip01 Spine2"
	*NODE_PARENT "Bip01 Spine1"
	*NODE_TM {
		*NODE_NAME "Bip01 Spine2"
		*TM_ROW0 -2.98023e-006	-0.991548	0.129739
		*TM_ROW1 -3.42727e-006	-0.129739	-0.991548
		*TM_ROW2 1	-3.42727e-006	-2.98023e-006
		*TM_ROW3 -0.10474	-31.7779	129.008
		*TM_POS -0.10474	-31.7779	129.008
		*TM_ROTAXIS 0.600806	-0.527317	0.600806
		*TM_ROTANGLE 2.17108
		*TM_SCALE 1	1	1
		*TM_SCALEAXIS 0	0	0
		*TM_SCALEAXISANG 0	0	0
	}
}
*HELPEROBJECT {
	*NODE_NAME "Bip01 Neck"
	*NODE_PARENT "Bip01 Spine2"
	*NODE_TM {
		*NODE_NAME "Bip01 Neck"
		*TM_ROW0 -2.32458e-006	-0.994994	0.0999361
		*TM_ROW1 -2.6226e-006	-0.099936	-0.994994
		*TM_ROW2 1	-2.6226e-006	-2.32458e-006
		*TM_ROW3 -0.10467	-87.1394	136.272
		*TM_POS -0.10467	-87.1394	136.272
		*TM_ROTAXIS 0.595672	-0.538842	0.595672
		*TM_ROTANGLE 2.15313
		*TM_SCALE 1	1	1
		*TM_SCALEAXIS 0	0	0
		*TM_SCALEAXISANG 0	0	0
	}
}
*HELPEROBJECT {
	*NODE_NAME "Bip01 Neck1"
	*NODE_PARENT "Bip01 Neck"
	*NODE_TM {
		*NODE_NAME "Bip01 Neck1"
		*TM_ROW0 8.9407e-006	-0.997543	0.0700525
		*TM_ROW1 -8.61287e-006	-0.0700525	-0.997543
		*TM_ROW2 1	8.31485e-006	-9.17912e-006
		*TM_ROW3 -0.10463	-112.879	138.88
		*TM_POS -0.10463	-112.879	138.88
		*TM_ROTAXIS 0.590382	-0.550372	0.590372
		*TM_ROTANGLE 2.13534
		*TM_SCALE 1	1	1
		*TM_SCALEAXIS 0	0	0
		*TM_SCALEAXISANG 0	0	0
	}
}
*HELPEROBJECT {
	*NODE_NAME "Bip01 Head"
	*NODE_PARENT "Bip01 Neck1"
	*NODE_TM {
		*NODE_NAME "Bip01 Head"
		*TM_ROW0 0.00873983	1.7932e-006	0.999962
		*TM_ROW1 -1.78479e-006	-1	1.7815e-006
		*TM_ROW2 0.999962	-1.80054e-006	-0.00873965
		*TM_ROW3 -0.10459	-141.302	140.876
		*TM_POS -0.10459	-141.302	140.876
		*TM_ROTAXIS 0.71019	2.95827e-009	0.70401
		*TM_ROTANGLE 3.1416
		*TM_SCALE 1	1	1
		*TM_SCALEAXIS 0	0	0
		*TM_SCALEAXISANG 0	0	0
	}
}
*HELPEROBJECT {
	*NODE_NAME "Bip01 Jaw"
	*NODE_PARENT "Bip01 Head"
	*NODE_TM {
		*NODE_NAME "Bip01 Jaw"
		*TM_ROW0 0.999962	5.52774e-008	-0.00872682
		*TM_ROW1 -0.000380738	0.999048	-0.0436205
		*TM_ROW2 0.00871851	0.0436222	0.99901
		*TM_ROW3 -0.11567	-122.897	127.621
		*TM_POS -0.11567	-122.897	127.621
		*TM_ROTAXIS 0.980579	-0.19608	-0.00427999
		*TM_ROTANGLE 0.0445015
		*TM_SCALE 1	1	1
		*TM_SCALEAXIS 0	0	0
		*TM_SCALEAXISANG 0	0	0
	}
}
*HELPEROBJECT {
	*NODE_NAME "Bip01 L Clavicle"
	*NODE_PARENT "Bip01 Neck"
	*NODE_TM {
		*NODE_NAME "Bip01 L Clavicle"
		*TM_ROW0 0.999822	-0.018715	0.00246013
		*TM_ROW1 3.68431e-006	0.130524	0.991445
		*TM_ROW2 -0.018876	-0.991268	0.130501
		*TM_ROW3 29.0202	-53.865	151.996
		*TM_POS 29.0202	-53.865	151.996
		*TM_ROTAXIS -0.999898	0.01076	0.00943998
		*TM_ROTANGLE 1.44
		*TM_SCALE 1	1	1
		*TM_SCALEAXIS 0	0	0
		*TM_SCALEAXISANG 0	0	0
	}
}
*HELPEROBJECT {
	*NODE_NAME "Bip01 L UpperArm"
	*NODE_PARENT "Bip01 L Clavicle"
	*NODE_TM {
		*NODE_NAME "Bip01 L UpperArm"
		*TM_ROW0 0.109588	0.0561348	-0.992391
		*TM_ROW1 0.00937204	0.998301	0.0575041
		*TM_ROW2 0.993933	-0.0156025	0.108876
		*TM_ROW3 49.7615	-54.2533	152.047
		*TM_POS 49.7615	-54.2533	152.047
		*TM_ROTAXIS -0.0367699	-0.999047	-0.0235199
		*TM_ROTANGLE 1.4622
		*TM_SCALE 1	1	1
		*TM_SCALEAXIS 0	0	0
		*TM_SCALEAXISANG 0	0	0
	}
}
*HELPEROBJECT {
	*NODE_NAME "Bip01 L Forearm"
	*NODE_PARENT "Bip01 L UpperArm"
	*NODE_TM {
		*NODE_NAME "Bip01 L Forearm"
		*TM_ROW0 0.101034	-0.261628	-0.959866
		*TM_ROW1 0.0434575	0.965043	-0.258465
		*TM_ROW2 0.993933	-0.0155997	0.108872
		*TM_ROW3 57.2928	-50.3951	83.8444
		*TM_POS 57.2928	-50.3951	83.8444
		*TM_ROTAXIS 0.1219	-0.980659	0.15313
		*TM_ROTANGLE 1.48321
		*TM_SCALE 1	1	1
		*TM_SCALEAXIS 0	0	0
		*TM_SCALEAXISANG 0	0	0
	}
}
*HELPEROBJECT {
	*NODE_NAME "Bip01 L Hand"
	*NODE_PARENT "Bip01 L Forearm"
	*NODE_TM {
		*NODE_NAME "Bip01 L Hand"
		*TM_ROW0 -0.0107088	-0.999678	-0.0230225
		*TM_ROW1 0.0110113	0.0229047	-0.999677
		*TM_ROW2 0.999882	-0.0109589	0.0107626
		*TM_ROW3 63.5006	-66.4704	24.8664
		*TM_POS 63.5006	-66.4704	24.8664
		*TM_ROTAXIS 0.566567	-0.586157	0.579157
		*TM_ROTANGLE 2.08119
		*TM_SCALE 1	1	1
		*TM_SCALEAXIS 0	0	0
		*TM_SCALEAXISANG 0	0	0
	}
}
*HELPEROBJECT {
	*NODE_NAME "Bip01 L Finger0"
	*NODE_PARENT "Bip01 L Hand"
	*NODE_TM {
		*NODE_NAME "Bip01 L Finger0"
		*TM_ROW0 -0.0107159	-0.999678	-0.0230249
		*TM_ROW1 0.0102225	0.0229155	-0.999685
		*TM_ROW2 0.99989	-0.0109479	0.00997363
		*TM_ROW3 62.9018	-122.354	23.5796
		*TM_POS 62.9018	-122.354	23.5796
		*TM_ROTAXIS 0.56672	-0.586311	0.578851
		*TM_ROTANGLE 2.08164
		*TM_SCALE 1	1	1
		*TM_SCALEAXIS 0	0	0
		*TM_SCALEAXISANG 0	0	0
	}
}
*HELPEROBJECT {
	*NODE_NAME "Bip01 R Clavicle"
	*NODE_PARENT "Bip01 Neck"
	*NODE_TM {
		*NODE_NAME "Bip01 R Clavicle"
		*TM_ROW0 -0.999955	-0.00935588	0.00123497
		*TM_ROW1 3.1353e-006	0.130535	0.991444
		*TM_ROW2 -0.00943704	0.991399	-0.130529
		*TM_ROW3 -29.2296	-53.8651	151.996
		*TM_POS -29.2296	-53.8651	151.996
		*TM_ROTAXIS -0.00311	0.751839	0.659339
		*TM_ROTANGLE 3.1345
		*TM_SCALE 1	1	1
		*TM_SCALEAXIS 0	0	0
		*TM_SCALEAXISANG 0	0	0
	}
}
*HELPEROBJECT {
	*NODE_NAME "Bip01 R UpperArm"
	*NODE_PARENT "Bip01 R Clavicle"
	*NODE_TM {
		*NODE_NAME "Bip01 R UpperArm"
		*TM_ROW0 -0.109601	0.0550877	-0.992448
		*TM_ROW1 -0.00949751	0.99836	0.0564647
		*TM_ROW2 0.99393	0.0156144	-0.108898
		*TM_ROW3 -49.9737	-54.0593	152.022
		*TM_POS -49.9737	-54.0593	152.022
		*TM_ROTAXIS -0.02055	-0.999261	-0.03249
		*TM_ROTANGLE 1.68109
		*TM_SCALE 1	1	1
		*TM_SCALEAXIS 0	0	0
		*TM_SCALEAXISANG 0	0	0
	}
}
*HELPEROBJECT {
	*NODE_NAME "Bip01 R Forearm"
	*NODE_PARENT "Bip01 R UpperArm"
	*NODE_TM {
		*NODE_NAME "Bip01 R Forearm"
		*TM_ROW0 -0.10097	-0.263608	-0.959331
		*TM_ROW1 -0.0436808	0.964504	-0.260432
		*TM_ROW2 0.99393	0.0156084	-0.108901
		*TM_ROW3 -57.5061	-50.2733	83.815
		*TM_POS -57.5061	-50.2733	83.815
		*TM_ROTAXIS 0.139071	-0.984064	0.1108
		*TM_ROTANGLE 1.69379
		*TM_SCALE 1	1	1
		*TM_SCALEAXIS 0	0	0
		*TM_SCALEAXISANG 0	0	0
	}
}
*HELPEROBJECT {
	*NODE_NAME "Bip01 R Hand"
	*NODE_PARENT "Bip01 R Forearm"
	*NODE_TM {
		*NODE_NAME "Bip01 R Hand"
		*TM_ROW0 0.0107161	-0.999677	-0.0230288
		*TM_ROW1 -0.0110219	0.0229108	-0.999677
		*TM_ROW2 0.999882	0.0109663	-0.0107727
		*TM_ROW3 -63.71	-66.4702	24.8698
		*TM_POS -63.71	-66.4702	24.8698
		*TM_ROTAXIS 0.57915	-0.58618	0.56655
		*TM_ROTANGLE 2.08125
		*TM_SCALE 1	1	1
		*TM_SCALEAXIS 0	0	0
		*TM_SCALEAXISANG 0	0	0
	}
}
*HELPEROBJECT {
	*NODE_NAME "Bip01 R Finger0"
	*NODE_PARENT "Bip01 R Hand"
	*NODE_TM {
		*NODE_NAME "Bip01 R Finger0"
		*TM_ROW0 0.0107118	-0.999678	-0.0230268
		*TM_ROW1 -0.0102216	0.0229177	-0.999685
		*TM_ROW2 0.99989	0.0109437	-0.00997266
		*TM_ROW3 -63.111	-122.354	23.5829
		*TM_POS -63.111	-122.354	23.5829
		*TM_ROTAXIS 0.578993	-0.586033	0.566863
		*TM_ROTANGLE 2.08079
		*TM_SCALE 1	1	1
		*TM_SCALEAXIS 0	0	0
		*TM_SCALEAXISANG 0	0	0
	}
}
*HELPEROBJECT {
	*NODE_NAME "Bip01 L Thigh"
	*NODE_PARENT "Bip01 Pelvis"
	*NODE_TM {
		*NODE_NAME "Bip01 L Thigh"
		*TM_ROW0 0.0750896	0.308725	-0.948183
		*TM_ROW1 -0.0292976	-0.949774	-0.311563
		*TM_ROW2 -0.996746	0.0511746	-0.0622734
		*TM_ROW3 26.3592	48.9102	109.914
		*TM_POS 26.3592	48.9102	109.914
		*TM_ROTAXIS 0.728107	0.0974796	-0.678497
		*TM_ROTANGLE 2.88985
		*TM_SCALE 1	1	1
		*TM_SCALEAXIS 0	0	0
		*TM_SCALEAXISANG 0	0	0
	}
}
*HELPEROBJECT {
	*NODE_NAME "Bip01 L Calf"
	*NODE_PARENT "Bip01 L Thigh"
	*NODE_TM {
		*NODE_NAME "Bip01 L Calf"
		*TM_ROW0 0.0705194	0.927877	-0.366156
		*TM_ROW1 0.0390407	-0.369356	-0.928468
		*TM_ROW2 -0.996746	0.0511799	-0.0622717
		*TM_ROW3 29.8641	63.3201	65.6559
		*TM_POS 29.8641	63.3201	65.6559
		*TM_ROTAXIS 0.668521	0.430321	-0.606551
		*TM_ROTANGLE 2.31932
		*TM_SCALE 1	1	1
		*TM_SCALEAXIS 0	0	0
		*TM_SCALEAXISANG 0	0	0
	}
}
*HELPEROBJECT {
	*NODE_NAME "Bip01 L HorseLink"
	*NODE_PARENT "Bip01 L Calf"
	*NODE_TM {
		*NODE_NAME "Bip01 L HorseLink"
		*TM_ROW0 0.0752791	0.314573	-0.946244
		*TM_ROW1 -0.0288308	-0.947853	-0.317402
		*TM_ROW2 -0.996746	0.0511747	-0.0622843
		*TM_ROW3 33.7412	114.336	45.524
		*TM_POS 33.7412	114.336	45.524
		*TM_ROTAXIS 0.728001	0.0997501	-0.678281
		*TM_ROTANGLE 2.88567
		*TM_SCALE 1	1	1
		*TM_SCALEAXIS 0	0	0
		*TM_SCALEAXISANG 0	0	0
	}
}
*HELPEROBJECT {
	*NODE_NAME "Bip01 L Foot"
	*NODE_PARENT "Bip01 L HorseLink"
	*NODE_TM {
		*NODE_NAME "Bip01 L Foot"
		*TM_ROW0 -4.00795e-008	-1.76444e-006	-1
		*TM_ROW1 1.79566e-006	-1	1.77716e-006
		*TM_ROW2 -1	-1.79158e-006	-5.89597e-008
		*TM_ROW3 35.7742	122.833	19.9652
		*TM_POS 35.7742	122.833	19.9652
		*TM_ROTAXIS 0.707107	1.10383e-008	-0.707107
		*TM_ROTANGLE 3.1416
		*TM_SCALE 1	1	1
		*TM_SCALEAXIS 0	0	0
		*TM_SCALEAXISANG 0	0	0
	}
}
*HELPEROBJECT {
	*NODE_NAME "Bip01 L Toe0"
	*NODE_PARENT "Bip01 L Foot"
	*NODE_TM {
		*NODE_NAME "Bip01 L Toe0"
		*TM_ROW0 3.10246e-006	-1	2.93495e-006
		*TM_ROW1 2.9309e-006	3.07124e-006	1
		*TM_ROW2 -1	-2.94936e-006	3.10009e-006
		*TM_ROW3 35.7743	80.9729	0.323418
		*TM_POS 35.7743	80.9729	0.323418
		*TM_ROTAXIS -0.57735	0.57735	0.57735
		*TM_ROTANGLE 2.09439
		*TM_SCALE 1	1	1
		*TM_SCALEAXIS 0	0	0
		*TM_SCALEAXISANG 0	0	0
	}
}
*HELPEROBJECT {
	*NODE_NAME "Bip01 R Thigh"
	*NODE_PARENT "Bip01 Pelvis"
	*NODE_TM {
		*NODE_NAME "Bip01 R Thigh"
		*TM_ROW0 -0.0750909	0.308716	-0.948185
		*TM_ROW1 0.0292983	-0.949776	-0.311555
		*TM_ROW2 -0.996746	-0.0511751	0.0622747
		*TM_ROW3 -26.5689	48.9102	109.914
		*TM_POS -26.5689	48.9102	109.914
		*TM_ROTAXIS 0.676299	0.12613	-0.725749
		*TM_ROTANGLE 2.94788
		*TM_SCALE 1	1	1
		*TM_SCALEAXIS 0	0	0
		*TM_SCALEAXISANG 0	0	0
	}
}
*HELPEROBJECT {
	*NODE_NAME "Bip01 R Calf"
	*NODE_PARENT "Bip01 R Thigh"
	*NODE_TM {
		*NODE_NAME "Bip01 R Calf"
		*TM_ROW0 -0.0705191	0.927877	-0.366157
		*TM_ROW1 -0.0390439	-0.369358	-0.928467
		*TM_ROW2 -0.996746	-0.0511785	0.0622747
		*TM_ROW3 -30.0738	63.32	65.6559
		*TM_POS -30.0738	63.32	65.6559
		*TM_ROTAXIS 0.605068	0.434918	-0.666888
		*TM_ROTANGLE 2.33063
		*TM_SCALE 1	1	1
		*TM_SCALEAXIS 0	0	0
		*TM_SCALEAXISANG 0	0	0
	}
}
*HELPEROBJECT {
	*NODE_NAME "Bip01 R HorseLink"
	*NODE_PARENT "Bip01 R Calf"
	*NODE_TM {
		*NODE_NAME "Bip01 R HorseLink"
		*TM_ROW0 -0.0752575	0.314581	-0.946243
		*TM_ROW1 0.028843	-0.94785	-0.317409
		*TM_ROW2 -0.996747	-0.0511799	0.0622596
		*TM_ROW3 -33.951	114.336	45.524
		*TM_POS -33.951	114.336	45.524
		*TM_ROTAXIS 0.67606	0.12825	-0.7256
		*TM_ROTANGLE 2.9434
		*TM_SCALE 1	1	1
		*TM_SCALEAXIS 0	0	0
		*TM_SCALEAXISANG 0	0	0
	}
}
*HELPEROBJECT {
	*NODE_NAME "Bip01 R Foot"
	*NODE_PARENT "Bip01 R HorseLink"
	*NODE_TM {
		*NODE_NAME "Bip01 R Foot"
		*TM_ROW0 -6.51281e-008	-1.86055e-006	-1
		*TM_ROW1 1.7953e-006	-1	1.76536e-006
		*TM_ROW2 -1	-1.78919e-006	-6.30578e-008
		*TM_ROW3 -35.9841	122.833	19.9652
		*TM_POS -35.9841	122.833	19.9652
		*TM_ROTAXIS 0.707107	8.42305e-009	-0.707107
		*TM_ROTANGLE 3.1416
		*TM_SCALE 1	1	1
		*TM_SCALEAXIS 0	0	0
		*TM_SCALEAXISANG 0	0	0
	}
}
*HELPEROBJECT {
	*NODE_NAME "Bip01 R Toe0"
	*NODE_PARENT "Bip01 R Foot"
	*NODE_TM {
		*NODE_NAME "Bip01 R Toe0"
		*TM_ROW0 3.1021e-006	-1	2.92315e-006
		*TM_ROW1 2.95595e-006	3.16735e-006	1
		*TM_ROW2 -1	-2.94697e-006	3.09599e-006
		*TM_ROW3 -35.9841	80.9728	0.323431
		*TM_POS -35.9841	80.9728	0.323431
		*TM_ROTAXIS -0.57735	0.57735	0.57735
		*TM_ROTANGLE 2.09439
		*TM_SCALE 1	1	1
		*TM_SCALEAXIS 0	0	0
		*TM_SCALEAXISANG 0	0	0
	}
}
*HELPEROBJECT {
	*NODE_NAME "Bip01 Tail"
	*NODE_PARENT "Bip01 Pelvis"
	*NODE_TM {
		*NODE_NAME "Bip01 Tail"
		*TM_ROW0 -3.1516e-005	0.828865	-0.559448
		*TM_ROW1 -2.07722e-005	0.559448	0.828865
		*TM_ROW2 1	3.77297e-005	-3.8743e-007
		*TM_ROW3 -0.10486	67.4683	134.386
		*TM_POS -0.10486	67.4683	134.386
		*TM_ROTAXIS -0.424851	-0.799361	-0.424881
		*TM_ROTANGLE 1.79291
		*TM_SCALE 1	1	1
		*TM_SCALEAXIS 0	0	0
		*TM_SCALEAXISANG 0	0	0
	}
}
*HELPEROBJECT {
	*NODE_NAME "Bip01 Tail1"
	*NODE_PARENT "Bip01 Tail"
	*NODE_TM {
		*NODE_NAME "Bip01 Tail1"
		*TM_ROW0 -3.16054e-005	0.792475	-0.609904
		*TM_ROW1 -2.10404e-005	0.609904	0.792475
		*TM_ROW2 1	3.78191e-005	-2.63751e-006
		*TM_ROW3 -0.10598	96.6777	114.637
		*TM_POS -0.10598	96.6777	114.637
		*TM_ROTAXIS -0.403979	-0.820718	-0.404009
		*TM_ROTANGLE 1.76712
		*TM_SCALE 1	1	1
		*TM_SCALEAXIS 0	0	0
		*TM_SCALEAXISANG 0	0	0
	}
}
*HELPEROBJECT {
	*NODE_NAME "Bip01 Tail2"
	*NODE_PARENT "Bip01 Tail1"
	*NODE_TM {
		*NODE_NAME "Bip01 Tail2"
		*TM_ROW0 -4.22597e-005	0.997381	-0.0723218
		*TM_ROW1 -1.01924e-005	0.0723218	0.997381
		*TM_ROW2 1	4.29153e-005	7.18236e-006
		*TM_ROW3 -0.10704	124.255	93.386
		*TM_POS -0.10704	124.255	93.386
		*TM_ROTAXIS -0.562889	-0.605209	-0.562919
		*TM_ROTANGLE 2.05314
		*TM_SCALE 1	1	1
		*TM_SCALEAXIS 0	0	0
		*TM_SCALEAXISANG 0	0	0
	}
}
*HELPEROBJECT {
	*NODE_NAME "Bip01 Tail3"
	*NODE_PARENT "Bip01 Tail2"
	*NODE_TM {
		*NODE_NAME "Bip01 Tail3"
		*TM_ROW0 -2.59876e-005	0.900413	0.435036
		*TM_ROW1 1.68085e-005	-0.435036	0.900413
		*TM_ROW2 1	3.08156e-005	-3.69549e-006
		*TM_ROW3 -0.10828	156.521	91.0293
		*TM_POS -0.10828	156.521	91.0293
		*TM_ROTAXIS -0.646339	-0.405559	-0.646349
		*TM_ROTANGLE 2.37105
		*TM_SCALE 1	1	1
		*TM_SCALEAXIS 0	0	0
		*TM_SCALEAXISANG 0	0	0
	}
}
*HELPEROBJECT {
	*NODE_NAME "Dummy"
	*NODE_PARENT "Bip01 Jaw"
	*NODE_TM {
		*NODE_NAME "Dummy"
		*TM_ROW0 -1	-0	0
		*TM_ROW1 -0	-1	0
		*TM_ROW2 -0	-0	1
		*TM_ROW3 -0.12121	-113.695	120.994
		*TM_POS -0.12121	-113.695	120.994
		*TM_ROTAXIS 0	0	-1
		*TM_ROTANGLE 3.14159
		*TM_SCALE 1	1	1
		*TM_SCALEAXIS 0	0	0
		*TM_SCALEAXISANG 0	0	0
	}
}
*HELPEROBJECT {
	*NODE_NAME "Dummy1"
	*NODE_PARENT "Bip01 L Finger0"
	*NODE_TM {
		*NODE_NAME "Dummy1"
		*TM_ROW0 -1	-0	0
		*TM_ROW1 -0	-1	0
		*TM_ROW2 -0	-0	1
		*TM_ROW3 62.6024	-150.296	22.9362
		*TM_POS 62.6024	-150.296	22.9362
		*TM_ROTAXIS 0	0	-1
		*TM_ROTANGLE 3.14159
		*TM_SCALE 1	1	1
		*TM_SCALEAXIS 0	0	0
		*TM_SCALEAXISANG 0	0	0
	}
}
*HELPEROBJECT {
	*NODE_NAME "Dummy2"
	*NODE_PARENT "Bip01 R Finger0"
	*NODE_TM {
		*NODE_NAME "Dummy2"
		*TM_ROW0 -1	-0	0
		*TM_ROW1 -0	-1	0
		*TM_ROW2 -0	-0	1
		*TM_ROW3 -62.8115	-150.295	22.9395
		*TM_POS -62.8115	-150.295	22.9395
		*TM_ROTAXIS 0	0	-1
		*TM_ROTANGLE 3.14159
		*TM_SCALE 1	1	1
		*TM_SCALEAXIS 0	0	0
		*TM_SCALEAXISANG 0	0	0
	}
}
*HELPEROBJECT {
	*NODE_NAME "Dummy3"
	*NODE_PARENT "Bip01 L Toe0"
	*NODE_TM {
		*NODE_NAME "Dummy3"
		*TM_ROW0 -1	-0	0
		*TM_ROW1 -0	-1	0
		*TM_ROW2 -0	-0	1
		*TM_ROW3 35.7743	60.0427	-9.49748
		*TM_POS 35.7743	60.0427	-9.49748
		*TM_ROTAXIS 0	0	-1
		*TM_ROTANGLE 3.14159
		*TM_SCALE 1	1	1
		*TM_SCALEAXIS 0	0	0
		*TM_SCALEAXISANG 0	0	0
	}
}
*HELPEROBJECT {
	*NODE_NAME "Dummy4"
	*NODE_PARENT "Bip01 R Toe0"
	*NODE_TM {
		*NODE_NAME "Dummy4"
		*TM_ROW0 -1	-0	0
		*TM_ROW1 -0	-1	0
		*TM_ROW2 -0	-0	1
		*TM_ROW3 -35.9841	60.0426	-9.49747
		*TM_POS -35.9841	60.0426	-9.49747
		*TM_ROTAXIS 0	0	-1
		*TM_ROTANGLE 3.14159
		*TM_SCALE 1	1	1
		*TM_SCALEAXIS 0	0	0
		*TM_SCALEAXISANG 0	0	0
	}
}
*HELPEROBJECT {
	*NODE_NAME "Dummy5"
	*NODE_PARENT "Bip01 Tail3"
	*NODE_TM {
		*NODE_NAME "Dummy5"
		*TM_ROW0 -1	-0	0
		*TM_ROW1 -0	-1	0
		*TM_ROW2 -0	-0	1
		*TM_ROW3 -0.1089	172.654	89.851
		*TM_POS -0.1089	172.654	89.851
		*TM_ROTAXIS 0	0	-1
		*TM_ROTANGLE 3.14159
		*TM_SCALE 1	1	1
		*TM_SCALEAXIS 0	0	0
		*TM_SCALEAXISANG 0	0	0
	}
}
*GEOMOBJECT {
	*NODE_NAME "zm_Skin"
	*NODE_PARENT "Bip01"
	*NODE_TM {
		*NODE_NAME "zm_Skin"
		*TM_ROW0 -1	-0	0
		*TM_ROW1 -0	-1	0
		*TM_ROW2 -0	-0	1
		*TM_ROW3 -0	-0	0
		*TM_POS -0	-0	0
		*TM_ROTAXIS 0	0	-1
		*TM_ROTANGLE 3.14159
		*TM_SCALE 1	1	1
		*TM_SCALEAXIS 0	0	0
		*TM_SCALEAXISANG 0	0	0
	}
	*MATERIAL_REF 0
	*MESH_SOFTSKIN {
		*TIMEVALUE 0
		*MESH_NUMVERTEX 260
		*MESH_NUMFACES 508
		*MESH_VERTEX_LIST {
			*MESH_VERTEX 0	50.494	-28.5022	143.603
			*MESH_VERTEX 1	-53.7032	87.0253	-0.09838
			*MESH_VERTEX 2	-11.3727	-148.409	160.143
			*MESH_VERTEX 3	-50.4964	-28.4199	143.593
			*MESH_VERTEX 4	23.1964	68.4171	129.048
			*MESH_VERTEX 5	-61.3551	-35.3088	32.7505
			*MESH_VERTEX 6	-47.4669	-86.82	131.773
			*MESH_VERTEX 7	61.3503	-35.3232	32.7982
			*MESH_VERTEX 8	47.4707	-86.8844	131.782
			*MESH_VERTEX 9	11.1782	129.576	0.576219
			*MESH_VERTEX 10	7.76354	157.373	87.6626
			*MESH_VERTEX 11	-23.1967	68.4178	129.05
			*MESH_VERTEX 12	56.2244	129.804	0.57621
			*MESH_VERTEX 13	-33.7081	-127.487	0.0903697
			*MESH_VERTEX 14	-87.6529	-70.0457	22.6099
			*MESH_VERTEX 15	33.7325	-127.488	0.106465
			*MESH_VERTEX 16	87.637	-70.0436	22.605
			*MESH_VERTEX 17	-0.0687593	-30.4925	205.293
			*MESH_VERTEX 18	-4.86423	123.177	90.551
			*MESH_VERTEX 19	0.0178599	-172.041	142.923
			*MESH_VERTEX 20	0.41509	-181.217	188.442
			*MESH_VERTEX 21	0.26859	-126.544	171.655
			*MESH_VERTEX 22	-0.00378998	179.132	100.113
			*MESH_VERTEX 23	8.42912	45.5799	96.6277
			*MESH_VERTEX 24	44.0448	67.9324	67.5652
			*MESH_VERTEX 25	0.00524995	-25.7162	184.619
			*MESH_VERTEX 26	0.000939993	4.70055	166.546
			*MESH_VERTEX 27	0.00537995	-5.21598	182.866
			*MESH_VERTEX 28	60.0238	-73.2595	81.1252
			*MESH_VERTEX 29	-60.0232	-73.143	81.1373
			*MESH_VERTEX 30	-28.6588	28.5012	114.289
			*MESH_VERTEX 31	91.5862	-122.477	-0.203202
			*MESH_VERTEX 32	-91.6101	-122.476	-0.219869
			*MESH_VERTEX 33	-0.47264	-159.819	86.7159
			*MESH_VERTEX 34	53.7033	87.0253	-0.0983717
			*MESH_VERTEX 35	13.638	69.0644	67.7881
			*MESH_VERTEX 36	13.3979	117.087	52.0954
			*MESH_VERTEX 37	-56.2244	129.804	0.576212
			*MESH_VERTEX 38	-11.1782	129.576	0.576251
			*MESH_VERTEX 39	-13.638	69.0643	67.7881
			*MESH_VERTEX 40	-44.0448	67.9324	67.5652
			*MESH_VERTEX 41	-13.3979	117.087	52.0954
			*MESH_VERTEX 42	-44.6912	104.924	22.4037
			*MESH_VERTEX 43	22.2943	-141.132	131.378
			*MESH_VERTEX 44	-0.11658	-169.573	127.517
			*MESH_VERTEX 45	-22.4297	-141.139	131.702
			*MESH_VERTEX 46	-0.15653	-167.137	122.94
			*MESH_VERTEX 47	53.5885	114.774	50.4759
			*MESH_VERTEX 48	-53.5885	114.774	50.4759
			*MESH_VERTEX 49	-0.15461	-130.471	110.228
			*MESH_VERTEX 50	53.9159	-84.2631	152.116
			*MESH_VERTEX 51	44.6912	104.924	22.4036
			*MESH_VERTEX 52	-53.968	-84.1666	152.069
			*MESH_VERTEX 53	-0.00276	-47.9133	71.6015
			*MESH_VERTEX 54	-32.0399	-33.767	80.6072
			*MESH_VERTEX 55	32.0368	-33.8407	80.6249
			*MESH_VERTEX 56	16.6968	82.9353	0.211869
			*MESH_VERTEX 57	-16.6968	82.9353	0.2119
			*MESH_VERTEX 58	0.00877	69.0374	127.847
			*MESH_VERTEX 59	28.6588	28.5012	114.289
			*MESH_VERTEX 60	-33.5381	139.293	43.2713
			*MESH_VERTEX 61	33.5381	139.293	43.2712
			*MESH_VERTEX 62	29.1455	79.7381	73.4366
			*MESH_VERTEX 63	-29.1455	79.738	73.4366
			*MESH_VERTEX 64	-27.1173	-106.019	163.309
			*MESH_VERTEX 65	-8.42899	45.5798	96.6274
			*MESH_VERTEX 66	22.481	-150.05	161.611
			*MESH_VERTEX 67	32.7652	82.7237	45.119
			*MESH_VERTEX 68	-32.7652	82.7237	45.119
			*MESH_VERTEX 69	45.0213	-56.9039	93.146
			*MESH_VERTEX 70	49.2665	-91.3438	29.1111
			*MESH_VERTEX 71	-45.0224	-56.8189	93.1387
			*MESH_VERTEX 72	-49.2544	-91.346	29.1233
			*MESH_VERTEX 73	-75.4512	-59.9352	91.4667
			*MESH_VERTEX 74	75.4491	-60.0674	91.4783
			*MESH_VERTEX 75	0.08266	-157.289	150.35
			*MESH_VERTEX 76	11.7072	-148.409	159.942
			*MESH_VERTEX 77	-23.7711	106.605	21.5116
			*MESH_VERTEX 78	23.7711	106.605	21.5116
			*MESH_VERTEX 79	-36.2621	-78.7651	-0.0236992
			*MESH_VERTEX 80	36.2853	-78.763	-0.0118634
			*MESH_VERTEX 81	-22.1157	-150.05	162
			*MESH_VERTEX 82	30.6653	-82.816	102.225
			*MESH_VERTEX 83	-30.6656	-82.7723	102.224
			*MESH_VERTEX 84	27.1892	-106.003	163.213
			*MESH_VERTEX 85	0.000369997	-3.50725	85.0991
			*MESH_VERTEX 86	64.4654	-45.3445	146.488
			*MESH_VERTEX 87	-64.467	-45.2374	146.475
			*MESH_VERTEX 88	-29.6871	34.2127	76.8711
			*MESH_VERTEX 89	29.6871	34.2127	76.8711
			*MESH_VERTEX 90	85.9349	-78.7571	-0.0133121
			*MESH_VERTEX 91	-85.9532	-78.7594	-0.0252879
			*MESH_VERTEX 92	-34.7218	143.106	21.0832
			*MESH_VERTEX 93	34.7218	143.106	21.0831
			*MESH_VERTEX 94	36.1566	-70.6231	23.3193
			*MESH_VERTEX 95	-36.1382	-70.6224	23.3257
			*MESH_VERTEX 96	82.8849	-108.8	23.6897
			*MESH_VERTEX 97	73.5539	-91.5068	29.0644
			*MESH_VERTEX 98	-82.9013	-108.8	23.6949
			*MESH_VERTEX 99	-73.5621	-91.509	29.0765
			*MESH_VERTEX 100	-3.76462e-005	43.8624	90.2142
			*MESH_VERTEX 101	41.8277	-60.0226	120.897
			*MESH_VERTEX 102	-41.8269	-59.9199	120.888
			*MESH_VERTEX 103	21.6704	-62.8169	180.911
			*MESH_VERTEX 104	-21.1245	-117.934	126.324
			*MESH_VERTEX 105	0.000350008	-98.9731	106.46
			*MESH_VERTEX 106	21.0288	-117.948	126.191
			*MESH_VERTEX 107	17.302	-163.015	134.479
			*MESH_VERTEX 108	-17.411	-163.015	134.782
			*MESH_VERTEX 109	-0.1848	-168.282	119.701
			*MESH_VERTEX 110	35.3939	91.4121	1.64661
			*MESH_VERTEX 111	21.1716	94.8389	13.3404
			*MESH_VERTEX 112	-35.3939	91.4121	1.64662
			*MESH_VERTEX 113	-21.1716	94.8389	13.3404
			*MESH_VERTEX 114	-58.4955	131.098	20.0365
			*MESH_VERTEX 115	58.4955	131.098	20.0365
			*MESH_VERTEX 116	-0.0956402	-170.12	129.917
			*MESH_VERTEX 117	60.6409	-36.7883	87.3353
			*MESH_VERTEX 118	46.8872	-33.9253	109.476
			*MESH_VERTEX 119	-60.6472	-36.6608	87.2826
			*MESH_VERTEX 120	-46.8892	-33.8595	109.455
			*MESH_VERTEX 121	-23.7857	33.4809	137.553
			*MESH_VERTEX 122	-32.0741	45.9643	132.355
			*MESH_VERTEX 123	23.7857	33.4809	137.553
			*MESH_VERTEX 124	32.0741	45.9643	132.355
			*MESH_VERTEX 125	9.60837	70.1163	127.478
			*MESH_VERTEX 126	-2.99943e-005	68.8516	137.725
			*MESH_VERTEX 127	-0.00242999	125.134	95.7161
			*MESH_VERTEX 128	-41.7267	-108.793	23.6969
			*MESH_VERTEX 129	41.7447	-108.793	23.6917
			*MESH_VERTEX 130	16.6897	-153.606	148.173
			*MESH_VERTEX 131	-16.5598	-153.606	148.464
			*MESH_VERTEX 132	-9.57927	70.1393	128.148
			*MESH_VERTEX 133	42.548	-73.3711	103.988
			*MESH_VERTEX 134	65.8413	-79.7532	104.15
			*MESH_VERTEX 135	-42.5441	-73.2987	103.99
			*MESH_VERTEX 136	25.4648	74.8033	106.695
			*MESH_VERTEX 137	-25.4649	74.8033	106.695
			*MESH_VERTEX 138	-62.5194	-27.5026	119.155
			*MESH_VERTEX 139	-65.8857	-79.1433	103.976
			*MESH_VERTEX 140	-7.70666	157.373	87.662
			*MESH_VERTEX 141	4.82971	123.177	90.552
			*MESH_VERTEX 142	-10.7703	-155.838	100.506
			*MESH_VERTEX 143	-19.3932	-127.779	109.955
			*MESH_VERTEX 144	10.0641	-155.838	100.324
			*MESH_VERTEX 145	19.1309	-127.795	109.799
			*MESH_VERTEX 146	62.5814	-28.3074	118.732
			*MESH_VERTEX 147	-87.4729	-64.1792	57.9246
			*MESH_VERTEX 148	87.4726	-64.2401	57.9221
			*MESH_VERTEX 149	-13.1126	130.72	20.8251
			*MESH_VERTEX 150	13.1126	130.72	20.8251
			*MESH_VERTEX 151	27.6197	-121.373	146.218
			*MESH_VERTEX 152	-27.5222	-121.373	146.699
			*MESH_VERTEX 153	30.4339	114.496	65.7235
			*MESH_VERTEX 154	-30.4339	114.496	65.7235
			*MESH_VERTEX 155	-61.6475	-81.7023	58.873
			*MESH_VERTEX 156	-12.7465	-164.241	130.545
			*MESH_VERTEX 157	61.632	-81.3287	59.2333
			*MESH_VERTEX 158	12.5642	-164.241	130.324
			*MESH_VERTEX 159	-61.1855	-58.3872	15.5535
			*MESH_VERTEX 160	61.1855	-58.3807	15.5627
			*MESH_VERTEX 161	-0.34658	-149.448	101.162
			*MESH_VERTEX 162	-14.6209	-160.16	123.684
			*MESH_VERTEX 163	14.3187	-160.16	123.431
			*MESH_VERTEX 164	-13.5549	-159.909	122.865
			*MESH_VERTEX 165	13.2385	-159.909	122.631
			*MESH_VERTEX 166	-16.8268	-31.6501	177.223
			*MESH_VERTEX 167	16.8268	-31.6496	177.223
			*MESH_VERTEX 168	-7.26271	-164.151	165.589
			*MESH_VERTEX 169	7.69291	-164.151	165.459
			*MESH_VERTEX 170	44.1635	100.251	56.5783
			*MESH_VERTEX 171	-44.1635	100.251	56.5783
			*MESH_VERTEX 172	-21.6704	-62.8169	180.911
			*MESH_VERTEX 173	-0.00267	-82.8417	86.103
			*MESH_VERTEX 174	18.7772	99.4522	56.7285
			*MESH_VERTEX 175	-18.7772	99.4522	56.7285
			*MESH_VERTEX 176	45.5004	56.1797	94.8916
			*MESH_VERTEX 177	-45.5004	56.1797	94.8916
			*MESH_VERTEX 178	-37.4083	-64.4439	58.2383
			*MESH_VERTEX 179	37.4081	-64.5172	58.2352
			*MESH_VERTEX 180	62.6811	-116.529	1.52877
			*MESH_VERTEX 181	-62.6807	-116.528	1.51429
			*MESH_VERTEX 182	-42.43	-27.0065	96.9072
			*MESH_VERTEX 183	-40.4217	-6.74431	119.031
			*MESH_VERTEX 184	-17.941	11.9978	100.283
			*MESH_VERTEX 185	42.4266	-27.0792	96.9423
			*MESH_VERTEX 186	40.4232	-6.78616	119.042
			*MESH_VERTEX 187	17.941	11.9977	100.283
			*MESH_VERTEX 188	25.0743	-128.616	165.546
			*MESH_VERTEX 189	-24.6399	-128.616	165.98
			*MESH_VERTEX 190	-28.8161	-131.817	149.849
			*MESH_VERTEX 191	28.9684	-131.817	149.345
			*MESH_VERTEX 192	0.000250005	33.058	146.559
			*MESH_VERTEX 193	16.9817	59.3047	138.833
			*MESH_VERTEX 194	-16.9816	59.3047	138.832
			*MESH_VERTEX 195	-31.6563	46.3361	57.2556
			*MESH_VERTEX 196	31.6563	46.3362	57.2556
			*MESH_VERTEX 197	-60.2984	-73.1236	140.103
			*MESH_VERTEX 198	-43.3701	-57.0073	167.862
			*MESH_VERTEX 199	-0.000220003	-73.8119	192.797
			*MESH_VERTEX 200	0.0872299	-108.919	172.307
			*MESH_VERTEX 201	43.3444	-57.0749	167.871
			*MESH_VERTEX 202	60.301	-73.2309	140.115
			*MESH_VERTEX 203	9.79197	-166.642	142.366
			*MESH_VERTEX 204	-9.76447	-166.641	142.536
			*MESH_VERTEX 205	-26.558	-121.801	128.476
			*MESH_VERTEX 206	26.4615	-121.824	128.285
			*MESH_VERTEX 207	27.0551	-131.277	121.408
			*MESH_VERTEX 208	-27.1537	-131.26	121.522
			*MESH_VERTEX 209	0.28209	-155.359	173.202
			*MESH_VERTEX 210	-46.1839	95.067	13.3404
			*MESH_VERTEX 211	46.1839	95.067	13.3404
			*MESH_VERTEX 212	-7.2694	67.8441	113.274
			*MESH_VERTEX 213	7.26945	67.8437	113.274
			*MESH_VERTEX 214	41.1767	-98.9682	144.948
			*MESH_VERTEX 215	-41.2747	-98.9538	144.941
			*MESH_VERTEX 216	-72.3289	-49.6775	110.951
			*MESH_VERTEX 217	-36.1604	-91.231	165.759
			*MESH_VERTEX 218	36.0239	-91.2433	165.762
			*MESH_VERTEX 219	-26.9412	14.0749	139.576
			*MESH_VERTEX 220	26.9412	14.0758	139.577
			*MESH_VERTEX 221	72.308	-50.8052	110.885
			*MESH_VERTEX 222	-17.0281	80.6956	63.1766
			*MESH_VERTEX 223	-32.6908	59.6901	46.9239
			*MESH_VERTEX 224	17.0281	80.6956	63.1766
			*MESH_VERTEX 225	32.6908	59.6901	46.9239
			*MESH_VERTEX 226	29.157	-97.6312	117.692
			*MESH_VERTEX 227	-9.4118	16.6721	152.397
			*MESH_VERTEX 228	9.41179	16.6721	152.397
			*MESH_VERTEX 229	-29.1539	-97.6355	117.69
			*MESH_VERTEX 230	33.7214	-25.6833	161.682
			*MESH_VERTEX 231	-0.00319998	155.831	94.2204
			*MESH_VERTEX 232	-33.6341	-25.6665	161.671
			*MESH_VERTEX 233	0.1996	-169.502	163.749
			*MESH_VERTEX 234	-22.1854	-140.499	154.931
			*MESH_VERTEX 235	22.4273	-140.499	154.542
			*MESH_VERTEX 236	0.00013	57.5483	142.909
			*MESH_VERTEX 237	6.22648	94.1549	111.807
			*MESH_VERTEX 238	-0.00141999	98.5059	117.435
			*MESH_VERTEX 239	-29.7834	104.7	68.7209
			*MESH_VERTEX 240	29.7834	104.7	68.7209
			*MESH_VERTEX 241	-22.2879	-94.9464	170.559
			*MESH_VERTEX 242	22.2916	-94.9348	170.563
			*MESH_VERTEX 243	11.9652	-164.148	128.532
			*MESH_VERTEX 244	-12.1787	-164.148	128.743
			*MESH_VERTEX 245	-43.6313	78.957	62.6056
			*MESH_VERTEX 246	43.6313	78.9571	62.6057
			*MESH_VERTEX 247	8.94825	-163.72	123.525
			*MESH_VERTEX 248	-9.2497	-163.72	123.684
			*MESH_VERTEX 249	-0.0640501	-136.75	131.746
			*MESH_VERTEX 250	0.000710009	18.795	158.371
			*MESH_VERTEX 251	-13.4989	-107.23	168.624
			*MESH_VERTEX 252	-6.25916	94.154	111.807
			*MESH_VERTEX 253	13.6549	-107.221	168.528
			*MESH_VERTEX 254	17.1644	-151.437	128.009
			*MESH_VERTEX 255	-17.3863	-151.437	128.31
			*MESH_VERTEX 256	17.4126	-156.1	130.013
			*MESH_VERTEX 257	-17.5996	-156.1	130.319
			*MESH_VERTEX 258	12.6714	-127.58	168.6
			*MESH_VERTEX 259	-12.1856	-127.58	168.817
		}
		*MESH_FACE_LIST {
			*MESH_FACE    0:    A:    219 B:    3 C:    232 AB:    1 BC:    1 CA:    1	 *MESH_SMOOTHING 1 	*MESH_MTLID 0
			*MESH_FACE    1:    A:    223 B:    245 C:    68 AB:    1 BC:    1 CA:    1	 *MESH_SMOOTHING 1 	*MESH_MTLID 0
			*MESH_FACE    2:    A:    222 B:    223 C:    68 AB:    1 BC:    1 CA:    1	 *MESH_SMOOTHING 1 	*MESH_MTLID 0
			*MESH_FACE    3:    A:    184 B:    100 C:    85 AB:    1 BC:    1 CA:    1	 *MESH_SMOOTHING 1 	*MESH_MTLID 0
			*MESH_FACE    4:    A:    0 B:    220 C:    230 AB:    1 BC:    1 CA:    1	 *MESH_SMOOTHING 1 	*MESH_MTLID 0
			*MESH_FACE    5:    A:    187 B:    186 C:    185 AB:    1 BC:    1 CA:    1	 *MESH_SMOOTHING 1 	*MESH_MTLID 0
			*MESH_FACE    6:    A:    135 B:    102 C:    6 AB:    1 BC:    1 CA:    1	 *MESH_SMOOTHING 1 	*MESH_MTLID 0
			*MESH_FACE    7:    A:    83 B:    102 C:    182 AB:    1 BC:    1 CA:    1	 *MESH_SMOOTHING 1 	*MESH_MTLID 0
			*MESH_FACE    8:    A:    138 B:    119 C:    216 AB:    1 BC:    1 CA:    1	 *MESH_SMOOTHING 1 	*MESH_MTLID 0
			*MESH_FACE    9:    A:    217 B:    198 C:    52 AB:    1 BC:    1 CA:    1	 *MESH_SMOOTHING 1 	*MESH_MTLID 0
			*MESH_FACE    10:    A:    101 B:    133 C:    8 AB:    1 BC:    1 CA:    1	 *MESH_SMOOTHING 1 	*MESH_MTLID 0
			*MESH_FACE    11:    A:    101 B:    82 C:    185 AB:    1 BC:    1 CA:    1	 *MESH_SMOOTHING 1 	*MESH_MTLID 0
			*MESH_FACE    12:    A:    117 B:    146 C:    221 AB:    1 BC:    1 CA:    1	 *MESH_SMOOTHING 1 	*MESH_MTLID 0
			*MESH_FACE    13:    A:    86 B:    201 C:    202 AB:    1 BC:    1 CA:    1	 *MESH_SMOOTHING 1 	*MESH_MTLID 0
			*MESH_FACE    14:    A:    192 B:    236 C:    194 AB:    1 BC:    1 CA:    1	 *MESH_SMOOTHING 1 	*MESH_MTLID 0
			*MESH_FACE    15:    A:    238 B:    132 C:    126 AB:    1 BC:    1 CA:    1	 *MESH_SMOOTHING 1 	*MESH_MTLID 0
			*MESH_FACE    16:    A:    237 B:    238 C:    126 AB:    1 BC:    1 CA:    1	 *MESH_SMOOTHING 1 	*MESH_MTLID 0
			*MESH_FACE    17:    A:    61 B:    47 C:    115 AB:    1 BC:    1 CA:    1	 *MESH_SMOOTHING 1 	*MESH_MTLID 0
			*MESH_FACE    18:    A:    59 B:    220 C:    186 AB:    1 BC:    1 CA:    1	 *MESH_SMOOTHING 1 	*MESH_MTLID 0
			*MESH_FACE    19:    A:    246 B:    225 C:    67 AB:    1 BC:    1 CA:    1	 *MESH_SMOOTHING 1 	*MESH_MTLID 0
			*MESH_FACE    20:    A:    12 B:    9 C:    93 AB:    1 BC:    1 CA:    1	 *MESH_SMOOTHING 1 	*MESH_MTLID 0
			*MESH_FACE    21:    A:    150 B:    78 C:    36 AB:    1 BC:    1 CA:    1	 *MESH_SMOOTHING 1 	*MESH_MTLID 0
			*MESH_FACE    22:    A:    73 B:    119 C:    147 AB:    1 BC:    1 CA:    1	 *MESH_SMOOTHING 1 	*MESH_MTLID 0
			*MESH_FACE    23:    A:    79 B:    91 C:    159 AB:    1 BC:    1 CA:    1	 *MESH_SMOOTHING 1 	*MESH_MTLID 0
			*MESH_FACE    24:    A:    102 B:    71 C:    120 AB:    1 BC:    1 CA:    1	 *MESH_SMOOTHING 1 	*MESH_MTLID 0
			*MESH_FACE    25:    A:    5 B:    178 C:    95 AB:    1 BC:    1 CA:    1	 *MESH_SMOOTHING 1 	*MESH_MTLID 0
			*MESH_FACE    26:    A:    117 B:    74 C:    148 AB:    1 BC:    1 CA:    1	 *MESH_SMOOTHING 1 	*MESH_MTLID 0
			*MESH_FACE    27:    A:    90 B:    80 C:    160 AB:    1 BC:    1 CA:    1	 *MESH_SMOOTHING 1 	*MESH_MTLID 0
			*MESH_FACE    28:    A:    69 B:    101 C:    118 AB:    1 BC:    1 CA:    1	 *MESH_SMOOTHING 1 	*MESH_MTLID 0
			*MESH_FACE    29:    A:    179 B:    7 C:    94 AB:    1 BC:    1 CA:    1	 *MESH_SMOOTHING 1 	*MESH_MTLID 0
			*MESH_FACE    30:    A:    151 B:    214 C:    84 AB:    1 BC:    1 CA:    1	 *MESH_SMOOTHING 1 	*MESH_MTLID 0
			*MESH_FACE    31:    A:    215 B:    152 C:    64 AB:    1 BC:    1 CA:    1	 *MESH_SMOOTHING 1 	*MESH_MTLID 0
			*MESH_FACE    32:    A:    18 B:    141 C:    237 AB:    1 BC:    1 CA:    1	 *MESH_SMOOTHING 1 	*MESH_MTLID 0
			*MESH_FACE    33:    A:    127 B:    18 C:    252 AB:    1 BC:    1 CA:    1	 *MESH_SMOOTHING 1 	*MESH_MTLID 0
			*MESH_FACE    34:    A:    64 B:    189 C:    251 AB:    1 BC:    1 CA:    1	 *MESH_SMOOTHING 1 	*MESH_MTLID 0
			*MESH_FACE    35:    A:    253 B:    188 C:    84 AB:    1 BC:    1 CA:    1	 *MESH_SMOOTHING 1 	*MESH_MTLID 0
			*MESH_FACE    36:    A:    258 B:    21 C:    76 AB:    1 BC:    1 CA:    1	 *MESH_SMOOTHING 1 	*MESH_MTLID 0
			*MESH_FACE    37:    A:    21 B:    259 C:    2 AB:    1 BC:    1 CA:    1	 *MESH_SMOOTHING 1 	*MESH_MTLID 0
			*MESH_FACE    38:    A:    169 B:    209 C:    20 AB:    1 BC:    1 CA:    1	 *MESH_SMOOTHING 1 	*MESH_MTLID 0
			*MESH_FACE    39:    A:    209 B:    168 C:    20 AB:    1 BC:    1 CA:    1	 *MESH_SMOOTHING 1 	*MESH_MTLID 0
			*MESH_FACE    40:    A:    231 B:    18 C:    127 AB:    1 BC:    1 CA:    1	 *MESH_SMOOTHING 1 	*MESH_MTLID 0
			*MESH_FACE    41:    A:    140 B:    141 C:    18 AB:    1 BC:    1 CA:    1	 *MESH_SMOOTHING 1 	*MESH_MTLID 0
			*MESH_FACE    42:    A:    225 B:    224 C:    67 AB:    1 BC:    1 CA:    1	 *MESH_SMOOTHING 1 	*MESH_MTLID 0
			*MESH_FACE    43:    A:    48 B:    60 C:    114 AB:    1 BC:    1 CA:    1	 *MESH_SMOOTHING 1 	*MESH_MTLID 0
			*MESH_FACE    44:    A:    24 B:    62 C:    136 AB:    1 BC:    1 CA:    1	 *MESH_SMOOTHING 1 	*MESH_MTLID 0
			*MESH_FACE    45:    A:    124 B:    59 C:    176 AB:    1 BC:    1 CA:    1	 *MESH_SMOOTHING 1 	*MESH_MTLID 0
			*MESH_FACE    46:    A:    172 B:    198 C:    217 AB:    1 BC:    1 CA:    1	 *MESH_SMOOTHING 1 	*MESH_MTLID 0
			*MESH_FACE    47:    A:    201 B:    218 C:    50 AB:    1 BC:    1 CA:    1	 *MESH_SMOOTHING 1 	*MESH_MTLID 0
			*MESH_FACE    48:    A:    220 B:    228 C:    230 AB:    1 BC:    1 CA:    1	 *MESH_SMOOTHING 1 	*MESH_MTLID 0
			*MESH_FACE    49:    A:    227 B:    219 C:    232 AB:    1 BC:    1 CA:    1	 *MESH_SMOOTHING 1 	*MESH_MTLID 0
			*MESH_FACE    50:    A:    27 B:    26 C:    166 AB:    1 BC:    1 CA:    1	 *MESH_SMOOTHING 1 	*MESH_MTLID 0
			*MESH_FACE    51:    A:    26 B:    27 C:    167 AB:    1 BC:    1 CA:    1	 *MESH_SMOOTHING 1 	*MESH_MTLID 0
			*MESH_FACE    52:    A:    74 B:    28 C:    148 AB:    1 BC:    1 CA:    1	 *MESH_SMOOTHING 1 	*MESH_MTLID 0
			*MESH_FACE    53:    A:    70 B:    97 C:    157 AB:    1 BC:    1 CA:    1	 *MESH_SMOOTHING 1 	*MESH_MTLID 0
			*MESH_FACE    54:    A:    29 B:    73 C:    147 AB:    1 BC:    1 CA:    1	 *MESH_SMOOTHING 1 	*MESH_MTLID 0
			*MESH_FACE    55:    A:    99 B:    72 C:    155 AB:    1 BC:    1 CA:    1	 *MESH_SMOOTHING 1 	*MESH_MTLID 0
			*MESH_FACE    56:    A:    219 B:    30 C:    183 AB:    1 BC:    1 CA:    1	 *MESH_SMOOTHING 1 	*MESH_MTLID 0
			*MESH_FACE    57:    A:    183 B:    184 C:    182 AB:    1 BC:    1 CA:    1	 *MESH_SMOOTHING 1 	*MESH_MTLID 0
			*MESH_FACE    58:    A:    148 B:    157 C:    97 AB:    1 BC:    1 CA:    1	 *MESH_SMOOTHING 1 	*MESH_MTLID 0
			*MESH_FACE    59:    A:    160 B:    16 C:    90 AB:    1 BC:    1 CA:    1	 *MESH_SMOOTHING 1 	*MESH_MTLID 0
			*MESH_FACE    60:    A:    155 B:    147 C:    99 AB:    1 BC:    1 CA:    1	 *MESH_SMOOTHING 1 	*MESH_MTLID 0
			*MESH_FACE    61:    A:    14 B:    159 C:    91 AB:    1 BC:    1 CA:    1	 *MESH_SMOOTHING 1 	*MESH_MTLID 0
			*MESH_FACE    62:    A:    215 B:    104 C:    152 AB:    1 BC:    1 CA:    1	 *MESH_SMOOTHING 1 	*MESH_MTLID 0
			*MESH_FACE    63:    A:    106 B:    214 C:    151 AB:    1 BC:    1 CA:    1	 *MESH_SMOOTHING 1 	*MESH_MTLID 0
			*MESH_FACE    64:    A:    12 B:    110 C:    9 AB:    1 BC:    1 CA:    1	 *MESH_SMOOTHING 1 	*MESH_MTLID 0
			*MESH_FACE    65:    A:    51 B:    115 C:    47 AB:    1 BC:    1 CA:    1	 *MESH_SMOOTHING 1 	*MESH_MTLID 0
			*MESH_FACE    66:    A:    35 B:    23 C:    213 AB:    1 BC:    1 CA:    1	 *MESH_SMOOTHING 1 	*MESH_MTLID 0
			*MESH_FACE    67:    A:    213 B:    136 C:    35 AB:    1 BC:    1 CA:    1	 *MESH_SMOOTHING 1 	*MESH_MTLID 0
			*MESH_FACE    68:    A:    174 B:    67 C:    224 AB:    1 BC:    1 CA:    1	 *MESH_SMOOTHING 1 	*MESH_MTLID 0
			*MESH_FACE    69:    A:    240 B:    62 C:    24 AB:    1 BC:    1 CA:    1	 *MESH_SMOOTHING 1 	*MESH_MTLID 0
			*MESH_FACE    70:    A:    114 B:    42 C:    48 AB:    1 BC:    1 CA:    1	 *MESH_SMOOTHING 1 	*MESH_MTLID 0
			*MESH_FACE    71:    A:    77 B:    149 C:    41 AB:    1 BC:    1 CA:    1	 *MESH_SMOOTHING 1 	*MESH_MTLID 0
			*MESH_FACE    72:    A:    38 B:    37 C:    92 AB:    1 BC:    1 CA:    1	 *MESH_SMOOTHING 1 	*MESH_MTLID 0
			*MESH_FACE    73:    A:    112 B:    37 C:    38 AB:    1 BC:    1 CA:    1	 *MESH_SMOOTHING 1 	*MESH_MTLID 0
			*MESH_FACE    74:    A:    65 B:    39 C:    212 AB:    1 BC:    1 CA:    1	 *MESH_SMOOTHING 1 	*MESH_MTLID 0
			*MESH_FACE    75:    A:    88 B:    39 C:    65 AB:    1 BC:    1 CA:    1	 *MESH_SMOOTHING 1 	*MESH_MTLID 0
			*MESH_FACE    76:    A:    63 B:    40 C:    137 AB:    1 BC:    1 CA:    1	 *MESH_SMOOTHING 1 	*MESH_MTLID 0
			*MESH_FACE    77:    A:    177 B:    30 C:    122 AB:    1 BC:    1 CA:    1	 *MESH_SMOOTHING 1 	*MESH_MTLID 0
			*MESH_FACE    78:    A:    68 B:    175 C:    222 AB:    1 BC:    1 CA:    1	 *MESH_SMOOTHING 1 	*MESH_MTLID 0
			*MESH_FACE    79:    A:    63 B:    239 C:    40 AB:    1 BC:    1 CA:    1	 *MESH_SMOOTHING 1 	*MESH_MTLID 0
			*MESH_FACE    80:    A:    114 B:    210 C:    42 AB:    1 BC:    1 CA:    1	 *MESH_SMOOTHING 1 	*MESH_MTLID 0
			*MESH_FACE    81:    A:    113 B:    149 C:    77 AB:    1 BC:    1 CA:    1	 *MESH_SMOOTHING 1 	*MESH_MTLID 0
			*MESH_FACE    82:    A:    144 B:    43 C:    163 AB:    1 BC:    1 CA:    1	 *MESH_SMOOTHING 1 	*MESH_MTLID 0
			*MESH_FACE    83:    A:    188 B:    151 C:    84 AB:    1 BC:    1 CA:    1	 *MESH_SMOOTHING 1 	*MESH_MTLID 0
			*MESH_FACE    84:    A:    45 B:    142 C:    162 AB:    1 BC:    1 CA:    1	 *MESH_SMOOTHING 1 	*MESH_MTLID 0
			*MESH_FACE    85:    A:    162 B:    249 C:    45 AB:    1 BC:    1 CA:    1	 *MESH_SMOOTHING 1 	*MESH_MTLID 0
			*MESH_FACE    86:    A:    45 B:    249 C:    156 AB:    1 BC:    1 CA:    1	 *MESH_SMOOTHING 1 	*MESH_MTLID 0
			*MESH_FACE    87:    A:    152 B:    189 C:    64 AB:    1 BC:    1 CA:    1	 *MESH_SMOOTHING 1 	*MESH_MTLID 0
			*MESH_FACE    88:    A:    131 B:    45 C:    156 AB:    1 BC:    1 CA:    1	 *MESH_SMOOTHING 1 	*MESH_MTLID 0
			*MESH_FACE    89:    A:    43 B:    130 C:    158 AB:    1 BC:    1 CA:    1	 *MESH_SMOOTHING 1 	*MESH_MTLID 0
