*3DSMAX_ASCIIEXPORT	110
*COMMENT "[ GothicSourcer v3.14 ] - June 2007"
*SCENE {
	*SCENE_FILENAME "SLE_BODY.MAX"
	*SCENE_FIRSTFRAME 0
	*SCENE_LASTFRAME 100
	*SCENE_FRAMESPEED 25
	*SCENE_TICKSPERFRAME 192
	*SCENE_BACKGROUND_STATIC 0	0	0
	*SCENE_AMBIENT_STATIC 0.2	0.2	0.2
}
*MATERIAL_LIST {
	*MATERIAL_COUNT 1
	*MATERIAL 0 {
		*MATERIAL_NAME "MATERIAL #115"
		*MATERIAL_CLASS "Standard"
		*MATERIAL_AMBIENT 0.254902	0.231373	0.262745
		*MATERIAL_DIFFUSE 0.254902	0.231373	0.262745
		*MATERIAL_SPECULAR 0.9	0.9	0.9
		*MATERIAL_SHINE 0.1
		*MATERIAL_SHINESTRENGTH 0
		*MATERIAL_TRANSPARENCY 0
		*MATERIAL_WIRESIZE 1
		*MATERIAL_SHADING Blinn
		*MATERIAL_XP_FALLOFF 0
		*MATERIAL_SELFILLUM 0
		*MATERIAL_FALLOFF In
		*MATERIAL_XP_TYPE Filter
		*MAP_DIFFUSE {
			*MAP_NAME "Map #1"
			*MAP_CLASS "Bitmap"
			*MAP_SUBNO 1
			*MAP_AMOUNT 1
			*BITMAP "SLE_BODY_V0.TGA"
			*MAP_TYPE Screen
			*UVW_U_OFFSET 0
			*UVW_V_OFFSET 0
			*UVW_U_TILING 1
			*UVW_V_TILING 1
			*UVW_ANGLE 0
			*UVW_BLUR 1
			*UVW_BLUR_OFFSET 0
			*UVW_NOUSE_AMT 1
			*UVW_NOISE_SIZE 1
			*UVW_NOISE_LEVEL 1
			*UVW_NOISE_PHASE 0
			*BITMAP_FILTER Pyramidal
		}
	}
}
*HELPEROBJECT {
	*NODE_NAME "Bip01"
	*NODE_TM {
		*NODE_NAME "Bip01"
		*TM_ROW0 1.26759e-006	-1	0
		*TM_ROW1 1	1.26759e-006	0
		*TM_ROW2 -0	-0	1
		*TM_ROW3 0.507654	315.325	239.294
		*TM_POS 0.507654	315.325	239.294
		*TM_ROTAXIS 0	0	1
		*TM_ROTANGLE 1.5708
		*TM_SCALE 1	1	1
		*TM_SCALEAXIS 0	0	0
		*TM_SCALEAXISANG 0	0	0
	}
}
*HELPEROBJECT {
	*NODE_NAME "Bip01 Pelvis"
	*NODE_PARENT "Bip01"
	*NODE_TM {
		*NODE_NAME "Bip01 Pelvis"
		*TM_ROW0 -1.19209e-006	-1.64892e-007	1
		*TM_ROW1 2.99332e-006	-1	-1.64887e-007
		*TM_ROW2 1	2.99332e-006	1.66893e-006
		*TM_ROW3 0.507762	236.646	239.294
		*TM_POS 0.507762	236.646	239.294
		*TM_ROTAXIS -0.707106	-1e-006	-0.707107
		*TM_ROTANGLE 3.14159
		*TM_SCALE 1	1	1
		*TM_SCALEAXIS 0	0	0
		*TM_SCALEAXISANG 0	0	0
	}
}
*HELPEROBJECT {
	*NODE_NAME "Bip01 Spine"
	*NODE_PARENT "Bip01 Pelvis"
	*NODE_TM {
		*NODE_NAME "Bip01 Spine"
		*TM_ROW0 7.15256e-007	-0.808611	0.588344
		*TM_ROW1 -1.63913e-006	-0.588344	-0.808611
		*TM_ROW2 1	-4.47035e-007	-1.78814e-006
		*TM_ROW3 0.507719	218.963	248.1
		*TM_POS 0.507719	218.963	248.1
		*TM_ROTAXIS 0.665312	-0.338704	0.665311
		*TM_ROTANGLE 2.48844
		*TM_SCALE 1	1	1
		*TM_SCALEAXIS 0	0	0
		*TM_SCALEAXISANG 0	0	0
	}
}
*HELPEROBJECT {
	*NODE_NAME "Bip01 Spine1"
	*NODE_PARENT "Bip01 Spine"
	*NODE_TM {
		*NODE_NAME "Bip01 Spine1"
		*TM_ROW0 -2.98023e-007	-0.33749	0.941329
		*TM_ROW1 -1.77324e-006	-0.941329	-0.33749
		*TM_ROW2 1	-1.77324e-006	-2.98023e-007
		*TM_ROW3 0.507807	154.29	295.216
		*TM_POS 0.507807	154.29	295.216
		*TM_ROTAXIS 0.701824	-0.122009	0.701824
		*TM_ROTANGLE 2.89878
		*TM_SCALE 1	1	1
		*TM_SCALEAXIS 0	0	0
		*TM_SCALEAXISANG 0	0	0
	}
}
*HELPEROBJECT {
	*NODE_NAME "Bip01 Spine2"
	*NODE_PARENT "Bip01 Spine1"
	*NODE_TM {
		*NODE_NAME "Bip01 Spine2"
		*TM_ROW0 5.96045e-008	0.00270794	0.999996
		*TM_ROW1 -1.13493e-006	-0.999996	0.00270794
		*TM_ROW2 1	-1.13493e-006	5.96044e-008
		*TM_ROW3 0.507841	129.559	364.347
		*TM_POS 0.507841	129.559	364.347
		*TM_ROTAXIS 0.707106	0.000957001	0.707106
		*TM_ROTANGLE 3.14351
		*TM_SCALE 1	1	1
		*TM_SCALEAXIS 0	0	0
		*TM_SCALEAXISANG 0	0	0
	}
}
*HELPEROBJECT {
	*NODE_NAME "Bip01 Spine3"
	*NODE_PARENT "Bip01 Spine2"
	*NODE_TM {
		*NODE_NAME "Bip01 Spine3"
		*TM_ROW0 1.78814e-007	0.107637	0.99419
		*TM_ROW1 -1.80677e-006	-0.99419	0.107637
		*TM_ROW2 1	-1.80677e-006	1.78814e-007
		*TM_ROW3 0.507841	129.798	432.179
		*TM_POS 0.507841	129.798	432.179
		*TM_ROTAXIS 0.706592	0.038138	0.706592
		*TM_ROTANGLE 3.21783
		*TM_SCALE 1	1	1
		*TM_SCALEAXIS 0	0	0
		*TM_SCALEAXISANG 0	0	0
	}
}
*HELPEROBJECT {
	*NODE_NAME "Bip01 Neck"
	*NODE_PARENT "Bip01 Spine3"
	*NODE_TM {
		*NODE_NAME "Bip01 Neck"
		*TM_ROW0 7.15256e-007	-0.753152	0.657847
		*TM_ROW1 -1.96695e-006	-0.657846	-0.753152
		*TM_ROW2 1	-8.64267e-007	-1.60933e-006
		*TM_ROW3 0.507831	137.32	501.416
		*TM_POS 0.507831	137.32	501.416
		*TM_ROTAXIS 0.673224	-0.305843	0.673223
		*TM_ROTANGLE 2.54798
		*TM_SCALE 1	1	1
		*TM_SCALEAXIS 0	0	0
		*TM_SCALEAXISANG 0	0	0
	}
}
*HELPEROBJECT {
	*NODE_NAME "Bip01 Neck1"
	*NODE_PARENT "Bip01 Neck"
	*NODE_TM {
		*NODE_NAME "Bip01 Neck1"
		*TM_ROW0 8.34465e-007	-0.969426	0.245383
		*TM_ROW1 -3.15905e-006	-0.245383	-0.969427
		*TM_ROW2 1	-5.96044e-008	-3.15905e-006
		*TM_ROW3 0.507888	95.2284	538.233
		*TM_POS 0.507888	95.2284	538.233
		*TM_ROTAXIS 0.619468	-0.482204	0.619466
		*TM_ROTANGLE 2.24298
		*TM_SCALE 1	1	1
		*TM_SCALEAXIS 0	0	0
		*TM_SCALEAXISANG 0	0	0
	}
}
*HELPEROBJECT {
	*NODE_NAME "Bip01 Neck2"
	*NODE_PARENT "Bip01 Neck1"
	*NODE_TM {
		*NODE_NAME "Bip01 Neck2"
		*TM_ROW0 1.43051e-006	-0.999371	0.035457
		*TM_ROW1 -2.20537e-006	-0.0354568	-0.999371
		*TM_ROW2 1	1.2815e-006	-2.14577e-006
		*TM_ROW3 0.507963	41.0385	552.012
		*TM_POS 0.507963	41.0385	552.012
		*TM_ROTAXIS 0.584056	-0.563701	0.584054
		*TM_ROTANGLE 2.11499
		*TM_SCALE 1	1	1
		*TM_SCALEAXIS 0	0	0
		*TM_SCALEAXISANG 0	0	0
	}
}
*HELPEROBJECT {
	*NODE_NAME "Bip01 Neck3"
	*NODE_PARENT "Bip01 Neck2"
	*NODE_TM {
		*NODE_NAME "Bip01 Neck3"
		*TM_ROW0 2.02656e-006	-0.886932	-0.4619
		*TM_ROW1 -4.11272e-006	0.461901	-0.886932
		*TM_ROW2 1	3.60608e-006	-2.65241e-006
		*TM_ROW3 0.508069	-36.6359	554.807
		*TM_POS 0.508069	-36.6359	554.807
		*TM_ROTAXIS 0.460446	-0.758935	0.460442
		*TM_ROTANGLE 1.8432
		*TM_SCALE 1	1	1
		*TM_SCALEAXIS 0	0	0
		*TM_SCALEAXISANG 0	0	0
	}
}
*HELPEROBJECT {
	*NODE_NAME "Bip01 Head"
	*NODE_PARENT "Bip01 Neck3"
	*NODE_TM {
		*NODE_NAME "Bip01 Head"
		*TM_ROW0 1.54972e-006	-1	1.84364e-006
		*TM_ROW1 -3.57628e-006	-1.76214e-006	-1
		*TM_ROW2 1	1.54972e-006	-3.63588e-006
		*TM_ROW3 0.508137	-86.2165	528.986
		*TM_POS 0.508137	-86.2165	528.986
		*TM_ROTAXIS 0.577352	-0.57735	0.577349
		*TM_ROTANGLE 2.0944
		*TM_SCALE 1	1	1
		*TM_SCALEAXIS 0	0	0
		*TM_SCALEAXISANG 0	0	0
	}
}
*HELPEROBJECT {
	*NODE_NAME "Bip01 Ponytail2"
	*NODE_PARENT "Bip01 Head"
	*NODE_TM {
		*NODE_NAME "Bip01 Ponytail2"
		*TM_ROW0 2.1562e-005	-0.58537	-0.810766
		*TM_ROW1 1.13249e-005	0.810766	-0.58537
		*TM_ROW2 1	3.39746e-006	2.41399e-005
		*TM_ROW3 62.859	-120.841	485.818
		*TM_POS 62.859	-120.841	485.818
		*TM_ROTAXIS 0.294005	-0.909461	0.294009
		*TM_ROTANGLE 1.66553
		*TM_SCALE 1	1	1
		*TM_SCALEAXIS 0	0	0
		*TM_SCALEAXISANG 0	0	0
	}
}
*HELPEROBJECT {
	*NODE_NAME "Bip01 Ponytail21"
	*NODE_PARENT "Bip01 Ponytail2"
	*NODE_TM {
		*NODE_NAME "Bip01 Ponytail21"
		*TM_ROW0 -0.345124	-0.938545	-0.00485465
		*TM_ROW1 0.0173625	-0.00121258	-0.999849
		*TM_ROW2 0.938397	-0.345156	0.0167142
		*TM_ROW3 62.859	-163.417	426.938
		*TM_POS 62.859	-163.417	426.938
		*TM_ROTAXIS -0.438208	0.63135	-0.639821
		*TM_ROTANGLE 3.98515
		*TM_SCALE 1	1	1
		*TM_SCALEAXIS 0	0	0
		*TM_SCALEAXISANG 0	0	0
	}
}
*HELPEROBJECT {
	*NODE_NAME "Bip01 Ponytail1"
	*NODE_PARENT "Bip01 Head"
	*NODE_TM {
		*NODE_NAME "Bip01 Ponytail1"
		*TM_ROW0 2.15396e-005	-0.58679	-0.809739
		*TM_ROW1 1.13845e-005	0.809739	-0.58679
		*TM_ROW2 1	3.36766e-006	2.41324e-005
		*TM_ROW3 -62.859	-120.846	485.794
		*TM_POS -62.859	-120.846	485.794
		*TM_ROTAXIS 0.294733	-0.90899	0.294737
		*TM_ROTANGLE 1.66605
		*TM_SCALE 1	1	1
		*TM_SCALEAXIS 0	0	0
		*TM_SCALEAXISANG 0	0	0
	}
}
*HELPEROBJECT {
	*NODE_NAME "Bip01 Ponytail11"
	*NODE_PARENT "Bip01 Ponytail1"
	*NODE_TM {
		*NODE_NAME "Bip01 Ponytail11"
		*TM_ROW0 0.34004	-0.94041	-0.00136354
		*TM_ROW1 -0.000248313	0.00136032	-0.999999
		*TM_ROW2 0.940411	0.34004	0.000229043
		*TM_ROW3 -62.8574	-163.526	426.989
		*TM_POS -62.8574	-163.526	426.989
		*TM_ROTAXIS 0.709567	-0.498681	0.497827
		*TM_ROTANGLE 1.90624
		*TM_SCALE 1	1	1
		*TM_SCALEAXIS 0	0	0
		*TM_SCALEAXISANG 0	0	0
	}
}
*HELPEROBJECT {
	*NODE_NAME "Bip01 Jaws"
	*NODE_PARENT "Bip01 Head"
	*NODE_TM {
		*NODE_NAME "Bip01 Jaws"
		*TM_ROW0 1	4.73889e-013	1.28648e-013
		*TM_ROW1 2.13362e-014	1	-2.56935e-008
		*TM_ROW2 -3.19753e-013	-8.56066e-008	1
		*TM_ROW3 2.8248e-006	-134.746	456.73
		*TM_POS 2.8248e-006	-134.746	456.73
		*TM_ROTAXIS 0	0	0
		*TM_ROTANGLE 0
		*TM_SCALE 1	1	1
		*TM_SCALEAXIS 0	0	0
		*TM_SCALEAXISANG 0	0	0
	}
}
*HELPEROBJECT {
	*NODE_NAME "Bip01 L Clavicle"
	*NODE_PARENT "Bip01 Neck"
	*NODE_TM {
		*NODE_NAME "Bip01 L Clavicle"
		*TM_ROW0 0.999922	-0.00135428	-0.0124288
		*TM_ROW1 -1.35601e-006	0.994104	-0.10843
		*TM_ROW2 0.0125023	0.108421	0.994026
		*TM_ROW3 86.197	186.76	410.688
		*TM_POS 86.197	186.76	410.688
		*TM_ROTAXIS 0.993437	-0.114214	0.006198
		*TM_ROTANGLE 0.10936
		*TM_SCALE 1	1	1
		*TM_SCALEAXIS 0	0	0
		*TM_SCALEAXISANG 0	0	0
	}
}
*HELPEROBJECT {
	*NODE_NAME "Bip01 L UpperArm"
	*NODE_PARENT "Bip01 L Clavicle"
	*NODE_TM {
		*NODE_NAME "Bip01 L UpperArm"
		*TM_ROW0 0.884308	0.0402937	-0.465163
		*TM_ROW1 0.284794	0.742925	0.605769
		*TM_ROW2 0.369989	-0.668161	0.645499
		*TM_ROW3 144.908	186.681	409.958
		*TM_POS 144.908	186.681	409.958
		*TM_ROTAXIS -0.825739	-0.541331	0.158481
		*TM_ROTANGLE 0.881019
		*TM_SCALE 1	1	1
		*TM_SCALEAXIS 0	0	0
		*TM_SCALEAXISANG 0	0	0
	}
}
*HELPEROBJECT {
	*NODE_NAME "Bip01 L Forearm"
	*NODE_PARENT "Bip01 L UpperArm"
	*NODE_TM {
		*NODE_NAME "Bip01 L Forearm"
		*TM_ROW0 0.399214	-0.513043	-0.759879
		*TM_ROW1 0.83889	0.538839	0.0769189
		*TM_ROW2 0.369989	-0.668162	0.645499
		*TM_ROW3 269.522	192.359	344.409
		*TM_POS 269.522	192.359	344.409
		*TM_ROTAXIS -0.389488	-0.590634	0.706718
		*TM_ROTANGLE 1.27471
		*TM_SCALE 1	1	1
		*TM_SCALEAXIS 0	0	0
		*TM_SCALEAXISANG 0	0	0
	}
}
*HELPEROBJECT {
	*NODE_NAME "Bip01 L Hand"
	*NODE_PARENT "Bip01 L Forearm"
	*NODE_TM {
		*NODE_NAME "Bip01 L Hand"
		*TM_ROW0 -0.127437	-0.97904	-0.158874
		*TM_ROW1 -0.0814235	0.169966	-0.982081
		*TM_ROW2 0.988499	-0.112217	-0.101377
		*TM_ROW3 338.302	103.968	213.491
		*TM_POS 338.302	103.968	213.491
		*TM_ROTAXIS -0.512675	0.676232	-0.529032
		*TM_ROTANGLE 4.15447
		*TM_SCALE 1	1	1
		*TM_SCALEAXIS 0	0	0
		*TM_SCALEAXISANG 0	0	0
	}
}
*HELPEROBJECT {
	*NODE_NAME "Bip01 L Finger0"
	*NODE_PARENT "Bip01 L Hand"
	*NODE_TM {
		*NODE_NAME "Bip01 L Finger0"
		*TM_ROW0 -0.444106	-0.226092	-0.866979
		*TM_ROW1 -0.0987317	0.974095	-0.203451
		*TM_ROW2 0.890518	-0.00475531	-0.454924
		*TM_ROW3 304.679	-154.339	171.575
		*TM_POS 304.679	-154.339	171.575
		*TM_ROTAXIS 0.11205	-0.991104	0.071822
		*TM_ROTANGLE 2.05157
		*TM_SCALE 1	1	1
		*TM_SCALEAXIS 0	0	0
		*TM_SCALEAXISANG 0	0	0
	}
}
*HELPEROBJECT {
	*NODE_NAME "Bip01 Upperfrontarml"
	*NODE_PARENT "Bip01 L Clavicle"
	*NODE_TM {
		*NODE_NAME "Bip01 Upperfrontarml"
		*TM_ROW0 0.141506	0.970527	-0.195073
		*TM_ROW1 -0.479824	-0.105117	-0.871045
		*TM_ROW2 -0.865878	0.216859	0.450807
		*TM_ROW3 123.223	231.715	509.402
		*TM_POS 123.223	231.715	509.402
		*TM_ROTAXIS 0.562765	0.347003	-0.750256
		*TM_ROTANGLE 1.83009
		*TM_SCALE 1	1	1
		*TM_SCALEAXIS 0	0	0
		*TM_SCALEAXISANG 0	0	0
	}
}
*HELPEROBJECT {
	*NODE_NAME "Bip01 Upperfrontarml1"
	*NODE_PARENT "Bip01 Upperfrontarml"
	*NODE_TM {
		*NODE_NAME "Bip01 Upperfrontarml1"
		*TM_ROW0 0.726386	-0.18221	-0.662693
		*TM_ROW1 -0.309139	0.774552	-0.551817
		*TM_ROW2 0.613837	0.605697	0.506296
		*TM_ROW3 244.072	269.553	717.103
		*TM_POS 244.072	269.553	717.103
		*TM_ROTAXIS 0.669914	-0.738795	-0.0734601
		*TM_ROTANGLE 1.04302
		*TM_SCALE 1	1	1
		*TM_SCALEAXIS 0	0	0
		*TM_SCALEAXISANG 0	0	0
	}
}
*HELPEROBJECT {
	*NODE_NAME "Bip01 Upperfrontarml2"
	*NODE_PARENT "Bip01 Upperfrontarml1"
	*NODE_TM {
		*NODE_NAME "Bip01 Upperfrontarml2"
		*TM_ROW0 0.752564	-0.0550072	-0.656218
		*TM_ROW1 0.330916	0.893136	0.304635
		*TM_ROW2 0.569334	-0.44641	0.690345
		*TM_ROW3 316.907	103.798	833.95
		*TM_POS 316.907	103.798	833.95
		*TM_ROTAXIS -0.504639	-0.823467	0.259308
		*TM_ROTANGLE 0.839248
		*TM_SCALE 1	1	1
		*TM_SCALEAXIS 0	0	0
		*TM_SCALEAXISANG 0	0	0
	}
}
*HELPEROBJECT {
	*NODE_NAME "Bip01 Upperfronthandl"
	*NODE_PARENT "Bip01 Upperfrontarml2"
	*NODE_TM {
		*NODE_NAME "Bip01 Upperfronthandl"
		*TM_ROW0 0.745923	-0.0178844	-0.665792
		*TM_ROW1 0.656581	-0.148059	0.739581
		*TM_ROW2 -0.111803	-0.988817	-0.0986979
		*TM_ROW3 249.972	-90.7023	779.621
		*TM_POS 249.972	-90.7023	779.621
		*TM_ROTAXIS -0.89264	-0.28611	0.348331
		*TM_ROTANGLE 1.82391
		*TM_SCALE 1	1	1
		*TM_SCALEAXIS 0	0	0
		*TM_SCALEAXISANG 0	0	0
	}
}
*HELPEROBJECT {
	*NODE_NAME "Bip01 R Clavicle"
	*NODE_PARENT "Bip01 Neck"
	*NODE_TM {
		*NODE_NAME "Bip01 R Clavicle"
		*TM_ROW0 -0.999922	-0.00135681	-0.012429
		*TM_ROW1 -1.13121e-006	0.994104	-0.10843
		*TM_ROW2 0.0125029	-0.108421	-0.994027
		*TM_ROW3 -85.1815	186.76	410.688
		*TM_POS -85.1815	186.76	410.688
		*TM_ROTAXIS -0.00034	0.998525	-0.054295
		*TM_ROTANGLE 3.15408
		*TM_SCALE 1	1	1
		*TM_SCALEAXIS 0	0	0
		*TM_SCALEAXISANG 0	0	0
	}
}
*HELPEROBJECT {
	*NODE_NAME "Bip01 R UpperArm"
	*NODE_PARENT "Bip01 R Clavicle"
	*NODE_TM {
		*NODE_NAME "Bip01 R UpperArm"
		*TM_ROW0 -0.884308	0.0402917	-0.465163
		*TM_ROW1 -0.284796	0.742924	0.605769
		*TM_ROW2 0.369988	0.668162	-0.645498
		*TM_ROW3 -143.892	186.68	409.958
		*TM_POS -143.892	186.68	409.958
		*TM_ROTAXIS -0.069453	0.929639	0.361868
		*TM_ROTANGLE 3.60744
		*TM_SCALE 1	1	1
		*TM_SCALEAXIS 0	0	0
		*TM_SCALEAXISANG 0	0	0
	}
}
*HELPEROBJECT {
	*NODE_NAME "Bip01 R Forearm"
	*NODE_PARENT "Bip01 R UpperArm"
	*NODE_TM {
		*NODE_NAME "Bip01 R Forearm"
		*TM_ROW0 -0.399213	-0.513044	-0.759878
		*TM_ROW1 -0.838892	0.538836	0.07692
		*TM_ROW2 0.369987	0.668163	-0.645499
		*TM_ROW3 -268.507	192.358	344.409
		*TM_POS -268.507	192.358	344.409
		*TM_ROTAXIS -0.44921	0.85844	0.24757
		*TM_ROTANGLE 3.85987
		*TM_SCALE 1	1	1
		*TM_SCALEAXIS 0	0	0
		*TM_SCALEAXISANG 0	0	0
	}
}
*HELPEROBJECT {
	*NODE_NAME "Bip01 R Hand"
	*NODE_PARENT "Bip01 R Forearm"
	*NODE_TM {
		*NODE_NAME "Bip01 R Hand"
		*TM_ROW0 0.127441	-0.979039	-0.158873
		*TM_ROW1 0.0814229	0.169965	-0.982081
		*TM_ROW2 0.988499	0.112221	0.101377
		*TM_ROW3 -337.286	103.967	213.491
		*TM_POS -337.286	103.967	213.491
		*TM_ROTAXIS 0.573685	-0.601507	0.555945
		*TM_ROTANGLE 1.87613
		*TM_SCALE 1	1	1
		*TM_SCALEAXIS 0	0	0
		*TM_SCALEAXISANG 0	0	0
	}
}
*HELPEROBJECT {
	*NODE_NAME "Bip01 R Finger0"
	*NODE_PARENT "Bip01 R Hand"
	*NODE_TM {
		*NODE_NAME "Bip01 R Finger0"
		*TM_ROW0 0.444107	-0.22609	-0.866979
		*TM_ROW1 0.0987285	0.974095	-0.20345
		*TM_ROW2 0.890518	0.00475796	0.454924
		*TM_ROW3 -303.663	-154.339	171.575
		*TM_POS -303.663	-154.339	171.575
		*TM_ROTAXIS 0.115713	-0.976741	0.18052
		*TM_ROTANGLE 1.11902
		*TM_SCALE 1	1	1
		*TM_SCALEAXIS 0	0	0
		*TM_SCALEAXISANG 0	0	0
	}
}
*HELPEROBJECT {
	*NODE_NAME "Bip01 Upperfrontarmr"
	*NODE_PARENT "Bip01 R Clavicle"
	*NODE_TM {
		*NODE_NAME "Bip01 Upperfrontarmr"
		*TM_ROW0 -0.00353104	-0.992864	0.119197
		*TM_ROW1 -0.469873	0.106867	0.876242
		*TM_ROW2 -0.882727	-0.0529132	-0.466898
		*TM_ROW3 -122.207	231.715	509.402
		*TM_POS -122.207	231.715	509.402
		*TM_ROTAXIS -0.635053	0.684789	0.357451
		*TM_ROTANGLE 2.32099
		*TM_SCALE 1	1	1
		*TM_SCALEAXIS 0	0	0
		*TM_SCALEAXISANG 0	0	0
	}
}
*HELPEROBJECT {
	*NODE_NAME "Bip01 Upperfrontarmr1"
	*NODE_PARENT "Bip01 Upperfrontarmr"
	*NODE_TM {
		*NODE_NAME "Bip01 Upperfrontarmr1"
		*TM_ROW0 0.856646	0.0263742	0.515231
		*TM_ROW1 -0.299248	-0.788118	0.537885
		*TM_ROW2 0.420249	-0.614959	-0.667246
		*TM_ROW3 -238.757	270.735	719.329
		*TM_POS -238.757	270.735	719.329
		*TM_ROTAXIS 0.959338	-0.0790391	0.270966
		*TM_ROTANGLE 3.78616
		*TM_SCALE 1	1	1
		*TM_SCALEAXIS 0	0	0
		*TM_SCALEAXISANG 0	0	0
	}
}
*HELPEROBJECT {
	*NODE_NAME "Bip01 Upperfrontarmr2"
	*NODE_PARENT "Bip01 Upperfrontarmr1"
	*NODE_TM {
		*NODE_NAME "Bip01 Upperfrontarmr2"
		*TM_ROW0 0.821689	0.0966161	0.561688
		*TM_ROW1 0.315154	-0.89817	-0.306542
		*TM_ROW2 0.474874	0.4289	-0.768465
		*TM_ROW3 -309.529	102.975	834.572
		*TM_POS -309.529	102.975	834.572
		*TM_ROTAXIS 0.952496	0.112435	0.283036
		*TM_ROTANGLE 2.74524
		*TM_SCALE 1	1	1
		*TM_SCALEAXIS 0	0	0
		*TM_SCALEAXISANG 0	0	0
	}
}
*HELPEROBJECT {
	*NODE_NAME "Bip01 Upperfronthandr"
	*NODE_PARENT "Bip01 Upperfrontarmr2"
	*NODE_TM {
		*NODE_NAME "Bip01 Upperfronthandr"
		*TM_ROW0 0.77023	-0.0996729	0.629929
		*TM_ROW1 0.637198	0.161954	-0.753492
		*TM_ROW2 -0.026917	0.981751	0.188253
		*TM_ROW3 -244.605	-92.2318	780.333
		*TM_POS -244.605	-92.2318	780.333
		*TM_ROTAXIS 0.869199	0.32902	0.369105
		*TM_ROTANGLE 1.51054
		*TM_SCALE 1	1	1
		*TM_SCALEAXIS 0	0	0
		*TM_SCALEAXISANG 0	0	0
	}
}
*HELPEROBJECT {
	*NODE_NAME "Bip01 L Thigh"
	*NODE_PARENT "Bip01 Spine"
	*NODE_TM {
		*NODE_NAME "Bip01 L Thigh"
		*TM_ROW0 0.731106	0.296794	0.614327
		*TM_ROW1 -0.681096	0.370177	0.631726
		*TM_ROW2 -0.0399174	-0.880274	0.472784
		*TM_ROW3 98.5176	236.646	239.294
		*TM_POS 98.5176	236.646	239.294
		*TM_ROTAXIS -0.789209	0.341492	-0.510423
		*TM_ROTANGLE 1.27967
		*TM_SCALE 1	1	1
		*TM_SCALEAXIS 0	0	0
		*TM_SCALEAXISANG 0	0	0
	}
}
*HELPEROBJECT {
	*NODE_NAME "Bip01 L Calf"
	*NODE_PARENT "Bip01 L Thigh"
	*NODE_TM {
		*NODE_NAME "Bip01 L Calf"
		*TM_ROW0 0.971742	-0.144366	-0.18675
		*TM_ROW1 0.232646	0.45197	0.861162
		*TM_ROW2 -0.039917	-0.880274	0.472784
		*TM_ROW3 271.932	307.044	385.008
		*TM_POS 271.932	307.044	385.008
		*TM_ROTAXIS -0.974056	-0.0821299	0.210878
		*TM_ROTANGLE 1.10599
		*TM_SCALE 1	1	1
		*TM_SCALEAXIS 0	0	0
		*TM_SCALEAXISANG 0	0	0
	}
}
*HELPEROBJECT {
	*NODE_NAME "Bip01 L HorseLink"
	*NODE_PARENT "Bip01 L Calf"
	*NODE_TM {
		*NODE_NAME "Bip01 L HorseLink"
		*TM_ROW0 0.657032	-0.379605	-0.651313
		*TM_ROW1 0.752805	0.284636	0.593521
		*TM_ROW2 -0.0399167	-0.880274	0.472783
		*TM_ROW3 468.606	277.825	347.211
		*TM_POS 468.606	277.825	347.211
		*TM_ROTAXIS -0.753248	-0.312481	0.578768
		*TM_ROTANGLE 1.36206
		*TM_SCALE 1	1	1
		*TM_SCALEAXIS 0	0	0
		*TM_SCALEAXISANG 0	0	0
	}
}
*HELPEROBJECT {
	*NODE_NAME "Bip01 L Foot"
	*NODE_PARENT "Bip01 L HorseLink"
	*NODE_TM {
		*NODE_NAME "Bip01 L Foot"
		*TM_ROW0 1.77122e-007	-3.86153e-007	-1
		*TM_ROW1 4.77144e-007	-1	5.8598e-007
		*TM_ROW2 -1	-5.45258e-007	3.50738e-009
		*TM_ROW3 581.055	212.857	235.741
		*TM_POS 581.055	212.857	235.741
		*TM_ROTAXIS 0.707107	3.21702e-008	-0.707107
		*TM_ROTANGLE 3.14159
		*TM_SCALE 1	1	1
		*TM_SCALEAXIS 0	0	0
		*TM_SCALEAXISANG 0	0	0
	}
}
*HELPEROBJECT {
	*NODE_NAME "Bip01 L Toe0"
	*NODE_PARENT "Bip01 L Foot"
	*NODE_TM {
		*NODE_NAME "Bip01 L Toe0"
		*TM_ROW0 1.85114e-006	-1	2.31442e-007
		*TM_ROW1 3.14941e-008	9.12198e-008	1
		*TM_ROW2 -1	-1.82985e-006	3.33099e-008
		*TM_ROW3 581.055	147.366	-0.588571
		*TM_POS 581.055	147.366	-0.588571
		*TM_ROTAXIS -0.577351	0.57735	0.57735
		*TM_ROTANGLE 2.09439
		*TM_SCALE 1	1	1
		*TM_SCALEAXIS 0	0	0
		*TM_SCALEAXISANG 0	0	0
	}
}
*HELPEROBJECT {
	*NODE_NAME "Bip01 R Thigh"
	*NODE_PARENT "Bip01 Spine"
	*NODE_TM {
		*NODE_NAME "Bip01 R Thigh"
		*TM_ROW0 -0.731107	0.296791	0.614327
		*TM_ROW1 0.681094	0.370179	0.631727
		*TM_ROW2 -0.0399202	0.880274	-0.472783
		*TM_ROW3 -97.5021	236.646	239.294
		*TM_POS -97.5021	236.646	239.294
		*TM_ROTAXIS 0.311292	0.819408	0.481318
		*TM_ROTANGLE 2.73093
		*TM_SCALE 1	1	1
		*TM_SCALEAXIS 0	0	0
		*TM_SCALEAXISANG 0	0	0
	}
}
*HELPEROBJECT {
	*NODE_NAME "Bip01 R Calf"
	*NODE_PARENT "Bip01 R Thigh"
	*NODE_TM {
		*NODE_NAME "Bip01 R Calf"
		*TM_ROW0 -0.971742	-0.144368	-0.18675
		*TM_ROW1 -0.232645	0.451969	0.861162
		*TM_ROW2 -0.0399191	0.880274	-0.472783
		*TM_ROW3 -270.916	307.043	385.008
		*TM_POS -270.916	307.043	385.008
		*TM_ROTAXIS -0.110865	0.851747	0.512089
		*TM_ROTANGLE 3.22789
		*TM_SCALE 1	1	1
		*TM_SCALEAXIS 0	0	0
		*TM_SCALEAXISANG 0	0	0
	}
}
*HELPEROBJECT {
	*NODE_NAME "Bip01 R HorseLink"
	*NODE_PARENT "Bip01 R Calf"
	*NODE_TM {
		*NODE_NAME "Bip01 R HorseLink"
		*TM_ROW0 -0.657031	-0.379607	-0.651313
		*TM_ROW1 -0.752806	0.284633	0.593521
		*TM_ROW2 -0.0399196	0.880274	-0.472783
		*TM_ROW3 -467.59	277.824	347.212
		*TM_POS -467.59	277.824	347.212
		*TM_ROTAXIS -0.371653	0.792411	0.483693
		*TM_ROTANGLE 3.53765
		*TM_SCALE 1	1	1
		*TM_SCALEAXIS 0	0	0
		*TM_SCALEAXISANG 0	0	0
	}
}
*HELPEROBJECT {
	*NODE_NAME "Bip01 R Foot"
	*NODE_PARENT "Bip01 R HorseLink"
	*NODE_TM {
		*NODE_NAME "Bip01 R Foot"
		*TM_ROW0 1.66496e-007	-4.00655e-007	-1
		*TM_ROW1 4.75629e-007	-1	3.08632e-007
		*TM_ROW2 -1	-4.31493e-007	2.21488e-007
		*TM_ROW3 -580.039	212.855	235.742
		*TM_POS -580.039	212.855	235.742
		*TM_ROTAXIS 0.707107	4.3438e-008	-0.707107
		*TM_ROTANGLE 3.14159
		*TM_SCALE 1	1	1
		*TM_SCALEAXIS 0	0	0
		*TM_SCALEAXISANG 0	0	0
	}
}
*HELPEROBJECT {
	*NODE_NAME "Bip01 R Toe0"
	*NODE_PARENT "Bip01 R Foot"
	*NODE_TM {
		*NODE_NAME "Bip01 R Toe0"
		*TM_ROW0 1.84963e-006	-1	-4.5906e-008
		*TM_ROW1 4.21199e-008	1.05722e-007	1
		*TM_ROW2 -1	-1.71608e-006	2.5129e-007
		*TM_ROW3 -580.039	147.364	-0.588552
		*TM_POS -580.039	147.364	-0.588552
		*TM_ROTAXIS -0.577351	0.57735	0.57735
		*TM_ROTANGLE 2.09439
		*TM_SCALE 1	1	1
		*TM_SCALEAXIS 0	0	0
		*TM_SCALEAXISANG 0	0	0
	}
}
*HELPEROBJECT {
	*NODE_NAME "Bip01 Tail"
	*NODE_PARENT "Bip01 Spine"
	*NODE_TM {
		*NODE_NAME "Bip01 Tail"
		*TM_ROW0 -2.77162e-005	0.818444	0.574586
		*TM_ROW1 1.57952e-005	-0.574586	0.818444
		*TM_ROW2 1	3.18289e-005	3.09944e-006
		*TM_ROW3 0.507712	289.747	246.685
		*TM_POS 0.507712	289.747	246.685
		*TM_ROTAXIS -0.663689	-0.344988	-0.663702
		*TM_ROTANGLE 2.47722
		*TM_SCALE 1	1	1
		*TM_SCALEAXIS 0	0	0
		*TM_SCALEAXISANG 0	0	0
	}
}
*HELPEROBJECT {
	*NODE_NAME "Bip01 Tail1"
	*NODE_PARENT "Bip01 Tail"
	*NODE_TM {
		*NODE_NAME "Bip01 Tail1"
		*TM_ROW0 -3.2872e-005	0.997613	-0.0690499
		*TM_ROW1 -4.20213e-006	0.0690499	0.997613
		*TM_ROW2 1	3.30508e-005	1.87755e-006
		*TM_ROW3 0.50226	456.66	363.7
		*TM_POS 0.50226	456.66	363.7
		*TM_ROTAXIS -0.563571	-0.603947	-0.563592
		*TM_ROTANGLE 2.05499
		*TM_SCALE 1	1	1
		*TM_SCALEAXIS 0	0	0
		*TM_SCALEAXISANG 0	0	0
	}
}
*HELPEROBJECT {
	*NODE_NAME "Bip01 Tail2"
	*NODE_PARENT "Bip01 Tail1"
	*NODE_TM {
		*NODE_NAME "Bip01 Tail2"
		*TM_ROW0 -9.86457e-006	0.302258	-0.953226
		*TM_ROW1 -3.32892e-005	0.953226	0.302258
		*TM_ROW2 1	3.47048e-005	6.59378e-007
		*TM_ROW3 0.4951	675.834	348.479
		*TM_POS 0.4951	675.834	348.479
		*TM_ROTAXIS -0.151153	-0.97688	-0.151187
		*TM_ROTANGLE 1.59419
		*TM_SCALE 1	1	1
		*TM_SCALEAXIS 0	0	0
		*TM_SCALEAXISANG 0	0	0
	}
}
*HELPEROBJECT {
	*NODE_NAME "Bip01 Tail3"
	*NODE_PARENT "Bip01 Tail2"
	*NODE_TM {
		*NODE_NAME "Bip01 Tail3"
		*TM_ROW0 -6.39825e-008	0.00260303	-0.999997
		*TM_ROW1 -3.5e-005	0.999997	0.00260309
		*TM_ROW2 1	3.5e-005	2.71249e-008
		*TM_ROW3 0.49338	728.476	182.004
		*TM_POS 0.49338	728.476	182.004
		*TM_ROTAXIS -0.00128405	-0.999998	-0.00131902
		*TM_ROTANGLE 1.5708
		*TM_SCALE 1	1	1
		*TM_SCALEAXIS 0	0	0
		*TM_SCALEAXISANG 0	0	0
	}
}
*HELPEROBJECT {
	*NODE_NAME "Dummy"
	*NODE_PARENT "Bip01 Ponytail21"
	*NODE_TM {
		*NODE_NAME "Dummy"
		*TM_ROW0 -1	-0	0
		*TM_ROW1 -0	-1	0
		*TM_ROW2 -0	-0	1
		*TM_ROW3 62.859	-184.705	397.498
		*TM_POS 62.859	-184.705	397.498
		*TM_ROTAXIS 0	0	-1
		*TM_ROTANGLE 3.14159
		*TM_SCALE 1	1	1
		*TM_SCALEAXIS 0	0	0
		*TM_SCALEAXISANG 0	0	0
	}
}
*HELPEROBJECT {
	*NODE_NAME "Dummy1"
	*NODE_PARENT "Bip01 Ponytail11"
	*NODE_TM {
		*NODE_NAME "Dummy1"
		*TM_ROW0 -1	-0	0
		*TM_ROW1 -0	-1	0
		*TM_ROW2 -0	-0	1
		*TM_ROW3 -62.8566	-184.865	397.586
		*TM_POS -62.8566	-184.865	397.586
		*TM_ROTAXIS 0	0	-1
		*TM_ROTANGLE 3.14159
		*TM_SCALE 1	1	1
		*TM_SCALEAXIS 0	0	0
		*TM_SCALEAXISANG 0	0	0
	}
}
*HELPEROBJECT {
	*NODE_NAME "Dummy2"
	*NODE_PARENT "Bip01 Jaws"
	*NODE_TM {
		*NODE_NAME "Dummy2"
		*TM_ROW0 -1	-0	0
		*TM_ROW1 -0	-1	0
		*TM_ROW2 -0	-0	1
		*TM_ROW3 -0.254064	-159.01	420.602
		*TM_POS -0.254064	-159.01	420.602
		*TM_ROTAXIS 0	0	-1
		*TM_ROTANGLE 3.14159
		*TM_SCALE 1	1	1
		*TM_SCALEAXIS 0	0	0
		*TM_SCALEAXISANG 0	0	0
	}
}
*HELPEROBJECT {
	*NODE_NAME "Dummy3"
	*NODE_PARENT "Bip01 L Finger0"
	*NODE_TM {
		*NODE_NAME "Dummy3"
		*TM_ROW0 -1	-0	0
		*TM_ROW1 -0	-1	0
		*TM_ROW2 -0	-0	1
		*TM_ROW3 287.868	-283.492	150.616
		*TM_POS 287.868	-283.492	150.616
		*TM_ROTAXIS 0	0	-1
		*TM_ROTANGLE 3.14159
		*TM_SCALE 1	1	1
		*TM_SCALEAXIS 0	0	0
		*TM_SCALEAXISANG 0	0	0
	}
}
*HELPEROBJECT {
	*NODE_NAME "Dummy4"
	*NODE_PARENT "Bip01 Upperfronthandl"
	*NODE_TM {
		*NODE_NAME "Dummy4"
		*TM_ROW0 -1	-0	0
		*TM_ROW1 -0	-1	0
		*TM_ROW2 -0	-0	1
		*TM_ROW3 216.504	-187.953	752.456
		*TM_POS 216.504	-187.953	752.456
		*TM_ROTAXIS 0	0	-1
		*TM_ROTANGLE 3.14159
		*TM_SCALE 1	1	1
		*TM_SCALEAXIS 0	0	0
		*TM_SCALEAXISANG 0	0	0
	}
}
*HELPEROBJECT {
	*NODE_NAME "Dummy5"
	*NODE_PARENT "Bip01 R Finger0"
	*NODE_TM {
		*NODE_NAME "Dummy5"
		*TM_ROW0 -1	-0	0
		*TM_ROW1 -0	-1	0
		*TM_ROW2 -0	-0	1
		*TM_ROW3 -286.851	-283.493	150.616
		*TM_POS -286.851	-283.493	150.616
		*TM_ROTAXIS 0	0	-1
		*TM_ROTANGLE 3.14159
		*TM_SCALE 1	1	1
		*TM_SCALEAXIS 0	0	0
		*TM_SCALEAXISANG 0	0	0
	}
}
*HELPEROBJECT {
	*NODE_NAME "Dummy6"
	*NODE_PARENT "Bip01 Upperfronthandr"
	*NODE_TM {
		*NODE_NAME "Dummy6"
		*TM_ROW0 -1	-0	0
		*TM_ROW1 -0	-1	0
		*TM_ROW2 -0	-0	1
		*TM_ROW3 -212.143	-189.835	753.213
		*TM_POS -212.143	-189.835	753.213
		*TM_ROTAXIS 0	0	-1
		*TM_ROTANGLE 3.14159
		*TM_SCALE 1	1	1
		*TM_SCALEAXIS 0	0	0
		*TM_SCALEAXISANG 0	0	0
	}
}
*HELPEROBJECT {
	*NODE_NAME "Dummy7"
	*NODE_PARENT "Bip01 L Toe0"
	*NODE_TM {
		*NODE_NAME "Dummy7"
		*TM_ROW0 -1	-0	0
		*TM_ROW1 -0	-1	0
		*TM_ROW2 -0	-0	1
		*TM_ROW3 581.055	114.621	-118.754
		*TM_POS 581.055	114.621	-118.754
		*TM_ROTAXIS 0	0	-1
		*TM_ROTANGLE 3.14159
		*TM_SCALE 1	1	1
		*TM_SCALEAXIS 0	0	0
		*TM_SCALEAXISANG 0	0	0
	}
}
*HELPEROBJECT {
	*NODE_NAME "Dummy8"
	*NODE_PARENT "Bip01 R Toe0"
	*NODE_TM {
		*NODE_NAME "Dummy8"
		*TM_ROW0 -1	-0	0
		*TM_ROW1 -0	-1	0
		*TM_ROW2 -0	-0	1
		*TM_ROW3 -580.039	114.619	-118.754
		*TM_POS -580.039	114.619	-118.754
		*TM_ROTAXIS 0	0	-1
		*TM_ROTANGLE 3.14159
		*TM_SCALE 1	1	1
		*TM_SCALEAXIS 0	0	0
		*TM_SCALEAXISANG 0	0	0
	}
}
*HELPEROBJECT {
	*NODE_NAME "Dummy9"
	*NODE_PARENT "Bip01 Tail3"
	*NODE_TM {
		*NODE_NAME "Dummy9"
		*TM_ROW0 -1	-0	0
		*TM_ROW1 -0	-1	0
		*TM_ROW2 -0	-0	1
		*TM_ROW3 0.49252	754.797	98.7664
		*TM_POS 0.49252	754.797	98.7664
		*TM_ROTAXIS 0	0	-1
		*TM_ROTANGLE 3.14159
		*TM_SCALE 1	1	1
		*TM_SCALEAXIS 0	0	0
		*TM_SCALEAXISANG 0	0	0
	}
}
*GEOMOBJECT {
	*NODE_NAME "zm_Skin"
	*NODE_PARENT "Bip01"
	*NODE_TM {
		*NODE_NAME "zm_Skin"
		*TM_ROW0 -1	-0	0
		*TM_ROW1 -0	-1	0
		*TM_ROW2 -0	-0	1
		*TM_ROW3 -0	-0	0
		*TM_POS -0	-0	0
		*TM_ROTAXIS 0	0	-1
		*TM_ROTANGLE 3.14159
		*TM_SCALE 1	1	1
		*TM_SCALEAXIS 0	0	0
		*TM_SCALEAXISANG 0	0	0
	}
	*MATERIAL_REF 0
	*MESH_SOFTSKIN {
		*TIMEVALUE 0
		*MESH_NUMVERTEX 914
		*MESH_NUMFACES 1794
		*MESH_VERTEX_LIST {
			*MESH_VERTEX 0	38.0575	669.167	351.555
			*MESH_VERTEX 1	302.785	131.855	857.417
			*MESH_VERTEX 2	104.781	154.76	289.49
			*MESH_VERTEX 3	-271.634	247.508	379.589
			*MESH_VERTEX 4	-78.9836	134.915	517.036
			*MESH_VERTEX 5	0.507904	343.152	159.186
			*MESH_VERTEX 6	-215.783	-169.206	14.3058
			*MESH_VERTEX 7	-382.301	96.3468	184.975
			*MESH_VERTEX 8	-236.724	216.195	334.852
			*MESH_VERTEX 9	-301.77	131.855	857.417
			*MESH_VERTEX 10	-214.201	298.681	711.314
			*MESH_VERTEX 11	60.2434	456.06	364.106
			*MESH_VERTEX 12	263.947	351.336	385.564
			*MESH_VERTEX 13	585.176	184.224	238.682
			*MESH_VERTEX 14	466.845	240.488	372.718
			*MESH_VERTEX 15	-584.159	184.272	238.662
			*MESH_VERTEX 16	-465.83	240.495	372.713
			*MESH_VERTEX 17	-25.2383	749.047	182.918
			*MESH_VERTEX 18	0.507662	702.99	3.78101
			*MESH_VERTEX 19	342.339	119.159	207.032
			*MESH_VERTEX 20	216.799	-169.206	14.3058
			*MESH_VERTEX 21	297.697	-145.572	148.046
			*MESH_VERTEX 22	-296.681	-145.57	148.044
			*MESH_VERTEX 23	64.4626	-156.045	484.509
			*MESH_VERTEX 24	-70.9104	-150.472	552.677
			*MESH_VERTEX 25	-49.1588	-185.059	412.511
			*MESH_VERTEX 26	-165.689	180.425	450.575
			*MESH_VERTEX 27	-113.786	126.186	371.194
			*MESH_VERTEX 28	-320.49	-44.3022	155.486
			*MESH_VERTEX 29	301.5	137.193	277.826
			*MESH_VERTEX 30	79.9969	134.829	516.977
			*MESH_VERTEX 31	215.217	298.681	711.313
			*MESH_VERTEX 32	-252.536	-206.766	70.5468
			*MESH_VERTEX 33	253.551	-206.766	70.5467
			*MESH_VERTEX 34	-37.0422	669.167	351.555
			*MESH_VERTEX 35	50.0275	-184.961	412.518
			*MESH_VERTEX 36	34.6559	-104.854	440.721
			*MESH_VERTEX 37	0.507914	134.359	616.056
			*MESH_VERTEX 38	276.877	128.58	341.366
			*MESH_VERTEX 39	-33.6348	-104.842	440.72
			*MESH_VERTEX 40	133.537	-93.5221	655.995
			*MESH_VERTEX 41	226.329	-57.5195	749.162
			*MESH_VERTEX 42	111.063	-43.6774	616.629
			*MESH_VERTEX 43	-132.522	-93.522	655.995
			*MESH_VERTEX 44	-225.314	-57.5195	749.162
			*MESH_VERTEX 45	-110.048	-43.6772	616.629
			*MESH_VERTEX 46	-63.458	-155.917	484.291
			*MESH_VERTEX 47	-105.745	-106.297	497.369
			*MESH_VERTEX 48	268.897	-91.9768	782.958
			*MESH_VERTEX 49	-267.882	-91.9767	782.958
			*MESH_VERTEX 50	512.135	189.075	0.926084
			*MESH_VERTEX 51	588.673	242.434	224.116
			*MESH_VERTEX 52	-511.119	189.075	0.926068
			*MESH_VERTEX 53	-587.646	242.382	224.132
			*MESH_VERTEX 54	-17.5653	-266.609	418.503
			*MESH_VERTEX 55	-31.4272	-220.709	450.246
			*MESH_VERTEX 56	17.8592	-266.288	418.503
			*MESH_VERTEX 57	32.0681	-220.49	450.25
			*MESH_VERTEX 58	326.881	-169.089	187.67
			*MESH_VERTEX 59	0.507769	56.2634	463.827
			*MESH_VERTEX 60	-50.2699	216.71	469.645
			*MESH_VERTEX 61	-7.31842	-221.333	431.577
			*MESH_VERTEX 62	237.744	216.208	334.862
			*MESH_VERTEX 63	134.413	220.879	185.069
			*MESH_VERTEX 64	272.649	247.507	379.589
			*MESH_VERTEX 65	0.507198	97.8454	228.833
			*MESH_VERTEX 66	-133.401	220.859	185.076
			*MESH_VERTEX 67	0.561433	213.438	562.127
			*MESH_VERTEX 68	-382.519	62.5959	231.647
			*MESH_VERTEX 69	-325.869	-169.092	187.672
			*MESH_VERTEX 70	70.725	302.09	206.785
			*MESH_VERTEX 71	-59.2281	456.06	364.106
			*MESH_VERTEX 72	0.560156	202.74	331.796
			*MESH_VERTEX 73	-342.237	170.416	297.392
			*MESH_VERTEX 74	-300.484	137.193	277.825
			*MESH_VERTEX 75	-345.041	80.8846	246.087
			*MESH_VERTEX 76	-37.498	-224.831	452.133
			*MESH_VERTEX 77	115.177	129.794	365.598
			*MESH_VERTEX 78	166.692	179.878	450.489
			*MESH_VERTEX 79	383.524	62.598	231.641
			*MESH_VERTEX 80	-69.3718	302.247	206.22
			*MESH_VERTEX 81	-262.932	351.336	385.564
			*MESH_VERTEX 82	-104.171	155.257	289.23
			*MESH_VERTEX 83	71.9255	-150.513	552.672
			*MESH_VERTEX 84	106.761	-106.348	497.364
			*MESH_VERTEX 85	66.7121	-124.734	522.604
			*MESH_VERTEX 86	-138.004	83.1245	482.962
			*MESH_VERTEX 87	82.2905	34.2901	407.455
			*MESH_VERTEX 88	14.2789	-214.7	443.253
			*MESH_VERTEX 89	-28.9981	-200.719	469.232
			*MESH_VERTEX 90	-268.284	-159.527	201.009
			*MESH_VERTEX 91	269.308	-159.526	201.003
			*MESH_VERTEX 92	288.056	284.837	334.561
			*MESH_VERTEX 93	-287.041	284.837	334.561
			*MESH_VERTEX 94	50.9493	-39.2508	573.997
			*MESH_VERTEX 95	0.50323	-137.227	587.924
			*MESH_VERTEX 96	0.507538	245.214	412.666
			*MESH_VERTEX 97	255.565	290.424	685.896
			*MESH_VERTEX 98	241.617	239.122	716.021
			*MESH_VERTEX 99	30.0134	-200.719	469.232
			*MESH_VERTEX 100	38.5133	-224.831	452.133
			*MESH_VERTEX 101	-291.935	319.306	432.245
			*MESH_VERTEX 102	-13.2636	-214.7	443.253
			*MESH_VERTEX 103	292.95	319.306	432.245
			*MESH_VERTEX 104	-65.1582	-137.11	503.591
			*MESH_VERTEX 105	-275.862	128.58	341.366
			*MESH_VERTEX 106	346.055	80.8857	246.083
			*MESH_VERTEX 107	343.252	170.416	297.392
			*MESH_VERTEX 108	487.401	280.528	378.498
			*MESH_VERTEX 109	-486.358	280.523	378.45
			*MESH_VERTEX 110	-99.9333	-208.019	593.011
			*MESH_VERTEX 111	-33.486	-182.033	530.019
			*MESH_VERTEX 112	-21.1711	-168.811	549.572
			*MESH_VERTEX 113	100.949	-208.019	593.011
			*MESH_VERTEX 114	34.5013	-182.033	530.019
			*MESH_VERTEX 115	22.1864	-168.811	549.572
			*MESH_VERTEX 116	125.475	-201.968	524.081
			*MESH_VERTEX 117	50.5809	-161.896	526.306
			*MESH_VERTEX 118	44.576	-175.192	506.818
			*MESH_VERTEX 119	-124.46	-201.968	524.081
			*MESH_VERTEX 120	-49.5656	-161.896	526.306
			*MESH_VERTEX 121	-43.5607	-175.192	506.818
			*MESH_VERTEX 122	-36.8985	-215.61	427.108
			*MESH_VERTEX 123	37.5671	-215.428	427.111
			*MESH_VERTEX 124	383.314	96.3553	184.992
			*MESH_VERTEX 125	0.500821	654.021	319.374
			*MESH_VERTEX 126	26.2477	749.042	182.917
			*MESH_VERTEX 127	0.495017	690.944	383.229
			*MESH_VERTEX 128	0.236065	252.581	316.879
			*MESH_VERTEX 129	0.00678803	247.378	338.324
			*MESH_VERTEX 130	-254.55	290.424	685.896
			*MESH_VERTEX 131	-32.5954	131.136	564.678
			*MESH_VERTEX 132	127.436	276.495	512.777
			*MESH_VERTEX 133	-43.47	158.986	372.465
			*MESH_VERTEX 134	77.0919	-226.769	479.197
			*MESH_VERTEX 135	53.8844	-194.962	491.224
			*MESH_VERTEX 136	36.9547	-192.833	479.168
			*MESH_VERTEX 137	-76.0766	-226.769	479.197
			*MESH_VERTEX 138	-52.8691	-194.962	491.224
			*MESH_VERTEX 139	-35.9394	-192.833	479.168
			*MESH_VERTEX 140	-120.301	254.914	313.489
			*MESH_VERTEX 141	82.7148	-133.991	475.224
			*MESH_VERTEX 142	0.507874	-10.4841	504.603
			*MESH_VERTEX 143	-65.7195	-207.262	417.863
			*MESH_VERTEX 144	-38.3665	-175.074	545.984
			*MESH_VERTEX 145	-106.369	-124.743	555.889
			*MESH_VERTEX 146	-71.3552	-142.877	533.972
			*MESH_VERTEX 147	39.3818	-175.074	545.984
			*MESH_VERTEX 148	107.382	-124.814	555.881
			*MESH_VERTEX 149	72.372	-142.915	533.969
			*MESH_VERTEX 150	238.167	-83.8998	802.392
			*MESH_VERTEX 151	294.089	97.2247	813.503
			*MESH_VERTEX 152	-237.152	-83.8997	802.392
			*MESH_VERTEX 153	-240.602	239.122	716.021
			*MESH_VERTEX 154	-293.074	97.2248	813.503
			*MESH_VERTEX 155	-65.8354	-124.379	522.41
			*MESH_VERTEX 156	-60.5232	-168.367	454.718
			*MESH_VERTEX 157	27.5828	483.805	335.033
			*MESH_VERTEX 158	0.502703	444.164	423.097
			*MESH_VERTEX 159	0.506865	303.328	295.05
			*MESH_VERTEX 160	66.441	-207.284	417.846
			*MESH_VERTEX 161	178.86	110.429	397.638
			*MESH_VERTEX 162	-55.4031	172.164	511.399
			*MESH_VERTEX 163	-126.421	276.496	512.776
			*MESH_VERTEX 164	262.467	222.768	376.945
			*MESH_VERTEX 165	-261.444	222.763	376.947
			*MESH_VERTEX 166	328.602	125.81	840.066
			*MESH_VERTEX 167	-327.586	125.81	840.066
			*MESH_VERTEX 168	-428.737	255.31	350.117
			*MESH_VERTEX 169	429.752	255.309	350.117
			*MESH_VERTEX 170	-41.7701	-187.301	500.692
			*MESH_VERTEX 171	42.7854	-187.301	500.692
			*MESH_VERTEX 172	143.178	169.454	527.86
			*MESH_VERTEX 173	56.418	172.165	511.399
			*MESH_VERTEX 174	0.810174	189.935	516.794
			*MESH_VERTEX 175	285.077	142.627	388.512
			*MESH_VERTEX 176	-284.083	142.61	388.494
			*MESH_VERTEX 177	51.2837	216.712	469.645
			*MESH_VERTEX 178	321.506	-44.3031	155.494
			*MESH_VERTEX 179	-49.9339	-39.2506	573.997
			*MESH_VERTEX 180	-336.556	142.268	318.789
			*MESH_VERTEX 181	337.572	142.268	318.789
			*MESH_VERTEX 182	120.716	255.06	314.615
			*MESH_VERTEX 183	-133.199	281.486	200.911
			*MESH_VERTEX 184	134.686	281.543	202.33
			*MESH_VERTEX 185	-15.3214	-210.045	420.844
			*MESH_VERTEX 186	-18.8574	-209.149	455.123
			*MESH_VERTEX 187	16.3367	-210.045	420.844
			*MESH_VERTEX 188	19.8727	-209.149	455.123
			*MESH_VERTEX 189	-570.732	173.875	101.179
			*MESH_VERTEX 190	571.748	173.875	101.179
			*MESH_VERTEX 191	-341.325	119.16	207.03
			*MESH_VERTEX 192	45.3092	-166.319	536.604
			*MESH_VERTEX 193	-44.2939	-166.319	536.604
			*MESH_VERTEX 194	-467.306	263.736	313.094
			*MESH_VERTEX 195	33.9226	131.174	564.528
			*MESH_VERTEX 196	468.276	263.723	313.045
			*MESH_VERTEX 197	40.2615	-178.815	528.099
			*MESH_VERTEX 198	-39.2462	-178.815	528.099
			*MESH_VERTEX 199	259.232	290.797	738.575
			*MESH_VERTEX 200	-258.216	290.797	738.575
			*MESH_VERTEX 201	-543.466	218.618	222.464
			*MESH_VERTEX 202	544.419	218.621	222.421
			*MESH_VERTEX 203	0.507642	-216.929	511.174
			*MESH_VERTEX 204	44.3218	158.607	372.202
			*MESH_VERTEX 205	110.506	222.749	460.27
			*MESH_VERTEX 206	35.3153	-145.562	456.421
			*MESH_VERTEX 207	-109.686	226.066	457.67
			*MESH_VERTEX 208	573.739	209.906	92.8822
			*MESH_VERTEX 209	609.084	215.466	232.485
			*MESH_VERTEX 210	-572.724	209.905	92.8822
			*MESH_VERTEX 211	-608.025	215.454	232.472
			*MESH_VERTEX 212	-142.168	169.632	527.888
			*MESH_VERTEX 213	61.5386	-168.394	454.719
			*MESH_VERTEX 214	139.02	83.1248	482.963
			*MESH_VERTEX 215	163.523	148.317	447.343
			*MESH_VERTEX 216	0.50766	757.126	120.935
			*MESH_VERTEX 217	294.17	276.409	408.682
			*MESH_VERTEX 218	-293.155	276.409	408.682
			*MESH_VERTEX 219	-75.1219	46.0797	458.764
			*MESH_VERTEX 220	-78.0643	40.3501	373.422
			*MESH_VERTEX 221	-116.834	190.945	364.877
			*MESH_VERTEX 222	-101.659	221.176	424.269
			*MESH_VERTEX 223	-166.872	227.485	371.339
			*MESH_VERTEX 224	-221.148	195.67	337.198
			*MESH_VERTEX 225	69.9748	115.483	258.466
			*MESH_VERTEX 226	-68.9647	115.487	258.506
			*MESH_VERTEX 227	1.60294	243.019	158.609
			*MESH_VERTEX 228	-162.705	149.29	448.219
			*MESH_VERTEX 229	-299.172	-178.389	209.732
			*MESH_VERTEX 230	300.189	-178.384	209.724
			*MESH_VERTEX 231	1.31032	243.523	478.791
			*MESH_VERTEX 232	0.507704	-147.414	477.718
			*MESH_VERTEX 233	-39.9699	-148.917	473.359
			*MESH_VERTEX 234	222.16	195.69	337.22
			*MESH_VERTEX 235	167.887	227.482	371.338
			*MESH_VERTEX 236	-26.5675	483.805	335.033
			*MESH_VERTEX 237	262.061	10.6373	805.393
			*MESH_VERTEX 238	311.46	92.9018	816.552
			*MESH_VERTEX 239	-261.046	10.6371	805.393
			*MESH_VERTEX 240	-310.444	92.9019	816.552
			*MESH_VERTEX 241	117.908	194.045	365.157
			*MESH_VERTEX 242	102.612	220.127	426.559
			*MESH_VERTEX 243	12.7366	718.661	163.476
			*MESH_VERTEX 244	263.907	254.092	710.8
			*MESH_VERTEX 245	-262.892	254.092	710.8
			*MESH_VERTEX 246	229.818	262.657	737.588
			*MESH_VERTEX 247	-228.802	262.657	737.588
			*MESH_VERTEX 248	-48.6199	-219.667	436.191
			*MESH_VERTEX 249	49.2636	-219.572	436.187
			*MESH_VERTEX 250	0.043927	188.696	360.459
			*MESH_VERTEX 251	-81.697	-133.952	475.224
			*MESH_VERTEX 252	-238.398	258.383	257.025
			*MESH_VERTEX 253	65.9463	-99.4071	489.888
			*MESH_VERTEX 254	43.1336	-34.7967	535.281
			*MESH_VERTEX 255	239.414	258.383	257.025
			*MESH_VERTEX 256	501.791	286.833	329.815
			*MESH_VERTEX 257	-500.749	286.779	329.816
			*MESH_VERTEX 258	-42.1176	-34.7961	535.28
			*MESH_VERTEX 259	-130.776	181.066	281.889
			*MESH_VERTEX 260	342.86	-11.9588	238.471
			*MESH_VERTEX 261	325.396	-61.9344	214.522
			*MESH_VERTEX 262	317.182	82.5263	237.773
			*MESH_VERTEX 263	295.578	-61.1052	195.965
			*MESH_VERTEX 264	267.015	-178.275	88.2672
			*MESH_VERTEX 265	286.134	-119.723	179.762
			*MESH_VERTEX 266	300.425	93.067	197.133
			*MESH_VERTEX 267	-341.847	-11.9598	238.48
			*MESH_VERTEX 268	-324.381	-61.9348	214.527
			*MESH_VERTEX 269	-316.163	82.5247	237.775
			*MESH_VERTEX 270	-294.556	-61.1041	195.966
			*MESH_VERTEX 271	-266	-178.274	88.2672
			*MESH_VERTEX 272	-285.111	-119.723	179.761
			*MESH_VERTEX 273	-299.409	93.062	197.121
			*MESH_VERTEX 274	32.3678	731.074	180.191
			*MESH_VERTEX 275	-11.7206	718.661	163.476
			*MESH_VERTEX 276	-8.28824	-223.939	442.781
			*MESH_VERTEX 277	-11.6658	-225.441	426.439
			*MESH_VERTEX 278	8.33369	-221.333	431.577
			*MESH_VERTEX 279	9.30351	-223.939	442.781
			*MESH_VERTEX 280	12.6811	-225.441	426.439
			*MESH_VERTEX 281	-34.2977	-145.547	456.422
			*MESH_VERTEX 282	131.579	180.639	282.238
			*MESH_VERTEX 283	0.507675	211.509	346.771
			*MESH_VERTEX 284	61.3944	66.69	349.242
			*MESH_VERTEX 285	79.0797	40.3503	373.422
			*MESH_VERTEX 286	76.1352	46.0798	458.764
			*MESH_VERTEX 287	0.496977	284.288	325.71
			*MESH_VERTEX 288	59.6473	-102.464	439.242
			*MESH_VERTEX 289	-58.619	-102.441	439.236
			*MESH_VERTEX 290	-240.043	211.163	368.299
			*MESH_VERTEX 291	241.069	211.176	368.305
			*MESH_VERTEX 292	-262.852	270.409	427.116
			*MESH_VERTEX 293	263.868	270.409	427.116
			*MESH_VERTEX 294	288.64	152.351	359.024
			*MESH_VERTEX 295	-287.626	152.349	359.025
			*MESH_VERTEX 296	210.721	-69.3955	763.14
			*MESH_VERTEX 297	-209.706	-69.3955	763.14
			*MESH_VERTEX 298	-220.227	-103.032	757.156
			*MESH_VERTEX 299	221.243	-103.032	757.156
			*MESH_VERTEX 300	66.176	-137.147	503.594
			*MESH_VERTEX 301	76.6608	-147.398	512.712
			*MESH_VERTEX 302	23.9749	-161.774	551.559
			*MESH_VERTEX 303	-75.6446	-147.36	512.715
			*MESH_VERTEX 304	-22.9596	-161.774	551.559
			*MESH_VERTEX 305	-101.655	222.582	542.206
			*MESH_VERTEX 306	102.67	222.582	542.206
			*MESH_VERTEX 307	-64.9316	-99.3756	489.89
			*MESH_VERTEX 308	277.808	343.586	355.896
			*MESH_VERTEX 309	-276.792	343.586	355.896
