*3DSMAX_ASCIIEXPORT	110
*COMMENT "[ GothicSourcer v3.14 ] - June 2007"
*SCENE {
	*SCENE_FILENAME "TRO_BODY.MAX"
	*SCENE_FIRSTFRAME 0
	*SCENE_LASTFRAME 100
	*SCENE_FRAMESPEED 25
	*SCENE_TICKSPERFRAME 192
	*SCENE_BACKGROUND_STATIC 0	0	0
	*SCENE_AMBIENT_STATIC 0.2	0.2	0.2
}
*MATERIAL_LIST {
	*MATERIAL_COUNT 1
	*MATERIAL 0 {
		*MATERIAL_NAME "Compound Material #1"
		*MATERIAL_CLASS "Multi/Sub-Object"
		*NUMSUBMTLS 2
		*SUBMATERIAL 0 {
			*MATERIAL_NAME "TROLLA"
			*MATERIAL_CLASS "Standard"
			*MATERIAL_AMBIENT 0.313726	0.258824	0.207843
			*MATERIAL_DIFFUSE 0.313726	0.258824	0.207843
			*MATERIAL_SPECULAR 0.9	0.9	0.9
			*MATERIAL_SHINE 0.1
			*MATERIAL_SHINESTRENGTH 0
			*MATERIAL_TRANSPARENCY 0
			*MATERIAL_WIRESIZE 1
			*MATERIAL_SHADING Blinn
			*MATERIAL_XP_FALLOFF 0
			*MATERIAL_SELFILLUM 0
			*MATERIAL_FALLOFF In
			*MATERIAL_XP_TYPE Filter
			*MAP_DIFFUSE {
				*MAP_NAME "Map #1-1"
				*MAP_CLASS "Bitmap"
				*MAP_SUBNO 1
				*MAP_AMOUNT 1
				*BITMAP "TRO_BODY_V0.TGA"
				*MAP_TYPE Screen
				*UVW_U_OFFSET 0
				*UVW_V_OFFSET 0
				*UVW_U_TILING 1
				*UVW_V_TILING 1
				*UVW_ANGLE 0
				*UVW_BLUR 1
				*UVW_BLUR_OFFSET 0
				*UVW_NOUSE_AMT 1
				*UVW_NOISE_SIZE 1
				*UVW_NOISE_LEVEL 1
				*UVW_NOISE_PHASE 0
				*BITMAP_FILTER Pyramidal
			}
		}
		*SUBMATERIAL 1 {
			*MATERIAL_NAME "TROLLB"
			*MATERIAL_CLASS "Standard"
			*MATERIAL_AMBIENT 0.345098	0.27451	0.203922
			*MATERIAL_DIFFUSE 0.345098	0.27451	0.203922
			*MATERIAL_SPECULAR 0.9	0.9	0.9
			*MATERIAL_SHINE 0.1
			*MATERIAL_SHINESTRENGTH 0
			*MATERIAL_TRANSPARENCY 0
			*MATERIAL_WIRESIZE 1
			*MATERIAL_SHADING Blinn
			*MATERIAL_XP_FALLOFF 0
			*MATERIAL_SELFILLUM 0
			*MATERIAL_FALLOFF In
			*MATERIAL_XP_TYPE Filter
			*MAP_DIFFUSE {
				*MAP_NAME "Map #1-2"
				*MAP_CLASS "Bitmap"
				*MAP_SUBNO 1
				*MAP_AMOUNT 1
				*BITMAP "TRO_ARMS_V0.TGA"
				*MAP_TYPE Screen
				*UVW_U_OFFSET 0
				*UVW_V_OFFSET 0
				*UVW_U_TILING 1
				*UVW_V_TILING 1
				*UVW_ANGLE 0
				*UVW_BLUR 1
				*UVW_BLUR_OFFSET 0
				*UVW_NOUSE_AMT 1
				*UVW_NOISE_SIZE 1
				*UVW_NOISE_LEVEL 1
				*UVW_NOISE_PHASE 0
				*BITMAP_FILTER Pyramidal
			}
		}
	}
}
*HELPEROBJECT {
	*NODE_NAME "Bip01"
	*NODE_TM {
		*NODE_NAME "Bip01"
		*TM_ROW0 1.26759e-006	-1	0
		*TM_ROW1 1	1.26759e-006	0
		*TM_ROW2 -0	-0	1
		*TM_ROW3 0.075769	73.3744	141.981
		*TM_POS 0.075769	73.3744	141.981
		*TM_ROTAXIS 0	0	1
		*TM_ROTANGLE 1.5708
		*TM_SCALE 1	1	1
		*TM_SCALEAXIS 0	0	0
		*TM_SCALEAXISANG 0	0	0
	}
}
*HELPEROBJECT {
	*NODE_NAME "Bip01 Pelvis"
	*NODE_PARENT "Bip01"
	*NODE_TM {
		*NODE_NAME "Bip01 Pelvis"
		*TM_ROW0 -1.19209e-006	-1.64892e-007	1
		*TM_ROW1 2.99332e-006	-1	-1.64887e-007
		*TM_ROW2 1	2.99332e-006	1.66893e-006
		*TM_ROW3 0.075769	73.3744	141.981
		*TM_POS 0.075769	73.3744	141.981
		*TM_ROTAXIS -0.707106	-1e-006	-0.707107
		*TM_ROTANGLE 3.14159
		*TM_SCALE 1	1	1
		*TM_SCALEAXIS 0	0	0
		*TM_SCALEAXISANG 0	0	0
	}
}
*HELPEROBJECT {
	*NODE_NAME "Bip01 Spine"
	*NODE_PARENT "Bip01 Pelvis"
	*NODE_TM {
		*NODE_NAME "Bip01 Spine"
		*TM_ROW0 9.53674e-007	-0.719892	0.694086
		*TM_ROW1 -1.81794e-006	-0.694086	-0.719892
		*TM_ROW2 1	-7.15256e-007	-1.60933e-006
		*TM_ROW3 0.075769	68.229	147.726
		*TM_POS 0.075769	68.229	147.726
		*TM_ROTAXIS 0.677196	-0.287771	0.677195
		*TM_ROTANGLE 2.58119
		*TM_SCALE 1	1	1
		*TM_SCALEAXIS 0	0	0
		*TM_SCALEAXISANG 0	0	0
	}
}
*HELPEROBJECT {
	*NODE_NAME "Bip01 L Thigh"
	*NODE_PARENT "Bip01 Spine"
	*NODE_TM {
		*NODE_NAME "Bip01 L Thigh"
		*TM_ROW0 0.173061	-0.744945	-0.644288
		*TM_ROW1 -0.115386	-0.664988	0.737887
		*TM_ROW2 -0.978129	-0.0533575	-0.20104
		*TM_ROW3 54.5815	73.3745	141.981
		*TM_POS 54.5815	73.3745	141.981
		*TM_ROTAXIS 0.743071	-0.313516	-0.59123
		*TM_ROTANGLE 3.70304
		*TM_SCALE 1	1	1
		*TM_SCALEAXIS 0	0	0
		*TM_SCALEAXISANG 0	0	0
	}
}
*HELPEROBJECT {
	*NODE_NAME "Bip01 L Calf"
	*NODE_PARENT "Bip01 L Thigh"
	*NODE_TM {
		*NODE_NAME "Bip01 L Calf"
		*TM_ROW0 0.138235	0.555455	-0.819976
		*TM_ROW1 0.155421	-0.829833	-0.535931
		*TM_ROW2 -0.978129	-0.053357	-0.201041
		*TM_ROW3 67.7001	16.905	93.1415
		*TM_POS 67.7001	16.905	93.1415
		*TM_ROTAXIS 0.746481	0.244642	-0.618803
		*TM_ROTANGLE 2.81245
		*TM_SCALE 1	1	1
		*TM_SCALEAXIS 0	0	0
		*TM_SCALEAXISANG 0	0	0
	}
}
*HELPEROBJECT {
	*NODE_NAME "Bip01 L Foot"
	*NODE_PARENT "Bip01 L Calf"
	*NODE_TM {
		*NODE_NAME "Bip01 L Foot"
		*TM_ROW0 5.15275e-008	-8.81078e-007	-1
		*TM_ROW1 0.0610493	-0.998135	8.8172e-007
		*TM_ROW2 -0.998135	-0.0610493	4.5452e-008
		*TM_ROW3 76.8664	53.737	38.7693
		*TM_POS 76.8664	53.737	38.7693
		*TM_ROTAXIS 0.706942	0.021599	-0.706942
		*TM_ROTANGLE 3.18479
		*TM_SCALE 1	1	1
		*TM_SCALEAXIS 0	0	0
		*TM_SCALEAXISANG 0	0	0
	}
}
*HELPEROBJECT {
	*NODE_NAME "Bip01 L Toe0"
	*NODE_PARENT "Bip01 L Foot"
	*NODE_TM {
		*NODE_NAME "Bip01 L Toe0"
		*TM_ROW0 0.0610495	-0.998135	-3.40175e-007
		*TM_ROW1 -3.19748e-007	-3.11015e-007	1
		*TM_ROW2 -0.998135	-0.0610495	-3.12176e-007
		*TM_ROW3 81.5453	-22.76	0.847139
		*TM_POS 81.5453	-22.76	0.847139
		*TM_ROTAXIS -0.600858	0.56523	0.56523
		*TM_ROTANGLE 2.05949
		*TM_SCALE 1	1	1
		*TM_SCALEAXIS 0	0	0
		*TM_SCALEAXISANG 0	0	0
	}
}
*HELPEROBJECT {
	*NODE_NAME "Bip01 R Thigh"
	*NODE_PARENT "Bip01 Spine"
	*NODE_TM {
		*NODE_NAME "Bip01 R Thigh"
		*TM_ROW0 -0.17298	-0.744951	-0.644303
		*TM_ROW1 0.115491	-0.664993	0.737866
		*TM_ROW2 -0.978131	0.0532253	0.201066
		*TM_ROW3 -54.4299	73.3744	141.981
		*TM_POS -54.4299	73.3744	141.981
		*TM_ROTAXIS 0.595783	-0.290501	-0.748767
		*TM_ROTANGLE 3.75367
		*TM_SCALE 1	1	1
		*TM_SCALEAXIS 0	0	0
		*TM_SCALEAXISANG 0	0	0
	}
}
*HELPEROBJECT {
	*NODE_NAME "Bip01 R Calf"
	*NODE_PARENT "Bip01 R Thigh"
	*NODE_TM {
		*NODE_NAME "Bip01 R Calf"
		*TM_ROW0 -0.138326	0.555459	-0.819958
		*TM_ROW1 -0.155327	-0.829839	-0.535949
		*TM_ROW2 -0.978131	0.0532254	0.201066
		*TM_ROW3 -67.5425	16.9045	93.1403
		*TM_POS -67.5425	16.9045	93.1403
		*TM_ROTAXIS 0.629006	0.168866	-0.758839
		*TM_ROTANGLE 2.65418
		*TM_SCALE 1	1	1
		*TM_SCALEAXIS 0	0	0
		*TM_SCALEAXISANG 0	0	0
	}
}
*HELPEROBJECT {
	*NODE_NAME "Bip01 R Foot"
	*NODE_PARENT "Bip01 R Calf"
	*NODE_TM {
		*NODE_NAME "Bip01 R Foot"
		*TM_ROW0 9.26998e-008	-6.07554e-007	-1
		*TM_ROW1 -0.061048	-0.998135	5.06033e-007
		*TM_ROW2 -0.998135	0.061048	5.4458e-008
		*TM_ROW3 -76.7148	53.7367	38.7693
		*TM_POS -76.7148	53.7367	38.7693
		*TM_ROTAXIS 0.706942	-0.0215991	-0.706942
		*TM_ROTANGLE 3.0984
		*TM_SCALE 1	1	1
		*TM_SCALEAXIS 0	0	0
		*TM_SCALEAXISANG 0	0	0
	}
}
*HELPEROBJECT {
	*NODE_NAME "Bip01 R Toe0"
	*NODE_PARENT "Bip01 R Foot"
	*NODE_TM {
		*NODE_NAME "Bip01 R Toe0"
		*TM_ROW0 -0.0610479	-0.998135	-2.46476e-007
		*TM_ROW1 -3.31118e-007	-2.57454e-008	1
		*TM_ROW2 -0.998135	0.061048	-1.83961e-007
		*TM_ROW3 -81.3935	-22.7603	0.84713
		*TM_POS -81.3935	-22.7603	0.84713
		*TM_ROTAXIS -0.553843	0.588752	0.588752
		*TM_ROTANGLE 2.13002
		*TM_SCALE 1	1	1
		*TM_SCALEAXIS 0	0	0
		*TM_SCALEAXISANG 0	0	0
	}
}
*HELPEROBJECT {
	*NODE_NAME "Bip01 Spine1"
	*NODE_PARENT "Bip01 Spine"
	*NODE_TM {
		*NODE_NAME "Bip01 Spine1"
		*TM_ROW0 1.54972e-006	-0.899143	0.437656
		*TM_ROW1 -2.47359e-006	-0.437656	-0.899143
		*TM_ROW2 1	3.57628e-007	-2.92063e-006
		*TM_ROW3 0.075839	17.557	196.643
		*TM_POS 0.075839	17.557	196.643
		*TM_ROTAXIS 0.646691	-0.404455	0.646689
		*TM_ROTANGLE 2.37291
		*TM_SCALE 1	1	1
		*TM_SCALEAXIS 0	0	0
		*TM_SCALEAXISANG 0	0	0
	}
}
*HELPEROBJECT {
	*NODE_NAME "Bip01 Spine2"
	*NODE_PARENT "Bip01 Spine1"
	*NODE_TM {
		*NODE_NAME "Bip01 Spine2"
		*TM_ROW0 1.13249e-006	-0.454699	0.890645
		*TM_ROW1 -1.16229e-006	-0.890645	-0.454699
		*TM_ROW2 1	-5.51343e-007	-1.49012e-006
		*TM_ROW3 0.07591	-34.8453	222.214
		*TM_POS 0.07591	-34.8453	222.214
		*TM_ROTAXIS 0.697099	-0.167652	0.697098
		*TM_ROTANGLE 2.80938
		*TM_SCALE 1	1	1
		*TM_SCALEAXIS 0	0	0
		*TM_SCALEAXISANG 0	0	0
	}
}
*HELPEROBJECT {
	*NODE_NAME "Bip01 Neck"
	*NODE_PARENT "Bip01 Spine2"
	*NODE_TM {
		*NODE_NAME "Bip01 Neck"
		*TM_ROW0 1.87755e-006	-0.989615	-0.143743
		*TM_ROW1 -3.15905e-006	0.143743	-0.989615
		*TM_ROW2 1	2.23517e-006	-2.80142e-006
		*TM_ROW3 0.075967	-76.2899	303.417
		*TM_POS 0.075967	-76.2899	303.417
		*TM_ROTAXIS 0.547526	-0.632799	0.547523
		*TM_ROTANGLE 2.01322
		*TM_SCALE 1	1	1
		*TM_SCALEAXIS 0	0	0
		*TM_SCALEAXISANG 0	0	0
	}
}
*HELPEROBJECT {
	*NODE_NAME "Bip01 Neck1"
	*NODE_PARENT "Bip01 Neck"
	*NODE_TM {
		*NODE_NAME "Bip01 Neck1"
		*TM_ROW0 1.2517e-006	-0.995368	0.0961349
		*TM_ROW1 -2.47359e-006	-0.0961348	-0.995368
		*TM_ROW2 1	9.53674e-007	-2.44379e-006
		*TM_ROW3 0.076023	-116.928	297.546
		*TM_POS 0.076023	-116.928	297.546
		*TM_ROTAXIS 0.595008	-0.540309	0.595006
		*TM_ROTANGLE 2.15085
		*TM_SCALE 1	1	1
		*TM_SCALEAXIS 0	0	0
		*TM_SCALEAXISANG 0	0	0
	}
}
*HELPEROBJECT {
	*NODE_NAME "Bip01 Head"
	*NODE_PARENT "Bip01 Neck1"
	*NODE_TM {
		*NODE_NAME "Bip01 Head"
		*TM_ROW0 1.2219e-006	-0.870452	-0.492255
		*TM_ROW1 -3.18885e-006	0.492255	-0.870452
		*TM_ROW2 1	2.5332e-006	-2.14577e-006
		*TM_ROW3 0.076077	-156.497	301.367
		*TM_POS 0.076077	-156.497	301.367
		*TM_ROTAXIS 0.449969	-0.7714	0.449966
		*TM_ROTANGLE 1.82748
		*TM_SCALE 1	1	1
		*TM_SCALEAXIS 0	0	0
		*TM_SCALEAXISANG 0	0	0
	}
}
*HELPEROBJECT {
	*NODE_NAME "Bip01 Kiefer01"
	*NODE_PARENT "Bip01 Head"
	*NODE_TM {
		*NODE_NAME "Bip01 Kiefer01"
		*TM_ROW0 4.76837e-007	0.976338	0.216253
		*TM_ROW1 -4.17232e-007	-0.216253	0.976338
		*TM_ROW2 1	-4.17233e-007	4.76838e-007
		*TM_ROW3 6.90075e-005	-142.042	272.399
		*TM_POS 6.90075e-005	-142.042	272.399
		*TM_ROTAXIS -0.614946	-0.493643	-0.614946
		*TM_ROTANGLE 2.22449
		*TM_SCALE 1	1	1
		*TM_SCALEAXIS 0	0	0
		*TM_SCALEAXISANG 0	0	0
	}
}
*HELPEROBJECT {
	*NODE_NAME "Bip01 Kiefer02"
	*NODE_PARENT "Bip01 Kiefer01"
	*NODE_TM {
		*NODE_NAME "Bip01 Kiefer02"
		*TM_ROW0 5.96041e-008	0.927256	0.374428
		*TM_ROW1 -2.98019e-008	-0.374428	0.927256
		*TM_ROW2 1	-2.98028e-008	5.96051e-008
		*TM_ROW3 -0.00312399	-144.937	254.838
		*TM_POS -0.00312399	-144.937	254.838
		*TM_ROTAXIS -0.638206	-0.430565	-0.638206
		*TM_ROTANGLE 2.32844
		*TM_SCALE 1	1	1
		*TM_SCALEAXIS 0	0	0
		*TM_SCALEAXISANG 0	0	0
	}
}
*HELPEROBJECT {
	*NODE_NAME "Bip01 L Clavicle"
	*NODE_PARENT "Bip01 Neck"
	*NODE_TM {
		*NODE_NAME "Bip01 L Clavicle"
		*TM_ROW0 0.801569	-0.0230148	-0.597459
		*TM_ROW1 0.342019	0.837273	0.426611
		*TM_ROW2 0.490418	-0.546301	0.679004
		*TM_ROW3 71.7763	-40.3305	271.455
		*TM_POS 71.7763	-40.3305	271.455
		*TM_ROTAXIS -0.646702	-0.72312	0.242641
		*TM_ROTANGLE 0.85141
		*TM_SCALE 1	1	1
		*TM_SCALEAXIS 0	0	0
		*TM_SCALEAXISANG 0	0	0
	}
}
*HELPEROBJECT {
	*NODE_NAME "Bip01 L UpperArm"
	*NODE_PARENT "Bip01 L Clavicle"
	*NODE_TM {
		*NODE_NAME "Bip01 L UpperArm"
		*TM_ROW0 0.780713	-0.205677	-0.590072
		*TM_ROW1 0.52171	0.734293	0.434318
		*TM_ROW2 0.343957	-0.646924	0.680575
		*TM_ROW3 120.591	-41.732	235.071
		*TM_POS 120.591	-41.732	235.071
		*TM_ROTAXIS -0.674384	-0.582565	0.45368
		*TM_ROTANGLE 0.930054
		*TM_SCALE 1	1	1
		*TM_SCALEAXIS 0	0	0
		*TM_SCALEAXISANG 0	0	0
	}
}
*HELPEROBJECT {
	*NODE_NAME "Bip01 L Forearm"
	*NODE_PARENT "Bip01 L UpperArm"
	*NODE_TM {
		*NODE_NAME "Bip01 L Forearm"
		*TM_ROW0 0.00985085	-0.722273	-0.691538
		*TM_ROW1 0.938934	0.244563	-0.242058
		*TM_ROW2 0.343957	-0.646924	0.680576
		*TM_ROW3 209.543	-65.1663	167.84
		*TM_POS 209.543	-65.1663	167.84
		*TM_ROTAXIS -0.20254	-0.518021	0.831043
		*TM_ROTANGLE 1.60331
		*TM_SCALE 1	1	1
		*TM_SCALEAXIS 0	0	0
		*TM_SCALEAXISANG 0	0	0
	}
}
*HELPEROBJECT {
	*NODE_NAME "Bip01 L Hand"
	*NODE_PARENT "Bip01 L Forearm"
	*NODE_TM {
		*NODE_NAME "Bip01 L Hand"
		*TM_ROW0 0.0299404	-0.172345	-0.984582
		*TM_ROW1 -0.489692	0.856187	-0.164761
		*TM_ROW2 0.871381	0.487075	-0.0587613
		*TM_ROW3 210.404	-128.272	107.419
		*TM_POS 210.404	-128.272	107.419
		*TM_ROTAXIS 0.327139	-0.931458	-0.159268
		*TM_ROTANGLE 1.65722
		*TM_SCALE 1	1	1
		*TM_SCALEAXIS 0	0	0
		*TM_SCALEAXISANG 0	0	0
	}
}
*HELPEROBJECT {
	*NODE_NAME "Bip01 L Finger0"
	*NODE_PARENT "Bip01 L Hand"
	*NODE_TM {
		*NODE_NAME "Bip01 L Finger0"
		*TM_ROW0 -0.338796	0.0886514	-0.936674
		*TM_ROW1 -0.938281	-0.1055	0.329393
		*TM_ROW2 -0.0696179	0.99046	0.118923
		*TM_ROW3 181.992	-151.714	84.5867
		*TM_POS 181.992	-151.714	84.5867
		*TM_ROTAXIS 0.441361	-0.578889	-0.68563
		*TM_ROTANGLE 2.2952
		*TM_SCALE 1	1	1
		*TM_SCALEAXIS 0	0	0
		*TM_SCALEAXISANG 0	0	0
	}
}
*HELPEROBJECT {
	*NODE_NAME "Bip01 L Finger01"
	*NODE_PARENT "Bip01 L Finger0"
	*NODE_TM {
		*NODE_NAME "Bip01 L Finger01"
		*TM_ROW0 -0.179289	0.104849	-0.978193
		*TM_ROW1 -0.98133	-0.0894212	0.170279
		*TM_ROW2 -0.0696177	0.99046	0.118923
		*TM_ROW3 171.797	-149.046	56.4002
		*TM_POS 171.797	-149.046	56.4002
		*TM_ROTAXIS 0.501193	-0.555209	-0.663738
		*TM_ROTANGLE 2.18327
		*TM_SCALE 1	1	1
		*TM_SCALEAXIS 0	0	0
		*TM_SCALEAXISANG 0	0	0
	}
}
*HELPEROBJECT {
	*NODE_NAME "Bip01 L Finger02"
	*NODE_PARENT "Bip01 L Finger01"
	*NODE_TM {
		*NODE_NAME "Bip01 L Finger02"
		*TM_ROW0 -0.906694	-0.0131113	-0.421585
		*TM_ROW1 -0.416004	-0.137177	0.898957
		*TM_ROW2 -0.0696182	0.99046	0.118923
		*TM_ROW3 165.965	-145.635	24.5775
		*TM_POS 165.965	-145.635	24.5775
		*TM_ROTAXIS 0.168592	-0.64849	-0.742319
		*TM_ROTANGLE 2.86677
		*TM_SCALE 1	1	1
		*TM_SCALEAXIS 0	0	0
		*TM_SCALEAXISANG 0	0	0
	}
}
*HELPEROBJECT {
	*NODE_NAME "Bip01 L Finger1"
	*NODE_PARENT "Bip01 L Hand"
	*NODE_TM {
		*NODE_NAME "Bip01 L Finger1"
		*TM_ROW0 -0.11057	0.0778131	-0.990818
		*TM_ROW1 -0.478695	0.869505	0.121706
		*TM_ROW2 0.870991	0.487756	-0.0588926
		*TM_ROW3 197.802	-157.7	34.9788
		*TM_POS 197.802	-157.7	34.9788
		*TM_ROTAXIS 0.185119	-0.941554	-0.281437
		*TM_ROTANGLE 1.72134
		*TM_SCALE 1	1	1
		*TM_SCALEAXIS 0	0	0
		*TM_SCALEAXISANG 0	0	0
	}
}
*HELPEROBJECT {
	*NODE_NAME "Bip01 L Finger11"
	*NODE_PARENT "Bip01 L Finger1"
	*NODE_TM {
		*NODE_NAME "Bip01 L Finger11"
		*TM_ROW0 -0.425451	0.808761	0.406074
		*TM_ROW1 0.245695	-0.328631	0.91194
		*TM_ROW2 0.870991	0.487757	-0.0588917
		*TM_ROW3 194.95	-155.693	9.42514
		*TM_POS 194.95	-155.693	9.42514
		*TM_ROTAXIS -0.50231	-0.550545	-0.666772
		*TM_ROTANGLE 2.70569
		*TM_SCALE 1	1	1
		*TM_SCALEAXIS 0	0	0
		*TM_SCALEAXISANG 0	0	0
	}
}
*HELPEROBJECT {
	*NODE_NAME "Bip01 L Finger12"
	*NODE_PARENT "Bip01 L Finger11"
	*NODE_TM {
		*NODE_NAME "Bip01 L Finger12"
		*TM_ROW0 -0.315761	0.647589	0.693487
		*TM_ROW1 0.37639	-0.585425	0.718058
		*TM_ROW2 0.870991	0.487756	-0.0588923
		*TM_ROW3 183.977	-134.834	19.898
		*TM_POS 183.977	-134.834	19.898
		*TM_ROTAXIS -0.579213	-0.446426	-0.682068
		*TM_ROTANGLE 2.94145
		*TM_SCALE 1	1	1
		*TM_SCALEAXIS 0	0	0
		*TM_SCALEAXISANG 0	0	0
	}
}
*HELPEROBJECT {
	*NODE_NAME "Bip01 L Finger2"
	*NODE_PARENT "Bip01 L Hand"
	*NODE_TM {
		*NODE_NAME "Bip01 L Finger2"
		*TM_ROW0 -0.42763	0.693636	-0.579656
		*TM_ROW1 -0.24188	0.53006	0.81273
		*TM_ROW2 0.870992	0.487755	-0.0588929
		*TM_ROW3 234.396	-136.996	34.0635
		*TM_POS 234.396	-136.996	34.0635
		*TM_ROTAXIS -0.185016	-0.825889	-0.532612
		*TM_ROTANGLE 2.06944
		*TM_SCALE 1	1	1
		*TM_SCALEAXIS 0	0	0
		*TM_SCALEAXISANG 0	0	0
	}
}
*HELPEROBJECT {
	*NODE_NAME "Bip01 L Finger21"
	*NODE_PARENT "Bip01 L Finger2"
	*NODE_TM {
		*NODE_NAME "Bip01 L Finger21"
		*TM_ROW0 -0.183994	0.434988	0.881437
		*TM_ROW1 0.455545	-0.756888	0.468615
		*TM_ROW2 0.870991	0.487756	-0.0588935
		*TM_ROW3 222.803	-118.192	18.349
		*TM_POS 222.803	-118.192	18.349
		*TM_ROTAXIS -0.638725	-0.348578	-0.685947
		*TM_ROTANGLE 3.15658
		*TM_SCALE 1	1	1
		*TM_SCALEAXIS 0	0	0
		*TM_SCALEAXISANG 0	0	0
	}
}
*HELPEROBJECT {
	*NODE_NAME "Bip01 L Finger22"
	*NODE_PARENT "Bip01 L Finger21"
	*NODE_TM {
		*NODE_NAME "Bip01 L Finger22"
		*TM_ROW0 0.118907	-0.0929751	0.988543
		*TM_ROW1 0.476693	-0.868015	-0.138978
		*TM_ROW2 0.870991	0.487757	-0.0588926
		*TM_ROW3 218.052	-106.961	41.1069
		*TM_POS 218.052	-106.961	41.1069
		*TM_ROTAXIS 0.732967	0.137477	0.666227
		*TM_ROTANGLE 2.69983
		*TM_SCALE 1	1	1
		*TM_SCALEAXIS 0	0	0
		*TM_SCALEAXISANG 0	0	0
	}
}
*HELPEROBJECT {
	*NODE_NAME "Bip01 R Clavicle"
	*NODE_PARENT "Bip01 Neck"
	*NODE_TM {
		*NODE_NAME "Bip01 R Clavicle"
		*TM_ROW0 -0.801569	-0.0230173	-0.597459
		*TM_ROW1 -0.342022	0.837272	0.426611
		*TM_ROW2 0.490416	0.546303	-0.679003
		*TM_ROW3 -71.6245	-40.3307	271.455
		*TM_POS -71.6245	-40.3307	271.455
		*TM_ROTAXIS -0.104994	0.95429	0.279833
		*TM_ROTANGLE 3.74809
		*TM_SCALE 1	1	1
		*TM_SCALEAXIS 0	0	0
		*TM_SCALEAXISANG 0	0	0
	}
}
*HELPEROBJECT {
	*NODE_NAME "Bip01 R UpperArm"
	*NODE_PARENT "Bip01 R Clavicle"
	*NODE_TM {
		*NODE_NAME "Bip01 R UpperArm"
		*TM_ROW0 -0.780712	-0.205678	-0.590072
		*TM_ROW1 -0.521712	0.734292	0.434318
		*TM_ROW2 0.343955	0.646925	-0.680576
		*TM_ROW3 -120.439	-41.7323	235.071
		*TM_POS -120.439	-41.7323	235.071
		*TM_ROTAXIS -0.210772	0.925967	0.313306
		*TM_ROTANGLE 3.67022
		*TM_SCALE 1	1	1
		*TM_SCALEAXIS 0	0	0
		*TM_SCALEAXISANG 0	0	0
	}
}
*HELPEROBJECT {
	*NODE_NAME "Bip01 R Forearm"
	*NODE_PARENT "Bip01 R UpperArm"
	*NODE_TM {
		*NODE_NAME "Bip01 R Forearm"
		*TM_ROW0 -0.00984704	-0.722273	-0.691537
		*TM_ROW1 -0.938935	0.244559	-0.242059
		*TM_ROW2 0.343954	0.646925	-0.680576
		*TM_ROW3 -209.391	-65.167	167.84
		*TM_POS -209.391	-65.167	167.84
		*TM_ROTAXIS -0.643334	0.749358	0.156792
		*TM_ROTANGLE 3.90435
		*TM_SCALE 1	1	1
		*TM_SCALEAXIS 0	0	0
		*TM_SCALEAXISANG 0	0	0
	}
}
*HELPEROBJECT {
	*NODE_NAME "Bip01 R Hand"
	*NODE_PARENT "Bip01 R Forearm"
	*NODE_TM {
		*NODE_NAME "Bip01 R Hand"
		*TM_ROW0 -0.0299395	-0.172345	-0.984582
		*TM_ROW1 0.489688	0.856189	-0.164761
		*TM_ROW2 0.871383	-0.487071	0.0587611
		*TM_ROW3 -210.252	-128.273	107.419
		*TM_POS -210.252	-128.273	107.419
		*TM_ROTAXIS -0.161422	-0.92952	0.331565
		*TM_ROTANGLE 1.62832
		*TM_SCALE 1	1	1
		*TM_SCALEAXIS 0	0	0
		*TM_SCALEAXISANG 0	0	0
	}
}
*HELPEROBJECT {
	*NODE_NAME "Bip01 R Finger0"
	*NODE_PARENT "Bip01 R Hand"
	*NODE_TM {
		*NODE_NAME "Bip01 R Finger0"
		*TM_ROW0 0.338796	0.0886526	-0.936674
		*TM_ROW1 0.938281	-0.105497	0.329393
		*TM_ROW2 -0.0696152	-0.99046	-0.118923
		*TM_ROW3 -180.869	-148.553	80.0376
		*TM_POS -180.869	-148.553	80.0376
		*TM_ROTAXIS -0.73602	-0.483518	0.473798
		*TM_ROTANGLE 2.02953
		*TM_SCALE 1	1	1
		*TM_SCALEAXIS 0	0	0
		*TM_SCALEAXISANG 0	0	0
	}
}
*HELPEROBJECT {
	*NODE_NAME "Bip01 R Finger01"
	*NODE_PARENT "Bip01 R Finger0"
	*NODE_TM {
		*NODE_NAME "Bip01 R Finger01"
		*TM_ROW0 0.179289	0.104849	-0.978194
		*TM_ROW1 0.98133	-0.0894187	0.170279
		*TM_ROW2 -0.0696151	-0.99046	-0.118924
		*TM_ROW3 -170.674	-145.885	51.8511
		*TM_POS -170.674	-145.885	51.8511
		*TM_ROTAXIS 0.676836	0.529799	-0.511083
		*TM_ROTANGLE 4.17193
		*TM_SCALE 1	1	1
		*TM_SCALEAXIS 0	0	0
		*TM_SCALEAXISANG 0	0	0
	}
}
*HELPEROBJECT {
	*NODE_NAME "Bip01 R Finger02"
	*NODE_PARENT "Bip01 R Finger01"
	*NODE_TM {
		*NODE_NAME "Bip01 R Finger02"
		*TM_ROW0 0.906695	-0.0131087	-0.421584
		*TM_ROW1 0.416003	-0.137175	0.898958
		*TM_ROW2 -0.0696149	-0.99046	-0.118923
		*TM_ROW3 -164.841	-142.474	20.0284
		*TM_POS -164.841	-142.474	20.0284
		*TM_ROTAXIS -0.959464	-0.178733	0.217907
		*TM_ROTANGLE 1.7464
		*TM_SCALE 1	1	1
		*TM_SCALEAXIS 0	0	0
		*TM_SCALEAXISANG 0	0	0
	}
}
*HELPEROBJECT {
	*NODE_NAME "Bip01 R Finger1"
	*NODE_PARENT "Bip01 R Hand"
	*NODE_TM {
		*NODE_NAME "Bip01 R Finger1"
		*TM_ROW0 0.139588	0.13075	-0.98154
		*TM_ROW1 0.471049	0.863135	0.181967
		*TM_ROW2 0.870993	-0.487753	0.0588929
		*TM_ROW3 -195.572	-158.467	36.3032
		*TM_POS -195.572	-158.467	36.3032
		*TM_ROTAXIS -0.335019	-0.926706	0.17023
		*TM_ROTANGLE 1.53998
		*TM_SCALE 1	1	1
		*TM_SCALEAXIS 0	0	0
		*TM_SCALEAXISANG 0	0	0
	}
}
*HELPEROBJECT {
	*NODE_NAME "Bip01 R Finger11"
	*NODE_PARENT "Bip01 R Finger1"
	*NODE_TM {
		*NODE_NAME "Bip01 R Finger11"
		*TM_ROW0 0.450526	0.840767	0.300229
		*TM_ROW1 -0.195953	-0.234965	0.952048
		*TM_ROW2 0.870993	-0.487753	0.0588925
		*TM_ROW3 -191.972	-155.095	10.9889
		*TM_POS -191.972	-155.095	10.9889
		*TM_ROTAXIS -0.772527	-0.306244	-0.556253
		*TM_ROTANGLE 1.94204
		*TM_SCALE 1	1	1
		*TM_SCALEAXIS 0	0	0
		*TM_SCALEAXISANG 0	0	0
	}
}
*HELPEROBJECT {
	*NODE_NAME "Bip01 R Finger12"
	*NODE_PARENT "Bip01 R Finger11"
	*NODE_TM {
		*NODE_NAME "Bip01 R Finger12"
		*TM_ROW0 0.335024	0.677341	0.654957
		*TM_ROW1 -0.359347	-0.550732	0.753368
		*TM_ROW2 0.870993	-0.487753	0.0588923
		*TM_ROW3 -180.352	-133.411	18.7319
		*TM_POS -180.352	-133.411	18.7319
		*TM_ROTAXIS 0.760726	0.132416	0.635422
		*TM_ROTANGLE 4.09561
		*TM_SCALE 1	1	1
		*TM_SCALEAXIS 0	0	0
		*TM_SCALEAXISANG 0	0	0
	}
}
*HELPEROBJECT {
	*NODE_NAME "Bip01 R Finger2"
	*NODE_PARENT "Bip01 R Hand"
	*NODE_TM {
		*NODE_NAME "Bip01 R Finger2"
		*TM_ROW0 0.427628	0.693637	-0.579657
		*TM_ROW1 0.241879	0.530061	0.81273
		*TM_ROW2 0.870993	-0.487753	0.058893
		*TM_ROW3 -234.21	-137.015	34.0641
		*TM_POS -234.21	-137.015	34.0641
		*TM_ROTAXIS -0.650264	-0.72535	-0.225887
		*TM_ROTANGLE 1.56251
		*TM_SCALE 1	1	1
		*TM_SCALEAXIS 0	0	0
		*TM_SCALEAXISANG 0	0	0
	}
}
*HELPEROBJECT {
	*NODE_NAME "Bip01 R Finger21"
	*NODE_PARENT "Bip01 R Finger2"
	*NODE_TM {
		*NODE_NAME "Bip01 R Finger21"
		*TM_ROW0 0.183993	0.434989	0.881438
		*TM_ROW1 -0.455541	-0.75689	0.468615
		*TM_ROW2 0.870993	-0.487753	0.0588933
		*TM_ROW3 -222.617	-118.21	18.3496
		*TM_POS -222.617	-118.21	18.3496
		*TM_ROTAXIS 0.731825	-0.00799196	0.681445
		*TM_ROTANGLE 3.85368
		*TM_SCALE 1	1	1
		*TM_SCALEAXIS 0	0	0
		*TM_SCALEAXISANG 0	0	0
	}
}
*HELPEROBJECT {
	*NODE_NAME "Bip01 R Finger22"
	*NODE_PARENT "Bip01 R Finger21"
	*NODE_TM {
		*NODE_NAME "Bip01 R Finger22"
		*TM_ROW0 -0.118907	-0.0929763	0.988543
		*TM_ROW1 -0.476689	-0.868016	-0.138979
		*TM_ROW2 0.870993	-0.487753	0.0588922
		*TM_ROW3 -217.866	-106.979	41.1075
		*TM_POS -217.866	-106.979	41.1075
		*TM_ROTAXIS -0.65597	0.221086	-0.721682
		*TM_ROTANGLE 2.87251
		*TM_SCALE 1	1	1
		*TM_SCALEAXIS 0	0	0
		*TM_SCALEAXISANG 0	0	0
	}
}
*HELPEROBJECT {
	*NODE_NAME "Dummy"
	*NODE_PARENT "Bip01 L Toe0"
	*NODE_TM {
		*NODE_NAME "Dummy"
		*TM_ROW0 -1	-0	0
		*TM_ROW1 -0	-1	0
		*TM_ROW2 -0	-0	1
		*TM_ROW3 83.8847	-61.0085	-18.1139
		*TM_POS 83.8847	-61.0085	-18.1139
		*TM_ROTAXIS 0	0	-1
		*TM_ROTANGLE 3.14159
		*TM_SCALE 1	1	1
		*TM_SCALEAXIS 0	0	0
		*TM_SCALEAXISANG 0	0	0
	}
}
*HELPEROBJECT {
	*NODE_NAME "Dummy1"
	*NODE_PARENT "Bip01 R Toe0"
	*NODE_TM {
		*NODE_NAME "Dummy1"
		*TM_ROW0 -1	-0	0
		*TM_ROW1 -0	-1	0
		*TM_ROW2 -0	-0	1
		*TM_ROW3 -83.7328	-61.0088	-18.1139
		*TM_POS -83.7328	-61.0088	-18.1139
		*TM_ROTAXIS 0	0	-1
		*TM_ROTANGLE 3.14159
		*TM_SCALE 1	1	1
		*TM_SCALEAXIS 0	0	0
		*TM_SCALEAXISANG 0	0	0
	}
}
*HELPEROBJECT {
	*NODE_NAME "Dummy2"
	*NODE_PARENT "Bip01 Kiefer02"
	*NODE_TM {
		*NODE_NAME "Dummy2"
		*TM_ROW0 -1	-0	0
		*TM_ROW1 -0	-1	0
		*TM_ROW2 -0	-0	1
		*TM_ROW3 -0.00472049	-146.384	246.057
		*TM_POS -0.00472049	-146.384	246.057
		*TM_ROTAXIS 0	0	-1
		*TM_ROTANGLE 3.14159
		*TM_SCALE 1	1	1
		*TM_SCALEAXIS 0	0	0
		*TM_SCALEAXISANG 0	0	0
	}
}
*HELPEROBJECT {
	*NODE_NAME "Dummy3"
	*NODE_PARENT "Bip01 L Finger02"
	*NODE_TM {
		*NODE_NAME "Dummy3"
		*TM_ROW0 -1	-0	0
		*TM_ROW1 -0	-1	0
		*TM_ROW2 -0	-0	1
		*TM_ROW3 163.049	-143.93	8.66616
		*TM_POS 163.049	-143.93	8.66616
		*TM_ROTAXIS 0	0	-1
		*TM_ROTANGLE 3.14159
		*TM_SCALE 1	1	1
		*TM_SCALEAXIS 0	0	0
		*TM_SCALEAXISANG 0	0	0
	}
}
*HELPEROBJECT {
	*NODE_NAME "Dummy4"
	*NODE_PARENT "Bip01 L Finger12"
	*NODE_TM {
		*NODE_NAME "Dummy4"
		*TM_ROW0 -1	-0	0
		*TM_ROW1 -0	-1	0
		*TM_ROW2 -0	-0	1
		*TM_ROW3 178.491	-124.405	25.1344
		*TM_POS 178.491	-124.405	25.1344
		*TM_ROTAXIS 0	0	-1
		*TM_ROTANGLE 3.14159
		*TM_SCALE 1	1	1
		*TM_SCALEAXIS 0	0	0
		*TM_SCALEAXISANG 0	0	0
	}
}
*HELPEROBJECT {
	*NODE_NAME "Dummy5"
	*NODE_PARENT "Bip01 L Finger22"
	*NODE_TM {
		*NODE_NAME "Dummy5"
		*TM_ROW0 -1	-0	0
		*TM_ROW1 -0	-1	0
		*TM_ROW2 -0	-0	1
		*TM_ROW3 215.677	-101.345	52.4859
		*TM_POS 215.677	-101.345	52.4859
		*TM_ROTAXIS 0	0	-1
		*TM_ROTANGLE 3.14159
		*TM_SCALE 1	1	1
		*TM_SCALEAXIS 0	0	0
		*TM_SCALEAXISANG 0	0	0
	}
}
*HELPEROBJECT {
	*NODE_NAME "Dummy6"
	*NODE_PARENT "Bip01 R Finger02"
	*NODE_TM {
		*NODE_NAME "Dummy6"
		*TM_ROW0 -1	-0	0
		*TM_ROW1 -0	-1	0
		*TM_ROW2 -0	-0	1
		*TM_ROW3 -161.925	-140.769	4.11703
		*TM_POS -161.925	-140.769	4.11703
		*TM_ROTAXIS 0	0	-1
		*TM_ROTANGLE 3.14159
		*TM_SCALE 1	1	1
		*TM_SCALEAXIS 0	0	0
		*TM_SCALEAXISANG 0	0	0
	}
}
*HELPEROBJECT {
	*NODE_NAME "Dummy7"
	*NODE_PARENT "Bip01 R Finger12"
	*NODE_TM {
		*NODE_NAME "Dummy7"
		*TM_ROW0 -1	-0	0
		*TM_ROW1 -0	-1	0
		*TM_ROW2 -0	-0	1
		*TM_ROW3 -174.543	-122.569	22.6034
		*TM_POS -174.543	-122.569	22.6034
		*TM_ROTAXIS 0	0	-1
		*TM_ROTANGLE 3.14159
		*TM_SCALE 1	1	1
		*TM_SCALEAXIS 0	0	0
		*TM_SCALEAXISANG 0	0	0
	}
}
*HELPEROBJECT {
	*NODE_NAME "Dummy8"
	*NODE_PARENT "Bip01 R Finger22"
	*NODE_TM {
		*NODE_NAME "Dummy8"
		*TM_ROW0 -1	-0	0
		*TM_ROW1 -0	-1	0
		*TM_ROW2 -0	-0	1
		*TM_ROW3 -215.491	-101.364	52.4865
		*TM_POS -215.491	-101.364	52.4865
		*TM_ROTAXIS 0	0	-1
		*TM_ROTANGLE 3.14159
		*TM_SCALE 1	1	1
		*TM_SCALEAXIS 0	0	0
		*TM_SCALEAXISANG 0	0	0
	}
}
*GEOMOBJECT {
	*NODE_NAME "zm_Skin"
	*NODE_PARENT "Bip01"
	*NODE_TM {
		*NODE_NAME "zm_Skin"
		*TM_ROW0 -1	-0	0
		*TM_ROW1 -0	-1	0
		*TM_ROW2 -0	-0	1
		*TM_ROW3 -0	-0	0
		*TM_POS -0	-0	0
		*TM_ROTAXIS 0	0	-1
		*TM_ROTANGLE 3.14159
		*TM_SCALE 1	1	1
		*TM_SCALEAXIS 0	0	0
		*TM_SCALEAXISANG 0	0	0
	}
	*MATERIAL_REF 0
	*MESH_SOFTSKIN {
		*TIMEVALUE 0
		*MESH_NUMVERTEX 498
		*MESH_NUMFACES 1002
		*MESH_VERTEX_LIST {
			*MESH_VERTEX 0	-241.841	-110.822	2.02408
			*MESH_VERTEX 1	-25.552	-153.884	288.967
			*MESH_VERTEX 2	159.647	-119.616	27.3765
			*MESH_VERTEX 3	-113.987	38.4557	298.031
			*MESH_VERTEX 4	107.537	17.8318	108.107
			*MESH_VERTEX 5	-107.508	17.821	108.114
			*MESH_VERTEX 6	-96.9559	88.1769	3.3111
			*MESH_VERTEX 7	-81.6017	-27.4797	6.68817
			*MESH_VERTEX 8	260.53	-143.047	27.687
			*MESH_VERTEX 9	96.9757	88.176	3.31186
			*MESH_VERTEX 10	131.556	-33.4763	168.885
			*MESH_VERTEX 11	36.4618	-32.0231	158.911
			*MESH_VERTEX 12	-175.837	-170.412	0.103267
			*MESH_VERTEX 13	113.996	38.4671	298.026
			*MESH_VERTEX 14	227.147	-99.5836	92.5007
			*MESH_VERTEX 15	-157.506	-182.551	75.8594
			*MESH_VERTEX 16	220.417	-83.4182	188.144
			*MESH_VERTEX 17	179.357	-166.096	29.5848
			*MESH_VERTEX 18	103.086	89.2556	48.583
			*MESH_VERTEX 19	-103.067	89.2599	48.5804
			*MESH_VERTEX 20	-203.58	-103.497	62.79
			*MESH_VERTEX 21	-213.292	-131.687	36.0603
			*MESH_VERTEX 22	-220.343	-83.5276	188.115
			*MESH_VERTEX 23	-56.9717	-91.5922	233.287
			*MESH_VERTEX 24	112.356	-14.649	6.18054
			*MESH_VERTEX 25	42.9638	24.9202	155.846
			*MESH_VERTEX 26	81.6237	-27.4797	6.68814
			*MESH_VERTEX 27	60.4946	-10.6665	0.0549876
			*MESH_VERTEX 28	-112.334	-14.6496	6.1804
			*MESH_VERTEX 29	-60.4727	-10.6667	0.0549427
			*MESH_VERTEX 30	-55.1479	-121.261	306.166
			*MESH_VERTEX 31	-54.0286	-122.434	333.898
			*MESH_VERTEX 32	32.2001	133.319	108.982
			*MESH_VERTEX 33	39.451	-131.843	310.589
			*MESH_VERTEX 34	25.859	-207.532	246.386
			*MESH_VERTEX 35	53.034	-141.566	264.58
			*MESH_VERTEX 36	54.0825	-123.258	332.169
			*MESH_VERTEX 37	-40.6742	-135.29	279.053
			*MESH_VERTEX 38	104.498	-99.4723	247.405
			*MESH_VERTEX 39	145.46	-100.544	188.496
			*MESH_VERTEX 40	-11.8667	-73.8233	351.979
			*MESH_VERTEX 41	38.4501	-207.177	313.767
			*MESH_VERTEX 42	-38.428	-207.177	313.767
			*MESH_VERTEX 43	39.3143	75.5999	2.35722
			*MESH_VERTEX 44	23.9831	86.4274	89.3514
			*MESH_VERTEX 45	-39.2942	75.6013	2.35428
			*MESH_VERTEX 46	-23.9375	86.6398	89.4538
			*MESH_VERTEX 47	-117.264	-0.0492244	231.9
			*MESH_VERTEX 48	-42.8994	24.8901	155.616
			*MESH_VERTEX 49	-145.41	-100.609	188.491
			*MESH_VERTEX 50	-104.438	-99.5439	247.367
			*MESH_VERTEX 51	-177.608	-63.575	147.575
			*MESH_VERTEX 52	215.394	-135.404	34.138
			*MESH_VERTEX 53	226.992	-167.06	35.3505
			*MESH_VERTEX 54	207.065	-130.565	5.17718
			*MESH_VERTEX 55	-226.902	-167.068	34.996
			*MESH_VERTEX 56	-30.1903	-153.488	310.957
			*MESH_VERTEX 57	78.8817	-21.416	114.276
			*MESH_VERTEX 58	95.8541	-1.82862	0.0212085
			*MESH_VERTEX 59	-78.8503	-21.4247	114.271
			*MESH_VERTEX 60	-95.8323	-1.8292	0.0210706
			*MESH_VERTEX 61	-44.9731	-23.3968	7.19406
			*MESH_VERTEX 62	44.995	-23.3965	7.19406
			*MESH_VERTEX 63	71.5056	-70.2842	215.36
			*MESH_VERTEX 64	117.271	-0.0166252	231.911
			*MESH_VERTEX 65	-25.8369	-207.532	246.386
			*MESH_VERTEX 66	-63.0042	90.1528	179.278
			*MESH_VERTEX 67	-25.6004	-201.927	205.028
			*MESH_VERTEX 68	-246.085	-58.0863	116.204
			*MESH_VERTEX 69	-32.3959	133.838	109.775
			*MESH_VERTEX 70	39.7625	-174.324	257.257
			*MESH_VERTEX 71	25.6225	-201.927	205.028
			*MESH_VERTEX 72	243.983	-114.301	2.70665
			*MESH_VERTEX 73	-205.808	-128.583	4.96632
			*MESH_VERTEX 74	177.72	-63.5068	147.543
			*MESH_VERTEX 75	179.806	-176.777	3.04845
			*MESH_VERTEX 76	217.415	-158.699	2.36506
			*MESH_VERTEX 77	0.011078	2.38505	102.829
			*MESH_VERTEX 78	-63.6566	103.987	6.96827
			*MESH_VERTEX 79	63.6761	103.984	6.97137
			*MESH_VERTEX 80	203.777	-103.589	62.7124
			*MESH_VERTEX 81	243.223	-116.484	33.3283
			*MESH_VERTEX 82	250.58	-38.5419	179.469
			*MESH_VERTEX 83	29.3408	135.414	171.457
			*MESH_VERTEX 84	-0.002118	107.575	195.407
			*MESH_VERTEX 85	-45.0011	79.1092	234.451
			*MESH_VERTEX 86	-29.4309	135.25	171.905
			*MESH_VERTEX 87	-227.488	-154.008	121.247
			*MESH_VERTEX 88	63.0035	90.3666	179.173
			*MESH_VERTEX 89	-242.272	-114.985	33.9216
			*MESH_VERTEX 90	-260.395	-143.084	27.5495
			*MESH_VERTEX 91	-191.535	-183.409	41.1038
			*MESH_VERTEX 92	-168.903	-128.414	104.78
			*MESH_VERTEX 93	-144.186	-135.656	4.28918
			*MESH_VERTEX 94	-213.976	-153.319	-1.49787
			*MESH_VERTEX 95	189.382	-182.275	54.1685
			*MESH_VERTEX 96	171.384	-136.254	54.6048
			*MESH_VERTEX 97	175.846	-127.892	24.4838
			*MESH_VERTEX 98	157.771	-180.029	72.8093
			*MESH_VERTEX 99	141.32	-136.659	6.33915
			*MESH_VERTEX 100	42.2411	-160.198	299.82
			*MESH_VERTEX 101	55.17	-121.261	306.166
			*MESH_VERTEX 102	25.5742	-153.884	288.967
			*MESH_VERTEX 103	-203.321	-60.9807	110.179
			*MESH_VERTEX 104	224.868	-91.2094	60.9656
			*MESH_VERTEX 105	-71.4678	-70.303	215.337
			*MESH_VERTEX 106	0.027461	-117.223	223.049
			*MESH_VERTEX 107	-131.519	-33.5407	168.882
			*MESH_VERTEX 108	183.747	-106.111	24.6603
			*MESH_VERTEX 109	210.193	-148.167	27.1006
			*MESH_VERTEX 110	-157.794	-116.567	27.465
			*MESH_VERTEX 111	-250.598	-38.7359	179.313
			*MESH_VERTEX 112	-218.196	-123.043	64.5348
			*MESH_VERTEX 113	-224.67	-91.1181	61.0432
			*MESH_VERTEX 114	-39.7404	-174.324	257.257
			*MESH_VERTEX 115	-175.457	-127.422	24.9733
			*MESH_VERTEX 116	-169.689	-136.298	54.5624
			*MESH_VERTEX 117	-173.897	-156.69	28.9842
			*MESH_VERTEX 118	-181.885	-103.043	24.7666
			*MESH_VERTEX 119	-205.332	-139.801	26.731
			*MESH_VERTEX 120	-43.3298	-140.723	244.711
			*MESH_VERTEX 121	73.3716	66.1972	227.439
			*MESH_VERTEX 122	178.873	-160.658	22.1392
			*MESH_VERTEX 123	60.8662	-89.706	284.5
			*MESH_VERTEX 124	247.111	-125.64	109.144
			*MESH_VERTEX 125	246.193	-57.9061	116.199
			*MESH_VERTEX 126	218.393	-123.136	64.4513
			*MESH_VERTEX 127	-186.337	-111.995	43.3435
			*MESH_VERTEX 128	-164.781	-123.67	45.3782
			*MESH_VERTEX 129	225.414	-155.068	121.911
			*MESH_VERTEX 130	188.205	-115.072	43.2452
			*MESH_VERTEX 131	166.649	-126.748	45.2799
			*MESH_VERTEX 132	-224.526	-97.5117	93.4554
			*MESH_VERTEX 133	-246.677	-122.913	108.229
			*MESH_VERTEX 134	42.5889	56.3283	91.0375
			*MESH_VERTEX 135	32.1288	88.2952	48.5256
			*MESH_VERTEX 136	76.7188	4.13282	33.0158
			*MESH_VERTEX 137	63.4971	-23.8341	74.4152
			*MESH_VERTEX 138	-42.566	56.3382	91.0368
			*MESH_VERTEX 139	-32.1099	88.308	48.5226
			*MESH_VERTEX 140	-76.6969	4.13249	33.0156
			*MESH_VERTEX 141	-63.4659	-23.8254	74.4081
			*MESH_VERTEX 142	13.9104	-184.028	347.874
			*MESH_VERTEX 143	104.141	-63.0998	309.565
			*MESH_VERTEX 144	57.5239	-52.6384	321.089
			*MESH_VERTEX 145	11.8454	-73.7655	351.983
			*MESH_VERTEX 146	18.1881	-172.727	322.968
			*MESH_VERTEX 147	0.010891	-221.926	293.126
			*MESH_VERTEX 148	-13.8883	-184.028	347.874
			*MESH_VERTEX 149	-42.2189	-160.198	299.82
			*MESH_VERTEX 150	-36.4398	-32.0231	158.912
			*MESH_VERTEX 151	0.075674	-25.4288	158.84
			*MESH_VERTEX 152	-73.3496	66.1963	227.44
			*MESH_VERTEX 153	-65.861	33.0203	326.392
			*MESH_VERTEX 154	99.6748	18.7745	24.7523
			*MESH_VERTEX 155	-99.6532	18.7741	24.7522
			*MESH_VERTEX 156	227.997	-86.9751	31.8975
			*MESH_VERTEX 157	188.116	-87.6957	170.818
			*MESH_VERTEX 158	-14.0196	-215.985	241.601
			*MESH_VERTEX 159	-21.4813	-201.949	235.053
			*MESH_VERTEX 160	-24.7143	-201.463	250.875
			*MESH_VERTEX 161	-18.166	-172.729	322.967
			*MESH_VERTEX 162	0.011035	-207.854	284.168
			*MESH_VERTEX 163	14.0417	-215.985	241.601
			*MESH_VERTEX 164	21.5034	-201.949	235.053
			*MESH_VERTEX 165	24.7364	-201.463	250.875
			*MESH_VERTEX 166	-187.995	-87.7567	170.861
			*MESH_VERTEX 167	-12.8203	-203.34	225.445
			*MESH_VERTEX 168	-27.6165	-178.611	234.482
			*MESH_VERTEX 169	-17.8194	-195.845	233.797
			*MESH_VERTEX 170	-19.2546	-193.174	227.028
			*MESH_VERTEX 171	40.5438	-128.698	273.265
			*MESH_VERTEX 172	43.352	-140.726	244.711
			*MESH_VERTEX 173	44.9743	-156.414	222.31
			*MESH_VERTEX 174	17.8415	-195.845	233.797
			*MESH_VERTEX 175	28.8326	-172.392	243.614
			*MESH_VERTEX 176	12.8424	-203.34	225.445
			*MESH_VERTEX 177	19.2767	-193.174	227.028
			*MESH_VERTEX 178	-178.4	-160.18	22.5138
			*MESH_VERTEX 179	-178.01	-172.938	52.3405
			*MESH_VERTEX 180	-148.169	-153.38	3.20559
			*MESH_VERTEX 181	-53.1606	10.7098	28.9086
			*MESH_VERTEX 182	53.1824	10.7098	28.909
			*MESH_VERTEX 183	235.541	-112.984	62.605
			*MESH_VERTEX 184	-235.343	-112.892	62.6858
			*MESH_VERTEX 185	66.6689	70.2593	94.6745
			*MESH_VERTEX 186	-66.6465	70.2674	94.6788
			*MESH_VERTEX 187	-227.645	-86.511	32.781
			*MESH_VERTEX 188	238.315	-20.8751	164.445
			*MESH_VERTEX 189	142.569	7.11117	264.331
			*MESH_VERTEX 190	132.55	-137.525	24.9039
			*MESH_VERTEX 191	136.635	-158.577	22.2894
			*MESH_VERTEX 192	149.454	-129.053	39.4839
			*MESH_VERTEX 193	-238.335	-21.0521	164.308
			*MESH_VERTEX 194	-142.603	7.00215	264.34
			*MESH_VERTEX 195	-60.7858	-89.7241	284.389
			*MESH_VERTEX 196	0.044663	35.566	317.21
			*MESH_VERTEX 197	65.8819	33.0121	326.387
			*MESH_VERTEX 198	-44.9523	-156.414	222.311
			*MESH_VERTEX 199	-48.6428	-141.119	277.22
			*MESH_VERTEX 200	34.4839	-13.9787	162.866
			*MESH_VERTEX 201	35.8681	24.2312	125.65
			*MESH_VERTEX 202	-34.4619	-13.9779	162.866
			*MESH_VERTEX 203	-35.7864	24.3569	125.442
			*MESH_VERTEX 204	145.171	-154.419	5.47105
			*MESH_VERTEX 205	191.031	-11.1556	246.656
			*MESH_VERTEX 206	-0.00223699	-162.732	209.889
			*MESH_VERTEX 207	-190.994	-11.2346	246.65
			*MESH_VERTEX 208	57.0121	-91.6085	233.301
			*MESH_VERTEX 209	-104.127	-63.1638	309.552
			*MESH_VERTEX 210	-57.5414	-52.7171	321.076
			*MESH_VERTEX 211	0.011078	-17.8668	351.873
			*MESH_VERTEX 212	-243.107	-110.462	43.4656
			*MESH_VERTEX 213	206.405	-126.629	35.5156
			*MESH_VERTEX 214	-96.1052	-33.7364	213.484
			*MESH_VERTEX 215	96.1514	-33.7001	213.518
			*MESH_VERTEX 216	198.631	-103.703	35.0788
			*MESH_VERTEX 217	-202.52	-33.2998	146.704
			*MESH_VERTEX 218	-66.755	103.077	57.5665
			*MESH_VERTEX 219	66.7728	103.069	57.5675
			*MESH_VERTEX 220	243.234	-110.378	43.4888
			*MESH_VERTEX 221	-187.768	-182.224	53.6962
			*MESH_VERTEX 222	-141.143	-157.515	20.7172
			*MESH_VERTEX 223	179.703	-172.927	52.5131
			*MESH_VERTEX 224	70.7464	111.154	98.3677
			*MESH_VERTEX 225	-71.0697	111.356	98.7296
			*MESH_VERTEX 226	169.104	-128.436	104.082
			*MESH_VERTEX 227	193.382	-109.529	97.5294
			*MESH_VERTEX 228	202.58	-33.1917	146.735
			*MESH_VERTEX 229	203.449	-60.5783	110.356
			*MESH_VERTEX 230	191.026	-163.507	121.025
			*MESH_VERTEX 231	29.2228	-162.707	252.288
			*MESH_VERTEX 232	-191.376	-163.397	121.713
			*MESH_VERTEX 233	0.010466	-173.614	265.187
			*MESH_VERTEX 234	-29.2007	-162.707	252.288
			*MESH_VERTEX 235	-198.324	-103.34	35.7799
			*MESH_VERTEX 236	-62.0335	54.4475	170.414
			*MESH_VERTEX 237	-55.7522	11.1289	155.571
			*MESH_VERTEX 238	62.1321	54.5932	170.466
			*MESH_VERTEX 239	55.7819	11.1393	155.56
			*MESH_VERTEX 240	-258.105	-70.6509	139.32
			*MESH_VERTEX 241	258.22	-70.6371	139.182
			*MESH_VERTEX 242	122.563	7.05114	-0.0233624
			*MESH_VERTEX 243	113.336	47.9842	34.0702
			*MESH_VERTEX 244	-122.542	7.05032	-0.0234835
			*MESH_VERTEX 245	-113.314	47.985	34.071
			*MESH_VERTEX 246	86.0472	-21.7045	75.1126
			*MESH_VERTEX 247	-86.0159	-21.6979	75.1074
			*MESH_VERTEX 248	-0.000628993	-207.435	230.649
			*MESH_VERTEX 249	0.011044	-197.225	225.852
			*MESH_VERTEX 250	0.000432006	-189.11	243.38
			*MESH_VERTEX 251	32.5089	-116.581	309.156
			*MESH_VERTEX 252	-148.519	-132.841	79.9258
			*MESH_VERTEX 253	-136.889	-136.494	23.4821
			*MESH_VERTEX 254	-148.729	-128.396	38.2086
			*MESH_VERTEX 255	129.807	-66.4454	160.557
			*MESH_VERTEX 256	-129.764	-66.5085	160.554
			*MESH_VERTEX 257	-39.3733	-132.199	313.633
			*MESH_VERTEX 258	-32.4725	-116.586	309.099
			*MESH_VERTEX 259	24.7381	-206.626	216.114
			*MESH_VERTEX 260	-24.716	-206.626	216.113
			*MESH_VERTEX 261	46.8367	-10.9247	330.441
			*MESH_VERTEX 262	30.2124	-153.488	310.957
			*MESH_VERTEX 263	-46.8835	-10.9856	330.494
			*MESH_VERTEX 264	-39.836	-191.773	280.339
			*MESH_VERTEX 265	-50.3286	-155.27	281.105
			*MESH_VERTEX 266	-261.197	-144.299	58.3028
			*MESH_VERTEX 267	-238.033	-94.1338	76.1683
			*MESH_VERTEX 268	63.5991	-48.7373	180.575
			*MESH_VERTEX 269	-63.5551	-48.7313	180.566
			*MESH_VERTEX 270	154.099	-164.729	35.0014
			*MESH_VERTEX 271	39.8582	-191.773	280.339
			*MESH_VERTEX 272	-162.087	-18.213	267.138
			*MESH_VERTEX 273	-118.009	-17.6236	314.699
			*MESH_VERTEX 274	162.13	-18.1359	267.135
			*MESH_VERTEX 275	118.006	-17.5811	314.698
			*MESH_VERTEX 276	-166.543	-122.891	77.4641
			*MESH_VERTEX 277	-193.266	-109.75	97.4761
			*MESH_VERTEX 278	16.5086	-200.764	237.759
			*MESH_VERTEX 279	-16.4865	-200.764	237.759
			*MESH_VERTEX 280	-55.0246	-22.229	110.714
			*MESH_VERTEX 281	55.0562	-22.2234	110.718
			*MESH_VERTEX 282	-176.51	-142.66	47.318
			*MESH_VERTEX 283	-206.243	-126.69	35.5659
			*MESH_VERTEX 284	-35.5023	2.64487	0.0418266
			*MESH_VERTEX 285	-35.3782	39.0783	30.7944
			*MESH_VERTEX 286	35.5241	2.64485	0.0420133
			*MESH_VERTEX 287	35.4	39.0768	30.796
			*MESH_VERTEX 288	91.1841	-69.3949	212.469
			*MESH_VERTEX 289	181.077	-146.739	32.8117
			*MESH_VERTEX 290	189.761	-180.924	38.3476
			*MESH_VERTEX 291	-91.0759	-69.4194	212.412
			*MESH_VERTEX 292	0.011129	-219.823	250.614
			*MESH_VERTEX 293	0.010984	122.816	114.13
			*MESH_VERTEX 294	18.3716	-207.657	248.016
			*MESH_VERTEX 295	24.4407	-199.508	244.554
			*MESH_VERTEX 296	-35.4403	24.3844	79.7699
			*MESH_VERTEX 297	35.4668	24.3766	79.7695
			*MESH_VERTEX 298	-169.697	-146.22	37.0131
			*MESH_VERTEX 299	-225.449	-107.872	174.593
			*MESH_VERTEX 300	-60.4934	62.1813	288.134
			*MESH_VERTEX 301	-18.3495	-207.657	248.016
			*MESH_VERTEX 302	-18.6505	-206.256	242.654
			*MESH_VERTEX 303	0.011007	-213.626	243.617
			*MESH_VERTEX 304	18.6726	-206.256	242.654
			*MESH_VERTEX 305	260.875	-142.393	59.5741
			*MESH_VERTEX 306	101.554	65.3092	100.951
			*MESH_VERTEX 307	68.4048	121.303	128.475
			*MESH_VERTEX 308	-101.53	65.2944	100.965
			*MESH_VERTEX 309	-68.6492	121.322	128.87
			*MESH_VERTEX 310	162.951	-140.347	10.3975
			*MESH_VERTEX 311	196.122	-122.314	6.63632
			*MESH_VERTEX 312	-150.734	-73.5467	262.574
			*MESH_VERTEX 313	-109.344	-93.0869	222.106
			*MESH_VERTEX 314	150.787	-73.4761	262.582
			*MESH_VERTEX 315	109.396	-93.0348	222.142
			*MESH_VERTEX 316	-24.4186	-199.508	244.554
			*MESH_VERTEX 317	-31.9748	-171.046	256.92
			*MESH_VERTEX 318	31.997	-171.045	256.92
			*MESH_VERTEX 319	10.3783	-176.123	331.587
			*MESH_VERTEX 320	-10.3562	-176.126	331.586
			*MESH_VERTEX 321	50.3508	-155.27	281.105
			*MESH_VERTEX 322	47.5631	-145.857	261.968
			*MESH_VERTEX 323	48.5936	-139.317	275.529
			*MESH_VERTEX 324	82.5797	34.9639	213.067
			*MESH_VERTEX 325	60.4925	62.1739	288.143
			*MESH_VERTEX 326	-82.5646	34.9644	213.063
			*MESH_VERTEX 327	225.539	-107.639	174.648
			*MESH_VERTEX 328	0.011069	-213.059	213.283
			*MESH_VERTEX 329	-7.46942	-209.972	275.532
			*MESH_VERTEX 330	7.49154	-209.972	275.532
