*3DSMAX_ASCIIEXPORT	110
*COMMENT "[ GothicSourcer v3.14 ] - June 2007"
*SCENE {
	*SCENE_FILENAME "UOS_BODY.MAX"
	*SCENE_FIRSTFRAME 0
	*SCENE_LASTFRAME 100
	*SCENE_FRAMESPEED 25
	*SCENE_TICKSPERFRAME 192
	*SCENE_BACKGROUND_STATIC 0	0	0
	*SCENE_AMBIENT_STATIC 0.2	0.2	0.2
}
*MATERIAL_LIST {
	*MATERIAL_COUNT 1
	*MATERIAL 0 {
		*MATERIAL_NAME "MATERIAL #166"
		*MATERIAL_CLASS "Standard"
		*MATERIAL_AMBIENT 0.164706	0.14902	0.105882
		*MATERIAL_DIFFUSE 0.164706	0.14902	0.105882
		*MATERIAL_SPECULAR 0.9	0.9	0.9
		*MATERIAL_SHINE 0.1
		*MATERIAL_SHINESTRENGTH 0
		*MATERIAL_TRANSPARENCY 0
		*MATERIAL_WIRESIZE 1
		*MATERIAL_SHADING Blinn
		*MATERIAL_XP_FALLOFF 0
		*MATERIAL_SELFILLUM 0
		*MATERIAL_FALLOFF In
		*MATERIAL_XP_TYPE Filter
		*MAP_DIFFUSE {
			*MAP_NAME "Map #1"
			*MAP_CLASS "Bitmap"
			*MAP_SUBNO 1
			*MAP_AMOUNT 1
			*BITMAP "UOS_BODY_V0.TGA"
			*MAP_TYPE Screen
			*UVW_U_OFFSET 0
			*UVW_V_OFFSET 0
			*UVW_U_TILING 1
			*UVW_V_TILING 1
			*UVW_ANGLE 0
			*UVW_BLUR 1
			*UVW_BLUR_OFFSET 0
			*UVW_NOUSE_AMT 1
			*UVW_NOISE_SIZE 1
			*UVW_NOISE_LEVEL 1
			*UVW_NOISE_PHASE 0
			*BITMAP_FILTER Pyramidal
		}
	}
}
*HELPEROBJECT {
	*NODE_NAME "Bip01"
	*NODE_TM {
		*NODE_NAME "Bip01"
		*TM_ROW0 1.26759e-006	-1	0
		*TM_ROW1 1	1.26759e-006	0
		*TM_ROW2 -0	-0	1
		*TM_ROW3 -1e-006	0	100.39
		*TM_POS -1e-006	0	100.39
		*TM_ROTAXIS 0	0	1
		*TM_ROTANGLE 1.5708
		*TM_SCALE 1	1	1
		*TM_SCALEAXIS 0	0	0
		*TM_SCALEAXISANG 0	0	0
	}
}
*HELPEROBJECT {
	*NODE_NAME "Bip01 Pelvis"
	*NODE_PARENT "Bip01"
	*NODE_TM {
		*NODE_NAME "Bip01 Pelvis"
		*TM_ROW0 -1.19209e-006	-1.64892e-007	1
		*TM_ROW1 2.99332e-006	-1	-1.64887e-007
		*TM_ROW2 1	2.99332e-006	1.66893e-006
		*TM_ROW3 -1e-006	4e-005	100.39
		*TM_POS -1e-006	4e-005	100.39
		*TM_ROTAXIS -0.707106	-1e-006	-0.707107
		*TM_ROTANGLE 3.14159
		*TM_SCALE 1	1	1
		*TM_SCALEAXIS 0	0	0
		*TM_SCALEAXISANG 0	0	0
	}
}
*HELPEROBJECT {
	*NODE_NAME "Bip01 Spine"
	*NODE_PARENT "Bip01 Pelvis"
	*NODE_TM {
		*NODE_NAME "Bip01 Spine"
		*TM_ROW0 -1.19209e-007	-0.259588	0.96572
		*TM_ROW1 -1.78814e-006	-0.965719	-0.259588
		*TM_ROW2 1	-1.78814e-006	-1.19209e-007
		*TM_ROW3 -9.99999e-007	-1.86469	107.969
		*TM_POS -9.99999e-007	-1.86469	107.969
		*TM_ROTAXIS 0.704044	-0.092975	0.704044
		*TM_ROTANGLE 2.95618
		*TM_SCALE 1	1	1
		*TM_SCALEAXIS 0	0	0
		*TM_SCALEAXISANG 0	0	0
	}
}
*HELPEROBJECT {
	*NODE_NAME "Bip01 Spine1"
	*NODE_PARENT "Bip01 Spine"
	*NODE_TM {
		*NODE_NAME "Bip01 Spine1"
		*TM_ROW0 1.78814e-007	-0.0879481	0.996125
		*TM_ROW1 -1.09151e-006	-0.996125	-0.0879481
		*TM_ROW2 1	-1.09151e-006	1.78814e-007
		*TM_ROW3 6e-006	-6.55859	125.486
		*TM_POS 6e-006	-6.55859	125.486
		*TM_ROTAXIS 0.706764	-0.03114	0.706764
		*TM_ROTANGLE 3.07933
		*TM_SCALE 1	1	1
		*TM_SCALEAXIS 0	0	0
		*TM_SCALEAXISANG 0	0	0
	}
}
*HELPEROBJECT {
	*NODE_NAME "Bip01 Spine2"
	*NODE_PARENT "Bip01 Spine1"
	*NODE_TM {
		*NODE_NAME "Bip01 Spine2"
		*TM_ROW0 2.98023e-007	0.172863	0.984946
		*TM_ROW1 -1.42306e-006	-0.984946	0.172863
		*TM_ROW2 1	-1.42306e-006	2.98023e-007
		*TM_ROW3 8e-006	-8.13954	143.55
		*TM_POS 8e-006	-8.13954	143.55
		*TM_ROTAXIS 0.70577	0.061463	0.70577
		*TM_ROTANGLE 3.26437
		*TM_SCALE 1	1	1
		*TM_SCALEAXIS 0	0	0
		*TM_SCALEAXISANG 0	0	0
	}
}
*HELPEROBJECT {
	*NODE_NAME "Bip01 Spine3"
	*NODE_PARENT "Bip01 Spine2"
	*NODE_TM {
		*NODE_NAME "Bip01 Spine3"
		*TM_ROW0 2.98023e-007	0.172863	0.984946
		*TM_ROW1 -1.42306e-006	-0.984946	0.172863
		*TM_ROW2 1	-1.42306e-006	2.98023e-007
		*TM_ROW3 4e-006	-4.98999	161.413
		*TM_POS 4e-006	-4.98999	161.413
		*TM_ROTAXIS 0.70577	0.061463	0.70577
		*TM_ROTANGLE 3.26437
		*TM_SCALE 1	1	1
		*TM_SCALEAXIS 0	0	0
		*TM_SCALEAXISANG 0	0	0
	}
}
*HELPEROBJECT {
	*NODE_NAME "Bip01 Neck"
	*NODE_PARENT "Bip01 Spine3"
	*NODE_TM {
		*NODE_NAME "Bip01 Neck"
		*TM_ROW0 6.55651e-007	-0.826733	0.562595
		*TM_ROW1 -1.81794e-006	-0.562595	-0.826733
		*TM_ROW2 1	-5.36442e-007	-1.72853e-006
		*TM_ROW3 -1e-006	-1.85131	179.282
		*TM_POS -1e-006	-1.85131	179.282
		*TM_ROTAXIS 0.662278	-0.350396	0.662277
		*TM_ROTANGLE 2.46754
		*TM_SCALE 1	1	1
		*TM_SCALEAXIS 0	0	0
		*TM_SCALEAXISANG 0	0	0
	}
}
*HELPEROBJECT {
	*NODE_NAME "Bip01 Neck1"
	*NODE_PARENT "Bip01 Neck"
	*NODE_TM {
		*NODE_NAME "Bip01 Neck1"
		*TM_ROW0 1.90735e-006	-0.843235	0.537545
		*TM_ROW1 -1.96695e-006	-0.537545	-0.843235
		*TM_ROW2 1	5.36442e-007	-2.68221e-006
		*TM_ROW3 7.99999e-006	-8.02732	183.492
		*TM_POS 7.99999e-006	-8.02732	183.492
		*TM_ROTAXIS 0.65927	-0.361563	0.659268
		*TM_ROTANGLE 2.44772
		*TM_SCALE 1	1	1
		*TM_SCALEAXIS 0	0	0
		*TM_SCALEAXISANG 0	0	0
	}
}
*HELPEROBJECT {
	*NODE_NAME "Bip01 Neck2"
	*NODE_PARENT "Bip01 Neck1"
	*NODE_TM {
		*NODE_NAME "Bip01 Neck2"
		*TM_ROW0 1.90735e-006	-0.934839	0.355071
		*TM_ROW1 -2.05636e-006	-0.355071	-0.934839
		*TM_ROW2 1	9.53675e-007	-2.44379e-006
		*TM_ROW3 1.8e-005	-14.3278	187.515
		*TM_POS 1.8e-005	-14.3278	187.515
		*TM_ROTAXIS 0.635522	-0.438435	0.63552
		*TM_ROTANGLE 2.3152
		*TM_SCALE 1	1	1
		*TM_SCALEAXIS 0	0	0
		*TM_SCALEAXISANG 0	0	0
	}
}
*HELPEROBJECT {
	*NODE_NAME "Bip01 Head"
	*NODE_PARENT "Bip01 Neck2"
	*NODE_TM {
		*NODE_NAME "Bip01 Head"
		*TM_ROW0 -1.1921e-007	-0.216439	0.976296
		*TM_ROW1 -2.12342e-006	-0.976296	-0.216439
		*TM_ROW2 1	-2.12342e-006	-1.19209e-007
		*TM_ROW3 2.80001e-005	-21.315	190.169
		*TM_POS 2.80001e-005	-21.315	190.169
		*TM_ROTAXIS -0.704996	0.0772101	-0.704996
		*TM_ROTANGLE 3.2957
		*TM_SCALE 1	1	1
		*TM_SCALEAXIS 0	0	0
		*TM_SCALEAXISANG 0	0	0
	}
}
*HELPEROBJECT {
	*NODE_NAME "Bip01 R Clavicle"
	*NODE_PARENT "Bip01 Neck"
	*NODE_TM {
		*NODE_NAME "Bip01 R Clavicle"
		*TM_ROW0 -0.930679	-0.0635278	-0.36028
		*TM_ROW1 -7.37608e-007	0.984808	-0.173649
		*TM_ROW2 0.365838	-0.161611	-0.916539
		*TM_ROW3 -20.767	-1.85468	184.641
		*TM_POS -20.767	-1.85468	184.641
		*TM_ROTAXIS -0.016513	0.996059	-0.087144
		*TM_ROTANGLE 3.51468
		*TM_SCALE 1	1	1
		*TM_SCALEAXIS 0	0	0
		*TM_SCALEAXISANG 0	0	0
	}
}
*HELPEROBJECT {
	*NODE_NAME "Bip01 R UpperArm"
	*NODE_PARENT "Bip01 R Clavicle"
	*NODE_TM {
		*NODE_NAME "Bip01 R UpperArm"
		*TM_ROW0 -0.226576	0.326402	-0.917674
		*TM_ROW1 0.110598	0.944705	0.30871
		*TM_ROW2 0.967694	-0.0315468	-0.250147
		*TM_ROW3 -38.1611	-3.042	177.907
		*TM_POS -38.1611	-3.042	177.907
		*TM_ROTAXIS -0.176487	-0.977918	-0.111935
		*TM_ROTANGLE 1.84005
		*TM_SCALE 1	1	1
		*TM_SCALEAXIS 0	0	0
		*TM_SCALEAXISANG 0	0	0
	}
}
*HELPEROBJECT {
	*NODE_NAME "Bip01 R Forearm"
	*NODE_PARENT "Bip01 R UpperArm"
	*NODE_TM {
		*NODE_NAME "Bip01 R Forearm"
		*TM_ROW0 -0.227626	-0.535956	-0.812981
		*TM_ROW1 -0.10842	0.843657	-0.525823
		*TM_ROW2 0.967694	-0.0315472	-0.250146
		*TM_ROW3 -48.2433	11.4822	137.073
		*TM_POS -48.2433	11.4822	137.073
		*TM_ROTAXIS 0.260582	-0.938772	0.225397
		*TM_ROTANGLE 1.89342
		*TM_SCALE 1	1	1
		*TM_SCALEAXIS 0	0	0
		*TM_SCALEAXISANG 0	0	0
	}
}
*HELPEROBJECT {
	*NODE_NAME "Bip01 R Hand"
	*NODE_PARENT "Bip01 R Forearm"
	*NODE_TM {
		*NODE_NAME "Bip01 R Hand"
		*TM_ROW0 -0.227626	-0.535955	-0.812981
		*TM_ROW1 0.967607	-0.0308752	-0.250566
		*TM_ROW2 0.109191	-0.843682	0.525622
		*TM_ROW3 -59.4585	-14.9245	97.0171
		*TM_POS -59.4585	-14.9245	97.0171
		*TM_ROTAXIS -0.318728	-0.495556	0.807983
		*TM_ROTANGLE 1.94598
		*TM_SCALE 1	1	1
		*TM_SCALEAXIS 0	0	0
		*TM_SCALEAXISANG 0	0	0
	}
}
*HELPEROBJECT {
	*NODE_NAME "Bip01 R Finger0"
	*NODE_PARENT "Bip01 R Hand"
	*NODE_TM {
		*NODE_NAME "Bip01 R Finger0"
		*TM_ROW0 -0.227626	-0.535955	-0.812981
		*TM_ROW1 0.967694	-0.0315475	-0.250146
		*TM_ROW2 0.10842	-0.843657	0.525821
		*TM_ROW3 -63.9724	-32.6734	67.1956
		*TM_POS -63.9724	-32.6734	67.1956
		*TM_ROTAXIS -0.318972	-0.495191	0.80811
		*TM_ROTANGLE 1.94623
		*TM_SCALE 1	1	1
		*TM_SCALEAXIS 0	0	0
		*TM_SCALEAXISANG 0	0	0
	}
}
*HELPEROBJECT {
	*NODE_NAME "ZS_RIGHTHAND"
	*NODE_PARENT "Bip01 R Hand"
	*NODE_TM {
		*NODE_NAME "ZS_RIGHTHAND"
		*TM_ROW0 -0.0919255	0.847042	-0.523517
		*TM_ROW1 0.0985439	0.530901	0.841685
		*TM_ROW2 0.990878	0.0257829	-0.132274
		*TM_ROW3 -57.3666	-39.9319	91.4154
		*TM_POS -57.3666	-39.9319	91.4154
		*TM_ROTAXIS -0.434918	-0.807251	-0.398988
		*TM_ROTANGLE 1.92479
		*TM_SCALE 1	1	1
		*TM_SCALEAXIS 0	0	0
		*TM_SCALEAXISANG 0	0	0
	}
}
*HELPEROBJECT {
	*NODE_NAME "Bip01 L Clavicle"
	*NODE_PARENT "Bip01 Neck"
	*NODE_TM {
		*NODE_NAME "Bip01 L Clavicle"
		*TM_ROW0 0.930678	-0.0635258	-0.36028
		*TM_ROW1 -1.46404e-006	0.984808	-0.173648
		*TM_ROW2 0.365838	0.161611	0.916539
		*TM_ROW3 20.767	-1.85461	184.641
		*TM_POS 20.767	-1.85461	184.641
		*TM_ROTAXIS 0.417874	-0.905048	0.079178
		*TM_ROTANGLE 0.412771
		*TM_SCALE 1	1	1
		*TM_SCALEAXIS 0	0	0
		*TM_SCALEAXISANG 0	0	0
	}
}
*HELPEROBJECT {
	*NODE_NAME "Bip01 L UpperArm"
	*NODE_PARENT "Bip01 L Clavicle"
	*NODE_TM {
		*NODE_NAME "Bip01 L UpperArm"
		*TM_ROW0 0.226575	0.326403	-0.917674
		*TM_ROW1 -0.110602	0.944704	0.308709
		*TM_ROW2 0.967694	0.0315509	0.250147
		*TM_ROW3 38.1611	-3.04189	177.907
		*TM_POS 38.1611	-3.04189	177.907
		*TM_ROTAXIS -0.141762	-0.964335	-0.223521
		*TM_ROTANGLE 1.35849
		*TM_SCALE 1	1	1
		*TM_SCALEAXIS 0	0	0
		*TM_SCALEAXISANG 0	0	0
	}
}
*HELPEROBJECT {
	*NODE_NAME "Bip01 L Forearm"
	*NODE_PARENT "Bip01 L UpperArm"
	*NODE_TM {
		*NODE_NAME "Bip01 L Forearm"
		*TM_ROW0 0.240525	-0.41305	-0.878372
		*TM_ROW1 0.07561	0.910162	-0.407295
		*TM_ROW2 0.967694	0.0315509	0.250147
		*TM_ROW3 48.2432	11.4823	137.073
		*TM_POS 48.2432	11.4823	137.073
		*TM_ROTAXIS 0.223967	-0.942148	0.24939
		*TM_ROTANGLE 1.36901
		*TM_SCALE 1	1	1
		*TM_SCALEAXIS 0	0	0
		*TM_SCALEAXISANG 0	0	0
	}
}
*HELPEROBJECT {
	*NODE_NAME "Bip01 L Hand"
	*NODE_PARENT "Bip01 L Forearm"
	*NODE_TM {
		*NODE_NAME "Bip01 L Hand"
		*TM_ROW0 0.240523	-0.41305	-0.878372
		*TM_ROW1 -0.967634	-0.0308247	-0.25047
		*TM_ROW2 0.0763812	0.910187	-0.407095
		*TM_ROW3 60.0939	-8.86877	93.7952
		*TM_POS 60.0939	-8.86877	93.7952
		*TM_ROTAXIS 0.724528	-0.595995	-0.346193
		*TM_ROTANGLE 2.21267
		*TM_SCALE 1	1	1
		*TM_SCALEAXIS 0	0	0
		*TM_SCALEAXISANG 0	0	0
	}
}
*HELPEROBJECT {
	*NODE_NAME "Bip01 L Finger0"
	*NODE_PARENT "Bip01 L Hand"
	*NODE_TM {
		*NODE_NAME "Bip01 L Finger0"
		*TM_ROW0 0.240524	-0.41305	-0.878372
		*TM_ROW1 -0.967694	-0.0315497	-0.250147
		*TM_ROW2 0.0756107	0.910162	-0.407294
		*TM_ROW3 65.0173	-22.263	61.8409
		*TM_POS 65.0173	-22.263	61.8409
		*TM_ROTAXIS 0.724623	-0.595771	-0.34638
		*TM_ROTANGLE 2.21325
		*TM_SCALE 1	1	1
		*TM_SCALEAXIS 0	0	0
		*TM_SCALEAXISANG 0	0	0
	}
}
*HELPEROBJECT {
	*NODE_NAME "ZS_LEFTHAND"
	*NODE_PARENT "Bip01 L Hand"
	*NODE_TM {
		*NODE_NAME "ZS_LEFTHAND"
		*TM_ROW0 -0.0590281	-0.912622	0.404521
		*TM_ROW1 0.111153	-0.408716	-0.905867
		*TM_ROW2 0.992049	-0.00850807	0.125566
		*TM_ROW3 59.611	-32.9569	84.9709
		*TM_POS 59.611	-32.9569	84.9709
		*TM_ROTAXIS -0.605198	0.396241	-0.690455
		*TM_ROTANGLE 3.97671
		*TM_SCALE 1	1	1
		*TM_SCALEAXIS 0	0	0
		*TM_SCALEAXISANG 0	0	0
	}
}
*HELPEROBJECT {
	*NODE_NAME "ZS_CROSSBOW"
	*NODE_PARENT "Bip01 Spine3"
	*NODE_TM {
		*NODE_NAME "ZS_CROSSBOW"
		*TM_ROW0 -0.405534	-0.0900488	-0.909634
		*TM_ROW1 0.862856	0.290741	-0.413461
		*TM_ROW2 0.301699	-0.952555	-0.0402061
		*TM_ROW3 -22.0241	17.4491	156.732
		*TM_POS -22.0241	17.4491	156.732
		*TM_ROTAXIS 0.330169	0.741883	-0.583608
		*TM_ROTANGLE 4.09673
		*TM_SCALE 1	1	1
		*TM_SCALEAXIS 0	0	0
		*TM_SCALEAXISANG 0	0	0
	}
}
*HELPEROBJECT {
	*NODE_NAME "Bip01 L Thigh"
	*NODE_PARENT "Bip01 Spine"
	*NODE_TM {
		*NODE_NAME "Bip01 L Thigh"
		*TM_ROW0 0.053579	-0.575272	-0.816206
		*TM_ROW1 -0.0377807	-0.817963	0.57403
		*TM_ROW2 -0.997849	8.09121e-005	-0.0655597
		*TM_ROW3 18.9348	6.04516e-005	100.39
		*TM_POS 18.9348	6.04516e-005	100.39
		*TM_ROTAXIS 0.711181	-0.225074	-0.666006
		*TM_ROTANGLE 3.55695
		*TM_SCALE 1	1	1
		*TM_SCALEAXIS 0	0	0
		*TM_SCALEAXISANG 0	0	0
	}
}
*HELPEROBJECT {
	*NODE_NAME "Bip01 L Calf"
	*NODE_PARENT "Bip01 L Thigh"
	*NODE_TM {
		*NODE_NAME "Bip01 L Calf"
		*TM_ROW0 0.0442902	0.738124	-0.67321
		*TM_ROW1 0.0483363	-0.674665	-0.73654
		*TM_ROW2 -0.997849	8.10328e-005	-0.0655593
		*TM_ROW3 21.1926	-24.2423	65.9946
		*TM_POS 21.1926	-24.2423	65.9946
		*TM_ROTAXIS 0.694861	0.306235	-0.650683
		*TM_ROTANGLE 2.58293
		*TM_SCALE 1	1	1
		*TM_SCALEAXIS 0	0	0
		*TM_SCALEAXISANG 0	0	0
	}
}
*HELPEROBJECT {
	*NODE_NAME "Bip01 L HorseLink"
	*NODE_PARENT "Bip01 L Calf"
	*NODE_TM {
		*NODE_NAME "Bip01 L HorseLink"
		*TM_ROW0 0.0655604	0.00141326	-0.997848
		*TM_ROW1 1.15718e-005	-0.999999	-0.00141548
		*TM_ROW2 -0.997849	8.1244e-005	-0.06556
		*TM_ROW3 22.6569	0.160504	43.7379
		*TM_POS 22.6569	0.160504	43.7379
		*TM_ROTAXIS 0.729918	0.00048801	-0.683535
		*TM_ROTANGLE 3.14057
		*TM_SCALE 1	1	1
		*TM_SCALEAXIS 0	0	0
		*TM_SCALEAXISANG 0	0	0
	}
}
*HELPEROBJECT {
	*NODE_NAME "Bip01 L Foot"
	*NODE_PARENT "Bip01 L HorseLink"
	*NODE_TM {
		*NODE_NAME "Bip01 L Foot"
		*TM_ROW0 -1.15149e-006	-1.43094e-006	-1
		*TM_ROW1 0.17365	-0.984807	1.25858e-006
		*TM_ROW2 -0.984807	-0.17365	1.57511e-006
		*TM_ROW3 24.2903	0.195716	18.8773
		*TM_POS 24.2903	0.195716	18.8773
		*TM_ROTAXIS 0.705757	0.061746	-0.705758
		*TM_ROTANGLE 3.26493
		*TM_SCALE 1	1	1
		*TM_SCALEAXIS 0	0	0
		*TM_SCALEAXISANG 0	0	0
	}
}
*HELPEROBJECT {
	*NODE_NAME "Bip01 L Toe0"
	*NODE_PARENT "Bip01 L Foot"
	*NODE_TM {
		*NODE_NAME "Bip01 L Toe0"
		*TM_ROW0 0.17365	-0.984807	8.26451e-007
		*TM_ROW1 8.23665e-007	9.46649e-007	1
		*TM_ROW2 -0.984808	-0.17365	1.00887e-006
		*TM_ROW3 30.6862	-36.0772	0.3113
		*TM_POS 30.6862	-36.0772	0.3113
		*TM_ROTAXIS -0.644401	0.540716	0.540716
		*TM_ROTANGLE 1.99673
		*TM_SCALE 1	1	1
		*TM_SCALEAXIS 0	0	0
		*TM_SCALEAXISANG 0	0	0
	}
}
*HELPEROBJECT {
	*NODE_NAME "Bip01 R Thigh"
	*NODE_PARENT "Bip01 Spine"
	*NODE_TM {
		*NODE_NAME "Bip01 R Thigh"
		*TM_ROW0 -0.0535765	-0.575272	-0.816206
		*TM_ROW1 0.0377831	-0.817962	0.57403
		*TM_ROW2 -0.997849	-8.41892e-005	0.0655594
		*TM_ROW3 -18.9348	6.04389e-006	100.39
		*TM_POS -18.9348	6.04389e-006	100.39
		*TM_ROTAXIS 0.6681	-0.211379	-0.713416
		*TM_ROTANGLE 3.58571
		*TM_SCALE 1	1	1
		*TM_SCALEAXIS 0	0	0
		*TM_SCALEAXISANG 0	0	0
	}
}
*HELPEROBJECT {
	*NODE_NAME "Bip01 R Calf"
	*NODE_PARENT "Bip01 R Thigh"
	*NODE_TM {
		*NODE_NAME "Bip01 R Calf"
		*TM_ROW0 -0.0442933	0.738124	-0.67321
		*TM_ROW1 -0.0483345	-0.674665	-0.73654
		*TM_ROW2 -0.997849	-8.4541e-005	0.06556
		*TM_ROW3 -21.1925	-24.2423	65.9946
		*TM_POS -21.1925	-24.2423	65.9946
		*TM_ROTAXIS 0.654459	0.288494	-0.698895
		*TM_ROTANGLE 2.54401
		*TM_SCALE 1	1	1
		*TM_SCALEAXIS 0	0	0
		*TM_SCALEAXISANG 0	0	0
	}
}
*HELPEROBJECT {
	*NODE_NAME "Bip01 R HorseLink"
	*NODE_PARENT "Bip01 R Calf"
	*NODE_TM {
		*NODE_NAME "Bip01 R HorseLink"
		*TM_ROW0 -0.0655601	0.00141258	-0.997848
		*TM_ROW1 -7.29476e-006	-0.999999	-0.00141515
		*TM_ROW2 -0.997849	-8.54982e-005	0.0655603
		*TM_ROW3 -22.6569	0.160446	43.7379
		*TM_POS -22.6569	0.160446	43.7379
		*TM_ROTAXIS 0.683535	0.000513978	-0.729918
		*TM_ROTANGLE 3.14062
		*TM_SCALE 1	1	1
		*TM_SCALEAXIS 0	0	0
		*TM_SCALEAXISANG 0	0	0
	}
}
*HELPEROBJECT {
	*NODE_NAME "Bip01 R Foot"
	*NODE_PARENT "Bip01 R HorseLink"
	*NODE_TM {
		*NODE_NAME "Bip01 R Foot"
		*TM_ROW0 -6.60007e-008	-1.2867e-006	-1
		*TM_ROW1 -0.173647	-0.984808	1.27949e-006
		*TM_ROW2 -0.984808	0.173647	-7.77815e-008
		*TM_ROW3 -24.2903	0.19563	18.8773
		*TM_POS -24.2903	0.19563	18.8773
		*TM_ROTAXIS 0.705758	-0.061746	-0.705757
		*TM_ROTANGLE 3.01826
		*TM_SCALE 1	1	1
		*TM_SCALEAXIS 0	0	0
		*TM_SCALEAXISANG 0	0	0
	}
}
*HELPEROBJECT {
	*NODE_NAME "Bip01 R Toe0"
	*NODE_PARENT "Bip01 R Foot"
	*NODE_TM {
		*NODE_NAME "Bip01 R Toe0"
		*TM_ROW0 -0.173647	-0.984808	1.12303e-006
		*TM_ROW1 -4.70441e-007	1.42826e-006	1
		*TM_ROW2 -0.984808	0.173647	-4.95014e-007
		*TM_ROW3 -30.6861	-36.0773	0.311313
		*TM_POS -30.6861	-36.0773	0.311313
		*TM_ROTAXIS -0.510274	0.608121	0.60812
		*TM_ROTANGLE 2.19793
		*TM_SCALE 1	1	1
		*TM_SCALEAXIS 0	0	0
		*TM_SCALEAXISANG 0	0	0
	}
}
*HELPEROBJECT {
	*NODE_NAME "ZS_SWORD"
	*NODE_PARENT "Bip01 Spine"
	*NODE_TM {
		*NODE_NAME "ZS_SWORD"
		*TM_ROW0 -0.103765	-0.493366	0.863611
		*TM_ROW1 0.0576065	-0.869821	-0.489992
		*TM_ROW2 0.992932	-0.00109431	0.118678
		*TM_ROW3 29.1669	-4.3507	116.705
		*TM_POS 29.1669	-4.3507	116.705
		*TM_ROTAXIS -0.653717	0.172919	-0.736718
		*TM_ROTANGLE 3.52484
		*TM_SCALE 1	1	1
		*TM_SCALEAXIS 0	0	0
		*TM_SCALEAXISANG 0	0	0
	}
}
*HELPEROBJECT {
	*NODE_NAME "ZS_LONGSWORD"
	*NODE_PARENT "Bip01 Spine"
	*NODE_TM {
		*NODE_NAME "ZS_LONGSWORD"
		*TM_ROW0 -0.103765	-0.493366	0.863611
		*TM_ROW1 0.0576065	-0.869821	-0.489992
		*TM_ROW2 0.992932	-0.00109431	0.118678
		*TM_ROW3 29.1669	-4.3507	116.705
		*TM_POS 29.1669	-4.3507	116.705
		*TM_ROTAXIS -0.653717	0.172919	-0.736718
		*TM_ROTANGLE 3.52484
		*TM_SCALE 1	1	1
		*TM_SCALEAXIS 0	0	0
		*TM_SCALEAXISANG 0	0	0
	}
}
*GEOMOBJECT {
	*NODE_NAME "zm_Frill"
	*NODE_PARENT "Bip01 Head"
	*NODE_TM {
		*NODE_NAME "zm_Frill"
		*TM_ROW0 -1.1921e-007	-0.216439	0.976296
		*TM_ROW1 -2.12342e-006	-0.976296	-0.216439
		*TM_ROW2 1	-2.12342e-006	-1.19209e-007
		*TM_ROW3 2.80001e-005	-21.315	190.169
		*TM_POS 2.80001e-005	-21.315	190.169
		*TM_ROTAXIS -0.704996	0.0772101	-0.704996
		*TM_ROTANGLE 3.2957
		*TM_SCALE 1	1	1
		*TM_SCALEAXIS 0	0	0
		*TM_SCALEAXISANG 0	0	0
	}
	*MATERIAL_REF 0
	*MESH {
		*TIMEVALUE 0
		*MESH_NUMVERTEX 66
		*MESH_NUMFACES 128
		*MESH_VERTEX_LIST {
			*MESH_VERTEX 0	9.79851	-49.4043	170.882
			*MESH_VERTEX 1	7.5189	-34.2063	220.254
			*MESH_VERTEX 2	-8.72611	-49.21	170.781
			*MESH_VERTEX 3	1.00381	7.45389	194.245
			*MESH_VERTEX 4	0.19658	-38.0153	254.796
			*MESH_VERTEX 5	-6.66698	-34.0575	220.177
			*MESH_VERTEX 6	50.7596	-39.8774	241.078
			*MESH_VERTEX 7	12.8429	-41.0041	208.925
			*MESH_VERTEX 8	-50.2417	-38.8181	240.527
			*MESH_VERTEX 9	-12.0085	-40.7435	208.79
			*MESH_VERTEX 10	24.5672	-30.4523	178.962
			*MESH_VERTEX 11	-23.1813	-29.9515	178.702
			*MESH_VERTEX 12	0.349496	-48.3476	206.901
			*MESH_VERTEX 13	0.737351	-15.28	199.38
			*MESH_VERTEX 14	13.5769	-24.8491	212.561
			*MESH_VERTEX 15	-12.4431	-24.5762	212.419
			*MESH_VERTEX 16	0.656417	-2.93704	237.946
			*MESH_VERTEX 17	-8.09758	-11.6005	241.6
			*MESH_VERTEX 18	9.18639	-11.7818	241.695
			*MESH_VERTEX 19	12.8285	-35.2997	184.415
			*MESH_VERTEX 20	-11.607	-35.0434	184.282
			*MESH_VERTEX 21	0.434686	-16.8838	251.777
			*MESH_VERTEX 22	15.1011	-27.0472	224.709
			*MESH_VERTEX 23	-14.1455	-26.7405	224.55
			*MESH_VERTEX 24	0.709504	-9.48628	215.623
			*MESH_VERTEX 25	18.2461	-38.8541	220.4
			*MESH_VERTEX 26	-17.4902	-38.4793	220.205
			*MESH_VERTEX 27	8.40382	-31.8981	251.289
			*MESH_VERTEX 28	6.81088	-30.1445	235.733
			*MESH_VERTEX 29	7.02319	-11.3748	232.903
			*MESH_VERTEX 30	-7.84181	-31.7278	251.2
			*MESH_VERTEX 31	-6.04284	-30.0097	235.663
			*MESH_VERTEX 32	-5.83053	-11.24	232.832
			*MESH_VERTEX 33	15.7356	-8.81496	191.621
			*MESH_VERTEX 34	-14.0364	-8.5027	191.459
			*MESH_VERTEX 35	0.621489	-7.84484	234.913
			*MESH_VERTEX 36	25.9101	-44.0273	222.848
			*MESH_VERTEX 37	-25.2873	-43.4903	222.568
			*MESH_VERTEX 38	-13.0126	-42.0638	193.522
			*MESH_VERTEX 39	13.9856	-42.347	193.669
			*MESH_VERTEX 40	22.4756	-32.1086	216.66
			*MESH_VERTEX 41	-21.5363	-31.647	216.42
			*MESH_VERTEX 42	10.9643	-13.3646	224.615
			*MESH_VERTEX 43	-9.72189	-13.1476	224.502
			*MESH_VERTEX 44	-8.59737	-20.5192	234.864
			*MESH_VERTEX 45	9.57247	-20.7098	234.964
			*MESH_VERTEX 46	-19.5506	-43.1724	212.251
			*MESH_VERTEX 47	20.2942	-43.5903	212.468
			*MESH_VERTEX 48	0.326025	-37.5784	231.908
			*MESH_VERTEX 49	0.700345	-5.84046	224.312
			*MESH_VERTEX 50	24.3817	-40.4928	228.767
			*MESH_VERTEX 51	-23.7497	-39.988	228.504
			*MESH_VERTEX 52	8.93977	-16.1125	214.287
			*MESH_VERTEX 53	-7.64286	-15.9386	214.196
			*MESH_VERTEX 54	10.9449	-21.9475	246.436
			*MESH_VERTEX 55	-10.1205	-21.7265	246.321
			*MESH_VERTEX 56	27.5431	-35.6097	224.752
			*MESH_VERTEX 57	-26.7641	-35.0401	224.456
			*MESH_VERTEX 58	12.6541	-48.8977	169.773
			*MESH_VERTEX 59	-11.5581	-48.6438	169.641
			*MESH_VERTEX 60	0.827261	-1.7479	208.916
			*MESH_VERTEX 61	-18.4716	-25.328	196.267
			*MESH_VERTEX 62	19.7642	-25.729	196.476
			*MESH_VERTEX 63	0.327298	-45.7015	216.057
			*MESH_VERTEX 64	10.0388	-13.1701	207.619
			*MESH_VERTEX 65	-8.60715	-12.9746	207.517
		}
		*MESH_FACE_LIST {
			*MESH_FACE    0:    A:    65 B:    34 C:    61 AB:    1 BC:    1 CA:    1	 *MESH_SMOOTHING 1 	*MESH_MTLID 0
			*MESH_FACE    1:    A:    33 B:    64 C:    62 AB:    1 BC:    1 CA:    1	 *MESH_SMOOTHING 1 	*MESH_MTLID 0
			*MESH_FACE    2:    A:    13 B:    19 C:    39 AB:    1 BC:    1 CA:    1	 *MESH_SMOOTHING 1 	*MESH_MTLID 0
			*MESH_FACE    3:    A:    20 B:    13 C:    38 AB:    1 BC:    1 CA:    1	 *MESH_SMOOTHING 1 	*MESH_MTLID 0
			*MESH_FACE    4:    A:    3 B:    60 C:    64 AB:    1 BC:    1 CA:    1	 *MESH_SMOOTHING 1 	*MESH_MTLID 0
			*MESH_FACE    5:    A:    60 B:    3 C:    65 AB:    1 BC:    1 CA:    1	 *MESH_SMOOTHING 1 	*MESH_MTLID 0
			*MESH_FACE    6:    A:    31 B:    5 C:    63 AB:    1 BC:    1 CA:    1	 *MESH_SMOOTHING 1 	*MESH_MTLID 0
			*MESH_FACE    7:    A:    12 B:    9 C:    13 AB:    1 BC:    1 CA:    1	 *MESH_SMOOTHING 1 	*MESH_MTLID 0
			*MESH_FACE    8:    A:    62 B:    14 C:    7 AB:    1 BC:    1 CA:    1	 *MESH_SMOOTHING 1 	*MESH_MTLID 0
			*MESH_FACE    9:    A:    36 B:    6 C:    50 AB:    1 BC:    1 CA:    1	 *MESH_SMOOTHING 1 	*MESH_MTLID 0
			*MESH_FACE    10:    A:    56 B:    6 C:    36 AB:    1 BC:    1 CA:    1	 *MESH_SMOOTHING 1 	*MESH_MTLID 0
			*MESH_FACE    11:    A:    1 B:    28 C:    63 AB:    1 BC:    1 CA:    1	 *MESH_SMOOTHING 1 	*MESH_MTLID 0
			*MESH_FACE    12:    A:    15 B:    61 C:    9 AB:    1 BC:    1 CA:    1	 *MESH_SMOOTHING 1 	*MESH_MTLID 0
			*MESH_FACE    13:    A:    5 B:    9 C:    12 AB:    1 BC:    1 CA:    1	 *MESH_SMOOTHING 1 	*MESH_MTLID 0
			*MESH_FACE    14:    A:    8 B:    37 C:    51 AB:    1 BC:    1 CA:    1	 *MESH_SMOOTHING 1 	*MESH_MTLID 0
			*MESH_FACE    15:    A:    8 B:    57 C:    37 AB:    1 BC:    1 CA:    1	 *MESH_SMOOTHING 1 	*MESH_MTLID 0
			*MESH_FACE    16:    A:    10 B:    39 C:    58 AB:    1 BC:    1 CA:    1	 *MESH_SMOOTHING 1 	*MESH_MTLID 0
			*MESH_FACE    17:    A:    33 B:    10 C:    19 AB:    1 BC:    1 CA:    1	 *MESH_SMOOTHING 1 	*MESH_MTLID 0
			*MESH_FACE    18:    A:    38 B:    11 C:    59 AB:    1 BC:    1 CA:    1	 *MESH_SMOOTHING 1 	*MESH_MTLID 0
			*MESH_FACE    19:    A:    11 B:    34 C:    20 AB:    1 BC:    1 CA:    1	 *MESH_SMOOTHING 1 	*MESH_MTLID 0
			*MESH_FACE    20:    A:    7 B:    12 C:    13 AB:    1 BC:    1 CA:    1	 *MESH_SMOOTHING 1 	*MESH_MTLID 0
			*MESH_FACE    21:    A:    7 B:    1 C:    12 AB:    1 BC:    1 CA:    1	 *MESH_SMOOTHING 1 	*MESH_MTLID 0
			*MESH_FACE    22:    A:    34 B:    13 C:    20 AB:    1 BC:    1 CA:    1	 *MESH_SMOOTHING 1 	*MESH_MTLID 0
			*MESH_FACE    23:    A:    13 B:    33 C:    19 AB:    1 BC:    1 CA:    1	 *MESH_SMOOTHING 1 	*MESH_MTLID 0
			*MESH_FACE    24:    A:    50 B:    6 C:    56 AB:    1 BC:    1 CA:    1	 *MESH_SMOOTHING 1 	*MESH_MTLID 0
			*MESH_FACE    25:    A:    22 B:    28 C:    1 AB:    1 BC:    1 CA:    1	 *MESH_SMOOTHING 1 	*MESH_MTLID 0
			*MESH_FACE    26:    A:    8 B:    51 C:    57 AB:    1 BC:    1 CA:    1	 *MESH_SMOOTHING 1 	*MESH_MTLID 0
			*MESH_FACE    27:    A:    31 B:    23 C:    5 AB:    1 BC:    1 CA:    1	 *MESH_SMOOTHING 1 	*MESH_MTLID 0
			*MESH_FACE    28:    A:    45 B:    54 C:    28 AB:    1 BC:    1 CA:    1	 *MESH_SMOOTHING 1 	*MESH_MTLID 0
			*MESH_FACE    29:    A:    55 B:    44 C:    31 AB:    1 BC:    1 CA:    1	 *MESH_SMOOTHING 1 	*MESH_MTLID 0
			*MESH_FACE    30:    A:    17 B:    16 C:    32 AB:    1 BC:    1 CA:    1	 *MESH_SMOOTHING 1 	*MESH_MTLID 0
			*MESH_FACE    31:    A:    55 B:    30 C:    21 AB:    1 BC:    1 CA:    1	 *MESH_SMOOTHING 1 	*MESH_MTLID 0
			*MESH_FACE    32:    A:    16 B:    18 C:    29 AB:    1 BC:    1 CA:    1	 *MESH_SMOOTHING 1 	*MESH_MTLID 0
			*MESH_FACE    33:    A:    27 B:    54 C:    21 AB:    1 BC:    1 CA:    1	 *MESH_SMOOTHING 1 	*MESH_MTLID 0
			*MESH_FACE    34:    A:    10 B:    58 C:    19 AB:    1 BC:    1 CA:    1	 *MESH_SMOOTHING 1 	*MESH_MTLID 0
			*MESH_FACE    35:    A:    19 B:    0 C:    39 AB:    1 BC:    1 CA:    1	 *MESH_SMOOTHING 1 	*MESH_MTLID 0
			*MESH_FACE    36:    A:    59 B:    11 C:    20 AB:    1 BC:    1 CA:    1	 *MESH_SMOOTHING 1 	*MESH_MTLID 0
			*MESH_FACE    37:    A:    2 B:    20 C:    38 AB:    1 BC:    1 CA:    1	 *MESH_SMOOTHING 1 	*MESH_MTLID 0
			*MESH_FACE    38:    A:    16 B:    17 C:    21 AB:    1 BC:    1 CA:    1	 *MESH_SMOOTHING 1 	*MESH_MTLID 0
			*MESH_FACE    39:    A:    18 B:    16 C:    21 AB:    1 BC:    1 CA:    1	 *MESH_SMOOTHING 1 	*MESH_MTLID 0
			*MESH_FACE    40:    A:    14 B:    22 C:    1 AB:    1 BC:    1 CA:    1	 *MESH_SMOOTHING 1 	*MESH_MTLID 0
			*MESH_FACE    41:    A:    52 B:    49 C:    42 AB:    1 BC:    1 CA:    1	 *MESH_SMOOTHING 1 	*MESH_MTLID 0
			*MESH_FACE    42:    A:    23 B:    15 C:    5 AB:    1 BC:    1 CA:    1	 *MESH_SMOOTHING 1 	*MESH_MTLID 0
			*MESH_FACE    43:    A:    49 B:    53 C:    43 AB:    1 BC:    1 CA:    1	 *MESH_SMOOTHING 1 	*MESH_MTLID 0
			*MESH_FACE    44:    A:    49 B:    35 C:    29 AB:    1 BC:    1 CA:    1	 *MESH_SMOOTHING 1 	*MESH_MTLID 0
			*MESH_FACE    45:    A:    35 B:    49 C:    32 AB:    1 BC:    1 CA:    1	 *MESH_SMOOTHING 1 	*MESH_MTLID 0
			*MESH_FACE    46:    A:    25 B:    1 C:    7 AB:    1 BC:    1 CA:    1	 *MESH_SMOOTHING 1 	*MESH_MTLID 0
			*MESH_FACE    47:    A:    1 B:    25 C:    40 AB:    1 BC:    1 CA:    1	 *MESH_SMOOTHING 1 	*MESH_MTLID 0
			*MESH_FACE    48:    A:    5 B:    26 C:    9 AB:    1 BC:    1 CA:    1	 *MESH_SMOOTHING 1 	*MESH_MTLID 0
			*MESH_FACE    49:    A:    26 B:    5 C:    41 AB:    1 BC:    1 CA:    1	 *MESH_SMOOTHING 1 	*MESH_MTLID 0
			*MESH_FACE    50:    A:    54 B:    27 C:    28 AB:    1 BC:    1 CA:    1	 *MESH_SMOOTHING 1 	*MESH_MTLID 0
			*MESH_FACE    51:    A:    4 B:    27 C:    21 AB:    1 BC:    1 CA:    1	 *MESH_SMOOTHING 1 	*MESH_MTLID 0
			*MESH_FACE    52:    A:    28 B:    48 C:    63 AB:    1 BC:    1 CA:    1	 *MESH_SMOOTHING 1 	*MESH_MTLID 0
			*MESH_FACE    53:    A:    28 B:    27 C:    48 AB:    1 BC:    1 CA:    1	 *MESH_SMOOTHING 1 	*MESH_MTLID 0
			*MESH_FACE    54:    A:    22 B:    45 C:    28 AB:    1 BC:    1 CA:    1	 *MESH_SMOOTHING 1 	*MESH_MTLID 0
			*MESH_FACE    55:    A:    42 B:    22 C:    14 AB:    1 BC:    1 CA:    1	 *MESH_SMOOTHING 1 	*MESH_MTLID 0
			*MESH_FACE    56:    A:    30 B:    55 C:    31 AB:    1 BC:    1 CA:    1	 *MESH_SMOOTHING 1 	*MESH_MTLID 0
			*MESH_FACE    57:    A:    30 B:    4 C:    21 AB:    1 BC:    1 CA:    1	 *MESH_SMOOTHING 1 	*MESH_MTLID 0
			*MESH_FACE    58:    A:    48 B:    31 C:    63 AB:    1 BC:    1 CA:    1	 *MESH_SMOOTHING 1 	*MESH_MTLID 0
			*MESH_FACE    59:    A:    30 B:    31 C:    48 AB:    1 BC:    1 CA:    1	 *MESH_SMOOTHING 1 	*MESH_MTLID 0
			*MESH_FACE    60:    A:    44 B:    23 C:    31 AB:    1 BC:    1 CA:    1	 *MESH_SMOOTHING 1 	*MESH_MTLID 0
			*MESH_FACE    61:    A:    23 B:    43 C:    15 AB:    1 BC:    1 CA:    1	 *MESH_SMOOTHING 1 	*MESH_MTLID 0
			*MESH_FACE    62:    A:    3 B:    33 C:    13 AB:    1 BC:    1 CA:    1	 *MESH_SMOOTHING 1 	*MESH_MTLID 0
			*MESH_FACE    63:    A:    3 B:    64 C:    33 AB:    1 BC:    1 CA:    1	 *MESH_SMOOTHING 1 	*MESH_MTLID 0
			*MESH_FACE    64:    A:    34 B:    3 C:    13 AB:    1 BC:    1 CA:    1	 *MESH_SMOOTHING 1 	*MESH_MTLID 0
			*MESH_FACE    65:    A:    65 B:    3 C:    34 AB:    1 BC:    1 CA:    1	 *MESH_SMOOTHING 1 	*MESH_MTLID 0
			*MESH_FACE    66:    A:    16 B:    35 C:    32 AB:    1 BC:    1 CA:    1	 *MESH_SMOOTHING 1 	*MESH_MTLID 0
			*MESH_FACE    67:    A:    35 B:    16 C:    29 AB:    1 BC:    1 CA:    1	 *MESH_SMOOTHING 1 	*MESH_MTLID 0
			*MESH_FACE    68:    A:    36 B:    47 C:    40 AB:    1 BC:    1 CA:    1	 *MESH_SMOOTHING 1 	*MESH_MTLID 0
			*MESH_FACE    69:    A:    36 B:    25 C:    47 AB:    1 BC:    1 CA:    1	 *MESH_SMOOTHING 1 	*MESH_MTLID 0
			*MESH_FACE    70:    A:    46 B:    37 C:    41 AB:    1 BC:    1 CA:    1	 *MESH_SMOOTHING 1 	*MESH_MTLID 0
			*MESH_FACE    71:    A:    26 B:    37 C:    46 AB:    1 BC:    1 CA:    1	 *MESH_SMOOTHING 1 	*MESH_MTLID 0
			*MESH_FACE    72:    A:    9 B:    38 C:    13 AB:    1 BC:    1 CA:    1	 *MESH_SMOOTHING 1 	*MESH_MTLID 0
			*MESH_FACE    73:    A:    9 B:    61 C:    38 AB:    1 BC:    1 CA:    1	 *MESH_SMOOTHING 1 	*MESH_MTLID 0
			*MESH_FACE    74:    A:    39 B:    7 C:    13 AB:    1 BC:    1 CA:    1	 *MESH_SMOOTHING 1 	*MESH_MTLID 0
			*MESH_FACE    75:    A:    62 B:    7 C:    39 AB:    1 BC:    1 CA:    1	 *MESH_SMOOTHING 1 	*MESH_MTLID 0
			*MESH_FACE    76:    A:    14 B:    40 C:    47 AB:    1 BC:    1 CA:    1	 *MESH_SMOOTHING 1 	*MESH_MTLID 0
			*MESH_FACE    77:    A:    40 B:    14 C:    1 AB:    1 BC:    1 CA:    1	 *MESH_SMOOTHING 1 	*MESH_MTLID 0
			*MESH_FACE    78:    A:    41 B:    15 C:    46 AB:    1 BC:    1 CA:    1	 *MESH_SMOOTHING 1 	*MESH_MTLID 0
			*MESH_FACE    79:    A:    15 B:    41 C:    5 AB:    1 BC:    1 CA:    1	 *MESH_SMOOTHING 1 	*MESH_MTLID 0
			*MESH_FACE    80:    A:    42 B:    45 C:    22 AB:    1 BC:    1 CA:    1	 *MESH_SMOOTHING 1 	*MESH_MTLID 0
			*MESH_FACE    81:    A:    49 B:    29 C:    42 AB:    1 BC:    1 CA:    1	 *MESH_SMOOTHING 1 	*MESH_MTLID 0
			*MESH_FACE    82:    A:    44 B:    43 C:    23 AB:    1 BC:    1 CA:    1	 *MESH_SMOOTHING 1 	*MESH_MTLID 0
			*MESH_FACE    83:    A:    32 B:    49 C:    43 AB:    1 BC:    1 CA:    1	 *MESH_SMOOTHING 1 	*MESH_MTLID 0
			*MESH_FACE    84:    A:    32 B:    43 C:    44 AB:    1 BC:    1 CA:    1	 *MESH_SMOOTHING 1 	*MESH_MTLID 0
			*MESH_FACE    85:    A:    17 B:    32 C:    44 AB:    1 BC:    1 CA:    1	 *MESH_SMOOTHING 1 	*MESH_MTLID 0
			*MESH_FACE    86:    A:    42 B:    29 C:    45 AB:    1 BC:    1 CA:    1	 *MESH_SMOOTHING 1 	*MESH_MTLID 0
			*MESH_FACE    87:    A:    29 B:    18 C:    45 AB:    1 BC:    1 CA:    1	 *MESH_SMOOTHING 1 	*MESH_MTLID 0
			*MESH_FACE    88:    A:    9 B:    46 C:    15 AB:    1 BC:    1 CA:    1	 *MESH_SMOOTHING 1 	*MESH_MTLID 0
			*MESH_FACE    89:    A:    46 B:    9 C:    26 AB:    1 BC:    1 CA:    1	 *MESH_SMOOTHING 1 	*MESH_MTLID 0
			*MESH_FACE    90:    A:    47 B:    7 C:    14 AB:    1 BC:    1 CA:    1	 *MESH_SMOOTHING 1 	*MESH_MTLID 0
			*MESH_FACE    91:    A:    7 B:    47 C:    25 AB:    1 BC:    1 CA:    1	 *MESH_SMOOTHING 1 	*MESH_MTLID 0
			*MESH_FACE    92:    A:    4 B:    30 C:    48 AB:    1 BC:    1 CA:    1	 *MESH_SMOOTHING 1 	*MESH_MTLID 0
			*MESH_FACE    93:    A:    27 B:    4 C:    48 AB:    1 BC:    1 CA:    1	 *MESH_SMOOTHING 1 	*MESH_MTLID 0
			*MESH_FACE    94:    A:    49 B:    24 C:    53 AB:    1 BC:    1 CA:    1	 *MESH_SMOOTHING 1 	*MESH_MTLID 0
			*MESH_FACE    95:    A:    24 B:    49 C:    52 AB:    1 BC:    1 CA:    1	 *MESH_SMOOTHING 1 	*MESH_MTLID 0
			*MESH_FACE    96:    A:    25 B:    50 C:    56 AB:    1 BC:    1 CA:    1	 *MESH_SMOOTHING 1 	*MESH_MTLID 0
			*MESH_FACE    97:    A:    25 B:    36 C:    50 AB:    1 BC:    1 CA:    1	 *MESH_SMOOTHING 1 	*MESH_MTLID 0
			*MESH_FACE    98:    A:    51 B:    26 C:    57 AB:    1 BC:    1 CA:    1	 *MESH_SMOOTHING 1 	*MESH_MTLID 0
			*MESH_FACE    99:    A:    37 B:    26 C:    51 AB:    1 BC:    1 CA:    1	 *MESH_SMOOTHING 1 	*MESH_MTLID 0
			*MESH_FACE    100:    A:    52 B:    42 C:    14 AB:    1 BC:    1 CA:    1	 *MESH_SMOOTHING 1 	*MESH_MTLID 0
			*MESH_FACE    101:    A:    64 B:    14 C:    62 AB:    1 BC:    1 CA:    1	 *MESH_SMOOTHING 1 	*MESH_MTLID 0
			*MESH_FACE    102:    A:    43 B:    53 C:    15 AB:    1 BC:    1 CA:    1	 *MESH_SMOOTHING 1 	*MESH_MTLID 0
			*MESH_FACE    103:    A:    15 B:    65 C:    61 AB:    1 BC:    1 CA:    1	 *MESH_SMOOTHING 1 	*MESH_MTLID 0
			*MESH_FACE    104:    A:    18 B:    54 C:    45 AB:    1 BC:    1 CA:    1	 *MESH_SMOOTHING 1 	*MESH_MTLID 0
			*MESH_FACE    105:    A:    54 B:    18 C:    21 AB:    1 BC:    1 CA:    1	 *MESH_SMOOTHING 1 	*MESH_MTLID 0
			*MESH_FACE    106:    A:    55 B:    17 C:    44 AB:    1 BC:    1 CA:    1	 *MESH_SMOOTHING 1 	*MESH_MTLID 0
			*MESH_FACE    107:    A:    17 B:    55 C:    21 AB:    1 BC:    1 CA:    1	 *MESH_SMOOTHING 1 	*MESH_MTLID 0
			*MESH_FACE    108:    A:    40 B:    56 C:    36 AB:    1 BC:    1 CA:    1	 *MESH_SMOOTHING 1 	*MESH_MTLID 0
			*MESH_FACE    109:    A:    56 B:    40 C:    25 AB:    1 BC:    1 CA:    1	 *MESH_SMOOTHING 1 	*MESH_MTLID 0
			*MESH_FACE    110:    A:    57 B:    41 C:    37 AB:    1 BC:    1 CA:    1	 *MESH_SMOOTHING 1 	*MESH_MTLID 0
			*MESH_FACE    111:    A:    41 B:    57 C:    26 AB:    1 BC:    1 CA:    1	 *MESH_SMOOTHING 1 	*MESH_MTLID 0
			*MESH_FACE    112:    A:    19 B:    58 C:    0 AB:    1 BC:    1 CA:    1	 *MESH_SMOOTHING 1 	*MESH_MTLID 0
			*MESH_FACE    113:    A:    0 B:    58 C:    39 AB:    1 BC:    1 CA:    1	 *MESH_SMOOTHING 1 	*MESH_MTLID 0
			*MESH_FACE    114:    A:    59 B:    20 C:    2 AB:    1 BC:    1 CA:    1	 *MESH_SMOOTHING 1 	*MESH_MTLID 0
			*MESH_FACE    115:    A:    59 B:    2 C:    38 AB:    1 BC:    1 CA:    1	 *MESH_SMOOTHING 1 	*MESH_MTLID 0
			*MESH_FACE    116:    A:    24 B:    60 C:    53 AB:    1 BC:    1 CA:    1	 *MESH_SMOOTHING 1 	*MESH_MTLID 0
			*MESH_FACE    117:    A:    60 B:    24 C:    52 AB:    1 BC:    1 CA:    1	 *MESH_SMOOTHING 1 	*MESH_MTLID 0
			*MESH_FACE    118:    A:    61 B:    34 C:    11 AB:    1 BC:    1 CA:    1	 *MESH_SMOOTHING 1 	*MESH_MTLID 0
			*MESH_FACE    119:    A:    61 B:    11 C:    38 AB:    1 BC:    1 CA:    1	 *MESH_SMOOTHING 1 	*MESH_MTLID 0
			*MESH_FACE    120:    A:    33 B:    62 C:    10 AB:    1 BC:    1 CA:    1	 *MESH_SMOOTHING 1 	*MESH_MTLID 0
			*MESH_FACE    121:    A:    10 B:    62 C:    39 AB:    1 BC:    1 CA:    1	 *MESH_SMOOTHING 1 	*MESH_MTLID 0
			*MESH_FACE    122:    A:    5 B:    12 C:    63 AB:    1 BC:    1 CA:    1	 *MESH_SMOOTHING 1 	*MESH_MTLID 0
			*MESH_FACE    123:    A:    12 B:    1 C:    63 AB:    1 BC:    1 CA:    1	 *MESH_SMOOTHING 1 	*MESH_MTLID 0
			*MESH_FACE    124:    A:    64 B:    52 C:    14 AB:    1 BC:    1 CA:    1	 *MESH_SMOOTHING 1 	*MESH_MTLID 0
			*MESH_FACE    125:    A:    60 B:    52 C:    64 AB:    1 BC:    1 CA:    1	 *MESH_SMOOTHING 1 	*MESH_MTLID 0
			*MESH_FACE    126:    A:    53 B:    65 C:    15 AB:    1 BC:    1 CA:    1	 *MESH_SMOOTHING 1 	*MESH_MTLID 0
			*MESH_FACE    127:    A:    53 B:    60 C:    65 AB:    1 BC:    1 CA:    1	 *MESH_SMOOTHING 1 	*MESH_MTLID 0
		}
		*MESH_NUMTVERTEX 46
		*MESH_TVERTLIST {
			*MESH_TVERT 0	0.170549	0.249439	0
			*MESH_TVERT 1	0.157578	0.167407	0
			*MESH_TVERT 2	0.11886	0.183836	0
			*MESH_TVERT 3	0.194467	0.264558	0
			*MESH_TVERT 4	0.077844	0.072736	0
			*MESH_TVERT 5	0.046542	0.160146	0
			*MESH_TVERT 6	0.25215	0.224715	0
			*MESH_TVERT 7	0.228878	0.275199	0
			*MESH_TVERT 8	0.075031	0.383606	0
			*MESH_TVERT 9	0.069891	0.297665	0
			*MESH_TVERT 10	0.011897	0.277259	0
			*MESH_TVERT 11	0.009257	0.223616	0
			*MESH_TVERT 12	0.065466	0.233661	0
			*MESH_TVERT 13	0.113402	0.267415	0
			*MESH_TVERT 14	0.152946	0.00737602	0
			*MESH_TVERT 15	0.006069	0.02058	0
			*MESH_TVERT 16	0.153394	0.055842	0
			*MESH_TVERT 17	0.15078	0.00731802	0
			*MESH_TVERT 18	0.151969	0.05279	0
			*MESH_TVERT 19	0.104205	0.077341	0
			*MESH_TVERT 20	0.025731	0.031682	0
			*MESH_TVERT 21	0.148146	0.061805	0
			*MESH_TVERT 22	0.096247	0.328587	0
			*MESH_TVERT 23	0.119637	0.385569	0
			*MESH_TVERT 24	0.107343	0.443871	0
			*MESH_TVERT 25	0.157406	0.425931	0
			*MESH_TVERT 26	0.200383	0.412411	0
			*MESH_TVERT 27	0.164243	0.380929	0
			*MESH_TVERT 28	0.057995	0.462617	0
			*MESH_TVERT 29	0.126377	0.491564	0
			*MESH_TVERT 30	0.022581	0.037138	0
			*MESH_TVERT 31	0.152933	0.281953	0
			*MESH_TVERT 32	0.194671	0.340309	0
			*MESH_TVERT 33	0.159926	0.336875	0
			*MESH_TVERT 34	0.18899	0.376935	0
			*MESH_TVERT 35	0.205166	0.060803	0
			*MESH_TVERT 36	0.247359	0.060217	0
			*MESH_TVERT 37	0.247398	0.00813597	0
			*MESH_TVERT 38	0.203798	0.00800502	0
			*MESH_TVERT 39	0.027012	0.476982	0
			*MESH_TVERT 40	0.030488	0.364093	0
			*MESH_TVERT 41	0.20256	0.060166	0
			*MESH_TVERT 42	0.200607	0.007581	0
			*MESH_TVERT 43	0.246963	0.010991	0
			*MESH_TVERT 44	0.249351	0.060721	0
			*MESH_TVERT 45	0.192417	0.299199	0
		}
		*MESH_NUMTVFACES 128
		*MESH_TFACELIST {
			*MESH_TFACE 0	0	1	2
			*MESH_TFACE 1	1	0	2
			*MESH_TFACE 2	3	4	5
			*MESH_TFACE 3	4	3	5
			*MESH_TFACE 4	6	7	0
			*MESH_TFACE 5	7	6	0
			*MESH_TFACE 6	8	9	10
			*MESH_TFACE 7	11	12	3
			*MESH_TFACE 8	2	13	12
			*MESH_TFACE 9	14	15	16
			*MESH_TFACE 10	17	15	18
			*MESH_TFACE 11	9	8	10
			*MESH_TFACE 12	13	2	12
			*MESH_TFACE 13	9	12	11
			*MESH_TFACE 14	15	14	16
			*MESH_TFACE 15	15	17	18
			*MESH_TFACE 16	19	5	20
			*MESH_TFACE 17	1	21	4
			*MESH_TFACE 18	5	19	20
			*MESH_TFACE 19	21	1	4
			*MESH_TFACE 20	12	11	3
			*MESH_TFACE 21	12	9	11
			*MESH_TFACE 22	1	3	4
			*MESH_TFACE 23	3	1	4
			*MESH_TFACE 24	16	15	17
			*MESH_TFACE 25	22	8	9
			*MESH_TFACE 26	15	16	17
			*MESH_TFACE 27	8	22	9
			*MESH_TFACE 28	23	24	8
			*MESH_TFACE 29	24	23	8
			*MESH_TFACE 30	25	26	27
			*MESH_TFACE 31	24	28	29
			*MESH_TFACE 32	26	25	27
			*MESH_TFACE 33	28	24	29
			*MESH_TFACE 34	21	20	4
			*MESH_TFACE 35	4	30	5
			*MESH_TFACE 36	20	21	4
			*MESH_TFACE 37	30	4	5
			*MESH_TFACE 38	26	25	29
			*MESH_TFACE 39	25	26	29
			*MESH_TFACE 40	13	22	9
			*MESH_TFACE 41	31	32	33
			*MESH_TFACE 42	22	13	9
			*MESH_TFACE 43	32	31	33
			*MESH_TFACE 44	32	34	27
			*MESH_TFACE 45	34	32	27
			*MESH_TFACE 46	35	36	37
			*MESH_TFACE 47	36	35	38
			*MESH_TFACE 48	36	35	37
			*MESH_TFACE 49	35	36	38
			*MESH_TFACE 50	24	28	8
			*MESH_TFACE 51	39	28	29
			*MESH_TFACE 52	8	40	10
			*MESH_TFACE 53	8	28	40
			*MESH_TFACE 54	22	23	8
			*MESH_TFACE 55	33	22	13
			*MESH_TFACE 56	28	24	8
			*MESH_TFACE 57	28	39	29
			*MESH_TFACE 58	40	8	10
			*MESH_TFACE 59	28	8	40
			*MESH_TFACE 60	23	22	8
			*MESH_TFACE 61	22	33	13
			*MESH_TFACE 62	6	1	3
			*MESH_TFACE 63	6	0	1
			*MESH_TFACE 64	1	6	3
			*MESH_TFACE 65	0	6	1
			*MESH_TFACE 66	26	34	27
			*MESH_TFACE 67	34	26	27
			*MESH_TFACE 68	18	41	38
			*MESH_TFACE 69	14	35	42
			*MESH_TFACE 70	41	18	38
			*MESH_TFACE 71	35	14	42
			*MESH_TFACE 72	12	5	3
			*MESH_TFACE 73	12	2	5
			*MESH_TFACE 74	5	12	3
			*MESH_TFACE 75	2	12	5
			*MESH_TFACE 76	43	38	41
			*MESH_TFACE 77	38	43	36
			*MESH_TFACE 78	38	43	41
			*MESH_TFACE 79	43	38	36
			*MESH_TFACE 80	33	23	22
			*MESH_TFACE 81	32	27	33
			*MESH_TFACE 82	23	33	22
			*MESH_TFACE 83	27	32	33
			*MESH_TFACE 84	27	33	23
			*MESH_TFACE 85	25	27	23
			*MESH_TFACE 86	33	27	23
			*MESH_TFACE 87	27	25	23
			*MESH_TFACE 88	44	41	43
			*MESH_TFACE 89	42	37	35
			*MESH_TFACE 90	41	44	43
			*MESH_TFACE 91	37	42	35
			*MESH_TFACE 92	39	28	40
			*MESH_TFACE 93	28	39	40
			*MESH_TFACE 94	32	45	31
			*MESH_TFACE 95	45	32	31
			*MESH_TFACE 96	35	16	17
			*MESH_TFACE 97	35	14	16
			*MESH_TFACE 98	16	35	17
			*MESH_TFACE 99	14	35	16
			*MESH_TFACE 100	31	33	13
			*MESH_TFACE 101	0	13	2
			*MESH_TFACE 102	33	31	13
			*MESH_TFACE 103	13	0	2
			*MESH_TFACE 104	25	24	23
			*MESH_TFACE 105	24	25	29
			*MESH_TFACE 106	24	25	23
			*MESH_TFACE 107	25	24	29
			*MESH_TFACE 108	38	17	18
			*MESH_TFACE 109	17	38	35
			*MESH_TFACE 110	17	38	18
			*MESH_TFACE 111	38	17	35
			*MESH_TFACE 112	4	20	30
			*MESH_TFACE 113	30	20	5
			*MESH_TFACE 114	20	4	30
			*MESH_TFACE 115	20	30	5
			*MESH_TFACE 116	45	7	31
			*MESH_TFACE 117	7	45	31
			*MESH_TFACE 118	2	1	19
			*MESH_TFACE 119	2	19	5
			*MESH_TFACE 120	1	2	19
			*MESH_TFACE 121	19	2	5
			*MESH_TFACE 122	9	11	10
			*MESH_TFACE 123	11	9	10
			*MESH_TFACE 124	0	31	13
			*MESH_TFACE 125	7	31	0
			*MESH_TFACE 126	31	0	13
			*MESH_TFACE 127	31	7	0
		}
	}
}
*HELPEROBJECT {
	*NODE_NAME "Dummy"
	*NODE_PARENT "Bip01 Head"
	*NODE_TM {
		*NODE_NAME "Dummy"
		*TM_ROW0 -1	-0	0
		*TM_ROW1 -0	-1	0
		*TM_ROW2 -0	-0	1
		*TM_ROW3 3.30001e-005	-24.8086	191.496
		*TM_POS 3.30001e-005	-24.8086	191.496
		*TM_ROTAXIS 0	0	-1
		*TM_ROTANGLE 3.14159
		*TM_SCALE 1	1	1
		*TM_SCALEAXIS 0	0	0
		*TM_SCALEAXISANG 0	0	0
	}
}
*HELPEROBJECT {
	*NODE_NAME "Dummy1"
	*NODE_PARENT "Bip01 R Finger0"
	*NODE_TM {
