*3DSMAX_ASCIIEXPORT	110
*COMMENT "[ GothicSourcer v3.14 ] - June 2007"
*SCENE {
	*SCENE_FILENAME "UOW_BODY.MAX"
	*SCENE_FIRSTFRAME 0
	*SCENE_LASTFRAME 100
	*SCENE_FRAMESPEED 25
	*SCENE_TICKSPERFRAME 192
	*SCENE_BACKGROUND_STATIC 0	0	0
	*SCENE_AMBIENT_STATIC 0.2	0.2	0.2
}
*MATERIAL_LIST {
	*MATERIAL_COUNT 1
	*MATERIAL 0 {
		*MATERIAL_NAME "UNORC2"
		*MATERIAL_CLASS "Standard"
		*MATERIAL_AMBIENT 0.203922	0.168627	0.121569
		*MATERIAL_DIFFUSE 0.203922	0.168627	0.121569
		*MATERIAL_SPECULAR 0.9	0.9	0.9
		*MATERIAL_SHINE 0.1
		*MATERIAL_SHINESTRENGTH 0
		*MATERIAL_TRANSPARENCY 0
		*MATERIAL_WIRESIZE 1
		*MATERIAL_SHADING Blinn
		*MATERIAL_XP_FALLOFF 0
		*MATERIAL_SELFILLUM 0
		*MATERIAL_FALLOFF In
		*MATERIAL_XP_TYPE Filter
		*MAP_DIFFUSE {
			*MAP_NAME "Map #1"
			*MAP_CLASS "Bitmap"
			*MAP_SUBNO 1
			*MAP_AMOUNT 1
			*BITMAP "UOW_BODY_V0.TGA"
			*MAP_TYPE Screen
			*UVW_U_OFFSET 0
			*UVW_V_OFFSET 0
			*UVW_U_TILING 1
			*UVW_V_TILING 1
			*UVW_ANGLE 0
			*UVW_BLUR 1
			*UVW_BLUR_OFFSET 0
			*UVW_NOUSE_AMT 1
			*UVW_NOISE_SIZE 1
			*UVW_NOISE_LEVEL 1
			*UVW_NOISE_PHASE 0
			*BITMAP_FILTER Pyramidal
		}
	}
}
*HELPEROBJECT {
	*NODE_NAME "Bip01"
	*NODE_TM {
		*NODE_NAME "Bip01"
		*TM_ROW0 1.26759e-006	-1	0
		*TM_ROW1 1	1.26759e-006	0
		*TM_ROW2 -0	-0	1
		*TM_ROW3 -1e-006	0	100.39
		*TM_POS -1e-006	0	100.39
		*TM_ROTAXIS 0	0	1
		*TM_ROTANGLE 1.5708
		*TM_SCALE 1	1	1
		*TM_SCALEAXIS 0	0	0
		*TM_SCALEAXISANG 0	0	0
	}
}
*HELPEROBJECT {
	*NODE_NAME "Bip01 Pelvis"
	*NODE_PARENT "Bip01"
	*NODE_TM {
		*NODE_NAME "Bip01 Pelvis"
		*TM_ROW0 -1.19209e-006	-1.64892e-007	1
		*TM_ROW1 2.99332e-006	-1	-1.64887e-007
		*TM_ROW2 1	2.99332e-006	1.66893e-006
		*TM_ROW3 -1e-006	4e-005	100.39
		*TM_POS -1e-006	4e-005	100.39
		*TM_ROTAXIS -0.707106	-1e-006	-0.707107
		*TM_ROTANGLE 3.14159
		*TM_SCALE 1	1	1
		*TM_SCALEAXIS 0	0	0
		*TM_SCALEAXISANG 0	0	0
	}
}
*HELPEROBJECT {
	*NODE_NAME "Bip01 Spine"
	*NODE_PARENT "Bip01 Pelvis"
	*NODE_TM {
		*NODE_NAME "Bip01 Spine"
		*TM_ROW0 -1.19209e-007	-0.259588	0.96572
		*TM_ROW1 -1.78814e-006	-0.965719	-0.259588
		*TM_ROW2 1	-1.78814e-006	-1.19209e-007
		*TM_ROW3 -9.99999e-007	-1.86469	107.969
		*TM_POS -9.99999e-007	-1.86469	107.969
		*TM_ROTAXIS 0.704044	-0.092975	0.704044
		*TM_ROTANGLE 2.95618
		*TM_SCALE 1	1	1
		*TM_SCALEAXIS 0	0	0
		*TM_SCALEAXISANG 0	0	0
	}
}
*HELPEROBJECT {
	*NODE_NAME "Bip01 Spine1"
	*NODE_PARENT "Bip01 Spine"
	*NODE_TM {
		*NODE_NAME "Bip01 Spine1"
		*TM_ROW0 1.78814e-007	-0.0879481	0.996125
		*TM_ROW1 -1.09151e-006	-0.996125	-0.0879481
		*TM_ROW2 1	-1.09151e-006	1.78814e-007
		*TM_ROW3 6e-006	-6.55859	125.486
		*TM_POS 6e-006	-6.55859	125.486
		*TM_ROTAXIS 0.706764	-0.03114	0.706764
		*TM_ROTANGLE 3.07933
		*TM_SCALE 1	1	1
		*TM_SCALEAXIS 0	0	0
		*TM_SCALEAXISANG 0	0	0
	}
}
*HELPEROBJECT {
	*NODE_NAME "Bip01 Spine2"
	*NODE_PARENT "Bip01 Spine1"
	*NODE_TM {
		*NODE_NAME "Bip01 Spine2"
		*TM_ROW0 2.98023e-007	0.172863	0.984946
		*TM_ROW1 -1.42306e-006	-0.984946	0.172863
		*TM_ROW2 1	-1.42306e-006	2.98023e-007
		*TM_ROW3 8e-006	-8.13954	143.55
		*TM_POS 8e-006	-8.13954	143.55
		*TM_ROTAXIS 0.70577	0.061463	0.70577
		*TM_ROTANGLE 3.26437
		*TM_SCALE 1	1	1
		*TM_SCALEAXIS 0	0	0
		*TM_SCALEAXISANG 0	0	0
	}
}
*HELPEROBJECT {
	*NODE_NAME "Bip01 Spine3"
	*NODE_PARENT "Bip01 Spine2"
	*NODE_TM {
		*NODE_NAME "Bip01 Spine3"
		*TM_ROW0 2.98023e-007	0.172863	0.984946
		*TM_ROW1 -1.42306e-006	-0.984946	0.172863
		*TM_ROW2 1	-1.42306e-006	2.98023e-007
		*TM_ROW3 4e-006	-4.98999	161.413
		*TM_POS 4e-006	-4.98999	161.413
		*TM_ROTAXIS 0.70577	0.061463	0.70577
		*TM_ROTANGLE 3.26437
		*TM_SCALE 1	1	1
		*TM_SCALEAXIS 0	0	0
		*TM_SCALEAXISANG 0	0	0
	}
}
*HELPEROBJECT {
	*NODE_NAME "Bip01 Neck"
	*NODE_PARENT "Bip01 Spine3"
	*NODE_TM {
		*NODE_NAME "Bip01 Neck"
		*TM_ROW0 6.55651e-007	-0.826733	0.562595
		*TM_ROW1 -1.81794e-006	-0.562595	-0.826733
		*TM_ROW2 1	-5.36442e-007	-1.72853e-006
		*TM_ROW3 -1e-006	-1.85131	179.282
		*TM_POS -1e-006	-1.85131	179.282
		*TM_ROTAXIS 0.662278	-0.350396	0.662277
		*TM_ROTANGLE 2.46754
		*TM_SCALE 1	1	1
		*TM_SCALEAXIS 0	0	0
		*TM_SCALEAXISANG 0	0	0
	}
}
*HELPEROBJECT {
	*NODE_NAME "Bip01 Neck1"
	*NODE_PARENT "Bip01 Neck"
	*NODE_TM {
		*NODE_NAME "Bip01 Neck1"
		*TM_ROW0 1.90735e-006	-0.843235	0.537545
		*TM_ROW1 -1.96695e-006	-0.537545	-0.843235
		*TM_ROW2 1	5.36442e-007	-2.68221e-006
		*TM_ROW3 7.99999e-006	-8.02732	183.492
		*TM_POS 7.99999e-006	-8.02732	183.492
		*TM_ROTAXIS 0.65927	-0.361563	0.659268
		*TM_ROTANGLE 2.44772
		*TM_SCALE 1	1	1
		*TM_SCALEAXIS 0	0	0
		*TM_SCALEAXISANG 0	0	0
	}
}
*HELPEROBJECT {
	*NODE_NAME "Bip01 Neck2"
	*NODE_PARENT "Bip01 Neck1"
	*NODE_TM {
		*NODE_NAME "Bip01 Neck2"
		*TM_ROW0 1.90735e-006	-0.934839	0.355071
		*TM_ROW1 -2.05636e-006	-0.355071	-0.934839
		*TM_ROW2 1	9.53675e-007	-2.44379e-006
		*TM_ROW3 1.8e-005	-14.3278	187.515
		*TM_POS 1.8e-005	-14.3278	187.515
		*TM_ROTAXIS 0.635522	-0.438435	0.63552
		*TM_ROTANGLE 2.3152
		*TM_SCALE 1	1	1
		*TM_SCALEAXIS 0	0	0
		*TM_SCALEAXISANG 0	0	0
	}
}
*HELPEROBJECT {
	*NODE_NAME "Bip01 Head"
	*NODE_PARENT "Bip01 Neck2"
	*NODE_TM {
		*NODE_NAME "Bip01 Head"
		*TM_ROW0 -1.1921e-007	-0.216439	0.976296
		*TM_ROW1 -2.12342e-006	-0.976296	-0.216439
		*TM_ROW2 1	-2.12342e-006	-1.19209e-007
		*TM_ROW3 2.80001e-005	-21.315	190.169
		*TM_POS 2.80001e-005	-21.315	190.169
		*TM_ROTAXIS -0.704996	0.0772101	-0.704996
		*TM_ROTANGLE 3.2957
		*TM_SCALE 1	1	1
		*TM_SCALEAXIS 0	0	0
		*TM_SCALEAXISANG 0	0	0
	}
}
*HELPEROBJECT {
	*NODE_NAME "Bip01 R Clavicle"
	*NODE_PARENT "Bip01 Neck"
	*NODE_TM {
		*NODE_NAME "Bip01 R Clavicle"
		*TM_ROW0 -0.930679	-0.0635278	-0.36028
		*TM_ROW1 -7.37608e-007	0.984808	-0.173649
		*TM_ROW2 0.365838	-0.161611	-0.916539
		*TM_ROW3 -20.767	-1.85468	184.641
		*TM_POS -20.767	-1.85468	184.641
		*TM_ROTAXIS -0.016513	0.996059	-0.087144
		*TM_ROTANGLE 3.51468
		*TM_SCALE 1	1	1
		*TM_SCALEAXIS 0	0	0
		*TM_SCALEAXISANG 0	0	0
	}
}
*HELPEROBJECT {
	*NODE_NAME "Bip01 R UpperArm"
	*NODE_PARENT "Bip01 R Clavicle"
	*NODE_TM {
		*NODE_NAME "Bip01 R UpperArm"
		*TM_ROW0 -0.226576	0.326402	-0.917674
		*TM_ROW1 0.110598	0.944705	0.30871
		*TM_ROW2 0.967694	-0.0315468	-0.250147
		*TM_ROW3 -38.1611	-3.042	177.907
		*TM_POS -38.1611	-3.042	177.907
		*TM_ROTAXIS -0.176487	-0.977918	-0.111935
		*TM_ROTANGLE 1.84005
		*TM_SCALE 1	1	1
		*TM_SCALEAXIS 0	0	0
		*TM_SCALEAXISANG 0	0	0
	}
}
*HELPEROBJECT {
	*NODE_NAME "Bip01 R Forearm"
	*NODE_PARENT "Bip01 R UpperArm"
	*NODE_TM {
		*NODE_NAME "Bip01 R Forearm"
		*TM_ROW0 -0.227626	-0.535956	-0.812981
		*TM_ROW1 -0.10842	0.843657	-0.525823
		*TM_ROW2 0.967694	-0.0315472	-0.250146
		*TM_ROW3 -48.2433	11.4822	137.073
		*TM_POS -48.2433	11.4822	137.073
		*TM_ROTAXIS 0.260582	-0.938772	0.225397
		*TM_ROTANGLE 1.89342
		*TM_SCALE 1	1	1
		*TM_SCALEAXIS 0	0	0
		*TM_SCALEAXISANG 0	0	0
	}
}
*HELPEROBJECT {
	*NODE_NAME "Bip01 R Hand"
	*NODE_PARENT "Bip01 R Forearm"
	*NODE_TM {
		*NODE_NAME "Bip01 R Hand"
		*TM_ROW0 -0.227626	-0.535955	-0.812981
		*TM_ROW1 0.967607	-0.0308752	-0.250566
		*TM_ROW2 0.109191	-0.843682	0.525622
		*TM_ROW3 -59.4585	-14.9245	97.0171
		*TM_POS -59.4585	-14.9245	97.0171
		*TM_ROTAXIS -0.318728	-0.495556	0.807983
		*TM_ROTANGLE 1.94598
		*TM_SCALE 1	1	1
		*TM_SCALEAXIS 0	0	0
		*TM_SCALEAXISANG 0	0	0
	}
}
*HELPEROBJECT {
	*NODE_NAME "Bip01 R Finger0"
	*NODE_PARENT "Bip01 R Hand"
	*NODE_TM {
		*NODE_NAME "Bip01 R Finger0"
		*TM_ROW0 -0.227626	-0.535955	-0.812981
		*TM_ROW1 0.967694	-0.0315475	-0.250146
		*TM_ROW2 0.10842	-0.843657	0.525821
		*TM_ROW3 -63.9724	-32.6734	67.1956
		*TM_POS -63.9724	-32.6734	67.1956
		*TM_ROTAXIS -0.318972	-0.495191	0.80811
		*TM_ROTANGLE 1.94623
		*TM_SCALE 1	1	1
		*TM_SCALEAXIS 0	0	0
		*TM_SCALEAXISANG 0	0	0
	}
}
*HELPEROBJECT {
	*NODE_NAME "ZS_RIGHTHAND"
	*NODE_PARENT "Bip01 R Hand"
	*NODE_TM {
		*NODE_NAME "ZS_RIGHTHAND"
		*TM_ROW0 -0.0919255	0.847042	-0.523517
		*TM_ROW1 0.0985439	0.530901	0.841685
		*TM_ROW2 0.990878	0.0257829	-0.132274
		*TM_ROW3 -57.3666	-39.9319	91.4154
		*TM_POS -57.3666	-39.9319	91.4154
		*TM_ROTAXIS -0.434918	-0.807251	-0.398988
		*TM_ROTANGLE 1.92479
		*TM_SCALE 1	1	1
		*TM_SCALEAXIS 0	0	0
		*TM_SCALEAXISANG 0	0	0
	}
}
*HELPEROBJECT {
	*NODE_NAME "Bip01 L Clavicle"
	*NODE_PARENT "Bip01 Neck"
	*NODE_TM {
		*NODE_NAME "Bip01 L Clavicle"
		*TM_ROW0 0.930678	-0.0635258	-0.36028
		*TM_ROW1 -1.46404e-006	0.984808	-0.173648
		*TM_ROW2 0.365838	0.161611	0.916539
		*TM_ROW3 20.767	-1.85461	184.641
		*TM_POS 20.767	-1.85461	184.641
		*TM_ROTAXIS 0.417874	-0.905048	0.079178
		*TM_ROTANGLE 0.412771
		*TM_SCALE 1	1	1
		*TM_SCALEAXIS 0	0	0
		*TM_SCALEAXISANG 0	0	0
	}
}
*HELPEROBJECT {
	*NODE_NAME "Bip01 L UpperArm"
	*NODE_PARENT "Bip01 L Clavicle"
	*NODE_TM {
		*NODE_NAME "Bip01 L UpperArm"
		*TM_ROW0 0.226575	0.326403	-0.917674
		*TM_ROW1 -0.110602	0.944704	0.308709
		*TM_ROW2 0.967694	0.0315509	0.250147
		*TM_ROW3 38.1611	-3.04189	177.907
		*TM_POS 38.1611	-3.04189	177.907
		*TM_ROTAXIS -0.141762	-0.964335	-0.223521
		*TM_ROTANGLE 1.35849
		*TM_SCALE 1	1	1
		*TM_SCALEAXIS 0	0	0
		*TM_SCALEAXISANG 0	0	0
	}
}
*HELPEROBJECT {
	*NODE_NAME "Bip01 L Forearm"
	*NODE_PARENT "Bip01 L UpperArm"
	*NODE_TM {
		*NODE_NAME "Bip01 L Forearm"
		*TM_ROW0 0.240525	-0.41305	-0.878372
		*TM_ROW1 0.07561	0.910162	-0.407295
		*TM_ROW2 0.967694	0.0315509	0.250147
		*TM_ROW3 48.2432	11.4823	137.073
		*TM_POS 48.2432	11.4823	137.073
		*TM_ROTAXIS 0.223967	-0.942148	0.24939
		*TM_ROTANGLE 1.36901
		*TM_SCALE 1	1	1
		*TM_SCALEAXIS 0	0	0
		*TM_SCALEAXISANG 0	0	0
	}
}
*HELPEROBJECT {
	*NODE_NAME "Bip01 L Hand"
	*NODE_PARENT "Bip01 L Forearm"
	*NODE_TM {
		*NODE_NAME "Bip01 L Hand"
		*TM_ROW0 0.240523	-0.41305	-0.878372
		*TM_ROW1 -0.967634	-0.0308247	-0.25047
		*TM_ROW2 0.0763812	0.910187	-0.407095
		*TM_ROW3 60.0939	-8.86877	93.7952
		*TM_POS 60.0939	-8.86877	93.7952
		*TM_ROTAXIS 0.724528	-0.595995	-0.346193
		*TM_ROTANGLE 2.21267
		*TM_SCALE 1	1	1
		*TM_SCALEAXIS 0	0	0
		*TM_SCALEAXISANG 0	0	0
	}
}
*HELPEROBJECT {
	*NODE_NAME "Bip01 L Finger0"
	*NODE_PARENT "Bip01 L Hand"
	*NODE_TM {
		*NODE_NAME "Bip01 L Finger0"
		*TM_ROW0 0.240524	-0.41305	-0.878372
		*TM_ROW1 -0.967694	-0.0315497	-0.250147
		*TM_ROW2 0.0756107	0.910162	-0.407294
		*TM_ROW3 65.0173	-22.263	61.8409
		*TM_POS 65.0173	-22.263	61.8409
		*TM_ROTAXIS 0.724623	-0.595771	-0.34638
		*TM_ROTANGLE 2.21325
		*TM_SCALE 1	1	1
		*TM_SCALEAXIS 0	0	0
		*TM_SCALEAXISANG 0	0	0
	}
}
*HELPEROBJECT {
	*NODE_NAME "ZS_LEFTHAND"
	*NODE_PARENT "Bip01 L Hand"
	*NODE_TM {
		*NODE_NAME "ZS_LEFTHAND"
		*TM_ROW0 -0.0590281	-0.912622	0.404521
		*TM_ROW1 0.111153	-0.408716	-0.905867
		*TM_ROW2 0.992049	-0.00850807	0.125566
		*TM_ROW3 59.611	-32.9569	84.9709
		*TM_POS 59.611	-32.9569	84.9709
		*TM_ROTAXIS -0.605198	0.396241	-0.690455
		*TM_ROTANGLE 3.97671
		*TM_SCALE 1	1	1
		*TM_SCALEAXIS 0	0	0
		*TM_SCALEAXISANG 0	0	0
	}
}
*HELPEROBJECT {
	*NODE_NAME "ZS_CROSSBOW"
	*NODE_PARENT "Bip01 Spine3"
	*NODE_TM {
		*NODE_NAME "ZS_CROSSBOW"
		*TM_ROW0 -0.405534	-0.0900488	-0.909634
		*TM_ROW1 0.862856	0.290741	-0.413461
		*TM_ROW2 0.301699	-0.952555	-0.0402061
		*TM_ROW3 -22.0241	17.4491	156.732
		*TM_POS -22.0241	17.4491	156.732
		*TM_ROTAXIS 0.330169	0.741883	-0.583608
		*TM_ROTANGLE 4.09673
		*TM_SCALE 1	1	1
		*TM_SCALEAXIS 0	0	0
		*TM_SCALEAXISANG 0	0	0
	}
}
*HELPEROBJECT {
	*NODE_NAME "Bip01 L Thigh"
	*NODE_PARENT "Bip01 Spine"
	*NODE_TM {
		*NODE_NAME "Bip01 L Thigh"
		*TM_ROW0 0.053579	-0.575272	-0.816206
		*TM_ROW1 -0.0377807	-0.817963	0.57403
		*TM_ROW2 -0.997849	8.09121e-005	-0.0655597
		*TM_ROW3 18.9348	6.04516e-005	100.39
		*TM_POS 18.9348	6.04516e-005	100.39
		*TM_ROTAXIS 0.711181	-0.225074	-0.666006
		*TM_ROTANGLE 3.55695
		*TM_SCALE 1	1	1
		*TM_SCALEAXIS 0	0	0
		*TM_SCALEAXISANG 0	0	0
	}
}
*HELPEROBJECT {
	*NODE_NAME "Bip01 L Calf"
	*NODE_PARENT "Bip01 L Thigh"
	*NODE_TM {
		*NODE_NAME "Bip01 L Calf"
		*TM_ROW0 0.0442902	0.738124	-0.67321
		*TM_ROW1 0.0483363	-0.674665	-0.73654
		*TM_ROW2 -0.997849	8.10328e-005	-0.0655593
		*TM_ROW3 21.1926	-24.2423	65.9946
		*TM_POS 21.1926	-24.2423	65.9946
		*TM_ROTAXIS 0.694861	0.306235	-0.650683
		*TM_ROTANGLE 2.58293
		*TM_SCALE 1	1	1
		*TM_SCALEAXIS 0	0	0
		*TM_SCALEAXISANG 0	0	0
	}
}
*HELPEROBJECT {
	*NODE_NAME "Bip01 L HorseLink"
	*NODE_PARENT "Bip01 L Calf"
	*NODE_TM {
		*NODE_NAME "Bip01 L HorseLink"
		*TM_ROW0 0.0655604	0.00141326	-0.997848
		*TM_ROW1 1.15718e-005	-0.999999	-0.00141548
		*TM_ROW2 -0.997849	8.1244e-005	-0.06556
		*TM_ROW3 22.6569	0.160504	43.7379
		*TM_POS 22.6569	0.160504	43.7379
		*TM_ROTAXIS 0.729918	0.00048801	-0.683535
		*TM_ROTANGLE 3.14057
		*TM_SCALE 1	1	1
		*TM_SCALEAXIS 0	0	0
		*TM_SCALEAXISANG 0	0	0
	}
}
*HELPEROBJECT {
	*NODE_NAME "Bip01 L Foot"
	*NODE_PARENT "Bip01 L HorseLink"
	*NODE_TM {
		*NODE_NAME "Bip01 L Foot"
		*TM_ROW0 -1.15149e-006	-1.43094e-006	-1
		*TM_ROW1 0.17365	-0.984807	1.25858e-006
		*TM_ROW2 -0.984807	-0.17365	1.57511e-006
		*TM_ROW3 24.2903	0.195716	18.8773
		*TM_POS 24.2903	0.195716	18.8773
		*TM_ROTAXIS 0.705757	0.061746	-0.705758
		*TM_ROTANGLE 3.26493
		*TM_SCALE 1	1	1
		*TM_SCALEAXIS 0	0	0
		*TM_SCALEAXISANG 0	0	0
	}
}
*HELPEROBJECT {
	*NODE_NAME "Bip01 L Toe0"
	*NODE_PARENT "Bip01 L Foot"
	*NODE_TM {
		*NODE_NAME "Bip01 L Toe0"
		*TM_ROW0 0.17365	-0.984807	8.26451e-007
		*TM_ROW1 8.23665e-007	9.46649e-007	1
		*TM_ROW2 -0.984808	-0.17365	1.00887e-006
		*TM_ROW3 30.6862	-36.0772	0.3113
		*TM_POS 30.6862	-36.0772	0.3113
		*TM_ROTAXIS -0.644401	0.540716	0.540716
		*TM_ROTANGLE 1.99673
		*TM_SCALE 1	1	1
		*TM_SCALEAXIS 0	0	0
		*TM_SCALEAXISANG 0	0	0
	}
}
*HELPEROBJECT {
	*NODE_NAME "Bip01 R Thigh"
	*NODE_PARENT "Bip01 Spine"
	*NODE_TM {
		*NODE_NAME "Bip01 R Thigh"
		*TM_ROW0 -0.0535765	-0.575272	-0.816206
		*TM_ROW1 0.0377831	-0.817962	0.57403
		*TM_ROW2 -0.997849	-8.41892e-005	0.0655594
		*TM_ROW3 -18.9348	6.04389e-006	100.39
		*TM_POS -18.9348	6.04389e-006	100.39
		*TM_ROTAXIS 0.6681	-0.211379	-0.713416
		*TM_ROTANGLE 3.58571
		*TM_SCALE 1	1	1
		*TM_SCALEAXIS 0	0	0
		*TM_SCALEAXISANG 0	0	0
	}
}
*HELPEROBJECT {
	*NODE_NAME "Bip01 R Calf"
	*NODE_PARENT "Bip01 R Thigh"
	*NODE_TM {
		*NODE_NAME "Bip01 R Calf"
		*TM_ROW0 -0.0442933	0.738124	-0.67321
		*TM_ROW1 -0.0483345	-0.674665	-0.73654
		*TM_ROW2 -0.997849	-8.4541e-005	0.06556
		*TM_ROW3 -21.1925	-24.2423	65.9946
		*TM_POS -21.1925	-24.2423	65.9946
		*TM_ROTAXIS 0.654459	0.288494	-0.698895
		*TM_ROTANGLE 2.54401
		*TM_SCALE 1	1	1
		*TM_SCALEAXIS 0	0	0
		*TM_SCALEAXISANG 0	0	0
	}
}
*HELPEROBJECT {
	*NODE_NAME "Bip01 R HorseLink"
	*NODE_PARENT "Bip01 R Calf"
	*NODE_TM {
		*NODE_NAME "Bip01 R HorseLink"
		*TM_ROW0 -0.0655601	0.00141258	-0.997848
		*TM_ROW1 -7.29476e-006	-0.999999	-0.00141515
		*TM_ROW2 -0.997849	-8.54982e-005	0.0655603
		*TM_ROW3 -22.6569	0.160446	43.7379
		*TM_POS -22.6569	0.160446	43.7379
		*TM_ROTAXIS 0.683535	0.000513978	-0.729918
		*TM_ROTANGLE 3.14062
		*TM_SCALE 1	1	1
		*TM_SCALEAXIS 0	0	0
		*TM_SCALEAXISANG 0	0	0
	}
}
*HELPEROBJECT {
	*NODE_NAME "Bip01 R Foot"
	*NODE_PARENT "Bip01 R HorseLink"
	*NODE_TM {
		*NODE_NAME "Bip01 R Foot"
		*TM_ROW0 -6.60007e-008	-1.2867e-006	-1
		*TM_ROW1 -0.173647	-0.984808	1.27949e-006
		*TM_ROW2 -0.984808	0.173647	-7.77815e-008
		*TM_ROW3 -24.2903	0.19563	18.8773
		*TM_POS -24.2903	0.19563	18.8773
		*TM_ROTAXIS 0.705758	-0.061746	-0.705757
		*TM_ROTANGLE 3.01826
		*TM_SCALE 1	1	1
		*TM_SCALEAXIS 0	0	0
		*TM_SCALEAXISANG 0	0	0
	}
}
*HELPEROBJECT {
	*NODE_NAME "Bip01 R Toe0"
	*NODE_PARENT "Bip01 R Foot"
	*NODE_TM {
		*NODE_NAME "Bip01 R Toe0"
		*TM_ROW0 -0.173647	-0.984808	1.12303e-006
		*TM_ROW1 -4.70441e-007	1.42826e-006	1
		*TM_ROW2 -0.984808	0.173647	-4.95014e-007
		*TM_ROW3 -30.6861	-36.0773	0.311313
		*TM_POS -30.6861	-36.0773	0.311313
		*TM_ROTAXIS -0.510274	0.608121	0.60812
		*TM_ROTANGLE 2.19793
		*TM_SCALE 1	1	1
		*TM_SCALEAXIS 0	0	0
		*TM_SCALEAXISANG 0	0	0
	}
}
*HELPEROBJECT {
	*NODE_NAME "ZS_SWORD"
	*NODE_PARENT "Bip01 Spine"
	*NODE_TM {
		*NODE_NAME "ZS_SWORD"
		*TM_ROW0 -0.103765	-0.493366	0.863611
		*TM_ROW1 0.0576065	-0.869821	-0.489992
		*TM_ROW2 0.992932	-0.00109431	0.118678
		*TM_ROW3 29.1669	-4.3507	116.705
		*TM_POS 29.1669	-4.3507	116.705
		*TM_ROTAXIS -0.653717	0.172919	-0.736718
		*TM_ROTANGLE 3.52484
		*TM_SCALE 1	1	1
		*TM_SCALEAXIS 0	0	0
		*TM_SCALEAXISANG 0	0	0
	}
}
*HELPEROBJECT {
	*NODE_NAME "ZS_LONGSWORD"
	*NODE_PARENT "Bip01 Spine"
	*NODE_TM {
		*NODE_NAME "ZS_LONGSWORD"
		*TM_ROW0 -0.103765	-0.493366	0.863611
		*TM_ROW1 0.0576065	-0.869821	-0.489992
		*TM_ROW2 0.992932	-0.00109431	0.118678
		*TM_ROW3 29.1669	-4.3507	116.705
		*TM_POS 29.1669	-4.3507	116.705
		*TM_ROTAXIS -0.653717	0.172919	-0.736718
		*TM_ROTANGLE 3.52484
		*TM_SCALE 1	1	1
		*TM_SCALEAXIS 0	0	0
		*TM_SCALEAXISANG 0	0	0
	}
}
*HELPEROBJECT {
	*NODE_NAME "Dummy"
	*NODE_PARENT "Bip01 Head"
	*NODE_TM {
		*NODE_NAME "Dummy"
		*TM_ROW0 -1	-0	0
		*TM_ROW1 -0	-1	0
		*TM_ROW2 -0	-0	1
		*TM_ROW3 3.30001e-005	-24.8086	191.496
		*TM_POS 3.30001e-005	-24.8086	191.496
		*TM_ROTAXIS 0	0	-1
		*TM_ROTANGLE 3.14159
		*TM_SCALE 1	1	1
		*TM_SCALEAXIS 0	0	0
		*TM_SCALEAXISANG 0	0	0
	}
}
*HELPEROBJECT {
	*NODE_NAME "Dummy1"
	*NODE_PARENT "Bip01 R Finger0"
	*NODE_TM {
		*NODE_NAME "Dummy1"
		*TM_ROW0 -1	-0	0
		*TM_ROW1 -0	-1	0
		*TM_ROW2 -0	-0	1
		*TM_ROW3 -66.2294	-41.5479	52.2849
		*TM_POS -66.2294	-41.5479	52.2849
		*TM_ROTAXIS 0	0	-1
		*TM_ROTANGLE 3.14159
		*TM_SCALE 1	1	1
		*TM_SCALEAXIS 0	0	0
		*TM_SCALEAXISANG 0	0	0
	}
}
*HELPEROBJECT {
	*NODE_NAME "Dummy2"
	*NODE_PARENT "Bip01 L Finger0"
	*NODE_TM {
		*NODE_NAME "Dummy2"
		*TM_ROW0 -1	-0	0
		*TM_ROW1 -0	-1	0
		*TM_ROW2 -0	-0	1
		*TM_ROW3 67.479	-28.9601	45.8638
		*TM_POS 67.479	-28.9601	45.8638
		*TM_ROTAXIS 0	0	-1
		*TM_ROTANGLE 3.14159
		*TM_SCALE 1	1	1
		*TM_SCALEAXIS 0	0	0
		*TM_SCALEAXISANG 0	0	0
	}
}
*HELPEROBJECT {
	*NODE_NAME "Dummy3"
	*NODE_PARENT "Bip01 L Toe0"
	*NODE_TM {
		*NODE_NAME "Dummy3"
		*TM_ROW0 -1	-0	0
		*TM_ROW1 -0	-1	0
		*TM_ROW2 -0	-0	1
		*TM_ROW3 33.8842	-54.2137	-8.97171
		*TM_POS 33.8842	-54.2137	-8.97171
		*TM_ROTAXIS 0	0	-1
		*TM_ROTANGLE 3.14159
		*TM_SCALE 1	1	1
		*TM_SCALEAXIS 0	0	0
		*TM_SCALEAXISANG 0	0	0
	}
}
*HELPEROBJECT {
	*NODE_NAME "Dummy4"
	*NODE_PARENT "Bip01 R Toe0"
	*NODE_TM {
		*NODE_NAME "Dummy4"
		*TM_ROW0 -1	-0	0
		*TM_ROW1 -0	-1	0
		*TM_ROW2 -0	-0	1
		*TM_ROW3 -33.8841	-54.2138	-8.9717
		*TM_POS -33.8841	-54.2138	-8.9717
		*TM_ROTAXIS 0	0	-1
		*TM_ROTANGLE 3.14159
		*TM_SCALE 1	1	1
		*TM_SCALEAXIS 0	0	0
		*TM_SCALEAXISANG 0	0	0
	}
}
*GEOMOBJECT {
	*NODE_NAME "zm_Skin"
	*NODE_PARENT "Bip01"
	*NODE_TM {
		*NODE_NAME "zm_Skin"
		*TM_ROW0 -1	-0	0
		*TM_ROW1 -0	-1	0
		*TM_ROW2 -0	-0	1
		*TM_ROW3 -0	-0	0
		*TM_POS -0	-0	0
		*TM_ROTAXIS 0	0	-1
		*TM_ROTANGLE 3.14159
		*TM_SCALE 1	1	1
		*TM_SCALEAXIS 0	0	0
		*TM_SCALEAXISANG 0	0	0
	}
	*MATERIAL_REF 0
	*MESH_SOFTSKIN {
		*TIMEVALUE 0
		*MESH_NUMVERTEX 271
		*MESH_NUMFACES 538
		*MESH_VERTEX_LIST {
			*MESH_VERTEX 0	-24.9468	10.9982	170.707
			*MESH_VERTEX 1	73.201	-5.74885	70.7237
			*MESH_VERTEX 2	55.7975	0.826255	140.283
			*MESH_VERTEX 3	-72.7594	-15.2725	73.9031
			*MESH_VERTEX 4	0.223796	9.23915	76.0407
			*MESH_VERTEX 5	8.03042	-40.6587	195.229
			*MESH_VERTEX 6	-65.8201	3.50353	123.242
			*MESH_VERTEX 7	25.1744	11.0302	170.792
			*MESH_VERTEX 8	12.5507	4.92868	18.5945
			*MESH_VERTEX 9	-23.6081	-40.3271	2.46417
			*MESH_VERTEX 10	-0.0352147	-31.0466	63.3363
			*MESH_VERTEX 11	-16.5494	-18.2592	180.52
			*MESH_VERTEX 12	-43.8069	-13.2571	3.67994
			*MESH_VERTEX 13	12.2151	13.6128	101.889
			*MESH_VERTEX 14	16.5257	-18.695	180.885
			*MESH_VERTEX 15	0.0180596	-19.1682	100.704
			*MESH_VERTEX 16	21.1807	-29.7039	74.8114
			*MESH_VERTEX 17	-21.1149	-29.7104	74.8032
			*MESH_VERTEX 18	41.1733	-31.3402	3.64397
			*MESH_VERTEX 19	30.921	-1.58395	38.3651
			*MESH_VERTEX 20	9.86475	-19.1533	209.908
			*MESH_VERTEX 21	58.7723	-25.8779	65.3657
			*MESH_VERTEX 22	-29.9603	-1.59655	38.346
			*MESH_VERTEX 23	-21.2303	-3.20233	78.1244
			*MESH_VERTEX 24	21.7352	-3.22335	78.1558
			*MESH_VERTEX 25	-21.4834	-23.1917	94.162
			*MESH_VERTEX 26	21.4109	-23.1595	94.1558
			*MESH_VERTEX 27	-9.97567	-18.9392	209.785
			*MESH_VERTEX 28	-8.45806	-40.4857	195.139
			*MESH_VERTEX 29	-12.3472	-32.6281	177.139
			*MESH_VERTEX 30	10.7785	-7.80461	191.622
			*MESH_VERTEX 31	12.1681	-32.8229	177.112
			*MESH_VERTEX 32	-10.6932	-8.16656	191.268
			*MESH_VERTEX 33	0.029693	14.9593	105.503
			*MESH_VERTEX 34	-12.1401	13.6066	101.879
			*MESH_VERTEX 35	-23.7432	-11.2669	168.589
			*MESH_VERTEX 36	-15.4339	-20.057	108.087
			*MESH_VERTEX 37	15.6485	-19.0726	108.046
			*MESH_VERTEX 38	45.9577	2.03673	116.194
			*MESH_VERTEX 39	24.3022	-12.0608	167.953
			*MESH_VERTEX 40	22.3841	-3.91668	115.942
			*MESH_VERTEX 41	0.0346142	-2.66005	99.6643
			*MESH_VERTEX 42	-55.6957	0.87704	140.357
			*MESH_VERTEX 43	-13.134	-25.042	166.844
			*MESH_VERTEX 44	-0.15514	-35.7566	193.686
			*MESH_VERTEX 45	-45.0111	-5.29189	178.655
			*MESH_VERTEX 46	23.4292	15.9553	36.6221
			*MESH_VERTEX 47	12.1487	-17.8436	65.4357
			*MESH_VERTEX 48	-43.0212	21.602	137.248
			*MESH_VERTEX 49	-23.3299	15.9563	36.6199
			*MESH_VERTEX 50	-0.377369	-48.303	210.301
			*MESH_VERTEX 51	-12.0135	-26.9828	208.832
			*MESH_VERTEX 52	-0.202898	-46.2804	182.208
			*MESH_VERTEX 53	11.7403	-27.2389	208.98
			*MESH_VERTEX 54	-12.7332	-17.8413	65.4501
			*MESH_VERTEX 55	52.794	22.29	143.368
			*MESH_VERTEX 56	-0.083121	-32.5618	183.471
			*MESH_VERTEX 57	44.451	-4.44796	180.752
			*MESH_VERTEX 58	-14.7377	-33.7089	205.124
			*MESH_VERTEX 59	14.3415	-34.0139	205.283
			*MESH_VERTEX 60	9.09684	-12.8236	197.415
			*MESH_VERTEX 61	-12.2023	-41.0163	201.33
			*MESH_VERTEX 62	11.6949	-41.2669	201.46
			*MESH_VERTEX 63	-9.02665	-12.9747	196.896
			*MESH_VERTEX 64	0.0866251	-0.643896	196.804
			*MESH_VERTEX 65	-12.6135	4.95219	18.5903
			*MESH_VERTEX 66	-23.1222	-9.44834	34.3837
			*MESH_VERTEX 67	-45.9971	-0.265991	117.682
			*MESH_VERTEX 68	-69.6509	-35.9931	77.6738
			*MESH_VERTEX 69	23.5487	-40.3375	2.46423
			*MESH_VERTEX 70	23.236	-9.44817	34.3852
			*MESH_VERTEX 71	-0.314718	-50.4466	194.695
			*MESH_VERTEX 72	-13.3195	-19.9701	140.962
			*MESH_VERTEX 73	-22.3217	-3.91896	115.94
			*MESH_VERTEX 74	70.8174	-26.7844	71.6798
			*MESH_VERTEX 75	-57.4893	-35.3823	71.4952
			*MESH_VERTEX 76	-54.3413	-18.8672	100.451
			*MESH_VERTEX 77	-52.7322	22.4493	143.259
			*MESH_VERTEX 78	-67.0793	-19.9157	102.609
			*MESH_VERTEX 79	-51.9905	-33.4397	92.4935
			*MESH_VERTEX 80	43.0774	21.5395	137.459
			*MESH_VERTEX 81	-45.714	7.30079	172.983
			*MESH_VERTEX 82	37.1363	4.12607	2.69094
			*MESH_VERTEX 83	10.9615	-22.589	2.5592
			*MESH_VERTEX 84	12.3033	0.555592	2.82363
			*MESH_VERTEX 85	14.0886	10.4555	134.286
			*MESH_VERTEX 86	10.2076	-35.8052	187.787
			*MESH_VERTEX 87	-18.9399	-4.41672	144.207
			*MESH_VERTEX 88	11.6161	-15.432	185.781
			*MESH_VERTEX 89	-10.4516	-35.5885	187.675
			*MESH_VERTEX 90	-11.016	-22.5827	2.54904
			*MESH_VERTEX 91	-12.3769	0.585992	2.81013
			*MESH_VERTEX 92	-35.881	3.91792	2.67445
			*MESH_VERTEX 93	52.548	-26.7097	86.2748
			*MESH_VERTEX 94	68.2816	-14.3795	98.3436
			*MESH_VERTEX 95	55.2141	-13.354	96.6212
			*MESH_VERTEX 96	60.4483	-10.5456	68.2457
			*MESH_VERTEX 97	29.9055	8.5908	181.928
			*MESH_VERTEX 98	30.7413	-20.5742	66.8998
			*MESH_VERTEX 99	22.8262	-10.18	68.8742
			*MESH_VERTEX 100	-29.8379	-20.5708	66.8646
			*MESH_VERTEX 101	-22.5458	-10.1792	68.8616
			*MESH_VERTEX 102	-29.8282	8.03397	182.338
			*MESH_VERTEX 103	13.0133	-21.8201	140.643
			*MESH_VERTEX 104	-59.8441	-7.2245	86.849
			*MESH_VERTEX 105	-59.8393	-19.9131	72.3095
			*MESH_VERTEX 106	-41.2302	-31.325	3.64656
			*MESH_VERTEX 107	-7.93804	-46.6709	193.885
			*MESH_VERTEX 108	7.39451	-46.8317	193.968
			*MESH_VERTEX 109	50.1279	13.5311	160.593
			*MESH_VERTEX 110	-70.5217	-5.91616	92.0019
			*MESH_VERTEX 111	-55.2863	13.4863	118.891
			*MESH_VERTEX 112	9.45943	-26.2565	216.504
			*MESH_VERTEX 113	-9.80767	-26.0501	216.382
			*MESH_VERTEX 114	-9.32834	-43.267	210.253
			*MESH_VERTEX 115	8.67725	-43.4558	210.351
			*MESH_VERTEX 116	19.6516	-4.31825	144.193
			*MESH_VERTEX 117	6.6451	-25.212	189.202
			*MESH_VERTEX 118	-6.68238	-25.0848	189.185
			*MESH_VERTEX 119	-14.8527	13.2761	113.109
			*MESH_VERTEX 120	-19.1346	-23.9008	155.531
			*MESH_VERTEX 121	29.8104	-25.0839	16.4378
			*MESH_VERTEX 122	26.0032	-9.37712	22.3351
			*MESH_VERTEX 123	29.9867	-14.1841	176.713
			*MESH_VERTEX 124	-29.5868	-13.7173	176.793
			*MESH_VERTEX 125	-41.8235	-10.9422	168.826
			*MESH_VERTEX 126	6.36909	-46.4973	194.704
			*MESH_VERTEX 127	-6.91391	-46.358	194.631
			*MESH_VERTEX 128	21.7555	0.818586	61.4687
			*MESH_VERTEX 129	-35.9967	16.5713	159.629
			*MESH_VERTEX 130	71.2545	0.860123	89.8567
			*MESH_VERTEX 131	24.6908	13.857	19.845
			*MESH_VERTEX 132	43.7542	-13.2684	3.66783
			*MESH_VERTEX 133	15.2831	0.42254	36.5628
			*MESH_VERTEX 134	54.8384	15.8378	119.018
			*MESH_VERTEX 135	65.7973	5.81487	121.683
			*MESH_VERTEX 136	-7.90856	-3.19483	92.0393
			*MESH_VERTEX 137	-9.39244	-20.7679	81.3638
			*MESH_VERTEX 138	-21.954	0.823374	61.4751
			*MESH_VERTEX 139	-0.305384	-50.2795	193.305
			*MESH_VERTEX 140	-29.8565	-25.0742	16.4386
			*MESH_VERTEX 141	-25.926	-9.38861	22.3327
			*MESH_VERTEX 142	-17.1954	-24.6126	13.182
			*MESH_VERTEX 143	17.1037	-24.6207	13.1874
			*MESH_VERTEX 144	27.0466	-4.1306	167.638
			*MESH_VERTEX 145	-26.926	-3.81582	168.099
			*MESH_VERTEX 146	-42.1285	3.15122	135.21
			*MESH_VERTEX 147	-39.8591	-13.8714	167.324
			*MESH_VERTEX 148	7.95587	-3.19895	92.0342
			*MESH_VERTEX 149	9.46136	-20.7545	81.3693
			*MESH_VERTEX 150	-14.755	0.419957	36.5564
			*MESH_VERTEX 151	-33.2993	-12.6779	57.639
			*MESH_VERTEX 152	-13.3618	-18.26	126.933
			*MESH_VERTEX 153	0.0328861	-23.1552	112.899
			*MESH_VERTEX 154	42.2864	3.16027	134.969
			*MESH_VERTEX 155	38.971	-9.373	161.107
			*MESH_VERTEX 156	42.4995	-10.7322	168.864
			*MESH_VERTEX 157	13.1969	-25.053	166.836
			*MESH_VERTEX 158	13.0137	8.40524	144.888
			*MESH_VERTEX 159	13.0626	-19.429	126.9
			*MESH_VERTEX 160	-35.5829	2.60965	18.3844
			*MESH_VERTEX 161	-24.6047	13.8551	19.8398
			*MESH_VERTEX 162	-11.5686	-15.432	185.781
			*MESH_VERTEX 163	35.52	2.6276	18.3771
			*MESH_VERTEX 164	-21.4006	-32.7408	64.7741
			*MESH_VERTEX 165	-10.5714	-39.9707	205.859
			*MESH_VERTEX 166	21.567	-32.7408	64.7779
			*MESH_VERTEX 167	33.9929	-12.6733	57.66
			*MESH_VERTEX 168	35.8228	16.4692	159.125
			*MESH_VERTEX 169	10.0511	-40.2344	205.984
			*MESH_VERTEX 170	60.4242	-0.0615334	84.3855
			*MESH_VERTEX 171	14.9161	13.2797	113.109
			*MESH_VERTEX 172	24.2129	4.16421	103.945
			*MESH_VERTEX 173	-24.295	4.16172	103.942
			*MESH_VERTEX 174	-0.191928	-25.7051	220.016
			*MESH_VERTEX 175	46.7813	-3.71695	149.494
			*MESH_VERTEX 176	51.8555	-1.20176	154.656
			*MESH_VERTEX 177	-0.0646667	-16.0115	216.355
			*MESH_VERTEX 178	19.4006	-22.4491	155.513
			*MESH_VERTEX 179	-51.7563	-1.21191	154.649
			*MESH_VERTEX 180	0.0311606	-19.7115	120.426
			*MESH_VERTEX 181	-71.8178	-29.9869	89.7976
			*MESH_VERTEX 182	-57.0821	-6.71571	122.863
			*MESH_VERTEX 183	57.4726	-4.57062	120.126
			*MESH_VERTEX 184	-34.3008	-1.57042	185.483
			*MESH_VERTEX 185	72.4265	-22.6571	84.395
			*MESH_VERTEX 186	0.0176103	-25.5613	180.681
			*MESH_VERTEX 187	33.8306	0.54028	152.249
			*MESH_VERTEX 188	0.0318319	-26.4459	154.741
			*MESH_VERTEX 189	-14.1325	14.9108	173.311
			*MESH_VERTEX 190	-12.9274	1.55557	145.804
			*MESH_VERTEX 191	4.42183	-45.2753	185.104
			*MESH_VERTEX 192	-4.83685	-45.1782	185.053
			*MESH_VERTEX 193	45.3741	7.70227	172.691
			*MESH_VERTEX 194	14.1961	14.9245	173.297
			*MESH_VERTEX 195	7.77031	-42.9643	201.625
			*MESH_VERTEX 196	-8.31615	-42.7956	201.537
			*MESH_VERTEX 197	39.3471	-16.4386	13.371
			*MESH_VERTEX 198	-39.393	-16.4303	13.3805
			*MESH_VERTEX 199	34.4051	-1.24676	185.621
			*MESH_VERTEX 200	0.0612964	-5.94034	203.35
			*MESH_VERTEX 201	-50.2767	13.4275	160.858
			*MESH_VERTEX 202	19.8868	-5.92748	124.159
			*MESH_VERTEX 203	-14.0262	5.7223	133.929
			*MESH_VERTEX 204	-0.321025	-47.3189	201.864
			*MESH_VERTEX 205	-9.8705	-1.86561	192.933
			*MESH_VERTEX 206	-6.03973	-20.7246	180.24
			*MESH_VERTEX 207	0.0312569	-22.9156	139.001
			*MESH_VERTEX 208	6.08718	-20.7246	180.24
			*MESH_VERTEX 209	-11.5617	-34.6735	196.844
			*MESH_VERTEX 210	11.2546	-34.9661	196.931
			*MESH_VERTEX 211	10.0337	-1.3119	192.931
			*MESH_VERTEX 212	-19.8244	-5.92776	124.158
			*MESH_VERTEX 213	29.6377	-12.5171	81.8645
			*MESH_VERTEX 214	-29.716	-12.5412	81.8796
			*MESH_VERTEX 215	13.7316	-19.3746	116.66
			*MESH_VERTEX 216	-46.6361	-3.58782	149.528
			*MESH_VERTEX 217	-33.7148	0.778239	152.499
			*MESH_VERTEX 218	-0.333291	-50.4064	198.177
			*MESH_VERTEX 219	-0.561948	12.9586	157.964
			*MESH_VERTEX 220	-0.386863	13.3467	171.023
			*MESH_VERTEX 221	0.0318835	-22.5141	169.306
			*MESH_VERTEX 222	57.311	11.0627	143.479
			*MESH_VERTEX 223	-57.1679	11.2418	143.659
			*MESH_VERTEX 224	49.6102	-1.10945	166.885
			*MESH_VERTEX 225	-23.3429	8.08934	45.5418
			*MESH_VERTEX 226	12.1019	-6.6506	78.7903
			*MESH_VERTEX 227	-49.5373	-1.48336	166.917
			*MESH_VERTEX 228	14.044	12.1662	124.174
			*MESH_VERTEX 229	0.0239499	7.18528	189.477
			*MESH_VERTEX 230	8.67577	-40.2665	191.494
			*MESH_VERTEX 231	-20.124	-8.6071	131.396
			*MESH_VERTEX 232	-9.05425	-40.0805	191.397
			*MESH_VERTEX 233	23.1852	8.09004	45.5398
			*MESH_VERTEX 234	-0.277307	-49.9126	188.864
			*MESH_VERTEX 235	12.0009	-12.5134	55.6912
			*MESH_VERTEX 236	-12.0353	-6.66097	78.7925
			*MESH_VERTEX 237	-14.4086	-19.9824	116.635
			*MESH_VERTEX 238	-13.0259	-12.501	55.7234
			*MESH_VERTEX 239	20.1456	-8.60707	131.396
			*MESH_VERTEX 240	0.0312067	7.8492	134.688
			*MESH_VERTEX 241	0.0324144	13.9937	117.036
			*MESH_VERTEX 242	4.0666	-44.4076	202.698
			*MESH_VERTEX 243	-4.65545	-44.3161	202.65
			*MESH_VERTEX 244	-0.348815	-48.4317	204.819
			*MESH_VERTEX 245	-13.9816	9.84233	124.243
			*MESH_VERTEX 246	21.9655	-18.9271	49.1
			*MESH_VERTEX 247	-22.1899	-18.9221	49.107
			*MESH_VERTEX 248	-9.58792	-34.2038	213.789
			*MESH_VERTEX 249	9.08827	-34.3997	213.891
			*MESH_VERTEX 250	-0.289627	-37.5529	214.885
			*MESH_VERTEX 251	-6.11907	-47.0979	193.597
			*MESH_VERTEX 252	-8.01526	-46.322	196.862
			*MESH_VERTEX 253	-7.84487	-46.4583	193.723
			*MESH_VERTEX 254	-4.97907	-46.3393	194.566
			*MESH_VERTEX 255	-6.40622	-46.2935	192.995
			*MESH_VERTEX 256	-6.49062	-46.1876	195.19
			*MESH_VERTEX 257	-7.47761	-44.4091	194.635
			*MESH_VERTEX 258	4.43588	-46.438	194.618
			*MESH_VERTEX 259	5.88072	-46.4224	193.062
			*MESH_VERTEX 260	5.94338	-46.318	195.258
			*MESH_VERTEX 261	6.97346	-44.5607	194.714
			*MESH_VERTEX 262	5.57023	-47.2205	193.66
			*MESH_VERTEX 263	7.44654	-46.4841	196.947
			*MESH_VERTEX 264	7.30758	-46.6172	193.806
			*MESH_VERTEX 265	7.54885	-45.2427	193.925
			*MESH_VERTEX 266	-8.05854	-45.079	193.84
			*MESH_VERTEX 267	23.0774	-16.343	47.6217
			*MESH_VERTEX 268	60.4407	-2.82394	99.3809
			*MESH_VERTEX 269	-23.221	-16.3387	47.6264
			*MESH_VERTEX 270	-60.3108	-8.28808	101.777
		}
		*MESH_FACE_LIST {
			*MESH_FACE    0:    A:    222 B:    2 C:    135 AB:    1 BC:    1 CA:    1	 *MESH_SMOOTHING 1 	*MESH_MTLID 0
			*MESH_FACE    1:    A:    38 B:    134 C:    170 AB:    1 BC:    1 CA:    1	 *MESH_SMOOTHING 1 	*MESH_MTLID 0
			*MESH_FACE    2:    A:    221 B:    157 C:    208 AB:    1 BC:    1 CA:    1	 *MESH_SMOOTHING 1 	*MESH_MTLID 0
			*MESH_FACE    3:    A:    223 B:    77 C:    6 AB:    1 BC:    1 CA:    1	 *MESH_SMOOTHING 1 	*MESH_MTLID 0
			*MESH_FACE    4:    A:    45 B:    227 C:    125 AB:    1 BC:    1 CA:    1	 *MESH_SMOOTHING 1 	*MESH_MTLID 0
			*MESH_FACE    5:    A:    224 B:    176 C:    109 AB:    1 BC:    1 CA:    1	 *MESH_SMOOTHING 1 	*MESH_MTLID 0
			*MESH_FACE    6:    A:    116 B:    85 C:    158 AB:    1 BC:    1 CA:    1	 *MESH_SMOOTHING 1 	*MESH_MTLID 0
			*MESH_FACE    7:    A:    168 B:    154 C:    187 AB:    1 BC:    1 CA:    1	 *MESH_SMOOTHING 1 	*MESH_MTLID 0
			*MESH_FACE    8:    A:    110 B:    6 C:    111 AB:    1 BC:    1 CA:    1	 *MESH_SMOOTHING 1 	*MESH_MTLID 0
			*MESH_FACE    9:    A:    42 B:    146 C:    216 AB:    1 BC:    1 CA:    1	 *MESH_SMOOTHING 1 	*MESH_MTLID 0
			*MESH_FACE    10:    A:    190 B:    189 C:    219 AB:    1 BC:    1 CA:    1	 *MESH_SMOOTHING 1 	*MESH_MTLID 0
			*MESH_FACE    11:    A:    219 B:    240 C:    190 AB:    1 BC:    1 CA:    1	 *MESH_SMOOTHING 1 	*MESH_MTLID 0
			*MESH_FACE    12:    A:    25 B:    173 C:    214 AB:    1 BC:    1 CA:    1	 *MESH_SMOOTHING 1 	*MESH_MTLID 0
			*MESH_FACE    13:    A:    225 B:    138 C:    238 AB:    1 BC:    1 CA:    1	 *MESH_SMOOTHING 1 	*MESH_MTLID 0
			*MESH_FACE    14:    A:    212 B:    203 C:    245 AB:    1 BC:    1 CA:    1	 *MESH_SMOOTHING 1 	*MESH_MTLID 0
			*MESH_FACE    15:    A:    172 B:    26 C:    213 AB:    1 BC:    1 CA:    1	 *MESH_SMOOTHING 1 	*MESH_MTLID 0
			*MESH_FACE    16:    A:    116 B:    239 C:    85 AB:    1 BC:    1 CA:    1	 *MESH_SMOOTHING 1 	*MESH_MTLID 0
			*MESH_FACE    17:    A:    128 B:    233 C:    235 AB:    1 BC:    1 CA:    1	 *MESH_SMOOTHING 1 	*MESH_MTLID 0
			*MESH_FACE    18:    A:    162 B:    206 C:    118 AB:    1 BC:    1 CA:    1	 *MESH_SMOOTHING 1 	*MESH_MTLID 0
			*MESH_FACE    19:    A:    124 B:    162 C:    184 AB:    1 BC:    1 CA:    1	 *MESH_SMOOTHING 1 	*MESH_MTLID 0
			*MESH_FACE    20:    A:    198 B:    140 C:    141 AB:    1 BC:    1 CA:    1	 *MESH_SMOOTHING 1 	*MESH_MTLID 0
			*MESH_FACE    21:    A:    225 B:    238 C:    150 AB:    1 BC:    1 CA:    1	 *MESH_SMOOTHING 1 	*MESH_MTLID 0
			*MESH_FACE    22:    A:    226 B:    13 C:    24 AB:    1 BC:    1 CA:    1	 *MESH_SMOOTHING 1 	*MESH_MTLID 0
			*MESH_FACE    23:    A:    172 B:    213 C:    24 AB:    1 BC:    1 CA:    1	 *MESH_SMOOTHING 1 	*MESH_MTLID 0
			*MESH_FACE    24:    A:    34 B:    236 C:    23 AB:    1 BC:    1 CA:    1	 *MESH_SMOOTHING 1 	*MESH_MTLID 0
			*MESH_FACE    25:    A:    214 B:    173 C:    23 AB:    1 BC:    1 CA:    1	 *MESH_SMOOTHING 1 	*MESH_MTLID 0
			*MESH_FACE    26:    A:    157 B:    123 C:    88 AB:    1 BC:    1 CA:    1	 *MESH_SMOOTHING 1 	*MESH_MTLID 0
			*MESH_FACE    27:    A:    211 B:    199 C:    97 AB:    1 BC:    1 CA:    1	 *MESH_SMOOTHING 1 	*MESH_MTLID 0
			*MESH_FACE    28:    A:    10 B:    15 C:    16 AB:    1 BC:    1 CA:    1	 *MESH_SMOOTHING 1 	*MESH_MTLID 0
			*MESH_FACE    29:    A:    15 B:    10 C:    16 AB:    1 BC:    1 CA:    1	 *MESH_SMOOTHING 1 	*MESH_MTLID 0
			*MESH_FACE    30:    A:    47 B:    226 C:    99 AB:    1 BC:    1 CA:    1	 *MESH_SMOOTHING 1 	*MESH_MTLID 0
			*MESH_FACE    31:    A:    37 B:    15 C:    41 AB:    1 BC:    1 CA:    1	 *MESH_SMOOTHING 1 	*MESH_MTLID 0
			*MESH_FACE    32:    A:    153 B:    237 C:    36 AB:    1 BC:    1 CA:    1	 *MESH_SMOOTHING 1 	*MESH_MTLID 0
			*MESH_FACE    33:    A:    36 B:    15 C:    153 AB:    1 BC:    1 CA:    1	 *MESH_SMOOTHING 1 	*MESH_MTLID 0
			*MESH_FACE    34:    A:    17 B:    15 C:    10 AB:    1 BC:    1 CA:    1	 *MESH_SMOOTHING 1 	*MESH_MTLID 0
			*MESH_FACE    35:    A:    15 B:    17 C:    10 AB:    1 BC:    1 CA:    1	 *MESH_SMOOTHING 1 	*MESH_MTLID 0
			*MESH_FACE    36:    A:    82 B:    163 C:    132 AB:    1 BC:    1 CA:    1	 *MESH_SMOOTHING 1 	*MESH_MTLID 0
			*MESH_FACE    37:    A:    167 B:    233 C:    128 AB:    1 BC:    1 CA:    1	 *MESH_SMOOTHING 1 	*MESH_MTLID 0
			*MESH_FACE    38:    A:    143 B:    122 C:    8 AB:    1 BC:    1 CA:    1	 *MESH_SMOOTHING 1 	*MESH_MTLID 0
			*MESH_FACE    39:    A:    235 B:    133 C:    70 AB:    1 BC:    1 CA:    1	 *MESH_SMOOTHING 1 	*MESH_MTLID 0
			*MESH_FACE    40:    A:    20 B:    117 C:    60 AB:    1 BC:    1 CA:    1	 *MESH_SMOOTHING 1 	*MESH_MTLID 0
			*MESH_FACE    41:    A:    59 B:    31 C:    62 AB:    1 BC:    1 CA:    1	 *MESH_SMOOTHING 1 	*MESH_MTLID 0
			*MESH_FACE    42:    A:    62 B:    31 C:    59 AB:    1 BC:    1 CA:    1	 *MESH_SMOOTHING 1 	*MESH_MTLID 0
			*MESH_FACE    43:    A:    61 B:    58 C:    29 AB:    1 BC:    1 CA:    1	 *MESH_SMOOTHING 1 	*MESH_MTLID 0
			*MESH_FACE    44:    A:    58 B:    61 C:    29 AB:    1 BC:    1 CA:    1	 *MESH_SMOOTHING 1 	*MESH_MTLID 0
			*MESH_FACE    45:    A:    27 B:    63 C:    118 AB:    1 BC:    1 CA:    1	 *MESH_SMOOTHING 1 	*MESH_MTLID 0
			*MESH_FACE    46:    A:    134 B:    130 C:    170 AB:    1 BC:    1 CA:    1	 *MESH_SMOOTHING 1 	*MESH_MTLID 0
			*MESH_FACE    47:    A:    135 B:    183 C:    94 AB:    1 BC:    1 CA:    1	 *MESH_SMOOTHING 1 	*MESH_MTLID 0
			*MESH_FACE    48:    A:    141 B:    22 C:    160 AB:    1 BC:    1 CA:    1	 *MESH_SMOOTHING 1 	*MESH_MTLID 0
			*MESH_FACE    49:    A:    225 B:    151 C:    138 AB:    1 BC:    1 CA:    1	 *MESH_SMOOTHING 1 	*MESH_MTLID 0
			*MESH_FACE    50:    A:    23 B:    4 C:    34 AB:    1 BC:    1 CA:    1	 *MESH_SMOOTHING 1 	*MESH_MTLID 0
			*MESH_FACE    51:    A:    4 B:    23 C:    34 AB:    1 BC:    1 CA:    1	 *MESH_SMOOTHING 1 	*MESH_MTLID 0
			*MESH_FACE    52:    A:    24 B:    13 C:    4 AB:    1 BC:    1 CA:    1	 *MESH_SMOOTHING 1 	*MESH_MTLID 0
			*MESH_FACE    53:    A:    13 B:    24 C:    4 AB:    1 BC:    1 CA:    1	 *MESH_SMOOTHING 1 	*MESH_MTLID 0
			*MESH_FACE    54:    A:    25 B:    15 C:    17 AB:    1 BC:    1 CA:    1	 *MESH_SMOOTHING 1 	*MESH_MTLID 0
			*MESH_FACE    55:    A:    15 B:    25 C:    17 AB:    1 BC:    1 CA:    1	 *MESH_SMOOTHING 1 	*MESH_MTLID 0
			*MESH_FACE    56:    A:    25 B:    214 C:    17 AB:    1 BC:    1 CA:    1	 *MESH_SMOOTHING 1 	*MESH_MTLID 0
			*MESH_FACE    57:    A:    150 B:    238 C:    66 AB:    1 BC:    1 CA:    1	 *MESH_SMOOTHING 1 	*MESH_MTLID 0
			*MESH_FACE    58:    A:    16 B:    15 C:    26 AB:    1 BC:    1 CA:    1	 *MESH_SMOOTHING 1 	*MESH_MTLID 0
			*MESH_FACE    59:    A:    15 B:    16 C:    26 AB:    1 BC:    1 CA:    1	 *MESH_SMOOTHING 1 	*MESH_MTLID 0
			*MESH_FACE    60:    A:    213 B:    26 C:    16 AB:    1 BC:    1 CA:    1	 *MESH_SMOOTHING 1 	*MESH_MTLID 0
			*MESH_FACE    61:    A:    149 B:    37 C:    148 AB:    1 BC:    1 CA:    1	 *MESH_SMOOTHING 1 	*MESH_MTLID 0
			*MESH_FACE    62:    A:    174 B:    248 C:    250 AB:    1 BC:    1 CA:    1	 *MESH_SMOOTHING 1 	*MESH_MTLID 0
			*MESH_FACE    63:    A:    200 B:    20 C:    60 AB:    1 BC:    1 CA:    1	 *MESH_SMOOTHING 1 	*MESH_MTLID 0
			*MESH_FACE    64:    A:    5 B:    230 C:    210 AB:    1 BC:    1 CA:    1	 *MESH_SMOOTHING 1 	*MESH_MTLID 0
			*MESH_FACE    65:    A:    169 B:    249 C:    115 AB:    1 BC:    1 CA:    1	 *MESH_SMOOTHING 1 	*MESH_MTLID 0
			*MESH_FACE    66:    A:    29 B:    11 C:    58 AB:    1 BC:    1 CA:    1	 *MESH_SMOOTHING 1 	*MESH_MTLID 0
			*MESH_FACE    67:    A:    11 B:    29 C:    58 AB:    1 BC:    1 CA:    1	 *MESH_SMOOTHING 1 	*MESH_MTLID 0
			*MESH_FACE    68:    A:    20 B:    14 C:    60 AB:    1 BC:    1 CA:    1	 *MESH_SMOOTHING 1 	*MESH_MTLID 0
			*MESH_FACE    69:    A:    60 B:    14 C:    20 AB:    1 BC:    1 CA:    1	 *MESH_SMOOTHING 1 	*MESH_MTLID 0
			*MESH_FACE    70:    A:    31 B:    59 C:    14 AB:    1 BC:    1 CA:    1	 *MESH_SMOOTHING 1 	*MESH_MTLID 0
			*MESH_FACE    71:    A:    14 B:    59 C:    31 AB:    1 BC:    1 CA:    1	 *MESH_SMOOTHING 1 	*MESH_MTLID 0
			*MESH_FACE    72:    A:    27 B:    63 C:    11 AB:    1 BC:    1 CA:    1	 *MESH_SMOOTHING 1 	*MESH_MTLID 0
			*MESH_FACE    73:    A:    63 B:    27 C:    11 AB:    1 BC:    1 CA:    1	 *MESH_SMOOTHING 1 	*MESH_MTLID 0
			*MESH_FACE    74:    A:    4 B:    13 C:    33 AB:    1 BC:    1 CA:    1	 *MESH_SMOOTHING 1 	*MESH_MTLID 0
			*MESH_FACE    75:    A:    13 B:    4 C:    33 AB:    1 BC:    1 CA:    1	 *MESH_SMOOTHING 1 	*MESH_MTLID 0
			*MESH_FACE    76:    A:    33 B:    13 C:    41 AB:    1 BC:    1 CA:    1	 *MESH_SMOOTHING 1 	*MESH_MTLID 0
			*MESH_FACE    77:    A:    240 B:    245 C:    203 AB:    1 BC:    1 CA:    1	 *MESH_SMOOTHING 1 	*MESH_MTLID 0
			*MESH_FACE    78:    A:    4 B:    33 C:    34 AB:    1 BC:    1 CA:    1	 *MESH_SMOOTHING 1 	*MESH_MTLID 0
			*MESH_FACE    79:    A:    33 B:    4 C:    34 AB:    1 BC:    1 CA:    1	 *MESH_SMOOTHING 1 	*MESH_MTLID 0
