*3DSMAX_ASCIIEXPORT	110
*COMMENT "[ GothicSourcer v3.14 ] - June 2007"
*SCENE {
	*SCENE_FILENAME "WAR_FIRE_BODY.MAX"
	*SCENE_FIRSTFRAME 0
	*SCENE_LASTFRAME 100
	*SCENE_FRAMESPEED 25
	*SCENE_TICKSPERFRAME 192
	*SCENE_BACKGROUND_STATIC 0	0	0
	*SCENE_AMBIENT_STATIC 0.2	0.2	0.2
}
*MATERIAL_LIST {
	*MATERIAL_COUNT 2
	*MATERIAL 0 {
		*MATERIAL_NAME "MATERIAL #8"
		*MATERIAL_CLASS "Standard"
		*MATERIAL_AMBIENT 0.317647	0.235294	0.109804
		*MATERIAL_DIFFUSE 0.317647	0.235294	0.109804
		*MATERIAL_SPECULAR 0.9	0.9	0.9
		*MATERIAL_SHINE 0.1
		*MATERIAL_SHINESTRENGTH 0
		*MATERIAL_TRANSPARENCY 0
		*MATERIAL_WIRESIZE 1
		*MATERIAL_SHADING Blinn
		*MATERIAL_XP_FALLOFF 0
		*MATERIAL_SELFILLUM 0
		*MATERIAL_FALLOFF In
		*MATERIAL_XP_TYPE Filter
		*MAP_DIFFUSE {
			*MAP_NAME "Map #1"
			*MAP_CLASS "Bitmap"
			*MAP_SUBNO 1
			*MAP_AMOUNT 1
			*BITMAP "WAR_BODY_V0.TGA"
			*MAP_TYPE Screen
			*UVW_U_OFFSET 0
			*UVW_V_OFFSET 0
			*UVW_U_TILING 1
			*UVW_V_TILING 1
			*UVW_ANGLE 0
			*UVW_BLUR 1
			*UVW_BLUR_OFFSET 0
			*UVW_NOUSE_AMT 1
			*UVW_NOISE_SIZE 1
			*UVW_NOISE_LEVEL 1
			*UVW_NOISE_PHASE 0
			*BITMAP_FILTER Pyramidal
		}
	}
	*MATERIAL 1 {
		*MATERIAL_NAME "KAMM"
		*MATERIAL_CLASS "Standard"
		*MATERIAL_AMBIENT 0.129412	0.0666667	0.0392157
		*MATERIAL_DIFFUSE 0.129412	0.0666667	0.0392157
		*MATERIAL_SPECULAR 0.9	0.9	0.9
		*MATERIAL_SHINE 0.1
		*MATERIAL_SHINESTRENGTH 0
		*MATERIAL_TRANSPARENCY 0
		*MATERIAL_WIRESIZE 1
		*MATERIAL_SHADING Blinn
		*MATERIAL_XP_FALLOFF 0
		*MATERIAL_SELFILLUM 0
		*MATERIAL_FALLOFF In
		*MATERIAL_XP_TYPE Filter
		*MAP_DIFFUSE {
			*MAP_NAME "Map #2"
			*MAP_CLASS "Bitmap"
			*MAP_SUBNO 1
			*MAP_AMOUNT 1
			*BITMAP "FIREWARANKAMM.TGA"
			*MAP_TYPE Screen
			*UVW_U_OFFSET 0
			*UVW_V_OFFSET 0
			*UVW_U_TILING 1
			*UVW_V_TILING 1
			*UVW_ANGLE 0
			*UVW_BLUR 1
			*UVW_BLUR_OFFSET 0
			*UVW_NOUSE_AMT 1
			*UVW_NOISE_SIZE 1
			*UVW_NOISE_LEVEL 1
			*UVW_NOISE_PHASE 0
			*BITMAP_FILTER Pyramidal
		}
	}
}
*HELPEROBJECT {
	*NODE_NAME "Bip01"
	*NODE_TM {
		*NODE_NAME "Bip01"
		*TM_ROW0 1.26759e-006	-1	0
		*TM_ROW1 1	1.26759e-006	0
		*TM_ROW2 -0	-0	1
		*TM_ROW3 -0.039402	110.084	98.727
		*TM_POS -0.039402	110.084	98.727
		*TM_ROTAXIS 0	0	1
		*TM_ROTANGLE 1.5708
		*TM_SCALE 1	1	1
		*TM_SCALEAXIS 0	0	0
		*TM_SCALEAXISANG 0	0	0
	}
}
*HELPEROBJECT {
	*NODE_NAME "Bip01 Pelvis"
	*NODE_PARENT "Bip01"
	*NODE_TM {
		*NODE_NAME "Bip01 Pelvis"
		*TM_ROW0 -1.19209e-006	-1.64892e-007	1
		*TM_ROW1 2.99332e-006	-1	-1.64887e-007
		*TM_ROW2 1	2.99332e-006	1.66893e-006
		*TM_ROW3 -0.038947	110.084	98.727
		*TM_POS -0.038947	110.084	98.727
		*TM_ROTAXIS -0.707106	-1e-006	-0.707107
		*TM_ROTANGLE 3.14159
		*TM_SCALE 1	1	1
		*TM_SCALEAXIS 0	0	0
		*TM_SCALEAXISANG 0	0	0
	}
}
*HELPEROBJECT {
	*NODE_NAME "Bip01 Spine"
	*NODE_PARENT "Bip01 Pelvis"
	*NODE_TM {
		*NODE_NAME "Bip01 Spine"
		*TM_ROW0 -9.0003e-006	-0.942372	-0.334567
		*TM_ROW1 6.55651e-007	0.334567	-0.942372
		*TM_ROW2 1	-8.76188e-006	-2.32458e-006
		*TM_ROW3 -0.038947	110.074	107.448
		*TM_POS -0.038947	110.074	107.448
		*TM_ROTAXIS 0.499649	-0.707599	0.499654
		*TM_ROTANGLE 1.90998
		*TM_SCALE 1	1	1
		*TM_SCALEAXIS 0	0	0
		*TM_SCALEAXISANG 0	0	0
	}
}
*HELPEROBJECT {
	*NODE_NAME "Bip01 Spine1"
	*NODE_PARENT "Bip01 Spine"
	*NODE_TM {
		*NODE_NAME "Bip01 Spine1"
		*TM_ROW0 -1.01328e-005	-0.979764	-0.200158
		*TM_ROW1 -6.25849e-007	0.200158	-0.979764
		*TM_ROW2 1	-9.80496e-006	-2.6226e-006
		*TM_ROW3 -0.039315	72.835	94.2601
		*TM_POS -0.039315	72.835	94.2601
		*TM_ROTAXIS 0.534481	-0.654717	0.534486
		*TM_ROTANGLE 1.98223
		*TM_SCALE 1	1	1
		*TM_SCALEAXIS 0	0	0
		*TM_SCALEAXISANG 0	0	0
	}
}
*HELPEROBJECT {
	*NODE_NAME "Bip01 Spine2"
	*NODE_PARENT "Bip01 Spine1"
	*NODE_TM {
		*NODE_NAME "Bip01 Spine2"
		*TM_ROW0 -9.89437e-006	-0.999013	-0.0444253
		*TM_ROW1 -2.74181e-006	0.0444253	-0.999013
		*TM_ROW2 1	-9.74536e-006	-3.21865e-006
		*TM_ROW3 -0.039698	34.1236	86.3834
		*TM_POS -0.039698	34.1236	86.3834
		*TM_ROTAXIS 0.568603	-0.594456	0.568607
		*TM_ROTANGLE 2.06894
		*TM_SCALE 1	1	1
		*TM_SCALEAXIS 0	0	0
		*TM_SCALEAXISANG 0	0	0
	}
}
*HELPEROBJECT {
	*NODE_NAME "Bip01 Neck"
	*NODE_PARENT "Bip01 Spine2"
	*NODE_TM {
		*NODE_NAME "Bip01 Neck"
		*TM_ROW0 -1.07586e-005	-0.999989	-0.00462749
		*TM_ROW1 -2.20537e-006	0.00462759	-0.999989
		*TM_ROW2 1	-1.0848e-005	-2.11597e-006
		*TM_ROW3 -0.040089	-5.34694	84.6372
		*TM_POS -0.040089	-5.34694	84.6372
		*TM_ROTAXIS 0.576454	-0.579134	0.576459
		*TM_ROTANGLE 2.09173
		*TM_SCALE 1	1	1
		*TM_SCALEAXIS 0	0	0
		*TM_SCALEAXISANG 0	0	0
	}
}
*HELPEROBJECT {
	*NODE_NAME "Bip01 Neck1"
	*NODE_PARENT "Bip01 Neck"
	*NODE_TM {
		*NODE_NAME "Bip01 Neck1"
		*TM_ROW0 -9.65595e-006	-0.999401	-0.0346202
		*TM_ROW1 -2.65241e-006	0.0346203	-0.9994
		*TM_ROW2 1	-9.62615e-006	-2.89083e-006
		*TM_ROW3 -0.040202	-16.7736	84.5959
		*TM_POS -0.040202	-16.7736	84.5959
		*TM_ROTAXIS 0.570567	-0.59068	0.570571
		*TM_ROTANGLE 2.07453
		*TM_SCALE 1	1	1
		*TM_SCALEAXIS 0	0	0
		*TM_SCALEAXISANG 0	0	0
	}
}
*HELPEROBJECT {
	*NODE_NAME "Bip01 Head"
	*NODE_PARENT "Bip01 Neck1"
	*NODE_TM {
		*NODE_NAME "Bip01 Head"
		*TM_ROW0 1.19209e-006	-0.996195	0.0871579
		*TM_ROW1 -2.5332e-006	-0.0871578	-0.996194
		*TM_ROW2 1	8.64266e-007	-2.50339e-006
		*TM_ROW3 -0.040346	-31.2588	84.0941
		*TM_POS -0.040346	-31.2588	84.0941
		*TM_ROTAXIS 0.593427	-0.543774	0.593425
		*TM_ROTANGLE 2.14549
		*TM_SCALE 1	1	1
		*TM_SCALEAXIS 0	0	0
		*TM_SCALEAXISANG 0	0	0
	}
}
*HELPEROBJECT {
	*NODE_NAME "Bip01 Ponytail1"
	*NODE_PARENT "Bip01 Head"
	*NODE_TM {
		*NODE_NAME "Bip01 Ponytail1"
		*TM_ROW0 2.563e-006	-0.995427	-0.09552
		*TM_ROW1 8.88109e-006	0.0955199	-0.995427
		*TM_ROW2 1	1.75834e-006	9.05991e-006
		*TM_ROW3 -0.040341	-36.3665	70.3009
		*TM_POS -0.040341	-36.3665	70.3009
		*TM_ROTAXIS 0.558039	-0.61415	0.558043
		*TM_ROTANGLE 2.04007
		*TM_SCALE 1	1	1
		*TM_SCALEAXIS 0	0	0
		*TM_SCALEAXISANG 0	0	0
	}
}
*HELPEROBJECT {
	*NODE_NAME "Bip01 Tongue01"
	*NODE_PARENT "Bip01 Head"
	*NODE_TM {
		*NODE_NAME "Bip01 Tongue01"
		*TM_ROW0 1	-1.59802e-012	1.28402e-013
		*TM_ROW1 8.9677e-013	1	1.26148e-008
		*TM_ROW2 -8.60425e-014	-1.03923e-008	1
		*TM_ROW3 4.70035e-005	-30.9688	73.9912
		*TM_POS 4.70035e-005	-30.9688	73.9912
		*TM_ROTAXIS 0	0	0
		*TM_ROTANGLE 0
		*TM_SCALE 1	1	1
		*TM_SCALEAXIS 0	0	0
		*TM_SCALEAXISANG 0	0	0
	}
}
*HELPEROBJECT {
	*NODE_NAME "Bip01 Tongue02"
	*NODE_PARENT "Bip01 Tongue01"
	*NODE_TM {
		*NODE_NAME "Bip01 Tongue02"
		*TM_ROW0 1	-1.59802e-012	1.28402e-013
		*TM_ROW1 8.9677e-013	1	1.26148e-008
		*TM_ROW2 -8.60425e-014	-1.03923e-008	1
		*TM_ROW3 4.60035e-005	-38.6476	73.8345
		*TM_POS 4.60035e-005	-38.6476	73.8345
		*TM_ROTAXIS 0	0	0
		*TM_ROTANGLE 0
		*TM_SCALE 1	1	1
		*TM_SCALEAXIS 0	0	0
		*TM_SCALEAXISANG 0	0	0
	}
}
*HELPEROBJECT {
	*NODE_NAME "Bip01 Tongue03"
	*NODE_PARENT "Bip01 Tongue02"
	*NODE_TM {
		*NODE_NAME "Bip01 Tongue03"
		*TM_ROW0 1	-1.59802e-012	1.28402e-013
		*TM_ROW1 8.9677e-013	1	1.26148e-008
		*TM_ROW2 -8.60425e-014	-1.03923e-008	1
		*TM_ROW3 4.40035e-005	-80.4889	76.5151
		*TM_POS 4.40035e-005	-80.4889	76.5151
		*TM_ROTAXIS 0	0	0
		*TM_ROTANGLE 0
		*TM_SCALE 1	1	1
		*TM_SCALEAXIS 0	0	0
		*TM_SCALEAXISANG 0	0	0
	}
}
*HELPEROBJECT {
	*NODE_NAME "Bip01 Tongue04"
	*NODE_PARENT "Bip01 Tongue03"
	*NODE_TM {
		*NODE_NAME "Bip01 Tongue04"
		*TM_ROW0 1	-1.59802e-012	1.28402e-013
		*TM_ROW1 8.9677e-013	1	1.26148e-008
		*TM_ROW2 -8.60425e-014	-1.03923e-008	1
		*TM_ROW3 4.30035e-005	-99.897	71.3685
		*TM_POS 4.30035e-005	-99.897	71.3685
		*TM_ROTAXIS 0	0	0
		*TM_ROTANGLE 0
		*TM_SCALE 1	1	1
		*TM_SCALEAXIS 0	0	0
		*TM_SCALEAXISANG 0	0	0
	}
}
*HELPEROBJECT {
	*NODE_NAME "Bip01 Tongue05"
	*NODE_PARENT "Bip01 Tongue04"
	*NODE_TM {
		*NODE_NAME "Bip01 Tongue05"
		*TM_ROW0 1	-1.59802e-012	1.28402e-013
		*TM_ROW1 8.9677e-013	1	1.26148e-008
		*TM_ROW2 -8.60425e-014	-1.03923e-008	1
		*TM_ROW3 4.30035e-005	-109.733	72.3334
		*TM_POS 4.30035e-005	-109.733	72.3334
		*TM_ROTAXIS 0	0	0
		*TM_ROTANGLE 0
		*TM_SCALE 1	1	1
		*TM_SCALEAXIS 0	0	0
		*TM_SCALEAXISANG 0	0	0
	}
}
*HELPEROBJECT {
	*NODE_NAME "Bip01 L Clavicle"
	*NODE_PARENT "Bip01 Neck"
	*NODE_TM {
		*NODE_NAME "Bip01 L Clavicle"
		*TM_ROW0 0.87497	0.483716	0.0211252
		*TM_ROW1 -5.21541e-007	-0.0436301	0.999048
		*TM_ROW2 0.484177	-0.874137	-0.0381748
		*TM_ROW3 21.555	17.5991	69.9667
		*TM_POS 21.555	17.5991	69.9667
		*TM_ROTAXIS -0.941641	-0.232774	-0.243162
		*TM_ROTANGLE 1.6744
		*TM_SCALE 1	1	1
		*TM_SCALEAXIS 0	0	0
		*TM_SCALEAXISANG 0	0	0
	}
}
*HELPEROBJECT {
	*NODE_NAME "Bip01 L UpperArm"
	*NODE_PARENT "Bip01 L Clavicle"
	*NODE_TM {
		*NODE_NAME "Bip01 L UpperArm"
		*TM_ROW0 0.575364	0.815243	0.0658395
		*TM_ROW1 -0.284358	0.12391	0.950677
		*TM_ROW2 0.766875	-0.565707	0.303114
		*TM_ROW3 39.0007	27.2438	70.3879
		*TM_POS 39.0007	27.2438	70.3879
		*TM_ROTAXIS -0.758193	-0.350518	-0.549801
		*TM_ROTANGLE 1.5696
		*TM_SCALE 1	1	1
		*TM_SCALEAXIS 0	0	0
		*TM_SCALEAXISANG 0	0	0
	}
}
*HELPEROBJECT {
	*NODE_NAME "Bip01 L Forearm"
	*NODE_PARENT "Bip01 L UpperArm"
	*NODE_TM {
		*NODE_NAME "Bip01 L Forearm"
		*TM_ROW0 0.142745	-0.310117	-0.939921
		*TM_ROW1 0.625721	0.76407	-0.157069
		*TM_ROW2 0.766875	-0.565708	0.303114
		*TM_ROW3 72.1812	74.2578	74.1848
		*TM_POS 72.1812	74.2578	74.1848
		*TM_ROTAXIS -0.205454	-0.858138	0.470518
		*TM_ROTANGLE 1.46564
		*TM_SCALE 1	1	1
		*TM_SCALEAXIS 0	0	0
		*TM_SCALEAXISANG 0	0	0
	}
}
*HELPEROBJECT {
	*NODE_NAME "Bip01 L Hand"
	*NODE_PARENT "Bip01 L Forearm"
	*NODE_TM {
		*NODE_NAME "Bip01 L Hand"
		*TM_ROW0 -0.0725941	-0.736352	-0.672693
		*TM_ROW1 0.0216965	0.673147	-0.73919
		*TM_ROW2 0.997126	-0.0682562	-0.0328902
		*TM_ROW3 78.9681	59.5129	29.4954
		*TM_POS 78.9681	59.5129	29.4954
		*TM_ROTAXIS 0.343591	-0.855128	0.388203
		*TM_ROTANGLE 1.78868
		*TM_SCALE 1	1	1
		*TM_SCALEAXIS 0	0	0
		*TM_SCALEAXISANG 0	0	0
	}
}
*HELPEROBJECT {
	*NODE_NAME "Bip01 L Finger0"
	*NODE_PARENT "Bip01 L Hand"
	*NODE_TM {
		*NODE_NAME "Bip01 L Finger0"
		*TM_ROW0 -0.0698239	-0.995353	-0.0663145
		*TM_ROW1 -0.028833	0.0684627	-0.997237
		*TM_ROW2 0.997143	-0.0677192	-0.0334793
		*TM_ROW3 76.6891	36.3954	8.3764
		*TM_POS 76.6891	36.3954	8.3764
		*TM_ROTAXIS -0.543113	0.621373	-0.564733
		*TM_ROTANGLE 4.16856
		*TM_SCALE 1	1	1
		*TM_SCALEAXIS 0	0	0
		*TM_SCALEAXISANG 0	0	0
	}
}
*HELPEROBJECT {
	*NODE_NAME "Bip01 R Clavicle"
	*NODE_PARENT "Bip01 Neck"
	*NODE_TM {
		*NODE_NAME "Bip01 R Clavicle"
		*TM_ROW0 -0.87496	0.483733	0.0211244
		*TM_ROW1 -9.83477e-007	-0.0436297	0.999048
		*TM_ROW2 0.484194	0.874127	0.0381749
		*TM_ROW3 -21.6347	17.5995	69.9667
		*TM_POS -21.6347	17.5995	69.9667
		*TM_ROTAXIS -0.183382	-0.679782	-0.710117
		*TM_ROTANGLE 2.79404
		*TM_SCALE 1	1	1
		*TM_SCALEAXIS 0	0	0
		*TM_SCALEAXISANG 0	0	0
	}
}
*HELPEROBJECT {
	*NODE_NAME "Bip01 R UpperArm"
	*NODE_PARENT "Bip01 R Clavicle"
	*NODE_TM {
		*NODE_NAME "Bip01 R UpperArm"
		*TM_ROW0 -0.575366	0.815242	0.0658406
		*TM_ROW1 0.284357	0.12391	0.950677
		*TM_ROW2 0.766874	0.56571	-0.303113
		*TM_ROW3 -39.0802	27.2445	70.3879
		*TM_POS -39.0802	27.2445	70.3879
		*TM_ROTAXIS 0.401033	0.730288	0.553039
		*TM_ROTANGLE 3.64221
		*TM_SCALE 1	1	1
		*TM_SCALEAXIS 0	0	0
		*TM_SCALEAXISANG 0	0	0
	}
}
*HELPEROBJECT {
	*NODE_NAME "Bip01 R Forearm"
	*NODE_PARENT "Bip01 R UpperArm"
	*NODE_TM {
		*NODE_NAME "Bip01 R Forearm"
		*TM_ROW0 -0.142744	-0.310118	-0.939921
		*TM_ROW1 -0.625723	0.764068	-0.157069
		*TM_ROW2 0.766874	0.56571	-0.303114
		*TM_ROW3 -72.2608	74.2584	74.1848
		*TM_POS -72.2608	74.2584	74.1848
		*TM_ROTAXIS 0.384415	-0.907771	-0.167857
		*TM_ROTANGLE 1.91866
		*TM_SCALE 1	1	1
		*TM_SCALEAXIS 0	0	0
		*TM_SCALEAXISANG 0	0	0
	}
}
*HELPEROBJECT {
	*NODE_NAME "Bip01 R Hand"
	*NODE_PARENT "Bip01 R Forearm"
	*NODE_TM {
		*NODE_NAME "Bip01 R Hand"
		*TM_ROW0 0.0725964	-0.736352	-0.672692
		*TM_ROW1 -0.0216987	0.673147	-0.739191
		*TM_ROW2 0.997125	0.0682591	0.0328901
		*TM_ROW3 -79.0478	59.5136	29.4953
		*TM_POS -79.0478	59.5136	29.4953
		*TM_ROTAXIS 0.406221	-0.840071	0.359536
		*TM_ROTANGLE 1.68171
		*TM_SCALE 1	1	1
		*TM_SCALEAXIS 0	0	0
		*TM_SCALEAXISANG 0	0	0
	}
}
*HELPEROBJECT {
	*NODE_NAME "Bip01 R Finger0"
	*NODE_PARENT "Bip01 R Hand"
	*NODE_TM {
		*NODE_NAME "Bip01 R Finger0"
		*TM_ROW0 0.0698272	-0.995352	-0.0663148
		*TM_ROW1 0.0288324	0.0684632	-0.997237
		*TM_ROW2 0.997142	0.0677223	0.0334789
		*TM_ROW3 -76.7686	36.3961	8.37638
		*TM_POS -76.7686	36.3961	8.37638
		*TM_ROTAXIS 0.584998	-0.584173	0.5626
		*TM_ROTANGLE 1.99777
		*TM_SCALE 1	1	1
		*TM_SCALEAXIS 0	0	0
		*TM_SCALEAXISANG 0	0	0
	}
}
*HELPEROBJECT {
	*NODE_NAME "Bip01 L Thigh"
	*NODE_PARENT "Bip01 Pelvis"
	*NODE_TM {
		*NODE_NAME "Bip01 L Thigh"
		*TM_ROW0 0.79061	0.239582	-0.563504
		*TM_ROW1 0.605831	-0.172438	0.776682
		*TM_ROW2 0.0889093	-0.95544	-0.281477
		*TM_ROW3 10.186	110.084	98.727
		*TM_POS 10.186	110.084	98.727
		*TM_ROTAXIS -0.918019	-0.345777	0.194111
		*TM_ROTANGLE 1.90885
		*TM_SCALE 1	1	1
		*TM_SCALEAXIS 0	0	0
		*TM_SCALEAXISANG 0	0	0
	}
}
*HELPEROBJECT {
	*NODE_NAME "Bip01 L Calf"
	*NODE_PARENT "Bip01 L Thigh"
	*NODE_TM {
		*NODE_NAME "Bip01 L Calf"
		*TM_ROW0 -0.824711	0.0878492	-0.55869
		*TM_ROW1 0.558522	0.28181	-0.780152
		*TM_ROW2 0.0889084	-0.95544	-0.281477
		*TM_ROW3 57.3038	124.363	65.1439
		*TM_POS 57.3038	124.363	65.1439
		*TM_ROTAXIS 0.213887	0.790199	-0.574315
		*TM_ROTANGLE 3.56379
		*TM_SCALE 1	1	1
		*TM_SCALEAXIS 0	0	0
		*TM_SCALEAXISANG 0	0	0
	}
}
*HELPEROBJECT {
	*NODE_NAME "Bip01 L HorseLink"
	*NODE_PARENT "Bip01 L Calf"
	*NODE_TM {
		*NODE_NAME "Bip01 L HorseLink"
		*TM_ROW0 0.51741	0.285778	-0.806609
		*TM_ROW1 0.851106	-0.0739241	0.519763
		*TM_ROW2 0.0889092	-0.95544	-0.281477
		*TM_ROW3 23.5733	127.956	42.2937
		*TM_POS 23.5733	127.956	42.2937
		*TM_ROTAXIS -0.812347	-0.493133	0.311308
		*TM_ROTANGLE 2.00313
		*TM_SCALE 1	1	1
		*TM_SCALEAXIS 0	0	0
		*TM_SCALEAXISANG 0	0	0
	}
}
*HELPEROBJECT {
	*NODE_NAME "Bip01 L Foot"
	*NODE_PARENT "Bip01 L HorseLink"
	*NODE_TM {
		*NODE_NAME "Bip01 L Foot"
		*TM_ROW0 -3.33108e-007	3.56113e-007	-1
		*TM_ROW1 0.999657	-0.0261756	-3.34955e-007
		*TM_ROW2 -0.0261755	-0.999657	-3.90603e-007
		*TM_ROW3 40.1386	137.105	16.4694
		*TM_POS 40.1386	137.105	16.4694
		*TM_ROTAXIS 0.582323	0.567275	-0.582323
		*TM_ROTANGLE 4.17361
		*TM_SCALE 1	1	1
		*TM_SCALEAXIS 0	0	0
		*TM_SCALEAXISANG 0	0	0
	}
}
*HELPEROBJECT {
	*NODE_NAME "Bip01 L Toe0"
	*NODE_PARENT "Bip01 L Foot"
	*NODE_TM {
		*NODE_NAME "Bip01 L Toe0"
		*TM_ROW0 0.999657	-0.026176	1.80162e-008
		*TM_ROW1 -8.87816e-008	-3.78494e-007	1
		*TM_ROW2 -0.026176	-0.999657	-3.5338e-007
		*TM_ROW3 71.352	136.288	-4.20707
		*TM_POS 71.352	136.288	-4.20707
		*TM_ROTAXIS -0.999829	0.013088	0.013088
		*TM_ROTANGLE 1.57097
		*TM_SCALE 1	1	1
		*TM_SCALEAXIS 0	0	0
		*TM_SCALEAXISANG 0	0	0
	}
}
*HELPEROBJECT {
	*NODE_NAME "Bip01 R Thigh"
	*NODE_PARENT "Bip01 Pelvis"
	*NODE_TM {
		*NODE_NAME "Bip01 R Thigh"
		*TM_ROW0 -0.799436	0.256586	-0.5432
		*TM_ROW1 -0.592825	-0.190537	0.782467
		*TM_ROW2 0.0972703	0.947554	0.304433
		*TM_ROW3 -10.2639	110.084	98.727
		*TM_POS -10.2639	110.084	98.727
		*TM_ROTAXIS 0.153349	-0.59493	-0.789014
		*TM_ROTANGLE 2.5732
		*TM_SCALE 1	1	1
		*TM_SCALEAXIS 0	0	0
		*TM_SCALEAXISANG 0	0	0
	}
}
*HELPEROBJECT {
	*NODE_NAME "Bip01 R Calf"
	*NODE_PARENT "Bip01 R Thigh"
	*NODE_TM {
		*NODE_NAME "Bip01 R Calf"
		*TM_ROW0 0.835685	0.0883652	-0.542053
		*TM_ROW1 -0.540526	0.307136	-0.783262
		*TM_ROW2 0.097271	0.947554	0.304433
		*TM_ROW3 -57.9077	125.376	66.354
		*TM_POS -57.9077	125.376	66.354
		*TM_ROTAXIS 0.887894	-0.327968	-0.322616
		*TM_ROTANGLE 1.34526
		*TM_SCALE 1	1	1
		*TM_SCALEAXIS 0	0	0
		*TM_SCALEAXISANG 0	0	0
	}
}
*HELPEROBJECT {
	*NODE_NAME "Bip01 R HorseLink"
	*NODE_PARENT "Bip01 R Calf"
	*NODE_TM {
		*NODE_NAME "Bip01 R HorseLink"
		*TM_ROW0 -0.515017	0.309667	-0.79929
		*TM_ROW1 -0.851643	-0.0790415	0.518128
		*TM_ROW2 0.0972699	0.947554	0.304434
		*TM_ROW3 -23.7284	128.99	44.1842
		*TM_POS -23.7284	128.99	44.1842
		*TM_ROTAXIS 0.280913	-0.586492	-0.759681
		*TM_ROTANGLE 2.27157
		*TM_SCALE 1	1	1
		*TM_SCALEAXIS 0	0	0
		*TM_SCALEAXISANG 0	0	0
	}
}
*HELPEROBJECT {
	*NODE_NAME "Bip01 R Foot"
	*NODE_PARENT "Bip01 R HorseLink"
	*NODE_TM {
		*NODE_NAME "Bip01 R Foot"
		*TM_ROW0 2.74687e-009	-1.71557e-007	-1
		*TM_ROW1 -0.999657	-0.0261786	7.09515e-008
		*TM_ROW2 -0.0261787	0.999657	2.97313e-008
		*TM_ROW3 -40.217	138.905	18.5943
		*TM_POS -40.217	138.905	18.5943
		*TM_ROTAXIS 0.582323	-0.567273	-0.582323
		*TM_ROTANGLE 2.10958
		*TM_SCALE 1	1	1
		*TM_SCALEAXIS 0	0	0
		*TM_SCALEAXISANG 0	0	0
	}
}
*HELPEROBJECT {
	*NODE_NAME "Bip01 R Toe0"
	*NODE_PARENT "Bip01 R Foot"
	*NODE_TM {
		*NODE_NAME "Bip01 R Toe0"
		*TM_ROW0 -0.999657	-0.0261786	-8.29638e-007
		*TM_ROW1 -7.54324e-007	1.41755e-007	1
		*TM_ROW2 -0.0261786	0.999657	2.97313e-008
		*TM_ROW3 -71.4305	138.087	-2.08224
		*TM_POS -71.4305	138.087	-2.08224
		*TM_ROTAXIS -0.00925699	0.707076	0.707076
		*TM_ROTANGLE 3.12308
		*TM_SCALE 1	1	1
		*TM_SCALEAXIS 0	0	0
		*TM_SCALEAXISANG 0	0	0
	}
}
*HELPEROBJECT {
	*NODE_NAME "Bip01 Tail"
	*NODE_PARENT "Bip01 Pelvis"
	*NODE_TM {
		*NODE_NAME "Bip01 Tail"
		*TM_ROW0 -1.16229e-006	0.942529	-0.334124
		*TM_ROW1 -3.36766e-006	0.334124	0.942529
		*TM_ROW2 1	2.29478e-006	2.80142e-006
		*TM_ROW3 -0.038957	125.834	105.843
		*TM_POS -0.038957	125.834	105.843
		*TM_ROTAXIS -0.499776	-0.707421	-0.499779
		*TM_ROTANGLE 1.91021
		*TM_SCALE 1	1	1
		*TM_SCALEAXIS 0	0	0
		*TM_SCALEAXISANG 0	0	0
	}
}
*HELPEROBJECT {
	*NODE_NAME "Bip01 Tail1"
	*NODE_PARENT "Bip01 Tail"
	*NODE_TM {
		*NODE_NAME "Bip01 Tail1"
		*TM_ROW0 -8.64267e-007	0.947856	-0.318699
		*TM_ROW1 -3.57628e-006	0.318699	0.947856
		*TM_ROW2 1	2.02656e-006	3.15905e-006
		*TM_ROW3 -0.039018	170.344	90.0349
		*TM_POS -0.039018	170.344	90.0349
		*TM_ROTAXIS -0.504076	-0.701293	-0.504079
		*TM_ROTANGLE 1.9184
		*TM_SCALE 1	1	1
		*TM_SCALEAXIS 0	0	0
		*TM_SCALEAXISANG 0	0	0
	}
}
*HELPEROBJECT {
	*NODE_NAME "Bip01 Tail2"
	*NODE_PARENT "Bip01 Tail1"
	*NODE_TM {
		*NODE_NAME "Bip01 Tail2"
		*TM_ROW0 -1.63913e-006	0.950249	-0.311492
		*TM_ROW1 -3.03984e-006	0.311492	0.950249
		*TM_ROW2 1	2.563e-006	2.41399e-006
		*TM_ROW3 -0.039064	203.215	78.9546
		*TM_POS -0.039064	203.215	78.9546
		*TM_ROTAXIS -0.506055	-0.698437	-0.506058
		*TM_ROTANGLE 1.92224
		*TM_SCALE 1	1	1
		*TM_SCALEAXIS 0	0	0
		*TM_SCALEAXISANG 0	0	0
	}
}
*HELPEROBJECT {
	*NODE_NAME "Bip01 Tail3"
	*NODE_PARENT "Bip01 Tail2"
	*NODE_TM {
		*NODE_NAME "Bip01 Tail3"
		*TM_ROW0 -1.16229e-006	0.952587	-0.304267
		*TM_ROW1 -3.36766e-006	0.304267	0.952587
		*TM_ROW2 1	2.26498e-006	2.89083e-006
		*TM_ROW3 -0.039107	234.94	68.5342
		*TM_POS -0.039107	234.94	68.5342
		*TM_ROTAXIS -0.508021	-0.695576	-0.508024
		*TM_ROTANGLE 1.92609
		*TM_SCALE 1	1	1
		*TM_SCALEAXIS 0	0	0
		*TM_SCALEAXISANG 0	0	0
	}
}
*HELPEROBJECT {
	*NODE_NAME "Bip01 Tail4"
	*NODE_PARENT "Bip01 Tail3"
	*NODE_TM {
		*NODE_NAME "Bip01 Tail4"
		*TM_ROW0 -1.3411e-006	0.954869	-0.297025
		*TM_ROW1 -3.36766e-006	0.297025	0.95487
		*TM_ROW2 1	2.23517e-006	2.77162e-006
		*TM_ROW3 -0.039139	258.36	61.0339
		*TM_POS -0.039139	258.36	61.0339
		*TM_ROTAXIS -0.509974	-0.692713	-0.509977
		*TM_ROTANGLE 1.92996
		*TM_SCALE 1	1	1
		*TM_SCALEAXIS 0	0	0
		*TM_SCALEAXISANG 0	0	0
	}
}
*HELPEROBJECT {
	*NODE_NAME "Dummy"
	*NODE_PARENT "Bip01 Ponytail1"
	*NODE_TM {
		*NODE_NAME "Dummy"
		*TM_ROW0 -1	-0	0
		*TM_ROW1 -0	-1	0
		*TM_ROW2 -0	-0	1
		*TM_ROW3 -0.0403385	-38.9203	63.4043
		*TM_POS -0.0403385	-38.9203	63.4043
		*TM_ROTAXIS 0	0	-1
		*TM_ROTANGLE 3.14159
		*TM_SCALE 1	1	1
		*TM_SCALEAXIS 0	0	0
		*TM_SCALEAXISANG 0	0	0
	}
}
*HELPEROBJECT {
	*NODE_NAME "Dummy1"
	*NODE_PARENT "Bip01 Tongue05"
	*NODE_TM {
		*NODE_NAME "Dummy1"
		*TM_ROW0 -1	-0	0
		*TM_ROW1 -0	-1	0
		*TM_ROW2 -0	-0	1
		*TM_ROW3 4.30035e-005	-114.652	72.8158
		*TM_POS 4.30035e-005	-114.652	72.8158
		*TM_ROTAXIS 0	0	-1
		*TM_ROTANGLE 3.14159
		*TM_SCALE 1	1	1
		*TM_SCALEAXIS 0	0	0
		*TM_SCALEAXISANG 0	0	0
	}
}
*HELPEROBJECT {
	*NODE_NAME "Dummy2"
	*NODE_PARENT "Bip01 L Finger0"
	*NODE_TM {
		*NODE_NAME "Dummy2"
		*TM_ROW0 -1	-0	0
		*TM_ROW1 -0	-1	0
		*TM_ROW2 -0	-0	1
		*TM_ROW3 75.5495	24.8366	-2.18308
		*TM_POS 75.5495	24.8366	-2.18308
		*TM_ROTAXIS 0	0	-1
		*TM_ROTANGLE 3.14159
		*TM_SCALE 1	1	1
		*TM_SCALEAXIS 0	0	0
		*TM_SCALEAXISANG 0	0	0
	}
}
*HELPEROBJECT {
	*NODE_NAME "Dummy3"
	*NODE_PARENT "Bip01 R Finger0"
	*NODE_TM {
		*NODE_NAME "Dummy3"
		*TM_ROW0 -1	-0	0
		*TM_ROW1 -0	-1	0
		*TM_ROW2 -0	-0	1
		*TM_ROW3 -75.6291	24.8373	-2.1831
		*TM_POS -75.6291	24.8373	-2.1831
		*TM_ROTAXIS 0	0	-1
		*TM_ROTANGLE 3.14159
		*TM_SCALE 1	1	1
		*TM_SCALEAXIS 0	0	0
		*TM_SCALEAXISANG 0	0	0
	}
}
*HELPEROBJECT {
	*NODE_NAME "Dummy4"
	*NODE_PARENT "Bip01 L Toe0"
	*NODE_TM {
		*NODE_NAME "Dummy4"
		*TM_ROW0 -1	-0	0
		*TM_ROW1 -0	-1	0
		*TM_ROW2 -0	-0	1
		*TM_ROW3 86.9587	135.879	-14.5453
		*TM_POS 86.9587	135.879	-14.5453
		*TM_ROTAXIS 0	0	-1
		*TM_ROTANGLE 3.14159
		*TM_SCALE 1	1	1
		*TM_SCALEAXIS 0	0	0
		*TM_SCALEAXISANG 0	0	0
	}
}
*HELPEROBJECT {
	*NODE_NAME "Dummy5"
	*NODE_PARENT "Bip01 R Toe0"
	*NODE_TM {
		*NODE_NAME "Dummy5"
		*TM_ROW0 -1	-0	0
		*TM_ROW1 -0	-1	0
		*TM_ROW2 -0	-0	1
		*TM_ROW3 -87.0372	137.679	-12.4205
		*TM_POS -87.0372	137.679	-12.4205
		*TM_ROTAXIS 0	0	-1
		*TM_ROTANGLE 3.14159
		*TM_SCALE 1	1	1
		*TM_SCALEAXIS 0	0	0
		*TM_SCALEAXISANG 0	0	0
	}
}
*HELPEROBJECT {
	*NODE_NAME "Dummy6"
	*NODE_PARENT "Bip01 Tail4"
	*NODE_TM {
		*NODE_NAME "Dummy6"
		*TM_ROW0 -1	-0	0
		*TM_ROW1 -0	-1	0
		*TM_ROW2 -0	-0	1
		*TM_ROW3 -0.039155	270.07	57.2838
		*TM_POS -0.039155	270.07	57.2838
		*TM_ROTAXIS 0	0	-1
		*TM_ROTANGLE 3.14159
		*TM_SCALE 1	1	1
		*TM_SCALEAXIS 0	0	0
		*TM_SCALEAXISANG 0	0	0
	}
}
*GEOMOBJECT {
	*NODE_NAME "zm_Skin"
	*NODE_PARENT "Bip01"
	*NODE_TM {
		*NODE_NAME "zm_Skin"
		*TM_ROW0 -1	-0	0
		*TM_ROW1 -0	-1	0
		*TM_ROW2 -0	-0	1
		*TM_ROW3 -0	-0	0
		*TM_POS -0	-0	0
		*TM_ROTAXIS 0	0	-1
		*TM_ROTANGLE 3.14159
		*TM_SCALE 1	1	1
		*TM_SCALEAXIS 0	0	0
		*TM_SCALEAXISANG 0	0	0
	}
	*MATERIAL_REF 0
	*MESH_SOFTSKIN {
		*TIMEVALUE 0
		*MESH_NUMVERTEX 280
		*MESH_NUMFACES 556
		*MESH_VERTEX_LIST {
			*MESH_VERTEX 0	-17.9238	-42.256	75.2036
			*MESH_VERTEX 1	-0.035846	280.144	52.5784
			*MESH_VERTEX 2	72.9134	63.7342	28.3908
			*MESH_VERTEX 3	-72.9167	63.7251	28.3717
			*MESH_VERTEX 4	45.7824	44.5107	79.705
			*MESH_VERTEX 5	-45.7865	44.5152	79.6844
			*MESH_VERTEX 6	9.23661	-75.7026	80.4603
			*MESH_VERTEX 7	96.0806	152.47	-2.302
			*MESH_VERTEX 8	25.8645	137.824	42.9091
			*MESH_VERTEX 9	67.6893	127.59	-1.97218
			*MESH_VERTEX 10	-96.0808	154.269	-0.177103
			*MESH_VERTEX 11	-25.8628	138.859	45.05
			*MESH_VERTEX 12	-67.6895	129.392	0.152539
			*MESH_VERTEX 13	72.5672	5.41207	0.0741796
			*MESH_VERTEX 14	85.799	11.2138	0.547953
			*MESH_VERTEX 15	57.0695	47.0129	3.53044
			*MESH_VERTEX 16	-72.5695	5.39287	0.0724849
			*MESH_VERTEX 17	-85.8014	11.1947	0.546275
			*MESH_VERTEX 18	-57.0713	46.9942	3.52945
			*MESH_VERTEX 19	-21.0102	121.936	101.565
			*MESH_VERTEX 20	21.0929	121.965	101.089
			*MESH_VERTEX 21	-61.9953	61.6079	54.5642
			*MESH_VERTEX 22	62.0263	61.6081	54.5689
			*MESH_VERTEX 23	50.7725	112.261	59.4052
			*MESH_VERTEX 24	25.4588	98.0432	96.8075
			*MESH_VERTEX 25	-51.3746	113.322	60.4317
			*MESH_VERTEX 26	-25.4905	98.0874	96.79
			*MESH_VERTEX 27	-52.6992	136.766	67.3544
			*MESH_VERTEX 28	52.2957	135.828	65.8371
			*MESH_VERTEX 29	-22.8202	104.039	80.0157
			*MESH_VERTEX 30	-59.0239	11.0214	0.503692
			*MESH_VERTEX 31	-68.1082	34.3479	2.3813
			*MESH_VERTEX 32	59.0214	11.0407	0.505403
			*MESH_VERTEX 33	68.1058	34.3671	2.38299
			*MESH_VERTEX 34	24.7511	37.9164	48.1685
			*MESH_VERTEX 35	96.1064	117.52	-2.00955
			*MESH_VERTEX 36	59.8018	115.589	-2.01266
			*MESH_VERTEX 37	-96.1064	119.32	0.115366
			*MESH_VERTEX 38	-59.8027	117.394	0.112947
			*MESH_VERTEX 39	101.2	134.493	-1.99321
			*MESH_VERTEX 40	69.117	141.804	-1.96945
			*MESH_VERTEX 41	-101.2	136.293	0.1317
			*MESH_VERTEX 42	-69.1169	143.602	0.155197
			*MESH_VERTEX 43	22.6457	103.775	79.9857
			*MESH_VERTEX 44	-0.0390848	92.6777	126.58
			*MESH_VERTEX 45	-77.0618	51.0482	28.9874
			*MESH_VERTEX 46	77.0551	51.0624	28.9968
			*MESH_VERTEX 47	-68.1573	111.973	81.7017
			*MESH_VERTEX 48	67.8564	111.323	80.6506
			*MESH_VERTEX 49	17.9237	-42.2561	75.2036
			*MESH_VERTEX 50	-8.41606e-005	-76.5449	75.4083
			*MESH_VERTEX 51	-19.8969	-52.0688	88.1922
			*MESH_VERTEX 52	-15.2544	-39.5476	65.5107
			*MESH_VERTEX 53	19.8968	-52.0688	88.1921
			*MESH_VERTEX 54	15.2543	-39.5477	65.5107
			*MESH_VERTEX 55	94.2556	40.3249	2.81271
			*MESH_VERTEX 56	31.5514	16.7689	89.0976
			*MESH_VERTEX 57	83.8373	69.094	76.4027
			*MESH_VERTEX 58	60.5668	78.8123	84.0413
			*MESH_VERTEX 59	-94.2579	40.3076	2.81186
			*MESH_VERTEX 60	0.041108	125.057	75.883
			*MESH_VERTEX 61	-24.7456	37.9236	48.1745
			*MESH_VERTEX 62	-31.5531	16.7667	89.0966
			*MESH_VERTEX 63	-83.8417	69.0982	76.3769
			*MESH_VERTEX 64	-60.5726	78.8167	84.0161
			*MESH_VERTEX 65	-39.1233	127.047	22.6513
			*MESH_VERTEX 66	39.0214	125.358	20.8116
			*MESH_VERTEX 67	-14.1256	130.808	36.7857
			*MESH_VERTEX 68	14.0621	129.677	34.8549
			*MESH_VERTEX 69	-80.0418	33.4864	2.34097
			*MESH_VERTEX 70	80.0393	33.5055	2.34265
			*MESH_VERTEX 71	-38.0005	148.467	7.3746
			*MESH_VERTEX 72	37.9986	146.67	5.2478
			*MESH_VERTEX 73	-9.23665	-75.7025	80.4604
			*MESH_VERTEX 74	41.5108	142.931	22.494
			*MESH_VERTEX 75	38.0495	123.389	37.5693
			*MESH_VERTEX 76	71.6033	117.729	61.2423
			*MESH_VERTEX 77	-41.4835	144.66	24.6914
			*MESH_VERTEX 78	-38.1473	124.696	39.2636
			*MESH_VERTEX 79	-72.1567	119.032	62.076
			*MESH_VERTEX 80	24.6886	111.949	107.147
			*MESH_VERTEX 81	-36.9431	123.793	64.1001
			*MESH_VERTEX 82	36.4161	122.927	62.87
			*MESH_VERTEX 83	59.152	126.888	11.0136
			*MESH_VERTEX 84	75.8709	133.966	11.7941
			*MESH_VERTEX 85	59.1109	145.722	12.2815
			*MESH_VERTEX 86	-59.1512	128.69	13.1369
			*MESH_VERTEX 87	-75.871	135.766	13.919
			*MESH_VERTEX 88	-59.1098	147.52	14.4045
			*MESH_VERTEX 89	-24.5669	111.816	107.381
			*MESH_VERTEX 90	-69.1876	133.481	66.1516
			*MESH_VERTEX 91	68.7425	132.342	64.8102
			*MESH_VERTEX 92	35.3642	25.6456	49.0813
			*MESH_VERTEX 93	-35.3564	25.6546	49.0795
			*MESH_VERTEX 94	74.6815	58.6924	72.2477
			*MESH_VERTEX 95	-74.6836	58.6982	72.2244
			*MESH_VERTEX 96	-4.21019e-005	-35.5991	64.5314
			*MESH_VERTEX 97	64.8514	122.873	85.4862
			*MESH_VERTEX 98	74.6697	26.8618	14.0009
			*MESH_VERTEX 99	67.0782	42.9344	18.7
			*MESH_VERTEX 100	84.6888	41.3799	18.582
			*MESH_VERTEX 101	-74.6721	26.8426	13.9992
			*MESH_VERTEX 102	-67.0805	42.9168	18.6984
			*MESH_VERTEX 103	-84.6912	41.3632	18.5792
			*MESH_VERTEX 104	-33.7883	48.1996	71.4381
			*MESH_VERTEX 105	33.7951	48.201	71.419
			*MESH_VERTEX 106	-64.2571	82.0518	67.7113
			*MESH_VERTEX 107	64.2525	82.0479	67.7376
			*MESH_VERTEX 108	19.6043	120.565	86.6786
			*MESH_VERTEX 109	-19.7743	120.903	87.1199
			*MESH_VERTEX 110	28.4249	118.385	39.8065
			*MESH_VERTEX 111	-28.5904	119.546	41.4014
			*MESH_VERTEX 112	36.6048	129.661	4.89384
			*MESH_VERTEX 113	25.7489	132.306	24.4923
			*MESH_VERTEX 114	-36.6066	131.463	7.02132
			*MESH_VERTEX 115	-25.7903	133.788	26.4938
			*MESH_VERTEX 116	-0.0397482	36.584	38.9297
			*MESH_VERTEX 117	-37.054	135.876	41.0387
			*MESH_VERTEX 118	37.055	134.627	39.0356
			*MESH_VERTEX 119	85.7018	60.2865	12.9882
			*MESH_VERTEX 120	77.7194	81.2326	74.0267
			*MESH_VERTEX 121	-85.7021	60.2719	12.9823
			*MESH_VERTEX 122	-77.724	81.2367	74.0005
			*MESH_VERTEX 123	-33.9927	40.21	93.0614
			*MESH_VERTEX 124	33.9928	40.2097	93.0612
			*MESH_VERTEX 125	-0.039293	68.391	119.679
			*MESH_VERTEX 126	26.2049	35.856	106.983
			*MESH_VERTEX 127	-26.2048	35.8562	106.984
			*MESH_VERTEX 128	-51.2146	136.903	80.6622
			*MESH_VERTEX 129	87.1858	57.1999	30.4498
			*MESH_VERTEX 130	-87.1892	57.19	30.4293
			*MESH_VERTEX 131	-56.2267	40.5361	74.3831
			*MESH_VERTEX 132	-72.0102	66.3691	85.2175
			*MESH_VERTEX 133	56.2244	40.5306	74.4041
			*MESH_VERTEX 134	72.0066	66.3636	85.2427
			*MESH_VERTEX 135	-65.0266	123.385	86.7803
			*MESH_VERTEX 136	-58.6223	103.193	70.6968
			*MESH_VERTEX 137	58.1022	102.296	70.0444
			*MESH_VERTEX 138	62.0656	155.949	-1.96662
			*MESH_VERTEX 139	-62.0658	157.744	0.158847
			*MESH_VERTEX 140	-9.99308e-006	-82.7438	80.2789
			*MESH_VERTEX 141	-1.99924e-005	-78.7759	90.3023
			*MESH_VERTEX 142	16.7351	-33.3103	99.2097
			*MESH_VERTEX 143	-16.7353	-33.3102	99.2097
			*MESH_VERTEX 144	-59.0884	49.5345	50.3168
			*MESH_VERTEX 145	59.0879	49.5291	50.3352
			*MESH_VERTEX 146	50.9097	136	75.3765
			*MESH_VERTEX 147	-25.005	9.56799	57.6749
			*MESH_VERTEX 148	-54.2917	37.0824	59.3703
			*MESH_VERTEX 149	25.0049	9.56755	57.6749
			*MESH_VERTEX 150	54.2916	37.077	59.3886
			*MESH_VERTEX 151	11.191	136.308	102.076
			*MESH_VERTEX 152	-11.2476	136.308	102.076
			*MESH_VERTEX 153	24.7101	-4.51323	74.0412
			*MESH_VERTEX 154	-24.7102	-4.51298	74.0413
			*MESH_VERTEX 155	-0.040011	0.666125	52.3825
			*MESH_VERTEX 156	24.9201	72.0069	98.5905
			*MESH_VERTEX 157	-24.92	72.0071	98.5905
			*MESH_VERTEX 158	72.7738	60.7946	13.7311
			*MESH_VERTEX 159	-72.7741	60.7792	13.7266
			*MESH_VERTEX 160	47.4327	19.0269	62.4459
			*MESH_VERTEX 161	-47.4302	19.0301	62.4334
			*MESH_VERTEX 162	-73.3703	121.609	12.0713
			*MESH_VERTEX 163	73.3703	119.809	9.94643
			*MESH_VERTEX 164	-14.8638	-18.7442	63.3817
			*MESH_VERTEX 165	14.8636	-18.7442	63.3815
			*MESH_VERTEX 166	14.0662	127.135	98.2237
			*MESH_VERTEX 167	12.1891	116.161	112.745
			*MESH_VERTEX 168	-14.0534	127.141	98.3471
			*MESH_VERTEX 169	-12.1776	116.146	112.753
			*MESH_VERTEX 170	-42.6142	134.151	26.063
			*MESH_VERTEX 171	42.5884	132.457	24.0139
			*MESH_VERTEX 172	7.76398	203.228	78.636
			*MESH_VERTEX 173	4.66301	258.213	60.1639
			*MESH_VERTEX 174	33.0915	74.9176	79.3982
			*MESH_VERTEX 175	-33.0913	74.9179	79.3982
			*MESH_VERTEX 176	-23.117	-34.92	83.9852
			*MESH_VERTEX 177	-20.1876	-21.8421	88.5569
			*MESH_VERTEX 178	23.1168	-34.92	83.9852
			*MESH_VERTEX 179	20.1874	-21.8424	88.5567
			*MESH_VERTEX 180	-7.72436	203.228	78.636
			*MESH_VERTEX 181	-4.62356	258.213	60.1638
			*MESH_VERTEX 182	-6.09925e-005	-50.1001	102.184
			*MESH_VERTEX 183	-11.4029	-60.8505	93.1346
			*MESH_VERTEX 184	-13.6945	-49.1817	99.8043
			*MESH_VERTEX 185	11.4029	-60.8505	93.1346
			*MESH_VERTEX 186	13.6944	-49.1817	99.8042
			*MESH_VERTEX 187	-0.0392268	86.1243	56.3439
			*MESH_VERTEX 188	14.0057	118.902	86.2948
			*MESH_VERTEX 189	-14.1875	119.23	86.5925
			*MESH_VERTEX 190	-2.03669e-005	-40.6857	59.2595
			*MESH_VERTEX 191	6.16965	-69.4795	70.86
			*MESH_VERTEX 192	-6.16978	-69.4795	70.86
			*MESH_VERTEX 193	12.5799	-21.1429	99.3234
			*MESH_VERTEX 194	-12.58	-21.1428	99.3236
			*MESH_VERTEX 195	15.6615	98.4577	116.191
			*MESH_VERTEX 196	-15.6613	98.4579	116.191
			*MESH_VERTEX 197	-23.8815	61.2319	53.1545
			*MESH_VERTEX 198	23.8816	61.2317	53.1544
			*MESH_VERTEX 199	-0.0395027	62.8042	43.2709
			*MESH_VERTEX 200	33.4055	7.06417	73.9876
			*MESH_VERTEX 201	-33.406	7.06357	73.985
			*MESH_VERTEX 202	-6.88907	-74.436	89.9215
			*MESH_VERTEX 203	6.88902	-74.436	89.9214
			*MESH_VERTEX 204	-6.5242e-005	-73.3486	70.691
			*MESH_VERTEX 205	7.32013	-70.4353	76.0038
			*MESH_VERTEX 206	-7.3203	-70.4353	76.0039
			*MESH_VERTEX 207	18.9501	125.811	46.9011
			*MESH_VERTEX 208	-19.1342	126.678	48.8174
			*MESH_VERTEX 209	-19.9014	-30.1683	74.4306
			*MESH_VERTEX 210	19.9012	-30.1684	74.4305
			*MESH_VERTEX 211	-6.09934e-005	-41.7469	78.1238
			*MESH_VERTEX 212	17.0167	-54.8635	79.9955
			*MESH_VERTEX 213	-17.0168	-54.8635	79.9956
			*MESH_VERTEX 214	-8.59949e-005	-31.585	104.653
			*MESH_VERTEX 215	-0.364603	135.552	77.089
			*MESH_VERTEX 216	-44.8674	27.3269	81.2084
			*MESH_VERTEX 217	44.8629	27.3222	81.2269
			*MESH_VERTEX 218	20.089	21.2654	46.9567
			*MESH_VERTEX 219	-20.0895	21.2674	46.9571
			*MESH_VERTEX 220	-22.5373	-2.9857	88.6426
			*MESH_VERTEX 221	22.5372	-2.98597	88.6425
			*MESH_VERTEX 222	-28.7764	125.844	54.0278
			*MESH_VERTEX 223	28.4808	124.96	52.2944
			*MESH_VERTEX 224	-84.5026	67.0118	30.8981
			*MESH_VERTEX 225	84.5001	67.0166	30.9209
			*MESH_VERTEX 226	-32.1783	118.716	73.5543
			*MESH_VERTEX 227	31.7618	117.983	72.9602
			*MESH_VERTEX 228	-0.0395326	39.5192	119.878
			*MESH_VERTEX 229	-0.0389051	115.756	121.01
			*MESH_VERTEX 230	13.2231	-53.2379	71.2374
			*MESH_VERTEX 231	-13.2232	-53.2378	71.2374
			*MESH_VERTEX 232	-5.52395e-005	-63.9107	68.017
			*MESH_VERTEX 233	19.2539	83.9549	61.9498
			*MESH_VERTEX 234	-19.2537	83.9551	61.9498
			*MESH_VERTEX 235	-15.0328	-3.8926	99.2661
			*MESH_VERTEX 236	15.0327	-3.89275	99.266
			*MESH_VERTEX 237	72.2143	146.849	12.4947
			*MESH_VERTEX 238	-72.2144	148.649	14.6196
			*MESH_VERTEX 239	0.000304058	-4.6731	106.472
			*MESH_VERTEX 240	-0.0243855	233.922	59.1553
			*MESH_VERTEX 241	-0.096954	168.263	73.1916
			*MESH_VERTEX 242	-63.0874	25.2845	13.4683
			*MESH_VERTEX 243	63.0849	25.3037	13.47
			*MESH_VERTEX 244	-0.0398845	14.9102	44.7068
			*MESH_VERTEX 245	49.1471	123.094	63.9919
			*MESH_VERTEX 246	-49.6809	124.063	65.1756
			*MESH_VERTEX 247	43.9862	61.2988	58.1478
			*MESH_VERTEX 248	-43.9896	61.3026	58.1294
			*MESH_VERTEX 249	10.8419	5.88266	55.0639
			*MESH_VERTEX 250	-10.842	5.88265	55.0639
			*MESH_VERTEX 251	-0.035919	258.924	62.7498
			*MESH_VERTEX 252	-14.4607	103.291	77.1936
			*MESH_VERTEX 253	11.3411	69.0073	111.332
			*MESH_VERTEX 254	14.461	103.291	77.1936
			*MESH_VERTEX 255	-11.3409	69.0074	111.332
			*MESH_VERTEX 256	0.0012586	10.9165	112.464
			*MESH_VERTEX 257	-0.0402507	-19.4195	56.3444
			*MESH_VERTEX 258	-4.29947e-005	-62.9137	97.6691
			*MESH_VERTEX 259	-9.33259	170.799	90.3796
			*MESH_VERTEX 260	9.30524	170.799	90.3796
			*MESH_VERTEX 261	-0.0216925	200.898	67.9817
			*MESH_VERTEX 262	-15.265	-53.7673	77.2875
			*MESH_VERTEX 263	15.2648	-53.7674	77.2875
			*MESH_VERTEX 264	-21.3131	13.3743	102.359
			*MESH_VERTEX 265	21.3131	13.3741	102.359
			*MESH_VERTEX 266	-0.069429	173.034	97.5321
			*MESH_VERTEX 267	-0.0390396	106.117	65.3219
			*MESH_VERTEX 268	0.25329	257.669	54.9239
			*MESH_VERTEX 269	-14.3822	-49.3613	94.2847
			*MESH_VERTEX 270	14.3821	-49.3613	94.2847
			*MESH_VERTEX 271	-84.4986	29.853	11.7721
			*MESH_VERTEX 272	84.4962	29.8722	11.7738
			*MESH_VERTEX 273	-0.00151348	-20.7237	104.869
			*MESH_VERTEX 274	-5.9809	235.212	67.6724
			*MESH_VERTEX 275	6.02042	235.212	67.6724
			*MESH_VERTEX 276	-0.0391765	236.446	71.9042
			*MESH_VERTEX 277	-0.087034	138.269	112.652
			*MESH_VERTEX 278	-0.0391175	205.171	84.8963
			*MESH_VERTEX 279	0.033612	119.912	73.1396
		}
		*MESH_FACE_LIST {
			*MESH_FACE    0:    A:    261 B:    180 C:    274 AB:    1 BC:    1 CA:    1	 *MESH_SMOOTHING 1 	*MESH_MTLID 0
			*MESH_FACE    1:    A:    156 B:    195 C:    253 AB:    1 BC:    1 CA:    1	 *MESH_SMOOTHING 1 	*MESH_MTLID 0
			*MESH_FACE    2:    A:    259 B:    266 C:    278 AB:    1 BC:    1 CA:    1	 *MESH_SMOOTHING 1 	*MESH_MTLID 0
			*MESH_FACE    3:    A:    61 B:    116 C:    219 AB:    1 BC:    1 CA:    1	 *MESH_SMOOTHING 1 	*MESH_MTLID 0
			*MESH_FACE    4:    A:    94 B:    133 C:    150 AB:    1 BC:    1 CA:    1	 *MESH_SMOOTHING 1 	*MESH_MTLID 0
			*MESH_FACE    5:    A:    34 B:    145 C:    150 AB:    1 BC:    1 CA:    1	 *MESH_SMOOTHING 1 	*MESH_MTLID 0
			*MESH_FACE    6:    A:    131 B:    95 C:    148 AB:    1 BC:    1 CA:    1	 *MESH_SMOOTHING 1 	*MESH_MTLID 0
			*MESH_FACE    7:    A:    144 B:    61 C:    148 AB:    1 BC:    1 CA:    1	 *MESH_SMOOTHING 1 	*MESH_MTLID 0
			*MESH_FACE    8:    A:    220 B:    62 C:    154 AB:    1 BC:    1 CA:    1	 *MESH_SMOOTHING 1 	*MESH_MTLID 0
			*MESH_FACE    9:    A:    231 B:    232 C:    192 AB:    1 BC:    1 CA:    1	 *MESH_SMOOTHING 1 	*MESH_MTLID 0
			*MESH_FACE    10:    A:    138 B:    74 C:    85 AB:    1 BC:    1 CA:    1	 *MESH_SMOOTHING 1 	*MESH_MTLID 0
			*MESH_FACE    11:    A:    138 B:    40 C:    72 AB:    1 BC:    1 CA:    1	 *MESH_SMOOTHING 1 	*MESH_MTLID 0
			*MESH_FACE    12:    A:    77 B:    139 C:    88 AB:    1 BC:    1 CA:    1	 *MESH_SMOOTHING 1 	*MESH_MTLID 0
			*MESH_FACE    13:    A:    42 B:    139 C:    71 AB:    1 BC:    1 CA:    1	 *MESH_SMOOTHING 1 	*MESH_MTLID 0
			*MESH_FACE    14:    A:    2 B:    158 C:    15 AB:    1 BC:    1 CA:    1	 *MESH_SMOOTHING 1 	*MESH_MTLID 0
			*MESH_FACE    15:    A:    98 B:    70 C:    100 AB:    1 BC:    1 CA:    1	 *MESH_SMOOTHING 1 	*MESH_MTLID 0
			*MESH_FACE    16:    A:    14 B:    272 C:    70 AB:    1 BC:    1 CA:    1	 *MESH_SMOOTHING 1 	*MESH_MTLID 0
			*MESH_FACE    17:    A:    98 B:    100 C:    99 AB:    1 BC:    1 CA:    1	 *MESH_SMOOTHING 1 	*MESH_MTLID 0
			*MESH_FACE    18:    A:    159 B:    3 C:    18 AB:    1 BC:    1 CA:    1	 *MESH_SMOOTHING 1 	*MESH_MTLID 0
			*MESH_FACE    19:    A:    69 B:    101 C:    103 AB:    1 BC:    1 CA:    1	 *MESH_SMOOTHING 1 	*MESH_MTLID 0
			*MESH_FACE    20:    A:    271 B:    17 C:    69 AB:    1 BC:    1 CA:    1	 *MESH_SMOOTHING 1 	*MESH_MTLID 0
			*MESH_FACE    21:    A:    103 B:    101 C:    102 AB:    1 BC:    1 CA:    1	 *MESH_SMOOTHING 1 	*MESH_MTLID 0
			*MESH_FACE    22:    A:    234 B:    252 C:    187 AB:    1 BC:    1 CA:    1	 *MESH_SMOOTHING 1 	*MESH_MTLID 0
			*MESH_FACE    23:    A:    196 B:    157 C:    255 AB:    1 BC:    1 CA:    1	 *MESH_SMOOTHING 1 	*MESH_MTLID 0
			*MESH_FACE    24:    A:    172 B:    261 C:    275 AB:    1 BC:    1 CA:    1	 *MESH_SMOOTHING 1 	*MESH_MTLID 0
			*MESH_FACE    25:    A:    266 B:    260 C:    278 AB:    1 BC:    1 CA:    1	 *MESH_SMOOTHING 1 	*MESH_MTLID 0
			*MESH_FACE    26:    A:    224 B:    106 C:    3 AB:    1 BC:    1 CA:    1	 *MESH_SMOOTHING 1 	*MESH_MTLID 0
			*MESH_FACE    27:    A:    95 B:    130 C:    45 AB:    1 BC:    1 CA:    1	 *MESH_SMOOTHING 1 	*MESH_MTLID 0
			*MESH_FACE    28:    A:    107 B:    225 C:    2 AB:    1 BC:    1 CA:    1	 *MESH_SMOOTHING 1 	*MESH_MTLID 0
			*MESH_FACE    29:    A:    129 B:    94 C:    46 AB:    1 BC:    1 CA:    1	 *MESH_SMOOTHING 1 	*MESH_MTLID 0
			*MESH_FACE    30:    A:    195 B:    156 C:    24 AB:    1 BC:    1 CA:    1	 *MESH_SMOOTHING 1 	*MESH_MTLID 0
			*MESH_FACE    31:    A:    24 B:    48 C:    80 AB:    1 BC:    1 CA:    1	 *MESH_SMOOTHING 1 	*MESH_MTLID 0
			*MESH_FACE    32:    A:    227 B:    23 C:    43 AB:    1 BC:    1 CA:    1	 *MESH_SMOOTHING 1 	*MESH_MTLID 0
			*MESH_FACE    33:    A:    233 B:    254 C:    43 AB:    1 BC:    1 CA:    1	 *MESH_SMOOTHING 1 	*MESH_MTLID 0
			*MESH_FACE    34:    A:    157 B:    196 C:    26 AB:    1 BC:    1 CA:    1	 *MESH_SMOOTHING 1 	*MESH_MTLID 0
			*MESH_FACE    35:    A:    47 B:    26 C:    89 AB:    1 BC:    1 CA:    1	 *MESH_SMOOTHING 1 	*MESH_MTLID 0
			*MESH_FACE    36:    A:    25 B:    226 C:    29 AB:    1 BC:    1 CA:    1	 *MESH_SMOOTHING 1 	*MESH_MTLID 0
			*MESH_FACE    37:    A:    252 B:    234 C:    29 AB:    1 BC:    1 CA:    1	 *MESH_SMOOTHING 1 	*MESH_MTLID 0
			*MESH_FACE    38:    A:    226 B:    246 C:    27 AB:    1 BC:    1 CA:    1	 *MESH_SMOOTHING 1 	*MESH_MTLID 0
			*MESH_FACE    39:    A:    27 B:    81 C:    11 AB:    1 BC:    1 CA:    1	 *MESH_SMOOTHING 1 	*MESH_MTLID 0
			*MESH_FACE    40:    A:    79 B:    78 C:    25 AB:    1 BC:    1 CA:    1	 *MESH_SMOOTHING 1 	*MESH_MTLID 0
			*MESH_FACE    41:    A:    136 B:    25 C:    29 AB:    1 BC:    1 CA:    1	 *MESH_SMOOTHING 1 	*MESH_MTLID 0
			*MESH_FACE    42:    A:    245 B:    227 C:    28 AB:    1 BC:    1 CA:    1	 *MESH_SMOOTHING 1 	*MESH_MTLID 0
			*MESH_FACE    43:    A:    82 B:    28 C:    8 AB:    1 BC:    1 CA:    1	 *MESH_SMOOTHING 1 	*MESH_MTLID 0
			*MESH_FACE    44:    A:    75 B:    76 C:    23 AB:    1 BC:    1 CA:    1	 *MESH_SMOOTHING 1 	*MESH_MTLID 0
			*MESH_FACE    45:    A:    23 B:    137 C:    43 AB:    1 BC:    1 CA:    1	 *MESH_SMOOTHING 1 	*MESH_MTLID 0
			*MESH_FACE    46:    A:    26 B:    29 C:    157 AB:    1 BC:    1 CA:    1	 *MESH_SMOOTHING 1 	*MESH_MTLID 0
			*MESH_FACE    47:    A:    29 B:    26 C:    136 AB:    1 BC:    1 CA:    1	 *MESH_SMOOTHING 1 	*MESH_MTLID 0
			*MESH_FACE    48:    A:    30 B:    31 C:    18 AB:    1 BC:    1 CA:    1	 *MESH_SMOOTHING 1 	*MESH_MTLID 0
