*3DSMAX_ASCIIEXPORT	110
*COMMENT "[ GothicSourcer v3.14 ] - June 2007"
*SCENE {
	*SCENE_FILENAME "WOL_BODY.MAX"
	*SCENE_FIRSTFRAME 0
	*SCENE_LASTFRAME 100
	*SCENE_FRAMESPEED 25
	*SCENE_TICKSPERFRAME 192
	*SCENE_BACKGROUND_STATIC 0	0	0
	*SCENE_AMBIENT_STATIC 0.2	0.2	0.2
}
*MATERIAL_LIST {
	*MATERIAL_COUNT 1
	*MATERIAL 0 {
		*MATERIAL_NAME "WOLF_BODY"
		*MATERIAL_CLASS "Standard"
		*MATERIAL_AMBIENT 0.443137	0.329412	0.184314
		*MATERIAL_DIFFUSE 0.443137	0.329412	0.184314
		*MATERIAL_SPECULAR 0.9	0.9	0.9
		*MATERIAL_SHINE 0.1
		*MATERIAL_SHINESTRENGTH 0
		*MATERIAL_TRANSPARENCY 0
		*MATERIAL_WIRESIZE 1
		*MATERIAL_SHADING Blinn
		*MATERIAL_XP_FALLOFF 0
		*MATERIAL_SELFILLUM 0
		*MATERIAL_FALLOFF In
		*MATERIAL_XP_TYPE Filter
		*MAP_DIFFUSE {
			*MAP_NAME "Map #1"
			*MAP_CLASS "Bitmap"
			*MAP_SUBNO 1
			*MAP_AMOUNT 1
			*BITMAP "WOL_BODY_V0.TGA"
			*MAP_TYPE Screen
			*UVW_U_OFFSET 0
			*UVW_V_OFFSET 0
			*UVW_U_TILING 1
			*UVW_V_TILING 1
			*UVW_ANGLE 0
			*UVW_BLUR 1
			*UVW_BLUR_OFFSET 0
			*UVW_NOUSE_AMT 1
			*UVW_NOISE_SIZE 1
			*UVW_NOISE_LEVEL 1
			*UVW_NOISE_PHASE 0
			*BITMAP_FILTER Pyramidal
		}
	}
}
*HELPEROBJECT {
	*NODE_NAME "Bip01"
	*NODE_TM {
		*NODE_NAME "Bip01"
		*TM_ROW0 6.27438e-006	-1	0
		*TM_ROW1 1	6.27438e-006	0
		*TM_ROW2 -0	-0	1
		*TM_ROW3 0	0	78.493
		*TM_POS 0	0	78.493
		*TM_ROTAXIS 0	0	1
		*TM_ROTANGLE 1.57079
		*TM_SCALE 1	1	1
		*TM_SCALEAXIS 0	0	0
		*TM_SCALEAXISANG 0	0	0
	}
}
*HELPEROBJECT {
	*NODE_NAME "Bip01 Pelvis"
	*NODE_PARENT "Bip01"
	*NODE_TM {
		*NODE_NAME "Bip01 Pelvis"
		*TM_ROW0 -5.96046e-008	1.79264e-006	1
		*TM_ROW1 -1.79264e-006	-1	1.79264e-006
		*TM_ROW2 1	-1.79264e-006	-5.96046e-008
		*TM_ROW3 1.8161e-015	-0.04048	78.493
		*TM_POS 1.8161e-015	-0.04048	78.493
		*TM_ROTAXIS 0.707107	0	0.707107
		*TM_ROTANGLE 3.1416
		*TM_SCALE 1	1	1
		*TM_SCALEAXIS 0	0	0
		*TM_SCALEAXISANG 0	0	0
	}
}
*HELPEROBJECT {
	*NODE_NAME "Bip01 Spine"
	*NODE_PARENT "Bip01 Pelvis"
	*NODE_TM {
		*NODE_NAME "Bip01 Spine"
		*TM_ROW0 -4.11272e-006	-0.999418	0.0341053
		*TM_ROW1 -4.32134e-006	-0.0341052	-0.999418
		*TM_ROW2 1	-4.32134e-006	-4.11272e-006
		*TM_ROW3 -1e-005	-6.61957	81.0226
		*TM_POS -1e-005	-6.61957	81.0226
		*TM_ROTAXIS 0.583803	-0.564223	0.583803
		*TM_ROTANGLE 2.11421
		*TM_SCALE 1	1	1
		*TM_SCALEAXIS 0	0	0
		*TM_SCALEAXISANG 0	0	0
	}
}
*HELPEROBJECT {
	*NODE_NAME "Bip01 Spine1"
	*NODE_PARENT "Bip01 Spine"
	*NODE_TM {
		*NODE_NAME "Bip01 Spine1"
		*TM_ROW0 -4.11272e-006	-0.999418	0.0341053
		*TM_ROW1 -4.32134e-006	-0.0341052	-0.999418
		*TM_ROW2 1	-4.32134e-006	-4.11272e-006
		*TM_ROW3 1e-005	-22.6755	81.589
		*TM_POS 1e-005	-22.6755	81.589
		*TM_ROTAXIS 0.583803	-0.564223	0.583803
		*TM_ROTANGLE 2.11421
		*TM_SCALE 1	1	1
		*TM_SCALEAXIS 0	0	0
		*TM_SCALEAXISANG 0	0	0
	}
}
*HELPEROBJECT {
	*NODE_NAME "Bip01 Spine2"
	*NODE_PARENT "Bip01 Spine1"
	*NODE_TM {
		*NODE_NAME "Bip01 Spine2"
		*TM_ROW0 2.14577e-006	-0.978311	0.20714
		*TM_ROW1 2.47359e-006	-0.20714	-0.978312
		*TM_ROW2 1	2.47359e-006	2.14577e-006
		*TM_ROW3 5e-005	-45.794	82.3916
		*TM_POS 5e-005	-45.794	82.3916
		*TM_ROTAXIS -0.613508	0.497208	-0.613508
		*TM_ROTANGLE 4.06442
		*TM_SCALE 1	1	1
		*TM_SCALEAXIS 0	0	0
		*TM_SCALEAXISANG 0	0	0
	}
}
*HELPEROBJECT {
	*NODE_NAME "Bip01 Neck"
	*NODE_PARENT "Bip01 Spine2"
	*NODE_TM {
		*NODE_NAME "Bip01 Neck"
		*TM_ROW0 3.93391e-006	-0.908038	-0.418888
		*TM_ROW1 2.44379e-006	0.418888	-0.908038
		*TM_ROW2 1	2.44379e-006	3.93391e-006
		*TM_ROW3 7e-005	-62.9324	86.0328
		*TM_POS 7e-005	-62.9324	86.0328
		*TM_ROTAXIS 0.47449	-0.74143	0.47449
		*TM_ROTANGLE 1.8656
		*TM_SCALE 1	1	1
		*TM_SCALEAXIS 0	0	0
		*TM_SCALEAXISANG 0	0	0
	}
}
*HELPEROBJECT {
	*NODE_NAME "Bip01 Neck1"
	*NODE_PARENT "Bip01 Neck"
	*NODE_TM {
		*NODE_NAME "Bip01 Neck1"
		*TM_ROW0 -2.44379e-006	-0.895062	-0.445941
		*TM_ROW1 -1.60933e-006	0.445941	-0.895063
		*TM_ROW2 1	-1.60933e-006	-2.44379e-006
		*TM_ROW3 8.99999e-005	-80.4562	77.96
		*TM_POS 8.99999e-005	-80.4562	77.96
		*TM_ROTAXIS 0.46576	-0.75242	0.46576
		*TM_ROTANGLE 1.8515
		*TM_SCALE 1	1	1
		*TM_SCALEAXIS 0	0	0
		*TM_SCALEAXISANG 0	0	0
	}
}
*HELPEROBJECT {
	*NODE_NAME "Bip01 Neck2"
	*NODE_PARENT "Bip01 Neck1"
	*NODE_TM {
		*NODE_NAME "Bip01 Neck2"
		*TM_ROW0 -8.94071e-007	-0.881284	-0.472587
		*TM_ROW1 -5.66244e-007	0.472587	-0.881284
		*TM_ROW2 1	-5.66245e-007	-8.94071e-007
		*TM_ROW3 0.00011	-91.9042	72.2645
		*TM_POS 0.00011	-91.9042	72.2645
		*TM_ROTAXIS 0.456812	-0.763313	0.456812
		*TM_ROTANGLE 1.83766
		*TM_SCALE 1	1	1
		*TM_SCALEAXIS 0	0	0
		*TM_SCALEAXISANG 0	0	0
	}
}
*HELPEROBJECT {
	*NODE_NAME "Bip01 Head"
	*NODE_PARENT "Bip01 Neck2"
	*NODE_TM {
		*NODE_NAME "Bip01 Head"
		*TM_ROW0 -3.87431e-007	-0.984809	-0.17364
		*TM_ROW1 -4.47035e-007	0.17364	-0.984809
		*TM_ROW2 1	-4.47035e-007	-3.87431e-007
		*TM_ROW3 0.00012	-99.9027	67.9753
		*TM_POS 0.00012	-99.9027	67.9753
		*TM_ROTAXIS 0.540718	-0.644398	0.540718
		*TM_ROTANGLE 1.99674
		*TM_SCALE 1	1	1
		*TM_SCALEAXIS 0	0	0
		*TM_SCALEAXISANG 0	0	0
	}
}
*HELPEROBJECT {
	*NODE_NAME "Bip01 Ponytail1"
	*NODE_PARENT "Bip01 Head"
	*NODE_TM {
		*NODE_NAME "Bip01 Ponytail1"
		*TM_ROW0 4.50015e-006	-0.923997	-0.382399
		*TM_ROW1 3.0458e-005	0.382399	-0.923997
		*TM_ROW2 1	-7.56979e-006	2.99215e-005
		*TM_ROW3 0.00013	-102.845	58.2558
		*TM_POS 0.00013	-102.845	58.2558
		*TM_ROTAXIS 0.485731	-0.726712	0.485751
		*TM_ROTANGLE 1.88471
		*TM_SCALE 1	1	1
		*TM_SCALEAXIS 0	0	0
		*TM_SCALEAXISANG 0	0	0
	}
}
*HELPEROBJECT {
	*NODE_NAME "Bip01 L Clavicle"
	*NODE_PARENT "Bip01 Neck"
	*NODE_TM {
		*NODE_NAME "Bip01 L Clavicle"
		*TM_ROW0 0.978556	0.0741647	-0.192166
		*TM_ROW1 0.17365	0.204754	0.963287
		*TM_ROW2 0.110789	-0.976	0.187485
		*TM_ROW3 10.3833	-65.4927	78.4943
		*TM_POS 10.3833	-65.4927	78.4943
		*TM_ROTAXIS -0.98675	-0.15415	0.05062
		*TM_ROTANGLE 1.38432
		*TM_SCALE 1	1	1
		*TM_SCALEAXIS 0	0	0
		*TM_SCALEAXISANG 0	0	0
	}
}
*HELPEROBJECT {
	*NODE_NAME "Bip01 L UpperArm"
	*NODE_PARENT "Bip01 L Clavicle"
	*NODE_TM {
		*NODE_NAME "Bip01 L UpperArm"
		*TM_ROW0 -0.0391875	0.187527	-0.981478
		*TM_ROW1 -0.0150734	0.982009	0.188231
		*TM_ROW2 0.999118	0.0221705	-0.0356558
		*TM_ROW3 25.0882	-64.3782	75.6066
		*TM_POS 25.0882	-64.3782	75.6066
		*TM_ROTAXIS -0.0831197	-0.991366	-0.10141
		*TM_ROTANGLE 1.61723
		*TM_SCALE 1	1	1
		*TM_SCALEAXIS 0	0	0
		*TM_SCALEAXISANG 0	0	0
	}
}
*HELPEROBJECT {
	*NODE_NAME "Bip01 L Forearm"
	*NODE_PARENT "Bip01 L UpperArm"
	*NODE_TM {
		*NODE_NAME "Bip01 L Forearm"
		*TM_ROW0 -0.0270058	-0.31088	-0.950066
		*TM_ROW1 -0.0321424	0.950191	-0.310007
		*TM_ROW2 0.999118	0.0221654	-0.0356531
		*TM_ROW3 24.1399	-59.8395	51.8523
		*TM_POS 24.1399	-59.8395	51.8523
		*TM_ROTAXIS 0.166349	-0.976137	0.139589
		*TM_ROTANGLE 1.62706
		*TM_SCALE 1	1	1
		*TM_SCALEAXIS 0	0	0
		*TM_SCALEAXISANG 0	0	0
	}
}
*HELPEROBJECT {
	*NODE_NAME "Bip01 L Hand"
	*NODE_PARENT "Bip01 L Forearm"
	*NODE_TM {
		*NODE_NAME "Bip01 L Hand"
		*TM_ROW0 0.0134346	-0.382314	-0.923935
		*TM_ROW1 -0.999657	-0.0259267	-0.00380721
		*TM_ROW2 -0.0224992	0.923669	-0.382531
		*TM_ROW3 23.12	-71.5813	15.969
		*TM_POS 23.12	-71.5813	15.969
		*TM_ROTAXIS 0.64716	-0.62899	-0.43076
		*TM_ROTANGLE 2.34272
		*TM_SCALE 1	1	1
		*TM_SCALEAXIS 0	0	0
		*TM_SCALEAXISANG 0	0	0
	}
}
*HELPEROBJECT {
	*NODE_NAME "Bip01 L Finger0"
	*NODE_PARENT "Bip01 L Hand"
	*NODE_TM {
		*NODE_NAME "Bip01 L Finger0"
		*TM_ROW0 0.0268706	-0.995019	-0.0959981
		*TM_ROW1 -0.999639	-0.0266573	-0.003501
		*TM_ROW2 0.000924502	0.0960575	-0.995376
		*TM_ROW3 23.2422	-74.4861	6.68773
		*TM_POS 23.2422	-74.4861	6.68773
		*TM_ROTAXIS 0.716133	-0.697173	-0.0332301
		*TM_ROTANGLE 3.07203
		*TM_SCALE 1	1	1
		*TM_SCALEAXIS 0	0	0
		*TM_SCALEAXISANG 0	0	0
	}
}
*HELPEROBJECT {
	*NODE_NAME "Bip01 R Clavicle"
	*NODE_PARENT "Bip01 Neck"
	*NODE_TM {
		*NODE_NAME "Bip01 R Clavicle"
		*TM_ROW0 -0.978557	0.0741685	-0.192159
		*TM_ROW1 -0.173643	0.204745	0.963291
		*TM_ROW2 0.110789	0.976002	-0.187475
		*TM_ROW3 -10.3831	-65.4927	78.4943
		*TM_POS -10.3831	-65.4927	78.4943
		*TM_ROTAXIS -0.03246	0.773619	0.632819
		*TM_ROTANGLE 3.33867
		*TM_SCALE 1	1	1
		*TM_SCALEAXIS 0	0	0
		*TM_SCALEAXISANG 0	0	0
	}
}
*HELPEROBJECT {
	*NODE_NAME "Bip01 R UpperArm"
	*NODE_PARENT "Bip01 R Clavicle"
	*NODE_TM {
		*NODE_NAME "Bip01 R UpperArm"
		*TM_ROW0 0.0663164	0.190687	-0.979409
		*TM_ROW1 0.0216154	0.981064	0.192473
		*TM_ROW2 0.997565	-0.0339344	0.0609389
		*TM_ROW3 -25.0881	-64.3783	75.6066
		*TM_POS -25.0881	-64.3783	75.6066
		*TM_ROTAXIS -0.11337	-0.989939	-0.0846599
		*TM_ROTANGLE 1.51661
		*TM_SCALE 1	1	1
		*TM_SCALEAXIS 0	0	0
		*TM_SCALEAXISANG 0	0	0
	}
}
*HELPEROBJECT {
	*NODE_NAME "Bip01 R Forearm"
	*NODE_PARENT "Bip01 R UpperArm"
	*NODE_TM {
		*NODE_NAME "Bip01 R Forearm"
		*TM_ROW0 0.0435766	-0.379004	-0.924369
		*TM_ROW1 0.0544693	0.924773	-0.376602
		*TM_ROW2 0.997564	-0.0339387	0.0609425
		*TM_ROW3 -23.4829	-59.7631	51.9024
		*TM_POS -23.4829	-59.7631	51.9024
		*TM_ROTAXIS 0.17135	-0.961069	0.21676
		*TM_ROTANGLE 1.55615
		*TM_SCALE 1	1	1
		*TM_SCALEAXIS 0	0	0
		*TM_SCALEAXISANG 0	0	0
	}
}
*HELPEROBJECT {
	*NODE_NAME "Bip01 R Hand"
	*NODE_PARENT "Bip01 R Forearm"
	*NODE_TM {
		*NODE_NAME "Bip01 R Hand"
		*TM_ROW0 -0.00466661	-0.333313	-0.942805
		*TM_ROW1 0.999569	-0.0288674	0.00525806
		*TM_ROW2 -0.0289689	-0.942374	0.333304
		*TM_ROW3 -21.837	-74.0777	16.9896
		*TM_POS -21.837	-74.0777	16.9896
		*TM_ROTAXIS -0.505832	-0.487792	0.711473
		*TM_ROTANGLE 1.92849
		*TM_SCALE 1	1	1
		*TM_SCALEAXIS 0	0	0
		*TM_SCALEAXISANG 0	0	0
	}
}
*HELPEROBJECT {
	*NODE_NAME "Bip01 R Finger0"
	*NODE_PARENT "Bip01 R Hand"
	*NODE_TM {
		*NODE_NAME "Bip01 R Finger0"
		*TM_ROW0 -0.0284733	-0.988527	-0.148341
		*TM_ROW1 0.999546	-0.029621	0.00553265
		*TM_ROW2 -0.00986316	-0.148116	0.988921
		*TM_ROW3 -21.8686	-76.4915	7.56791
		*TM_POS -21.8686	-76.4915	7.56791
		*TM_ROTAXIS -0.0768701	-0.0692801	0.994631
		*TM_ROTANGLE 1.60539
		*TM_SCALE 1	1	1
		*TM_SCALEAXIS 0	0	0
		*TM_SCALEAXISANG 0	0	0
	}
}
*HELPEROBJECT {
	*NODE_NAME "Bip01 L Thigh"
	*NODE_PARENT "Bip01 Spine"
	*NODE_TM {
		*NODE_NAME "Bip01 L Thigh"
		*TM_ROW0 0.0444618	0.135232	-0.989816
		*TM_ROW1 -0.0219088	-0.990425	-0.1363
		*TM_ROW2 -0.998771	0.0277458	-0.0410731
		*TM_ROW3 14.4607	-0.0404608	78.493
		*TM_POS 14.4607	-0.0404608	78.493
		*TM_ROTAXIS 0.72158	0.03939	-0.69121
		*TM_ROTANGLE 3.02768
		*TM_SCALE 1	1	1
		*TM_SCALEAXIS 0	0	0
		*TM_SCALEAXISANG 0	0	0
	}
}
*HELPEROBJECT {
	*NODE_NAME "Bip01 L Calf"
	*NODE_PARENT "Bip01 L Thigh"
	*NODE_TM {
		*NODE_NAME "Bip01 L Calf"
		*TM_ROW0 0.0457426	0.834891	-0.548512
		*TM_ROW1 0.0190672	-0.549716	-0.835134
		*TM_ROW2 -0.998771	0.0277426	-0.0410643
		*TM_ROW3 15.8543	4.19939	47.4608
		*TM_POS 15.8543	4.19939	47.4608
		*TM_ROTAXIS 0.679439	0.35454	-0.642389
		*TM_ROTANGLE 2.4536
		*TM_SCALE 1	1	1
		*TM_SCALEAXIS 0	0	0
		*TM_SCALEAXISANG 0	0	0
	}
}
*HELPEROBJECT {
	*NODE_NAME "Bip01 L HorseLink"
	*NODE_PARENT "Bip01 L Calf"
	*NODE_TM {
		*NODE_NAME "Bip01 L HorseLink"
		*TM_ROW0 0.0456782	0.193508	-0.980035
		*TM_ROW1 -0.0192442	-0.980706	-0.194538
		*TM_ROW2 -0.998771	0.0277461	-0.0410728
		*TM_ROW3 17.1624	28.0749	31.7748
		*TM_POS 17.1624	28.0749	31.7748
		*TM_ROTAXIS 0.72109	0.06078	-0.69017
		*TM_ROTANGLE 2.98685
		*TM_SCALE 1	1	1
		*TM_SCALEAXIS 0	0	0
		*TM_SCALEAXISANG 0	0	0
	}
}
*HELPEROBJECT {
	*NODE_NAME "Bip01 L Foot"
	*NODE_PARENT "Bip01 L HorseLink"
	*NODE_TM {
		*NODE_NAME "Bip01 L Foot"
		*TM_ROW0 -5.77801e-008	1.81571e-006	-1
		*TM_ROW1 -1.79131e-006	-1	-1.83498e-006
		*TM_ROW2 -1	1.80299e-006	-6.66904e-008
		*TM_ROW3 18.1877	32.4193	9.77189
		*TM_POS 18.1877	32.4193	9.77189
		*TM_ROTAXIS 0.707107	8.627e-009	-0.707107
		*TM_ROTANGLE 3.14159
		*TM_SCALE 1	1	1
		*TM_SCALEAXIS 0	0	0
		*TM_SCALEAXISANG 0	0	0
	}
}
*HELPEROBJECT {
	*NODE_NAME "Bip01 L Toe0"
	*NODE_PARENT "Bip01 L Foot"
	*NODE_TM {
		*NODE_NAME "Bip01 L Toe0"
		*TM_ROW0 3.10078e-006	-1	2.9081e-006
		*TM_ROW1 2.94861e-006	3.07638e-006	1
		*TM_ROW2 -1	-2.94008e-006	3.09236e-006
		*TM_ROW3 18.1877	15.1062	0.377825
		*TM_POS 18.1877	15.1062	0.377825
		*TM_ROTAXIS -0.57735	0.57735	0.57735
		*TM_ROTANGLE 2.09439
		*TM_SCALE 1	1	1
		*TM_SCALEAXIS 0	0	0
		*TM_SCALEAXISANG 0	0	0
	}
}
*HELPEROBJECT {
	*NODE_NAME "Bip01 R Thigh"
	*NODE_PARENT "Bip01 Spine"
	*NODE_TM {
		*NODE_NAME "Bip01 R Thigh"
		*TM_ROW0 -0.0647877	0.251345	-0.965727
		*TM_ROW1 0.0162307	-0.967367	-0.252861
		*TM_ROW2 -0.997767	-0.0320566	0.058594
		*TM_ROW3 -14.4607	-0.0405001	78.493
		*TM_POS -14.4607	-0.0405001	78.493
		*TM_ROTAXIS 0.681222	0.0988503	-0.725372
		*TM_ROTANGLE 2.97881
		*TM_SCALE 1	1	1
		*TM_SCALEAXIS 0	0	0
		*TM_SCALEAXISANG 0	0	0
	}
}
*HELPEROBJECT {
	*NODE_NAME "Bip01 R Calf"
	*NODE_PARENT "Bip01 R Thigh"
	*NODE_TM {
		*NODE_NAME "Bip01 R Calf"
		*TM_ROW0 -0.0606076	0.803113	-0.592737
		*TM_ROW1 -0.0280552	-0.594964	-0.803263
		*TM_ROW2 -0.997767	-0.0320545	0.058591
		*TM_ROW3 -16.492	7.83973	48.2161
		*TM_POS -16.492	7.83973	48.2161
		*TM_ROTAXIS 0.64053	0.3364	-0.69033
		*TM_ROTANGLE 2.49558
		*TM_SCALE 1	1	1
		*TM_SCALEAXIS 0	0	0
		*TM_SCALEAXISANG 0	0	0
	}
}
*HELPEROBJECT {
	*NODE_NAME "Bip01 R HorseLink"
	*NODE_PARENT "Bip01 R Calf"
	*NODE_TM {
		*NODE_NAME "Bip01 R HorseLink"
		*TM_ROW0 -0.0636918	0.192962	-0.979137
		*TM_ROW1 0.0200862	-0.980682	-0.194573
		*TM_ROW2 -0.997767	-0.0320599	0.0585856
		*TM_ROW3 -18.2255	30.8065	31.2654
		*TM_POS -18.2255	30.8065	31.2654
		*TM_ROTAXIS 0.682831	0.0782801	-0.726371
		*TM_ROTANGLE 3.02231
		*TM_SCALE 1	1	1
		*TM_SCALEAXIS 0	0	0
		*TM_SCALEAXISANG 0	0	0
	}
}
*HELPEROBJECT {
	*NODE_NAME "Bip01 R Foot"
	*NODE_PARENT "Bip01 R HorseLink"
	*NODE_TM {
		*NODE_NAME "Bip01 R Foot"
		*TM_ROW0 -6.75488e-008	-1.77017e-006	-1
		*TM_ROW1 1.79568e-006	-1	1.88356e-006
		*TM_ROW2 -1	-1.77859e-006	-6.16527e-008
		*TM_ROW3 -19.6557	35.1386	9.28271
		*TM_POS -19.6557	35.1386	9.28271
		*TM_ROTAXIS 0.707107	-3.71113e-008	-0.707107
		*TM_ROTANGLE 3.1416
		*TM_SCALE 1	1	1
		*TM_SCALEAXIS 0	0	0
		*TM_SCALEAXISANG 0	0	0
	}
}
*HELPEROBJECT {
	*NODE_NAME "Bip01 R Toe0"
	*NODE_PARENT "Bip01 R Foot"
	*NODE_TM {
		*NODE_NAME "Bip01 R Toe0"
		*TM_ROW0 3.10247e-006	-1	3.04134e-006
		*TM_ROW1 2.95837e-006	3.07697e-006	1
		*TM_ROW2 -1	-2.93638e-006	3.09739e-006
		*TM_ROW3 -19.6556	17.8256	-0.111324
		*TM_POS -19.6556	17.8256	-0.111324
		*TM_ROTAXIS -0.57735	0.57735	0.57735
		*TM_ROTANGLE 2.09439
		*TM_SCALE 1	1	1
		*TM_SCALEAXIS 0	0	0
		*TM_SCALEAXISANG 0	0	0
	}
}
*HELPEROBJECT {
	*NODE_NAME "Bip01 Tail"
	*NODE_PARENT "Bip01 Spine"
	*NODE_TM {
		*NODE_NAME "Bip01 Tail"
		*TM_ROW0 -5.94556e-006	0.70067	-0.713486
		*TM_ROW1 -9.05991e-006	0.713486	0.70067
		*TM_ROW2 1	1.0699e-005	2.11597e-006
		*TM_ROW3 -9.99999e-006	8.69728	85.3587
		*TM_POS -9.99999e-006	8.69728	85.3587
		*TM_ROTAXIS -0.353981	-0.865672	-0.353991
		*TM_ROTANGLE 1.71455
		*TM_SCALE 1	1	1
		*TM_SCALEAXIS 0	0	0
		*TM_SCALEAXISANG 0	0	0
	}
}
*HELPEROBJECT {
	*NODE_NAME "Bip01 Tail1"
	*NODE_PARENT "Bip01 Tail"
	*NODE_TM {
		*NODE_NAME "Bip01 Tail1"
		*TM_ROW0 5.0813e-006	0.332424	-0.94313
		*TM_ROW1 -8.64267e-007	0.94313	0.332424
		*TM_ROW2 1	-8.64266e-007	5.0813e-006
		*TM_ROW3 -2.99999e-005	25.0963	68.6374
		*TM_POS -2.99999e-005	25.0963	68.6374
		*TM_ROTAXIS -0.16628	-0.971958	-0.16628
		*TM_ROTANGLE 1.59923
		*TM_SCALE 1	1	1
		*TM_SCALEAXIS 0	0	0
		*TM_SCALEAXISANG 0	0	0
	}
}
*HELPEROBJECT {
	*NODE_NAME "Bip01 Tail2"
	*NODE_PARENT "Bip01 Tail1"
	*NODE_TM {
		*NODE_NAME "Bip01 Tail2"
		*TM_ROW0 -1.98139e-006	0.145238	-0.989397
		*TM_ROW1 1.49012e-007	0.989397	0.145238
		*TM_ROW2 1	1.49012e-007	-1.98139e-006
		*TM_ROW3 -3.99999e-005	32.2467	48.3103
		*TM_POS -3.99999e-005	32.2467	48.3103
		*TM_ROTAXIS -0.0726201	-0.994712	-0.0726202
		*TM_ROTANGLE 1.5761
		*TM_SCALE 1	1	1
		*TM_SCALEAXIS 0	0	0
		*TM_SCALEAXISANG 0	0	0
	}
}
*HELPEROBJECT {
	*NODE_NAME "Bip01 Tail3"
	*NODE_PARENT "Bip01 Tail2"
	*NODE_TM {
		*NODE_NAME "Bip01 Tail3"
		*TM_ROW0 2.64496e-007	0.363019	-0.931782
		*TM_ROW1 -1.0401e-005	0.931782	0.363019
		*TM_ROW2 1	9.58145e-006	4.01959e-006
		*TM_ROW3 -3.99999e-005	34.7228	31.3306
		*TM_POS -3.99999e-005	34.7228	31.3306
		*TM_ROTAXIS -0.181611	-0.966453	-0.181621
		*TM_ROTANGLE 1.60491
		*TM_SCALE 1	1	1
		*TM_SCALEAXIS 0	0	0
		*TM_SCALEAXISANG 0	0	0
	}
}
*HELPEROBJECT {
	*NODE_NAME "Bip01 Tail4"
	*NODE_PARENT "Bip01 Tail3"
	*NODE_TM {
		*NODE_NAME "Bip01 Tail4"
		*TM_ROW0 -4.23193e-006	0.876482	-0.481435
		*TM_ROW1 2.563e-006	0.481435	0.876482
		*TM_ROW2 1	2.563e-006	-4.23193e-006
		*TM_ROW3 -5.99999e-005	42.2798	11.8941
		*TM_POS -5.99999e-005	42.2798	11.8941
		*TM_ROTAXIS -0.453758	-0.766947	-0.453758
		*TM_ROTANGLE 1.83308
		*TM_SCALE 1	1	1
		*TM_SCALEAXIS 0	0	0
		*TM_SCALEAXISANG 0	0	0
	}
}
*HELPEROBJECT {
	*NODE_NAME "Dummy"
	*NODE_PARENT "Bip01 Ponytail1"
	*NODE_TM {
		*NODE_NAME "Dummy"
		*TM_ROW0 -1	-0	0
		*TM_ROW1 -0	-1	0
		*TM_ROW2 -0	-0	1
		*TM_ROW3 0.000135	-104.316	53.396
		*TM_POS 0.000135	-104.316	53.396
		*TM_ROTAXIS 0	0	-1
		*TM_ROTANGLE 3.14159
		*TM_SCALE 1	1	1
		*TM_SCALEAXIS 0	0	0
		*TM_SCALEAXISANG 0	0	0
	}
}
*HELPEROBJECT {
	*NODE_NAME "Dummy1"
	*NODE_PARENT "Bip01 L Finger0"
	*NODE_TM {
		*NODE_NAME "Dummy1"
		*TM_ROW0 -1	-0	0
		*TM_ROW1 -0	-1	0
		*TM_ROW2 -0	-0	1
		*TM_ROW3 23.3034	-75.9385	2.04707
		*TM_POS 23.3034	-75.9385	2.04707
		*TM_ROTAXIS 0	0	-1
		*TM_ROTANGLE 3.14159
		*TM_SCALE 1	1	1
		*TM_SCALEAXIS 0	0	0
		*TM_SCALEAXISANG 0	0	0
	}
}
*HELPEROBJECT {
	*NODE_NAME "Dummy2"
	*NODE_PARENT "Bip01 R Finger0"
	*NODE_TM {
		*NODE_NAME "Dummy2"
		*TM_ROW0 -1	-0	0
		*TM_ROW1 -0	-1	0
		*TM_ROW2 -0	-0	1
		*TM_ROW3 -21.8844	-77.6983	2.85706
		*TM_POS -21.8844	-77.6983	2.85706
		*TM_ROTAXIS 0	0	-1
		*TM_ROTANGLE 3.14159
		*TM_SCALE 1	1	1
		*TM_SCALEAXIS 0	0	0
		*TM_SCALEAXISANG 0	0	0
	}
}
*HELPEROBJECT {
	*NODE_NAME "Dummy3"
	*NODE_PARENT "Bip01 L Toe0"
	*NODE_TM {
		*NODE_NAME "Dummy3"
		*TM_ROW0 -1	-0	0
		*TM_ROW1 -0	-1	0
		*TM_ROW2 -0	-0	1
		*TM_ROW3 18.1878	6.44974	-4.31921
		*TM_POS 18.1878	6.44974	-4.31921
		*TM_ROTAXIS 0	0	-1
		*TM_ROTANGLE 3.14159
		*TM_SCALE 1	1	1
		*TM_SCALEAXIS 0	0	0
		*TM_SCALEAXISANG 0	0	0
	}
}
*HELPEROBJECT {
	*NODE_NAME "Dummy4"
	*NODE_PARENT "Bip01 R Toe0"
	*NODE_TM {
		*NODE_NAME "Dummy4"
		*TM_ROW0 -1	-0	0
		*TM_ROW1 -0	-1	0
		*TM_ROW2 -0	-0	1
		*TM_ROW3 -19.6556	9.16907	-4.80834
		*TM_POS -19.6556	9.16907	-4.80834
		*TM_ROTAXIS 0	0	-1
		*TM_ROTANGLE 3.14159
		*TM_SCALE 1	1	1
		*TM_SCALEAXIS 0	0	0
		*TM_SCALEAXISANG 0	0	0
	}
}
*HELPEROBJECT {
	*NODE_NAME "Dummy5"
	*NODE_PARENT "Bip01 Tail4"
	*NODE_TM {
		*NODE_NAME "Dummy5"
		*TM_ROW0 -1	-0	0
		*TM_ROW1 -0	-1	0
		*TM_ROW2 -0	-0	1
		*TM_ROW3 -6.99999e-005	46.0583	2.1759
		*TM_POS -6.99999e-005	46.0583	2.1759
		*TM_ROTAXIS 0	0	-1
		*TM_ROTANGLE 3.14159
		*TM_SCALE 1	1	1
		*TM_SCALEAXIS 0	0	0
		*TM_SCALEAXISANG 0	0	0
	}
}
*GEOMOBJECT {
	*NODE_NAME "zm_Skin"
	*NODE_PARENT "Bip01"
	*NODE_TM {
		*NODE_NAME "zm_Skin"
		*TM_ROW0 -1	-0	0
		*TM_ROW1 -0	-1	0
		*TM_ROW2 -0	-0	1
		*TM_ROW3 -0	-0	0
		*TM_POS -0	-0	0
		*TM_ROTAXIS 0	0	-1
		*TM_ROTANGLE 3.14159
		*TM_SCALE 1	1	1
		*TM_SCALEAXIS 0	0	0
		*TM_SCALEAXISANG 0	0	0
	}
	*MATERIAL_REF 0
	*MESH_SOFTSKIN {
		*TIMEVALUE 0
		*MESH_NUMVERTEX 271
		*MESH_NUMFACES 532
		*MESH_VERTEX_LIST {
			*MESH_VERTEX 0	-24.2507	35.2547	-0.518565
			*MESH_VERTEX 1	-16.0603	0.283812	44.5004
			*MESH_VERTEX 2	17.7977	-53.3663	62.1714
			*MESH_VERTEX 3	-12.6158	19.7958	76.1675
			*MESH_VERTEX 4	19.7838	-77.2602	-0.523515
			*MESH_VERTEX 5	22.4503	-61.5867	94.6921
			*MESH_VERTEX 6	-0.03493	-123.596	51.3179
			*MESH_VERTEX 7	-17.6034	-53.3525	62.2857
			*MESH_VERTEX 8	-18.4699	-78.447	0.239573
			*MESH_VERTEX 9	-22.5137	-61.5867	94.6922
			*MESH_VERTEX 10	-14.2613	30.4515	29.7999
			*MESH_VERTEX 11	-15.8399	-12.0614	69.8153
			*MESH_VERTEX 12	12.996	29.0543	30.3002
			*MESH_VERTEX 13	22.7775	32.5354	-0.0294346
			*MESH_VERTEX 14	14.6228	13.9373	53.4153
			*MESH_VERTEX 15	24.3069	-90.6368	89.0076
			*MESH_VERTEX 16	15.9322	-91.9777	65.7007
			*MESH_VERTEX 17	6.36445	-104.505	88.7852
			*MESH_VERTEX 18	-22.6255	-95.9492	0.283242
			*MESH_VERTEX 19	11.7844	9.28889	89.8698
			*MESH_VERTEX 20	-1.55309	42.5882	11.3826
			*MESH_VERTEX 21	-0.03504	28.5724	70.8059
			*MESH_VERTEX 22	19.7876	-47.8559	73.2267
			*MESH_VERTEX 23	-6.58957	-4.37699	62.4116
			*MESH_VERTEX 24	-0.03512	6.07491	61.0993
			*MESH_VERTEX 25	23.7094	21.3128	7.19402
			*MESH_VERTEX 26	17.7389	14.8931	-0.0527349
			*MESH_VERTEX 27	-25.1756	24.0321	6.7049
			*MESH_VERTEX 28	-19.2497	17.6124	-0.541864
			*MESH_VERTEX 29	-24.3769	-90.6369	90.8034
			*MESH_VERTEX 30	-8.11994	-107.367	60.4486
			*MESH_VERTEX 31	-0.03492	-102.004	65.8585
			*MESH_VERTEX 32	8.04996	-107.367	60.6794
			*MESH_VERTEX 33	-0.03493	-127.016	54.8734
			*MESH_VERTEX 34	8e-005	-61.8171	113.017
			*MESH_VERTEX 35	-5.02724	16.0104	81.0133
			*MESH_VERTEX 36	4.23861	49.3167	7.86852
			*MESH_VERTEX 37	-4.30787	49.3167	7.86852
			*MESH_VERTEX 38	-20.4879	-93.545	70.7583
			*MESH_VERTEX 39	-15.3821	-75.8519	72.0594
			*MESH_VERTEX 40	-23.8961	-50.5987	48.0482
			*MESH_VERTEX 41	-23.3344	30.7518	31.0184
			*MESH_VERTEX 42	20.816	-95.8364	90.5231
			*MESH_VERTEX 43	15.0629	-3.51541	44.0929
			*MESH_VERTEX 44	22.1526	29.3728	31.3628
			*MESH_VERTEX 45	15.42	-12.6564	70.8507
			*MESH_VERTEX 46	6.1213	-6.21397	63.2789
			*MESH_VERTEX 47	15.8906	-68.841	64.9183
			*MESH_VERTEX 48	28.8188	-66.0225	71.8838
			*MESH_VERTEX 49	17.291	-75.4413	92.7812
			*MESH_VERTEX 50	24.1162	-68.2828	49.865
			*MESH_VERTEX 51	27.5231	-74.1623	16.5916
			*MESH_VERTEX 52	23.8995	-94.3009	0.440718
			*MESH_VERTEX 53	28.7723	-77.274	-0.540594
			*MESH_VERTEX 54	-13.276	24.6915	6.62473
			*MESH_VERTEX 55	-27.4576	-78.4326	0.0968624
			*MESH_VERTEX 56	11.7203	21.9722	7.11387
			*MESH_VERTEX 57	10.6036	-94.9771	88.423
			*MESH_VERTEX 58	-23.4837	-68.1869	50.2949
			*MESH_VERTEX 59	4.51821	-128.108	62.6848
			*MESH_VERTEX 60	10.1644	-110.666	69.2894
			*MESH_VERTEX 61	-4.58826	-128.108	62.6849
			*MESH_VERTEX 62	-17.2634	-60.3793	48.1012
			*MESH_VERTEX 63	-19.6304	29.9378	8.61446
			*MESH_VERTEX 64	-14.513	34.736	-0.523205
			*MESH_VERTEX 65	-15.4533	17.0142	55.1328
			*MESH_VERTEX 66	-0.0349	12.9904	74.3813
			*MESH_VERTEX 67	18.1224	27.7966	9.1036
			*MESH_VERTEX 68	12.9666	32.0166	-0.0340549
			*MESH_VERTEX 69	20.1848	-4.46741	83.3363
			*MESH_VERTEX 70	17.4415	37.9977	7.82041
			*MESH_VERTEX 71	1.55995	42.6956	11.5019
			*MESH_VERTEX 72	-6.43446	-104.505	88.7853
			*MESH_VERTEX 73	18.0172	-60.2511	47.8262
			*MESH_VERTEX 74	-18.9958	40.1423	7.32209
			*MESH_VERTEX 75	-16.6838	-95.219	80.8777
			*MESH_VERTEX 76	-0.03371	-98.6276	90.3862
			*MESH_VERTEX 77	13.0099	19.473	73.7612
			*MESH_VERTEX 78	-0.03476	29.385	47.6439
			*MESH_VERTEX 79	4.95745	16.0109	81.0138
			*MESH_VERTEX 80	-17.9486	27.4831	27.6171
			*MESH_VERTEX 81	16.7007	26.1416	27.9194
			*MESH_VERTEX 82	-20.3308	-4.5654	83.1522
			*MESH_VERTEX 83	-0.03543	2.66925	96.2903
			*MESH_VERTEX 84	-11.6993	9.03325	90.0357
			*MESH_VERTEX 85	-0.04351	-75.4604	54.7152
			*MESH_VERTEX 86	10.9421	22.2644	-0.0467148
			*MESH_VERTEX 87	-12.5036	24.9838	-0.535865
			*MESH_VERTEX 88	20.4179	-93.545	70.7583
			*MESH_VERTEX 89	10.9129	-112.113	78.5071
			*MESH_VERTEX 90	-0.0349	-117.946	72.4481
			*MESH_VERTEX 91	-10.2344	-110.666	69.2894
			*MESH_VERTEX 92	-10.983	-112.113	78.5072
			*MESH_VERTEX 93	24.4585	-79.8777	8.87413
			*MESH_VERTEX 94	30.405	-89.1501	0.136936
			*MESH_VERTEX 95	28.5248	-87.7739	6.10137
			*MESH_VERTEX 96	-27.2824	-89.7085	6.21378
			*MESH_VERTEX 97	-29.1176	-90.7621	0.159882
			*MESH_VERTEX 98	-23.2262	-81.4035	9.36912
			*MESH_VERTEX 99	-28.826	-65.9361	71.734
			*MESH_VERTEX 100	16.1521	-19.7344	80.9508
			*MESH_VERTEX 101	19.435	3.20837	48.2311
			*MESH_VERTEX 102	-10.7514	4.03358	48.7497
			*MESH_VERTEX 103	9.84692	0.42579	48.4148
			*MESH_VERTEX 104	-20.4105	6.80666	49.0474
			*MESH_VERTEX 105	-16.2219	-19.7345	80.9509
			*MESH_VERTEX 106	16.6138	-95.219	80.8776
			*MESH_VERTEX 107	9.76212	-85.7153	90.7102
			*MESH_VERTEX 108	23.9583	-70.8009	5.66969
			*MESH_VERTEX 109	-20.886	-95.8364	92.3188
			*MESH_VERTEX 110	-10.6736	-94.9771	88.4231
			*MESH_VERTEX 111	-16.0021	-91.9778	65.7007
			*MESH_VERTEX 112	-9.83208	-85.7153	90.7102
			*MESH_VERTEX 113	-17.3556	-75.4454	92.7863
			*MESH_VERTEX 114	24.3295	23.6133	-0.0530048
			*MESH_VERTEX 115	-25.7912	26.3326	-0.542135
			*MESH_VERTEX 116	-16.2787	-91.7403	0.359173
			*MESH_VERTEX 117	17.5624	-90.0718	0.206547
			*MESH_VERTEX 118	17.5553	32.4502	34.406
			*MESH_VERTEX 119	-0.03495	-119.592	46.0092
			*MESH_VERTEX 120	-6.48707	-106.376	53.3852
			*MESH_VERTEX 121	5.55713	-117.379	48.8846
			*MESH_VERTEX 122	-6.30009	-119.535	53.8553
			*MESH_VERTEX 123	-5.62708	-117.379	48.8846
			*MESH_VERTEX 124	-0.03397	-94.1408	51.2002
			*MESH_VERTEX 125	-0.0355	-111.836	84.8673
			*MESH_VERTEX 126	6.2301	-119.535	53.8554
			*MESH_VERTEX 127	6.41714	-106.376	53.3853
			*MESH_VERTEX 128	5.20172	5.99798	67.2219
			*MESH_VERTEX 129	6.41442	-118.808	57.9852
			*MESH_VERTEX 130	-6.48446	-118.808	57.9852
			*MESH_VERTEX 131	-0.03491	-128.372	57.9934
			*MESH_VERTEX 132	-18.7526	33.8977	33.8394
			*MESH_VERTEX 133	-0.03502	-20.9256	94.7006
			*MESH_VERTEX 134	-15.7314	-86.7387	71.2007
			*MESH_VERTEX 135	1.83292	34.8196	31.6293
			*MESH_VERTEX 136	-0.0444	43.5687	12.4725
			*MESH_VERTEX 137	-1.90236	34.8191	31.6292
			*MESH_VERTEX 138	-0.04394	41.6362	10.3242
			*MESH_VERTEX 139	3e-005	-37.27	52.6828
			*MESH_VERTEX 140	-15.8633	-68.8561	65.0213
			*MESH_VERTEX 141	-10.2884	-64.9996	55.4164
			*MESH_VERTEX 142	-18.315	-89.2439	6.21243
			*MESH_VERTEX 143	15.6614	-86.7389	71.2005
			*MESH_VERTEX 144	-5.36477	6.85046	67.6068
			*MESH_VERTEX 145	-19.7021	-47.8552	73.3189
			*MESH_VERTEX 146	19.5586	-87.2788	5.94946
			*MESH_VERTEX 147	10.5546	-76.1306	61.9201
			*MESH_VERTEX 148	15.3102	-75.8482	72.048
			*MESH_VERTEX 149	-5.08114	-125.184	58.5521
			*MESH_VERTEX 150	5.01109	-125.184	58.552
			*MESH_VERTEX 151	4e-005	-40.8315	108.361
			*MESH_VERTEX 152	10.0662	-21.5605	89.7267
			*MESH_VERTEX 153	13.7647	-5.01224	91.7414
			*MESH_VERTEX 154	-10.136	-21.5605	89.7268
			*MESH_VERTEX 155	-13.8286	-5.07233	91.7227
			*MESH_VERTEX 156	-10.6181	-76.1305	61.9201
			*MESH_VERTEX 157	-4.60524	-122.773	52.8799
			*MESH_VERTEX 158	4.53523	-122.773	52.8799
			*MESH_VERTEX 159	-0.0348	62.9094	0.73142
			*MESH_VERTEX 160	10.2187	-65.0003	55.417
			*MESH_VERTEX 161	-8.94879	-110.205	61.6875
			*MESH_VERTEX 162	-6.19553	16.2648	72.8822
			*MESH_VERTEX 163	-9.11808	16.4304	61.2253
			*MESH_VERTEX 164	-14.0171	-22.7039	66.7893
			*MESH_VERTEX 165	-19.4429	-36.2728	66.9657
			*MESH_VERTEX 166	24.7445	-50.6269	48.3502
			*MESH_VERTEX 167	8.87878	-110.205	61.6875
			*MESH_VERTEX 168	-22.6743	-72.2121	6.88101
			*MESH_VERTEX 169	-28.3916	-62.072	49.0166
			*MESH_VERTEX 170	-26.3481	-75.9311	17.5379
			*MESH_VERTEX 171	21.9237	-72.5841	61.556
			*MESH_VERTEX 172	-0.03508	36.6724	32.0764
			*MESH_VERTEX 173	-2.61285	32.1278	48.2334
			*MESH_VERTEX 174	2.54338	32.1279	48.2335
			*MESH_VERTEX 175	19.3731	-36.2727	66.9657
			*MESH_VERTEX 176	13.9474	-22.7038	66.7892
			*MESH_VERTEX 177	-21.7535	-72.4937	61.5313
			*MESH_VERTEX 178	5.62391	-118.439	69.6877
			*MESH_VERTEX 179	-21.8954	-76.7404	71.3438
			*MESH_VERTEX 180	-5.69396	-118.439	69.6878
			*MESH_VERTEX 181	-0.0349	-129.703	63.9119
			*MESH_VERTEX 182	-0.03489	-121.989	66.2463
			*MESH_VERTEX 183	-18.0932	-76.4011	17.8246
			*MESH_VERTEX 184	-7.44946	-2.79765	57.1127
			*MESH_VERTEX 185	21.7788	-76.7189	71.3265
			*MESH_VERTEX 186	-0.03487	-106.198	51.7753
			*MESH_VERTEX 187	6.36229	15.7035	71.0554
			*MESH_VERTEX 188	9.35529	14.2109	59.4439
			*MESH_VERTEX 189	7.06763	-116.505	51.9269
			*MESH_VERTEX 190	-7.1376	-116.505	51.9268
			*MESH_VERTEX 191	29.1073	-62.2088	49.0328
			*MESH_VERTEX 192	8.82731	-5.37923	57.7434
			*MESH_VERTEX 193	22.1203	0.526938	69.4036
			*MESH_VERTEX 194	-0.03535	18.5897	86.0785
			*MESH_VERTEX 195	19.2625	-74.5619	16.7061
			*MESH_VERTEX 196	-0.03303	-16.227	58.2722
			*MESH_VERTEX 197	22.7099	-51.2998	61.3711
			*MESH_VERTEX 198	-3.45592	25.4521	68.9823
			*MESH_VERTEX 199	3.3863	25.4523	68.9825
			*MESH_VERTEX 200	7.6724	-115.402	77.5287
			*MESH_VERTEX 201	-7.74245	-115.402	77.5287
			*MESH_VERTEX 202	-0.03491	47.2057	4.56926
			*MESH_VERTEX 203	-22.3009	-51.1975	61.4555
			*MESH_VERTEX 204	-22.3521	1.75133	69.7187
			*MESH_VERTEX 205	-0.03542	-77.2621	107.173
			*MESH_VERTEX 206	-0.03485	-87.1279	96.2
			*MESH_VERTEX 207	29.1383	-74.6822	7.8004
			*MESH_VERTEX 208	23.731	-68.2354	12.9945
			*MESH_VERTEX 209	-27.883	-76.1643	8.61035
			*MESH_VERTEX 210	-22.4695	-70.0078	14.1567
			*MESH_VERTEX 211	7e-005	-66.5707	51.579
			*MESH_VERTEX 212	18.0844	-44.5347	91.1932
			*MESH_VERTEX 213	13.517	-61.4506	99.1858
			*MESH_VERTEX 214	-18.1478	-44.5348	91.1932
			*MESH_VERTEX 215	-13.5743	-61.4499	99.1899
			*MESH_VERTEX 216	-21.684	15.1642	44.9002
			*MESH_VERTEX 217	20.6091	11.6127	44.3583
			*MESH_VERTEX 218	11.1498	-41.6231	98.6698
			*MESH_VERTEX 219	-11.2196	-41.6233	98.6698
			*MESH_VERTEX 220	15.8563	-101.201	76.1286
			*MESH_VERTEX 221	-15.9263	-101.201	76.1287
			*MESH_VERTEX 222	-17.9142	-76.2854	8.54197
			*MESH_VERTEX 223	19.1704	-74.7783	7.60753
			*MESH_VERTEX 224	-0.03493	50.6317	10.4313
			*MESH_VERTEX 225	13.2623	33.428	10.6486
			*MESH_VERTEX 226	-14.7995	35.5875	10.0554
			*MESH_VERTEX 227	-5.05147	-114.537	70.5612
			*MESH_VERTEX 228	4.98142	-114.537	70.5612
			*MESH_VERTEX 229	21.9557	33.5991	10.3325
			*MESH_VERTEX 230	-16.2819	-8.48095	58.2844
			*MESH_VERTEX 231	15.7066	-10.9478	59.4451
			*MESH_VERTEX 232	16.864	-94.7002	87.7068
			*MESH_VERTEX 233	-16.934	-94.7002	89.5026
			*MESH_VERTEX 234	20.2742	-92.0762	85.6051
			*MESH_VERTEX 235	-11.5742	15.5156	40.6449
			*MESH_VERTEX 236	-16.4007	19.7658	52.0713
			*MESH_VERTEX 237	-7.85298	-120.52	64.8753
			*MESH_VERTEX 238	7.78293	-120.52	64.8752
			*MESH_VERTEX 239	-20.3442	-92.0762	87.4009
			*MESH_VERTEX 240	-23.4311	35.7247	9.92433
			*MESH_VERTEX 241	10.5239	12.1163	40.3403
			*MESH_VERTEX 242	15.4289	15.7449	51.8893
			*MESH_VERTEX 243	-0.03467	21.0375	65.9785
			*MESH_VERTEX 244	-9.31876	-106.903	56.2975
			*MESH_VERTEX 245	9.24879	-106.903	56.2976
			*MESH_VERTEX 246	-4.60513	-121.465	52.878
			*MESH_VERTEX 247	4.53511	-121.465	52.878
			*MESH_VERTEX 248	-0.03492	-122.574	48.7377
			*MESH_VERTEX 249	-10.8632	-38.9471	59.6865
			*MESH_VERTEX 250	10.7934	-38.947	59.6865
			*MESH_VERTEX 251	-0.03459	32.6165	31.2076
			*MESH_VERTEX 252	-9.75254	-75.2532	99.2994
			*MESH_VERTEX 253	-9.99805	-61.3185	104.184
			*MESH_VERTEX 254	9.6826	-75.2532	99.2994
			*MESH_VERTEX 255	9.92814	-61.3185	104.184
			*MESH_VERTEX 256	-5.80458	-121.251	55.1747
			*MESH_VERTEX 257	-6.26791	-120.616	53.6696
			*MESH_VERTEX 258	5.73454	-121.303	55.2196
			*MESH_VERTEX 259	6.19791	-120.616	53.6697
			*MESH_VERTEX 260	-3.88101	-120.042	49.3276
			*MESH_VERTEX 261	3.81105	-120.042	49.3276
			*MESH_VERTEX 262	-0.03491	34.2557	49.2419
			*MESH_VERTEX 263	-5.47072	-122.873	56.4697
			*MESH_VERTEX 264	5.47754	-122.667	56.5907
			*MESH_VERTEX 265	15.9129	5.20845	38.764
			*MESH_VERTEX 266	-16.9843	8.52724	39.5536
			*MESH_VERTEX 267	-22.7485	-79.1003	18.0054
			*MESH_VERTEX 268	23.8934	-77.2877	17.0665
			*MESH_VERTEX 269	3.50203	-125.021	55.6751
			*MESH_VERTEX 270	-3.40631	-125.11	55.6893
		}
		*MESH_FACE_LIST {
			*MESH_FACE    0:    A:    216 B:    236 C:    41 AB:    1 BC:    1 CA:    1	 *MESH_SMOOTHING 1 	*MESH_MTLID 0
			*MESH_FACE    1:    A:    236 B:    235 C:    10 AB:    1 BC:    1 CA:    1	 *MESH_SMOOTHING 1 	*MESH_MTLID 0
			*MESH_FACE    2:    A:    204 B:    65 C:    104 AB:    1 BC:    1 CA:    1	 *MESH_SMOOTHING 1 	*MESH_MTLID 0
			*MESH_FACE    3:    A:    241 B:    265 C:    103 AB:    1 BC:    1 CA:    1	 *MESH_SMOOTHING 1 	*MESH_MTLID 0
			*MESH_FACE    4:    A:    175 B:    100 C:    212 AB:    1 BC:    1 CA:    1	 *MESH_SMOOTHING 1 	*MESH_MTLID 0
			*MESH_FACE    5:    A:    191 B:    50 C:    51 AB:    1 BC:    1 CA:    1	 *MESH_SMOOTHING 1 	*MESH_MTLID 0
			*MESH_FACE    6:    A:    166 B:    191 C:    51 AB:    1 BC:    1 CA:    1	 *MESH_SMOOTHING 1 	*MESH_MTLID 0
			*MESH_FACE    7:    A:    139 B:    250 C:    211 AB:    1 BC:    1 CA:    1	 *MESH_SMOOTHING 1 	*MESH_MTLID 0
			*MESH_FACE    8:    A:    220 B:    17 C:    89 AB:    1 BC:    1 CA:    1	 *MESH_SMOOTHING 1 	*MESH_MTLID 0
			*MESH_FACE    9:    A:    212 B:    152 C:    218 AB:    1 BC:    1 CA:    1	 *MESH_SMOOTHING 1 	*MESH_MTLID 0
			*MESH_FACE    10:    A:    249 B:    139 C:    211 AB:    1 BC:    1 CA:    1	 *MESH_SMOOTHING 1 	*MESH_MTLID 0
			*MESH_FACE    11:    A:    221 B:    72 C:    75 AB:    1 BC:    1 CA:    1	 *MESH_SMOOTHING 1 	*MESH_MTLID 0
			*MESH_FACE    12:    A:    134 B:    113 C:    39 AB:    1 BC:    1 CA:    1	 *MESH_SMOOTHING 1 	*MESH_MTLID 0
			*MESH_FACE    13:    A:    169 B:    40 C:    170 AB:    1 BC:    1 CA:    1	 *MESH_SMOOTHING 1 	*MESH_MTLID 0
			*MESH_FACE    14:    A:    165 B:    145 C:    214 AB:    1 BC:    1 CA:    1	 *MESH_SMOOTHING 1 	*MESH_MTLID 0
			*MESH_FACE    15:    A:    58 B:    183 C:    62 AB:    1 BC:    1 CA:    1	 *MESH_SMOOTHING 1 	*MESH_MTLID 0
			*MESH_FACE    16:    A:    10 B:    132 C:    236 AB:    1 BC:    1 CA:    1	 *MESH_SMOOTHING 1 	*MESH_MTLID 0
			*MESH_FACE    17:    A:    132 B:    41 C:    236 AB:    1 BC:    1 CA:    1	 *MESH_SMOOTHING 1 	*MESH_MTLID 0
			*MESH_FACE    18:    A:    104 B:    230 C:    204 AB:    1 BC:    1 CA:    1	 *MESH_SMOOTHING 1 	*MESH_MTLID 0
			*MESH_FACE    19:    A:    80 B:    235 C:    266 AB:    1 BC:    1 CA:    1	 *MESH_SMOOTHING 1 	*MESH_MTLID 0
			*MESH_FACE    20:    A:    188 B:    103 C:    128 AB:    1 BC:    1 CA:    1	 *MESH_SMOOTHING 1 	*MESH_MTLID 0
			*MESH_FACE    21:    A:    14 B:    193 C:    101 AB:    1 BC:    1 CA:    1	 *MESH_SMOOTHING 1 	*MESH_MTLID 0
			*MESH_FACE    22:    A:    103 B:    14 C:    241 AB:    1 BC:    1 CA:    1	 *MESH_SMOOTHING 1 	*MESH_MTLID 0
			*MESH_FACE    23:    A:    118 B:    12 C:    242 AB:    1 BC:    1 CA:    1	 *MESH_SMOOTHING 1 	*MESH_MTLID 0
			*MESH_FACE    24:    A:    242 B:    217 C:    44 AB:    1 BC:    1 CA:    1	 *MESH_SMOOTHING 1 	*MESH_MTLID 0
			*MESH_FACE    25:    A:    44 B:    118 C:    242 AB:    1 BC:    1 CA:    1	 *MESH_SMOOTHING 1 	*MESH_MTLID 0
			*MESH_FACE    26:    A:    206 B:    107 C:    254 AB:    1 BC:    1 CA:    1	 *MESH_SMOOTHING 1 	*MESH_MTLID 0
			*MESH_FACE    27:    A:    49 B:    107 C:    143 AB:    1 BC:    1 CA:    1	 *MESH_SMOOTHING 1 	*MESH_MTLID 0
			*MESH_FACE    28:    A:    160 B:    147 C:    85 AB:    1 BC:    1 CA:    1	 *MESH_SMOOTHING 1 	*MESH_MTLID 0
			*MESH_FACE    29:    A:    49 B:    143 C:    148 AB:    1 BC:    1 CA:    1	 *MESH_SMOOTHING 1 	*MESH_MTLID 0
			*MESH_FACE    30:    A:    106 B:    232 C:    17 AB:    1 BC:    1 CA:    1	 *MESH_SMOOTHING 1 	*MESH_MTLID 0
			*MESH_FACE    31:    A:    57 B:    234 C:    106 AB:    1 BC:    1 CA:    1	 *MESH_SMOOTHING 1 	*MESH_MTLID 0
			*MESH_FACE    32:    A:    183 B:    58 C:    267 AB:    1 BC:    1 CA:    1	 *MESH_SMOOTHING 1 	*MESH_MTLID 0
			*MESH_FACE    33:    A:    210 B:    170 C:    40 AB:    1 BC:    1 CA:    1	 *MESH_SMOOTHING 1 	*MESH_MTLID 0
			*MESH_FACE    34:    A:    3 B:    204 C:    84 AB:    1 BC:    1 CA:    1	 *MESH_SMOOTHING 1 	*MESH_MTLID 0
			*MESH_FACE    35:    A:    187 B:    77 C:    188 AB:    1 BC:    1 CA:    1	 *MESH_SMOOTHING 1 	*MESH_MTLID 0
			*MESH_FACE    36:    A:    174 B:    21 C:    199 AB:    1 BC:    1 CA:    1	 *MESH_SMOOTHING 1 	*MESH_MTLID 0
			*MESH_FACE    37:    A:    21 B:    173 C:    198 AB:    1 BC:    1 CA:    1	 *MESH_SMOOTHING 1 	*MESH_MTLID 0
			*MESH_FACE    38:    A:    194 B:    35 C:    83 AB:    1 BC:    1 CA:    1	 *MESH_SMOOTHING 1 	*MESH_MTLID 0
			*MESH_FACE    39:    A:    79 B:    194 C:    83 AB:    1 BC:    1 CA:    1	 *MESH_SMOOTHING 1 	*MESH_MTLID 0
			*MESH_FACE    40:    A:    22 B:    175 C:    212 AB:    1 BC:    1 CA:    1	 *MESH_SMOOTHING 1 	*MESH_MTLID 0
			*MESH_FACE    41:    A:    73 B:    166 C:    195 AB:    1 BC:    1 CA:    1	 *MESH_SMOOTHING 1 	*MESH_MTLID 0
			*MESH_FACE    42:    A:    184 B:    230 C:    1 AB:    1 BC:    1 CA:    1	 *MESH_SMOOTHING 1 	*MESH_MTLID 0
			*MESH_FACE    43:    A:    249 B:    164 C:    139 AB:    1 BC:    1 CA:    1	 *MESH_SMOOTHING 1 	*MESH_MTLID 0
			*MESH_FACE    44:    A:    144 B:    24 C:    23 AB:    1 BC:    1 CA:    1	 *MESH_SMOOTHING 1 	*MESH_MTLID 0
			*MESH_FACE    45:    A:    23 B:    196 C:    164 AB:    1 BC:    1 CA:    1	 *MESH_SMOOTHING 1 	*MESH_MTLID 0
			*MESH_FACE    46:    A:    56 B:    26 C:    25 AB:    1 BC:    1 CA:    1	 *MESH_SMOOTHING 1 	*MESH_MTLID 0
			*MESH_FACE    47:    A:    25 B:    26 C:    114 AB:    1 BC:    1 CA:    1	 *MESH_SMOOTHING 1 	*MESH_MTLID 0
			*MESH_FACE    48:    A:    28 B:    54 C:    27 AB:    1 BC:    1 CA:    1	 *MESH_SMOOTHING 1 	*MESH_MTLID 0
			*MESH_FACE    49:    A:    28 B:    27 C:    115 AB:    1 BC:    1 CA:    1	 *MESH_SMOOTHING 1 	*MESH_MTLID 0
			*MESH_FACE    50:    A:    112 B:    113 C:    134 AB:    1 BC:    1 CA:    1	 *MESH_SMOOTHING 1 	*MESH_MTLID 0
			*MESH_FACE    51:    A:    154 B:    214 C:    219 AB:    1 BC:    1 CA:    1	 *MESH_SMOOTHING 1 	*MESH_MTLID 0
			*MESH_FACE    52:    A:    156 B:    124 C:    111 AB:    1 BC:    1 CA:    1	 *MESH_SMOOTHING 1 	*MESH_MTLID 0
			*MESH_FACE    53:    A:    16 B:    32 C:    245 AB:    1 BC:    1 CA:    1	 *MESH_SMOOTHING 1 	*MESH_MTLID 0
			*MESH_FACE    54:    A:    6 B:    31 C:    30 AB:    1 BC:    1 CA:    1	 *MESH_SMOOTHING 1 	*MESH_MTLID 0
			*MESH_FACE    55:    A:    88 B:    60 C:    32 AB:    1 BC:    1 CA:    1	 *MESH_SMOOTHING 1 	*MESH_MTLID 0
			*MESH_FACE    56:    A:    31 B:    6 C:    32 AB:    1 BC:    1 CA:    1	 *MESH_SMOOTHING 1 	*MESH_MTLID 0
			*MESH_FACE    57:    A:    131 B:    31 C:    167 AB:    1 BC:    1 CA:    1	 *MESH_SMOOTHING 1 	*MESH_MTLID 0
			*MESH_FACE    58:    A:    31 B:    131 C:    161 AB:    1 BC:    1 CA:    1	 *MESH_SMOOTHING 1 	*MESH_MTLID 0
			*MESH_FACE    59:    A:    72 B:    221 C:    92 AB:    1 BC:    1 CA:    1	 *MESH_SMOOTHING 1 	*MESH_MTLID 0
			*MESH_FACE    60:    A:    205 B:    252 C:    206 AB:    1 BC:    1 CA:    1	 *MESH_SMOOTHING 1 	*MESH_MTLID 0
			*MESH_FACE    61:    A:    254 B:    205 C:    206 AB:    1 BC:    1 CA:    1	 *MESH_SMOOTHING 1 	*MESH_MTLID 0
			*MESH_FACE    62:    A:    3 B:    84 C:    35 AB:    1 BC:    1 CA:    1	 *MESH_SMOOTHING 1 	*MESH_MTLID 0
			*MESH_FACE    63:    A:    102 B:    163 C:    144 AB:    1 BC:    1 CA:    1	 *MESH_SMOOTHING 1 	*MESH_MTLID 0
			*MESH_FACE    64:    A:    36 B:    202 C:    159 AB:    1 BC:    1 CA:    1	 *MESH_SMOOTHING 1 	*MESH_MTLID 0
			*MESH_FACE    65:    A:    224 B:    36 C:    159 AB:    1 BC:    1 CA:    1	 *MESH_SMOOTHING 1 	*MESH_MTLID 0
			*MESH_FACE    66:    A:    30 B:    91 C:    38 AB:    1 BC:    1 CA:    1	 *MESH_SMOOTHING 1 	*MESH_MTLID 0
			*MESH_FACE    67:    A:    30 B:    111 C:    244 AB:    1 BC:    1 CA:    1	 *MESH_SMOOTHING 1 	*MESH_MTLID 0
			*MESH_FACE    68:    A:    156 B:    141 C:    85 AB:    1 BC:    1 CA:    1	 *MESH_SMOOTHING 1 	*MESH_MTLID 0
			*MESH_FACE    69:    A:    40 B:    62 C:    183 AB:    1 BC:    1 CA:    1	 *MESH_SMOOTHING 1 	*MESH_MTLID 0
			*MESH_FACE    70:    A:    169 B:    203 C:    40 AB:    1 BC:    1 CA:    1	 *MESH_SMOOTHING 1 	*MESH_MTLID 0
			*MESH_FACE    71:    A:    7 B:    62 C:    40 AB:    1 BC:    1 CA:    1	 *MESH_SMOOTHING 1 	*MESH_MTLID 0
			*MESH_FACE    72:    A:    80 B:    216 C:    41 AB:    1 BC:    1 CA:    1	 *MESH_SMOOTHING 1 	*MESH_MTLID 0
			*MESH_FACE    73:    A:    41 B:    63 C:    80 AB:    1 BC:    1 CA:    1	 *MESH_SMOOTHING 1 	*MESH_MTLID 0
			*MESH_FACE    74:    A:    15 B:    57 C:    42 AB:    1 BC:    1 CA:    1	 *MESH_SMOOTHING 1 	*MESH_MTLID 0
			*MESH_FACE    75:    A:    42 B:    17 C:    232 AB:    1 BC:    1 CA:    1	 *MESH_SMOOTHING 1 	*MESH_MTLID 0
			*MESH_FACE    76:    A:    176 B:    250 C:    139 AB:    1 BC:    1 CA:    1	 *MESH_SMOOTHING 1 	*MESH_MTLID 0
