*3DSMAX_ASCIIEXPORT	110
*COMMENT "[ GothicSourcer v3.14 ] - June 2007"
*SCENE {
	*SCENE_FILENAME "ZOM_BODY.MAX"
	*SCENE_FIRSTFRAME 0
	*SCENE_LASTFRAME 100
	*SCENE_FRAMESPEED 25
	*SCENE_TICKSPERFRAME 192
	*SCENE_BACKGROUND_STATIC 0	0	0
	*SCENE_AMBIENT_STATIC 0.2	0.2	0.2
}
*MATERIAL_LIST {
	*MATERIAL_COUNT 1
	*MATERIAL 0 {
		*MATERIAL_NAME "V12"
		*MATERIAL_CLASS "Standard"
		*MATERIAL_AMBIENT 0.184314	0.160784	0.129412
		*MATERIAL_DIFFUSE 0.184314	0.160784	0.129412
		*MATERIAL_SPECULAR 0.9	0.9	0.9
		*MATERIAL_SHINE 0.1
		*MATERIAL_SHINESTRENGTH 0
		*MATERIAL_TRANSPARENCY 0
		*MATERIAL_WIRESIZE 1
		*MATERIAL_SHADING Blinn
		*MATERIAL_XP_FALLOFF 0
		*MATERIAL_SELFILLUM 0
		*MATERIAL_FALLOFF In
		*MATERIAL_XP_TYPE Filter
		*MAP_DIFFUSE {
			*MAP_NAME "Map #1"
			*MAP_CLASS "Bitmap"
			*MAP_SUBNO 1
			*MAP_AMOUNT 1
			*BITMAP "ZOM_BODY_V0_C0.TGA"
			*MAP_TYPE Screen
			*UVW_U_OFFSET 0
			*UVW_V_OFFSET 0
			*UVW_U_TILING 1
			*UVW_V_TILING 1
			*UVW_ANGLE 0
			*UVW_BLUR 1
			*UVW_BLUR_OFFSET 0
			*UVW_NOUSE_AMT 1
			*UVW_NOISE_SIZE 1
			*UVW_NOISE_LEVEL 1
			*UVW_NOISE_PHASE 0
			*BITMAP_FILTER Pyramidal
		}
	}
}
*HELPEROBJECT {
	*NODE_NAME "Bip01"
	*NODE_TM {
		*NODE_NAME "Bip01"
		*TM_ROW0 6.27438e-006	-1	0
		*TM_ROW1 1	6.27438e-006	0
		*TM_ROW2 -0	-0	1
		*TM_ROW3 0	-7.37745	99.9496
		*TM_POS 0	-7.37745	99.9496
		*TM_ROTAXIS 0	0	1
		*TM_ROTANGLE 1.57079
		*TM_SCALE 1	1	1
		*TM_SCALEAXIS 0	0	0
		*TM_SCALEAXISANG 0	0	0
	}
}
*HELPEROBJECT {
	*NODE_NAME "Bip01 Pelvis"
	*NODE_PARENT "Bip01"
	*NODE_TM {
		*NODE_NAME "Bip01 Pelvis"
		*TM_ROW0 -5.96046e-008	1.79264e-006	1
		*TM_ROW1 -1.79264e-006	-1	1.79264e-006
		*TM_ROW2 1	-1.79264e-006	-5.96046e-008
		*TM_ROW3 1e-005	-8.0113	99.9496
		*TM_POS 1e-005	-8.0113	99.9496
		*TM_ROTAXIS 0.707107	0	0.707107
		*TM_ROTANGLE 3.1416
		*TM_SCALE 1	1	1
		*TM_SCALEAXIS 0	0	0
		*TM_SCALEAXISANG 0	0	0
	}
}
*HELPEROBJECT {
	*NODE_NAME "Bip01 Spine"
	*NODE_PARENT "Bip01 Pelvis"
	*NODE_TM {
		*NODE_NAME "Bip01 Spine"
		*TM_ROW0 5.96047e-008	-0.0205947	0.999788
		*TM_ROW1 5.48642e-006	-0.999788	-0.0205947
		*TM_ROW2 1	5.48642e-006	5.96047e-008
		*TM_ROW3 1e-005	-7.92216	102.35
		*TM_POS 1e-005	-7.92216	102.35
		*TM_ROTAXIS 0.707088	-0.00727998	0.707088
		*TM_ROTANGLE 3.12703
		*TM_SCALE 1	1	1
		*TM_SCALEAXIS 0	0	0
		*TM_SCALEAXISANG 0	0	0
	}
}
*HELPEROBJECT {
	*NODE_NAME "Bip01 Spine1"
	*NODE_PARENT "Bip01 Spine"
	*NODE_TM {
		*NODE_NAME "Bip01 Spine1"
		*TM_ROW0 5.96047e-008	-0.00276992	0.999996
		*TM_ROW1 -1.92621e-006	-0.999996	-0.00276991
		*TM_ROW2 1	-1.92621e-006	5.96047e-008
		*TM_ROW3 1e-005	-8.11442	112.175
		*TM_POS 1e-005	-8.11442	112.175
		*TM_ROTAXIS 0.707106	-0.000979995	0.707107
		*TM_ROTANGLE 3.13964
		*TM_SCALE 1	1	1
		*TM_SCALEAXIS 0	0	0
		*TM_SCALEAXISANG 0	0	0
	}
}
*HELPEROBJECT {
	*NODE_NAME "Bip01 Spine2"
	*NODE_PARENT "Bip01 Spine1"
	*NODE_TM {
		*NODE_NAME "Bip01 Spine2"
		*TM_ROW0 5.96048e-008	0.180243	0.983622
		*TM_ROW1 1.67638e-006	-0.983622	0.180243
		*TM_ROW2 1	1.67638e-006	5.96047e-008
		*TM_ROW3 1e-005	-8.1264	124.961
		*TM_POS 1e-005	-8.1264	124.961
		*TM_ROTAXIS 0.705652	0.0641202	0.705652
		*TM_ROTANGLE 3.26966
		*TM_SCALE 1	1	1
		*TM_SCALEAXIS 0	0	0
		*TM_SCALEAXISANG 0	0	0
	}
}
*HELPEROBJECT {
	*NODE_NAME "Bip01 Neck"
	*NODE_PARENT "Bip01 Spine2"
	*NODE_TM {
		*NODE_NAME "Bip01 Neck"
		*TM_ROW0 5.96046e-007	-0.167043	0.98595
		*TM_ROW1 4.70132e-006	-0.98595	-0.167043
		*TM_ROW2 1	4.70132e-006	5.96047e-007
		*TM_ROW3 1.03264e-011	-2.71656	154.454
		*TM_POS 1.03264e-011	-2.71656	154.454
		*TM_ROTAXIS -0.70586	0.05937	-0.705859
		*TM_ROTANGLE 3.2602
		*TM_SCALE 1	1	1
		*TM_SCALEAXIS 0	0	0
		*TM_SCALEAXISANG 0	0	0
	}
}
*HELPEROBJECT {
	*NODE_NAME "Bip01 Head"
	*NODE_PARENT "Bip01 Neck"
	*NODE_TM {
		*NODE_NAME "Bip01 Head"
		*TM_ROW0 -5.96047e-008	1.76447e-006	1
		*TM_ROW1 -1.79264e-006	-1	1.80855e-006
		*TM_ROW2 1	-1.79264e-006	-5.96046e-008
		*TM_ROW3 2.27758e-011	-3.85901	161.198
		*TM_POS 2.27758e-011	-3.85901	161.198
		*TM_ROTAXIS -0.707107	-5.62215e-009	-0.707107
		*TM_ROTANGLE 3.14159
		*TM_SCALE 1	1	1
		*TM_SCALEAXIS 0	0	0
		*TM_SCALEAXISANG 0	0	0
	}
}
*HELPEROBJECT {
	*NODE_NAME "ZS_HELMET"
	*NODE_PARENT "Bip01 Head"
	*NODE_TM {
		*NODE_NAME "ZS_HELMET"
		*TM_ROW0 1	7.87298e-013	7.61567e-014
		*TM_ROW1 -1.53811e-013	0.996917	-0.0784593
		*TM_ROW2 -5.53111e-014	0.0784593	0.996918
		*TM_ROW3 1e-005	-7.06248	173.704
		*TM_POS 1e-005	-7.06248	173.704
		*TM_ROTAXIS 1	8.37809e-013	-5.99744e-012
		*TM_ROTANGLE 0.078541
		*TM_SCALE 1	1	1
		*TM_SCALEAXIS 0	0	0
		*TM_SCALEAXISANG 0	0	0
	}
}
*HELPEROBJECT {
	*NODE_NAME "Bip01 L Clavicle"
	*NODE_PARENT "Bip01 Neck"
	*NODE_TM {
		*NODE_NAME "Bip01 L Clavicle"
		*TM_ROW0 0.935229	-0.203893	-0.289439
		*TM_ROW1 0.156435	0.971369	-0.178803
		*TM_ROW2 0.317608	0.121943	0.940348
		*TM_ROW3 7.96399	-1.25804	148.729
		*TM_POS 7.96399	-1.25804	148.729
		*TM_ROTAXIS 0.391939	-0.791119	0.469589
		*TM_ROTANGLE 0.39376
		*TM_SCALE 1	1	1
		*TM_SCALEAXIS 0	0	0
		*TM_SCALEAXISANG 0	0	0
	}
}
*HELPEROBJECT {
	*NODE_NAME "Bip01 L UpperArm"
	*NODE_PARENT "Bip01 L Clavicle"
	*NODE_TM {
		*NODE_NAME "Bip01 L UpperArm"
		*TM_ROW0 0.246229	0.0989027	-0.964152
		*TM_ROW1 0.412789	0.889345	0.196649
		*TM_ROW2 0.876913	-0.446412	0.178157
		*TM_ROW3 20.4269	-3.97508	144.872
		*TM_POS 20.4269	-3.97508	144.872
		*TM_ROTAXIS -0.325561	-0.932072	0.15891
		*TM_ROTANGLE 1.41328
		*TM_SCALE 1	1	1
		*TM_SCALEAXIS 0	0	0
		*TM_SCALEAXISANG 0	0	0
	}
}
*HELPEROBJECT {
	*NODE_NAME "Bip01 L Forearm"
	*NODE_PARENT "Bip01 L UpperArm"
	*NODE_TM {
		*NODE_NAME "Bip01 L Forearm"
		*TM_ROW0 0.0455122	-0.291882	-0.955371
		*TM_ROW1 0.478489	0.845886	-0.235638
		*TM_ROW2 0.876913	-0.44641	0.17816
		*TM_ROW3 27.2982	-1.21526	117.966
		*TM_POS 27.2982	-1.21526	117.966
		*TM_ROTAXIS -0.10545	-0.916697	0.385419
		*TM_ROTANGLE 1.53601
		*TM_SCALE 1	1	1
		*TM_SCALEAXIS 0	0	0
		*TM_SCALEAXISANG 0	0	0
	}
}
*HELPEROBJECT {
	*NODE_NAME "Bip01 L Hand"
	*NODE_PARENT "Bip01 L Forearm"
	*NODE_TM {
		*NODE_NAME "Bip01 L Hand"
		*TM_ROW0 0.0455132	-0.291886	-0.95537
		*TM_ROW1 -0.876533	0.44708	-0.17835
		*TM_ROW2 0.479185	0.845531	-0.2355
		*TM_ROW3 28.5642	-9.33438	91.391
		*TM_POS 28.5642	-9.33438	91.391
		*TM_ROTAXIS 0.551391	-0.772552	-0.314851
		*TM_ROTANGLE 1.95137
		*TM_SCALE 1	1	1
		*TM_SCALEAXIS 0	0	0
		*TM_SCALEAXISANG 0	0	0
	}
}
*HELPEROBJECT {
	*NODE_NAME "Bip01 L Finger0"
	*NODE_PARENT "Bip01 L Hand"
	*NODE_TM {
		*NODE_NAME "Bip01 L Finger0"
		*TM_ROW0 0.0455153	-0.291888	-0.955369
		*TM_ROW1 -0.876915	0.446405	-0.178165
		*TM_ROW2 0.478485	0.845886	-0.235643
		*TM_ROW3 29.15	-13.0909	79.0956
		*TM_POS 29.15	-13.0909	79.0956
		*TM_ROTAXIS 0.551581	-0.772311	-0.31511
		*TM_ROTANGLE 1.95181
		*TM_SCALE 1	1	1
		*TM_SCALEAXIS 0	0	0
		*TM_SCALEAXISANG 0	0	0
	}
}
*HELPEROBJECT {
	*NODE_NAME "ZS_LEFTHAND"
	*NODE_PARENT "Bip01 L Hand"
	*NODE_TM {
		*NODE_NAME "ZS_LEFTHAND"
		*TM_ROW0 0.435606	0.890062	-0.134303
		*TM_ROW1 0.180312	-0.232461	-0.955745
		*TM_ROW2 -0.881893	0.392112	-0.261751
		*TM_ROW3 26.7605	-11.5467	82.7857
		*TM_POS 26.7605	-11.5467	82.7857
		*TM_ROTAXIS 0.794322	0.440571	-0.418271
		*TM_ROTANGLE 2.12858
		*TM_SCALE 1	1	1
		*TM_SCALEAXIS 0	0	0
		*TM_SCALEAXISANG 0	0	0
	}
}
*HELPEROBJECT {
	*NODE_NAME "ZS_LEFTARM"
	*NODE_PARENT "Bip01 L Forearm"
	*NODE_TM {
		*NODE_NAME "ZS_LEFTARM"
		*TM_ROW0 0.0759923	-0.150176	-0.985735
		*TM_ROW1 0.524499	0.846792	-0.0885737
		*TM_ROW2 0.848013	-0.510286	0.143117
		*TM_ROW3 26.9101	-7.67833	110.055
		*TM_POS 26.9101	-7.67833	110.055
		*TM_ROTAXIS -0.21097	-0.917372	0.337521
		*TM_ROTANGLE 1.53784
		*TM_SCALE 1	1	1
		*TM_SCALEAXIS 0	0	0
		*TM_SCALEAXISANG 0	0	0
	}
}
*HELPEROBJECT {
	*NODE_NAME "Bip01 R Clavicle"
	*NODE_PARENT "Bip01 Neck"
	*NODE_TM {
		*NODE_NAME "Bip01 R Clavicle"
		*TM_ROW0 -0.935227	-0.203899	-0.28944
		*TM_ROW1 -0.156442	0.971369	-0.178799
		*TM_ROW2 0.317609	-0.121937	-0.940349
		*TM_ROW3 -7.96398	-1.25806	148.729
		*TM_POS -7.96398	-1.25806	148.729
		*TM_ROTAXIS -0.0929799	0.992639	-0.0776
		*TM_ROTANGLE 3.45235
		*TM_SCALE 1	1	1
		*TM_SCALEAXIS 0	0	0
		*TM_SCALEAXISANG 0	0	0
	}
}
*HELPEROBJECT {
	*NODE_NAME "Bip01 R UpperArm"
	*NODE_PARENT "Bip01 R Clavicle"
	*NODE_TM {
		*NODE_NAME "Bip01 R UpperArm"
		*TM_ROW0 -0.246232	0.0988932	-0.964153
		*TM_ROW1 -0.412793	0.889345	0.196642
		*TM_ROW2 0.876911	0.446415	-0.178163
		*TM_ROW3 -20.4269	-3.97513	144.872
		*TM_POS -20.4269	-3.97513	144.872
		*TM_ROTAXIS 0.12961	-0.955353	-0.265521
		*TM_ROTANGLE 1.84162
		*TM_SCALE 1	1	1
		*TM_SCALEAXIS 0	0	0
		*TM_SCALEAXISANG 0	0	0
	}
}
*HELPEROBJECT {
	*NODE_NAME "Bip01 R Forearm"
	*NODE_PARENT "Bip01 R UpperArm"
	*NODE_TM {
		*NODE_NAME "Bip01 R Forearm"
		*TM_ROW0 -0.0455087	-0.291889	-0.955369
		*TM_ROW1 -0.478487	0.845885	-0.235646
		*TM_ROW2 0.876914	0.446408	-0.17816
		*TM_ROW3 -27.2982	-1.21534	117.966
		*TM_POS -27.2982	-1.21534	117.966
		*TM_ROTAXIS 0.347279	-0.932937	-0.0950097
		*TM_ROTANGLE 1.76083
		*TM_SCALE 1	1	1
		*TM_SCALEAXIS 0	0	0
		*TM_SCALEAXISANG 0	0	0
	}
}
*HELPEROBJECT {
	*NODE_NAME "Bip01 R Hand"
	*NODE_PARENT "Bip01 R Forearm"
	*NODE_TM {
		*NODE_NAME "Bip01 R Hand"
		*TM_ROW0 -0.0455115	-0.291885	-0.95537
		*TM_ROW1 0.87653	0.447088	-0.17835
		*TM_ROW2 0.479192	-0.845527	0.235499
		*TM_ROW3 -28.5642	-9.33445	91.391
		*TM_POS -28.5642	-9.33445	91.391
		*TM_ROTAXIS -0.33922	-0.72939	0.59407
		*TM_ROTANGLE 1.75327
		*TM_SCALE 1	1	1
		*TM_SCALEAXIS 0	0	0
		*TM_SCALEAXISANG 0	0	0
	}
}
*HELPEROBJECT {
	*NODE_NAME "Bip01 R Finger0"
	*NODE_PARENT "Bip01 R Hand"
	*NODE_TM {
		*NODE_NAME "Bip01 R Finger0"
		*TM_ROW0 -0.0455056	-0.291877	-0.955373
		*TM_ROW1 0.876914	0.446413	-0.178152
		*TM_ROW2 0.478489	-0.845886	0.235636
		*TM_ROW3 -29.1499	-13.0909	79.0956
		*TM_POS -29.1499	-13.0909	79.0956
		*TM_ROTAXIS -0.33952	-0.729071	0.594291
		*TM_ROTANGLE 1.75354
		*TM_SCALE 1	1	1
		*TM_SCALEAXIS 0	0	0
		*TM_SCALEAXISANG 0	0	0
	}
}
*HELPEROBJECT {
	*NODE_NAME "ZS_RIGHTHAND"
	*NODE_PARENT "Bip01 R Hand"
	*NODE_TM {
		*NODE_NAME "ZS_RIGHTHAND"
		*TM_ROW0 -0.464344	0.856417	-0.225687
		*TM_ROW1 0.177861	0.339806	0.923525
		*TM_ROW2 0.867612	0.388692	-0.31011
		*TM_ROW3 -20.9389	-19.9852	85.8932
		*TM_POS -20.9389	-19.9852	85.8932
		*TM_ROTAXIS 0.383811	0.784581	0.486951
		*TM_ROTANGLE 3.91244
		*TM_SCALE 1	1	1
		*TM_SCALEAXIS 0	0	0
		*TM_SCALEAXISANG 0	0	0
	}
}
*HELPEROBJECT {
	*NODE_NAME "ZS_CROSSBOW"
	*NODE_PARENT "Bip01 Spine2"
	*NODE_TM {
		*NODE_NAME "ZS_CROSSBOW"
		*TM_ROW0 -0.382687	-0.111464	0.91713
		*TM_ROW1 -0.923878	0.0461715	-0.379891
		*TM_ROW2 -1.2517e-006	-0.992695	-0.120648
		*TM_ROW3 -14.434	10.5915	165.98
		*TM_POS -14.434	10.5915	165.98
		*TM_ROTAXIS -0.447329	0.669479	-0.593039
		*TM_ROTANGLE 2.38705
		*TM_SCALE 1	1	1
		*TM_SCALEAXIS 0	0	0
		*TM_SCALEAXISANG 0	0	0
	}
}
*HELPEROBJECT {
	*NODE_NAME "ZS_LONGSWORD"
	*NODE_PARENT "Bip01 Spine2"
	*NODE_TM {
		*NODE_NAME "ZS_LONGSWORD"
		*TM_ROW0 -0.499829	-0.0915011	0.861277
		*TM_ROW1 -0.865729	0.0828188	-0.493614
		*TM_ROW2 -0.0261636	-0.992355	-0.12061
		*TM_ROW3 -18.1593	6.92629	157.64
		*TM_POS -18.1593	6.92629	157.64
		*TM_ROTAXIS -0.38996	0.69388	-0.60536
		*TM_ROTANGLE 2.44778
		*TM_SCALE 1	1	1
		*TM_SCALEAXIS 0	0	0
		*TM_SCALEAXISANG 0	0	0
	}
}
*HELPEROBJECT {
	*NODE_NAME "ZS_SHIELD"
	*NODE_PARENT "Bip01 Spine2"
	*NODE_TM {
		*NODE_NAME "ZS_SHIELD"
		*TM_ROW0 -0.0138681	0.114196	-0.993362
		*TM_ROW1 -0.908393	0.413755	0.0602465
		*TM_ROW2 0.417888	0.903198	0.0979964
		*TM_ROW3 8.76511	9.5282	131.875
		*TM_POS 8.76511	9.5282	131.875
		*TM_ROTAXIS 0.435421	-0.728972	-0.528212
		*TM_ROTANGLE 1.82457
		*TM_SCALE 1	1	1
		*TM_SCALEAXIS 0	0	0
		*TM_SCALEAXISANG 0	0	0
	}
}
*HELPEROBJECT {
	*NODE_NAME "ZS_BOW"
	*NODE_PARENT "Bip01 Spine2"
	*NODE_TM {
		*NODE_NAME "ZS_BOW"
		*TM_ROW0 -0.341816	-0.0868229	0.935748
		*TM_ROW1 0.0119438	0.995242	0.0967059
		*TM_ROW2 -0.939691	0.044232	-0.339153
		*TM_ROW3 0.5012	12.4143	124.55
		*TM_POS 0.5012	12.4143	124.55
		*TM_ROTAXIS -0.0279299	0.998227	0.0525698
		*TM_ROTANGLE 1.92076
		*TM_SCALE 1	1	1
		*TM_SCALEAXIS 0	0	0
		*TM_SCALEAXISANG 0	0	0
	}
}
*HELPEROBJECT {
	*NODE_NAME "ZS_SWORD"
	*NODE_PARENT "Bip01 Spine"
	*NODE_TM {
		*NODE_NAME "ZS_SWORD"
		*TM_ROW0 5.79282e-007	-0.347172	0.937802
		*TM_ROW1 1.04309e-007	0.937802	0.347172
		*TM_ROW2 -1	-1.04308e-007	5.79283e-007
		*TM_ROW3 17.5015	-4.36211	106.367
		*TM_POS 17.5015	-4.36211	106.367
		*TM_ROTAXIS -0.17367	0.96937	0.17367
		*TM_ROTANGLE 1.6019
		*TM_SCALE 1	1	1
		*TM_SCALEAXIS 0	0	0
		*TM_SCALEAXISANG 0	0	0
	}
}
*HELPEROBJECT {
	*NODE_NAME "Bip01 L Thigh"
	*NODE_PARENT "Bip01 Pelvis"
	*NODE_TM {
		*NODE_NAME "Bip01 L Thigh"
		*TM_ROW0 0.0534878	-0.0367886	-0.997891
		*TM_ROW1 -0.00216181	-0.999323	0.0367256
		*TM_ROW2 -0.998566	0.000192882	-0.0535313
		*TM_ROW3 9.01023	-8.01129	99.9496
		*TM_POS 9.01023	-8.01129	99.9496
		*TM_ROTAXIS 0.72572	-0.01342	-0.68786
		*TM_ROTANGLE 3.16677
		*TM_SCALE 1	1	1
		*TM_SCALEAXIS 0	0	0
		*TM_SCALEAXISANG 0	0	0
	}
}
*HELPEROBJECT {
	*NODE_NAME "Bip01 L Calf"
	*NODE_PARENT "Bip01 L Thigh"
	*NODE_TM {
		*NODE_NAME "Bip01 L Calf"
		*TM_ROW0 0.0525131	0.197552	-0.978885
		*TM_ROW1 0.0103904	-0.980292	-0.197278
		*TM_ROW2 -0.998566	0.000188708	-0.0535307
		*TM_ROW3 11.1149	-9.45845	60.6877
		*TM_POS 11.1149	-9.45845	60.6877
		*TM_ROTAXIS 0.723901	0.0721501	-0.686121
		*TM_ROTANGLE 3.00478
		*TM_SCALE 1	1	1
		*TM_SCALEAXIS 0	0	0
		*TM_SCALEAXISANG 0	0	0
	}
}
*HELPEROBJECT {
	*NODE_NAME "Bip01 L Foot"
	*NODE_PARENT "Bip01 L Calf"
	*NODE_TM {
		*NODE_NAME "Bip01 L Foot"
		*TM_ROW0 -5.93318e-007	7.27489e-006	-1
		*TM_ROW1 0.173652	-0.984807	-7.26412e-006
		*TM_ROW2 -0.984807	-0.173652	-5.97767e-007
		*TM_ROW3 13.6935	0.240668	12.6267
		*TM_POS 13.6935	0.240668	12.6267
		*TM_ROTAXIS 0.705757	0.0617498	-0.705757
		*TM_ROTANGLE 3.26493
		*TM_SCALE 1	1	1
		*TM_SCALEAXIS 0	0	0
		*TM_SCALEAXISANG 0	0	0
	}
}
*HELPEROBJECT {
	*NODE_NAME "Bip01 L Toe0"
	*NODE_PARENT "Bip01 L Foot"
	*NODE_TM {
		*NODE_NAME "Bip01 L Toe0"
		*TM_ROW0 0.173646	-0.984808	5.05914e-006
		*TM_ROW1 5.06367e-006	5.91264e-006	1
		*TM_ROW2 -0.984808	-0.173646	5.92894e-006
		*TM_ROW3 17.6256	-22.0591	5.26591e-006
		*TM_POS 17.6256	-22.0591	5.26591e-006
		*TM_ROTAXIS -0.644398	0.540718	0.540718
		*TM_ROTANGLE 1.99673
		*TM_SCALE 1	1	1
		*TM_SCALEAXIS 0	0	0
		*TM_SCALEAXISANG 0	0	0
	}
}
*HELPEROBJECT {
	*NODE_NAME "Bip01 R Thigh"
	*NODE_PARENT "Bip01 Pelvis"
	*NODE_TM {
		*NODE_NAME "Bip01 R Thigh"
		*TM_ROW0 -0.0535034	-0.0367749	-0.99789
		*TM_ROW1 0.00205776	-0.999324	0.0367174
		*TM_ROW2 -0.998566	-8.89041e-005	0.0535432
		*TM_ROW3 -9.01021	-8.01132	99.9496
		*TM_POS -9.01021	-8.01132	99.9496
		*TM_ROTAXIS 0.687862	-0.01262	-0.725732
		*TM_ROTANGLE 3.16835
		*TM_SCALE 1	1	1
		*TM_SCALEAXIS 0	0	0
		*TM_SCALEAXISANG 0	0	0
	}
}
*HELPEROBJECT {
	*NODE_NAME "Bip01 R Calf"
	*NODE_PARENT "Bip01 R Thigh"
	*NODE_TM {
		*NODE_NAME "Bip01 R Calf"
		*TM_ROW0 -0.0525025	0.197539	-0.978888
		*TM_ROW1 -0.0104967	-0.980295	-0.19726
		*TM_ROW2 -0.998566	-8.16064e-005	0.0535415
		*TM_ROW3 -11.1154	-9.45856	60.6878
		*TM_POS -11.1154	-9.45856	60.6878
		*TM_ROTAXIS 0.686298	0.0684898	-0.724088
		*TM_ROTANGLE 2.99744
		*TM_SCALE 1	1	1
		*TM_SCALEAXIS 0	0	0
		*TM_SCALEAXISANG 0	0	0
	}
}
*HELPEROBJECT {
	*NODE_NAME "Bip01 R Foot"
	*NODE_PARENT "Bip01 R Calf"
	*NODE_TM {
		*NODE_NAME "Bip01 R Foot"
		*TM_ROW0 -5.86373e-007	-7.29557e-006	-1
		*TM_ROW1 -0.173652	-0.984807	7.26572e-006
		*TM_ROW2 -0.984807	0.173652	-5.93781e-007
		*TM_ROW3 -13.6935	0.24065	12.6267
		*TM_POS -13.6935	0.24065	12.6267
		*TM_ROTAXIS 0.705757	-0.0617498	-0.705757
		*TM_ROTANGLE 3.01826
		*TM_SCALE 1	1	1
		*TM_SCALEAXIS 0	0	0
		*TM_SCALEAXISANG 0	0	0
	}
}
*HELPEROBJECT {
	*NODE_NAME "Bip01 R Toe0"
	*NODE_PARENT "Bip01 R Foot"
	*NODE_TM {
		*NODE_NAME "Bip01 R Toe0"
		*TM_ROW0 -0.173651	-0.984807	3.52553e-006
		*TM_ROW1 3.507e-006	3.07854e-006	1
		*TM_ROW2 -0.984807	0.173651	3.0421e-006
		*TM_ROW3 -17.6255	-22.0592	2.91014e-005
		*TM_POS -17.6255	-22.0592	2.91014e-005
		*TM_ROTAXIS -0.510271	0.608121	0.608121
		*TM_ROTANGLE 2.19793
		*TM_SCALE 1	1	1
		*TM_SCALEAXIS 0	0	0
		*TM_SCALEAXISANG 0	0	0
	}
}
*HELPEROBJECT {
	*NODE_NAME "Dummy"
	*NODE_PARENT "Bip01 L Finger0"
	*NODE_TM {
		*NODE_NAME "Dummy"
		*TM_ROW0 -1	-0	0
		*TM_ROW1 -0	-1	0
		*TM_ROW2 -0	-0	1
		*TM_ROW3 29.4428	-14.9691	72.9478
		*TM_POS 29.4428	-14.9691	72.9478
		*TM_ROTAXIS 0	0	-1
		*TM_ROTANGLE 3.14159
		*TM_SCALE 1	1	1
		*TM_SCALEAXIS 0	0	0
		*TM_SCALEAXISANG 0	0	0
	}
}
*HELPEROBJECT {
	*NODE_NAME "Dummy1"
	*NODE_PARENT "Bip01 R Finger0"
	*NODE_TM {
		*NODE_NAME "Dummy1"
		*TM_ROW0 -1	-0	0
		*TM_ROW1 -0	-1	0
		*TM_ROW2 -0	-0	1
		*TM_ROW3 -29.4428	-14.9692	72.9478
		*TM_POS -29.4428	-14.9692	72.9478
		*TM_ROTAXIS 0	0	-1
		*TM_ROTANGLE 3.14159
		*TM_SCALE 1	1	1
		*TM_SCALEAXIS 0	0	0
		*TM_SCALEAXISANG 0	0	0
	}
}
*HELPEROBJECT {
	*NODE_NAME "Dummy2"
	*NODE_PARENT "Bip01 L Toe0"
	*NODE_TM {
		*NODE_NAME "Dummy2"
		*TM_ROW0 -1	-0	0
		*TM_ROW1 -0	-1	0
		*TM_ROW2 -0	-0	1
		*TM_ROW3 19.5916	-33.209	-6.31335
		*TM_POS 19.5916	-33.209	-6.31335
		*TM_ROTAXIS 0	0	-1
		*TM_ROTANGLE 3.14159
		*TM_SCALE 1	1	1
		*TM_SCALEAXIS 0	0	0
		*TM_SCALEAXISANG 0	0	0
	}
}
*HELPEROBJECT {
	*NODE_NAME "Dummy3"
	*NODE_PARENT "Bip01 R Toe0"
	*NODE_TM {
		*NODE_NAME "Dummy3"
		*TM_ROW0 -1	-0	0
		*TM_ROW1 -0	-1	0
		*TM_ROW2 -0	-0	1
		*TM_ROW3 -19.5915	-33.2091	-6.31333
		*TM_POS -19.5915	-33.2091	-6.31333
		*TM_ROTAXIS 0	0	-1
		*TM_ROTANGLE 3.14159
		*TM_SCALE 1	1	1
		*TM_SCALEAXIS 0	0	0
		*TM_SCALEAXISANG 0	0	0
	}
}
*GEOMOBJECT {
	*NODE_NAME "zm_Skin"
	*NODE_PARENT "Bip01"
	*NODE_TM {
		*NODE_NAME "zm_Skin"
		*TM_ROW0 -1	-0	0
		*TM_ROW1 -0	-1	0
		*TM_ROW2 -0	-0	1
		*TM_ROW3 -0	-0	0
		*TM_POS -0	-0	0
		*TM_ROTAXIS 0	0	-1
		*TM_ROTANGLE 3.14159
		*TM_SCALE 1	1	1
		*TM_SCALEAXIS 0	0	0
		*TM_SCALEAXISANG 0	0	0
	}
	*MATERIAL_REF 0
	*MESH_SOFTSKIN {
		*TIMEVALUE 0
		*MESH_NUMVERTEX 296
		*MESH_NUMFACES 568
		*MESH_VERTEX_LIST {
			*MESH_VERTEX 0	0.04018	-21.9167	115.335
			*MESH_VERTEX 1	11.7308	9.53533	2.28295
			*MESH_VERTEX 2	11.2568	-21.4065	-0.395634
			*MESH_VERTEX 3	-10.0124	9.36671	2.65325
			*MESH_VERTEX 4	-24.1818	-14.9827	-1.78256
			*MESH_VERTEX 5	-24.0489	4.83036	119.967
			*MESH_VERTEX 6	-27.8612	-6.30682	79.2302
			*MESH_VERTEX 7	-15.9594	-6.29115	136.111
			*MESH_VERTEX 8	4.7448	-18.2402	95.1883
			*MESH_VERTEX 9	-3.1429	3.28377	90.4794
			*MESH_VERTEX 10	15.1571	-8.56767	9.82144
			*MESH_VERTEX 11	15.952	-5.90385	136.49
			*MESH_VERTEX 12	-20.4308	6.00645	142.968
			*MESH_VERTEX 13	-3.54257	0.543579	166.974
			*MESH_VERTEX 14	26.2521	-15.893	84.2053
			*MESH_VERTEX 15	21.0629	6.02967	143.098
			*MESH_VERTEX 16	-13.4334	-10.2971	115.075
			*MESH_VERTEX 17	6.42654	-19.4706	64.91
			*MESH_VERTEX 18	-22.2063	-13.5868	79.5478
			*MESH_VERTEX 19	-14.597	-10.1553	115.086
			*MESH_VERTEX 20	14.4901	-8.87183	115.06
			*MESH_VERTEX 21	13.6229	-8.61893	115.148
			*MESH_VERTEX 22	0.04039	-21.4564	115.327
			*MESH_VERTEX 23	-25.3893	-15.6334	85.3423
			*MESH_VERTEX 24	30.4758	-4.64242	119.055
			*MESH_VERTEX 25	22.6662	-11.6075	87.0935
			*MESH_VERTEX 26	-15.1837	-2.13535	64.6494
			*MESH_VERTEX 27	0.16077	4.80213	94.1889
			*MESH_VERTEX 28	-14.2514	-21.0191	-1.09167
			*MESH_VERTEX 29	-22.3737	-7.93354	150.395
			*MESH_VERTEX 30	4.77917	-8.25869	163.209
			*MESH_VERTEX 31	-4.92296	-8.14878	162.97
			*MESH_VERTEX 32	-7.13532	1.21759	156.244
			*MESH_VERTEX 33	0.04666	-11.1094	148.78
			*MESH_VERTEX 34	23.6518	-8.1676	150.141
			*MESH_VERTEX 35	7.35678	1.48208	156.321
			*MESH_VERTEX 36	21.9526	-16.9355	-1.5051
			*MESH_VERTEX 37	-28.9282	1.70234	139.978
			*MESH_VERTEX 38	23.2501	-4.2408	116.071
			*MESH_VERTEX 39	3.77962	0.300499	166.984
			*MESH_VERTEX 40	34.4022	0.3856	107.289
			*MESH_VERTEX 41	23.6194	-13.9989	78.1544
			*MESH_VERTEX 42	-22.2841	-11.2781	88.5954
			*MESH_VERTEX 43	-16.0813	-8.18228	9.52689
			*MESH_VERTEX 44	-18.8941	1.30659	12.3513
			*MESH_VERTEX 45	-8.81354	-1.76907	114.901
			*MESH_VERTEX 46	-33.3679	-9.42544	81.3732
			*MESH_VERTEX 47	12.5553	-20.221	65.2906
			*MESH_VERTEX 48	15.5168	-2.67879	64.3062
			*MESH_VERTEX 49	5.05326	-0.871763	49.2954
			*MESH_VERTEX 50	18.6994	0.708178	12.0021
			*MESH_VERTEX 51	-8.43239	-2.4933	114.937
			*MESH_VERTEX 52	-12.8112	-21.4398	134.04
			*MESH_VERTEX 53	-13.389	-21.0394	87.6195
			*MESH_VERTEX 54	29.0338	-6.53906	78.2674
			*MESH_VERTEX 55	28.5309	-17.4065	80.039
			*MESH_VERTEX 56	34.3863	-9.42376	81.0426
			*MESH_VERTEX 57	12.9158	-21.1565	134.252
			*MESH_VERTEX 58	-30.2244	-4.36366	119.633
			*MESH_VERTEX 59	-28.1873	-17.5769	82.431
			*MESH_VERTEX 60	8.46659	-1.27329	114.889
			*MESH_VERTEX 61	23.3869	0.69813	150.112
			*MESH_VERTEX 62	7.75087	-1.50707	114.977
			*MESH_VERTEX 63	-19.4096	-0.554699	51.1132
			*MESH_VERTEX 64	-9.38585	-16.1902	56.2629
			*MESH_VERTEX 65	-0.0940599	-10.3214	91.9209
			*MESH_VERTEX 66	-5.40786	-19.5444	95.3433
			*MESH_VERTEX 67	3.29169	2.81155	90.4109
			*MESH_VERTEX 68	-34.2467	0.680921	108.267
			*MESH_VERTEX 69	-22.2933	-3.93749	118.613
			*MESH_VERTEX 70	-15.7318	-10.7314	149.556
			*MESH_VERTEX 71	-22.4224	-12.2128	137.851
			*MESH_VERTEX 72	-15.1391	1.79112	129.547
			*MESH_VERTEX 73	-16.6786	1.88522	136.984
			*MESH_VERTEX 74	-17.6123	-10.4206	134.539
			*MESH_VERTEX 75	16.8267	-10.8386	149.34
			*MESH_VERTEX 76	18.3382	-10.4831	134.085
			*MESH_VERTEX 77	25.3443	3.78786	116.098
			*MESH_VERTEX 78	17.2953	1.97264	137.088
			*MESH_VERTEX 79	8.84947	-0.356542	11.5312
			*MESH_VERTEX 80	26.1968	-14.8649	79.1447
			*MESH_VERTEX 81	23.87	-16.078	83.5509
			*MESH_VERTEX 82	26.3519	-13.0518	91.9374
			*MESH_VERTEX 83	18.0493	-11.8253	73.4225
			*MESH_VERTEX 84	-9.12187	-0.79565	11.4435
			*MESH_VERTEX 85	-24.8333	-14.5473	80.2815
			*MESH_VERTEX 86	-22.9456	-15.7206	84.9522
			*MESH_VERTEX 87	-26.3117	-12.9274	92.9644
			*MESH_VERTEX 88	-7.58678	-1.87149	64.4184
			*MESH_VERTEX 89	-11.9944	3.53544	51.743
			*MESH_VERTEX 90	-16.387	6.92503	0.174358
			*MESH_VERTEX 91	29.9502	1.39335	139.841
			*MESH_VERTEX 92	10.2211	-18.2946	100.75
			*MESH_VERTEX 93	2.45065	-20.1278	93.8488
			*MESH_VERTEX 94	-21.7779	-13.8451	79.1653
			*MESH_VERTEX 95	23.2373	-14.2747	77.7365
			*MESH_VERTEX 96	17.5394	6.01805	-0.295563
			*MESH_VERTEX 97	18.8028	-13.3094	143.071
			*MESH_VERTEX 98	7.45674	4.982	0.074656
			*MESH_VERTEX 99	-22.0097	1.11523	150.123
			*MESH_VERTEX 100	25.8893	-8.13404	90.9033
			*MESH_VERTEX 101	22.1502	-1.07325	107.585
			*MESH_VERTEX 102	-6.5218	4.35308	0.271988
			*MESH_VERTEX 103	-25.8871	-8.00348	91.9231
			*MESH_VERTEX 104	-29.6773	-4.92993	137.476
			*MESH_VERTEX 105	30.5045	-5.19278	137.088
			*MESH_VERTEX 106	-7.42522	3.39955	98.2104
			*MESH_VERTEX 107	-16.7533	-9.71556	139.779
			*MESH_VERTEX 108	-13.4307	6.40533	14.0365
			*MESH_VERTEX 109	-5.16124	-0.644238	49.4557
			*MESH_VERTEX 110	15.3483	2.04087	129.85
			*MESH_VERTEX 111	-17.5976	-21.8422	-1.43346
			*MESH_VERTEX 112	-11.4323	-12.9711	5.99763
			*MESH_VERTEX 113	-17.7248	-21.0338	3.06334
			*MESH_VERTEX 114	11.9249	1.04493	92.1381
			*MESH_VERTEX 115	11.9147	2.83216	51.0844
			*MESH_VERTEX 116	7.6152	-1.84691	64.3027
			*MESH_VERTEX 117	-5.97414	-4.41649	155.987
			*MESH_VERTEX 118	14.4379	-22.7671	-0.773914
			*MESH_VERTEX 119	9.81692	-12.7561	6.36845
			*MESH_VERTEX 120	14.7805	-21.7875	3.69562
			*MESH_VERTEX 121	6.22825	-4.19359	156.052
			*MESH_VERTEX 122	28.9873	-5.97596	86.7002
			*MESH_VERTEX 123	27.6783	-4.72033	83.7223
			*MESH_VERTEX 124	-21.9355	-0.810189	108.351
			*MESH_VERTEX 125	-28.7212	-5.85991	87.6274
			*MESH_VERTEX 126	-27.1709	-4.51995	84.8173
			*MESH_VERTEX 127	-6.51371	-4.67626	164.745
			*MESH_VERTEX 128	14.5141	-10.1516	123.524
			*MESH_VERTEX 129	24.5018	-12.9299	78.2554
			*MESH_VERTEX 130	-23.1287	-12.5494	79.5709
			*MESH_VERTEX 131	24.9324	-16.2097	78.6258
			*MESH_VERTEX 132	-18.9426	-7.52923	87.3086
			*MESH_VERTEX 133	-23.4827	-15.8436	79.8745
			*MESH_VERTEX 134	26.6534	-5.91967	118.472
			*MESH_VERTEX 135	-30.5769	2.61052	107.574
			*MESH_VERTEX 136	6.39567	-4.9857	164.845
			*MESH_VERTEX 137	30.7248	2.35969	106.62
			*MESH_VERTEX 138	13.8958	6.4795	13.9291
			*MESH_VERTEX 139	-18.1264	-13.4373	143.14
			*MESH_VERTEX 140	4.77242	-6.70254	63.3395
			*MESH_VERTEX 141	31.2009	-5.98812	90.5097
			*MESH_VERTEX 142	32.1976	-10.027	91.8959
			*MESH_VERTEX 143	-6.00094	-7.05916	63.2611
			*MESH_VERTEX 144	3.32114	-19.9508	86.6783
			*MESH_VERTEX 145	-26.4273	-5.69627	119.004
			*MESH_VERTEX 146	18.4734	-8.7599	87.3259
			*MESH_VERTEX 147	-13.6062	-19.8994	64.9017
			*MESH_VERTEX 148	0.04491	3.39783	156.163
			*MESH_VERTEX 149	-24.2061	6.13114	138.497
			*MESH_VERTEX 150	-31.2164	-5.94418	91.3016
			*MESH_VERTEX 151	-14.5064	-10.4455	123.342
			*MESH_VERTEX 152	34.11	-4.06164	108.54
			*MESH_VERTEX 153	16.5298	6.834	139.976
			*MESH_VERTEX 154	-9.97772	-16.4551	109.749
			*MESH_VERTEX 155	0.05061	0.599921	114.854
			*MESH_VERTEX 156	14.1318	-18.0207	142.449
			*MESH_VERTEX 157	0.04667	-23.1524	133.725
			*MESH_VERTEX 158	16.9399	-10.8983	139.769
			*MESH_VERTEX 159	23.1243	-12.3033	137.524
			*MESH_VERTEX 160	-23.9568	-11.9163	141.802
			*MESH_VERTEX 161	-16.217	-7.55828	63.8642
			*MESH_VERTEX 162	-22.23	-10.0348	5.39489
			*MESH_VERTEX 163	8.23187	-16.5173	56.6069
			*MESH_VERTEX 164	14.6638	-7.24955	13.7461
			*MESH_VERTEX 165	0.05224	1.71704	167.411
			*MESH_VERTEX 166	10.3604	-15.6108	109.72
			*MESH_VERTEX 167	12.4612	-0.661283	103.888
			*MESH_VERTEX 168	14.6235	-9.03468	109.476
			*MESH_VERTEX 169	8.46677	-1.20674	109.179
			*MESH_VERTEX 170	-34.022	-3.72401	109.47
			*MESH_VERTEX 171	-32.2044	-9.9893	92.6895
			*MESH_VERTEX 172	-13.6027	-18.2796	142.108
			*MESH_VERTEX 173	20.9189	-11.4928	5.46217
			*MESH_VERTEX 174	17.8092	-7.65123	130.22
			*MESH_VERTEX 175	-16.4308	6.7698	139.83
			*MESH_VERTEX 176	-17.0045	-7.53051	130.737
			*MESH_VERTEX 177	-4.49032	-21.3823	86.5279
			*MESH_VERTEX 178	8.52907	1.02201	121.85
			*MESH_VERTEX 179	10.3677	-15.4445	115.203
			*MESH_VERTEX 180	24.6266	-11.9849	141.483
			*MESH_VERTEX 181	9.20055	-18.9165	123.688
			*MESH_VERTEX 182	10.3472	-14.375	115.25
			*MESH_VERTEX 183	-20.9194	-13.464	83.6775
			*MESH_VERTEX 184	21.9138	-13.914	82.0277
			*MESH_VERTEX 185	-19.2695	-6.55689	51.373
			*MESH_VERTEX 186	0.053	6.97888	137.614
			*MESH_VERTEX 187	-8.73056	0.855801	121.743
			*MESH_VERTEX 188	-24.235	-14.3827	89.8624
			*MESH_VERTEX 189	32.1696	1.37501	117.339
			*MESH_VERTEX 190	29.1682	4.68416	119.623
			*MESH_VERTEX 191	-9.9778	-16.2957	115.219
			*MESH_VERTEX 192	18.7178	-1.90684	50.3252
			*MESH_VERTEX 193	-0.05144	-9.55646	162.269
			*MESH_VERTEX 194	16.151	-8.17797	63.6141
			*MESH_VERTEX 195	-17.6618	3.42562	134.969
			*MESH_VERTEX 196	21.9591	-6.85393	109.229
			*MESH_VERTEX 197	24.8052	2.52864	106.597
			*MESH_VERTEX 198	-10.5872	1.57808	86.2841
			*MESH_VERTEX 199	17.1999	-5.71018	135.049
			*MESH_VERTEX 200	18.666	3.35424	134.303
			*MESH_VERTEX 201	16.9247	-2.70371	131.616
			*MESH_VERTEX 202	-16.0235	-2.61694	132.224
			*MESH_VERTEX 203	0.04019	-21.8489	109.941
			*MESH_VERTEX 204	-2.42106	-20.1609	93.6314
			*MESH_VERTEX 205	-11.599	-0.505935	103.775
			*MESH_VERTEX 206	0.05019	-0.302429	114.939
			*MESH_VERTEX 207	-4.91761	-6.83369	49.5441
			*MESH_VERTEX 208	-14.9243	-7.23162	13.5497
			*MESH_VERTEX 209	-7.69741	-19.5723	64.3016
			*MESH_VERTEX 210	-9.22061	-19.0939	123.56
			*MESH_VERTEX 211	-9.53071	-15.7007	115.195
			*MESH_VERTEX 212	24.5862	-14.6289	88.5955
			*MESH_VERTEX 213	-3.45966	0.3533	85.8588
			*MESH_VERTEX 214	-22.8823	-0.112357	116.734
			*MESH_VERTEX 215	4.3159	-7.00484	49.7004
			*MESH_VERTEX 216	-30.0591	-12.7998	93.4726
			*MESH_VERTEX 217	18.0833	-7.89922	50.8881
			*MESH_VERTEX 218	30.0692	-12.8703	92.5869
			*MESH_VERTEX 219	29.4227	-17.7594	81.6448
			*MESH_VERTEX 220	-14.4632	-16.251	56.918
			*MESH_VERTEX 221	-27.1544	-17.1713	80.9354
			*MESH_VERTEX 222	-17.6891	-11.3004	73.4526
			*MESH_VERTEX 223	-24.6357	2.79972	107.367
			*MESH_VERTEX 224	0.04548	-10.4872	116.785
			*MESH_VERTEX 225	-21.7514	-6.52911	110.033
			*MESH_VERTEX 226	-25.4193	-8.23247	122.435
			*MESH_VERTEX 227	23.2848	-0.35383	115.861
			*MESH_VERTEX 228	-11.2197	-20.6803	128.778
			*MESH_VERTEX 229	12.7477	-16.8915	56.9647
			*MESH_VERTEX 230	-26.8673	-8.84053	110.809
			*MESH_VERTEX 231	-31.7919	-6.63076	86.8248
			*MESH_VERTEX 232	8.21827	2.67335	98.4582
			*MESH_VERTEX 233	0.05072	0.899501	109.106
			*MESH_VERTEX 234	26.9326	-9.11377	109.929
			*MESH_VERTEX 235	31.9046	-2.36878	117.581
			*MESH_VERTEX 236	31.8452	-7.78789	109.666
			*MESH_VERTEX 237	32.1445	-6.64895	86.2087
			*MESH_VERTEX 238	-31.7894	1.71386	117.99
			*MESH_VERTEX 239	11.2197	-20.4387	128.917
			*MESH_VERTEX 240	-31.7777	-7.47908	110.563
			*MESH_VERTEX 241	-31.5672	-2.03375	118.26
			*MESH_VERTEX 242	-14.4982	-1.48041	97.3604
			*MESH_VERTEX 243	-14.5549	-9.96235	109.51
			*MESH_VERTEX 244	-9.18499	-1.32626	109.185
			*MESH_VERTEX 245	-11.6741	1.34935	92.1732
			*MESH_VERTEX 246	24.9614	5.40255	137.743
			*MESH_VERTEX 247	33.5496	-8.84904	79.7636
			*MESH_VERTEX 248	-32.4198	-8.80086	80.2034
			*MESH_VERTEX 249	-28.725	4.90257	120.643
			*MESH_VERTEX 250	24.5035	4.68028	118.891
			*MESH_VERTEX 251	-0.416521	-8.06055	85.5696
			*MESH_VERTEX 252	-24.9121	4.05199	116.869
			*MESH_VERTEX 253	-16.9714	-9.53363	100.702
			*MESH_VERTEX 254	3.587	1.41265	85.9265
			*MESH_VERTEX 255	0.110191	4.81238	98.587
			*MESH_VERTEX 256	10.3651	1.19464	86.5028
			*MESH_VERTEX 257	27.6107	-10.1395	135.441
			*MESH_VERTEX 258	22.5736	-4.09318	117.905
			*MESH_VERTEX 259	25.1758	-8.22871	122.241
			*MESH_VERTEX 260	15.5084	-3.41987	97.8949
			*MESH_VERTEX 261	28.4122	-5.22558	90.2703
			*MESH_VERTEX 262	-22.8921	-4.00151	116.965
			*MESH_VERTEX 263	-28.4309	-5.14163	91.1562
			*MESH_VERTEX 264	-23.4129	-9.09609	-1.40988
			*MESH_VERTEX 265	22.0661	-10.984	-1.38164
			*MESH_VERTEX 266	12.0264	-20.213	87.7489
			*MESH_VERTEX 267	0.03411	-21.4989	124.384
			*MESH_VERTEX 268	26.2373	1.80204	144.91
			*MESH_VERTEX 269	-30.149	-4.36074	118.114
			*MESH_VERTEX 270	-26.8544	-9.9208	135.778
			*MESH_VERTEX 271	16.3382	-9.74314	100.909
			*MESH_VERTEX 272	26.9192	-6.02159	116.825
			*MESH_VERTEX 273	30.4673	-4.67843	117.394
			*MESH_VERTEX 274	-26.6008	-5.74393	117.628
			*MESH_VERTEX 275	0.393261	-8.34218	85.75
			*MESH_VERTEX 276	-22.9079	-10.2265	131.889
			*MESH_VERTEX 277	32.0588	1.99529	119.715
			*MESH_VERTEX 278	-25.2973	1.99965	145.122
			*MESH_VERTEX 279	26.6438	-7.07357	143.156
			*MESH_VERTEX 280	-31.6888	2.28229	120.516
			*MESH_VERTEX 281	0.04666	-22.765	130.153
			*MESH_VERTEX 282	-16.026	-5.56836	135.797
			*MESH_VERTEX 283	-10.8044	-18.2111	100.466
			*MESH_VERTEX 284	0.0545	0.450992	121.292
			*MESH_VERTEX 285	0.0162198	2.67213	104.65
			*MESH_VERTEX 286	29.6262	3.8489	116.848
			*MESH_VERTEX 287	23.6568	-10.4463	131.455
			*MESH_VERTEX 288	16.8173	-5.33123	93.0708
			*MESH_VERTEX 289	-16.6196	-4.74761	93.2317
			*MESH_VERTEX 290	-25.8878	-6.9671	143.526
			*MESH_VERTEX 291	-31.593	-2.06374	120.072
			*MESH_VERTEX 292	31.8931	-2.35417	119.377
			*MESH_VERTEX 293	22.4162	-0.228341	118.07
			*MESH_VERTEX 294	-29.2196	4.15394	117.47
			*MESH_VERTEX 295	-22.0514	-0.0867271	118.977
		}
		*MESH_FACE_LIST {
			*MESH_FACE    0:    A:    138 B:    192 C:    50 AB:    1 BC:    1 CA:    1	 *MESH_SMOOTHING 1 	*MESH_MTLID 0
			*MESH_FACE    1:    A:    138 B:    79 C:    49 AB:    1 BC:    1 CA:    1	 *MESH_SMOOTHING 1 	*MESH_MTLID 0
			*MESH_FACE    2:    A:    63 B:    108 C:    44 AB:    1 BC:    1 CA:    1	 *MESH_SMOOTHING 1 	*MESH_MTLID 0
			*MESH_FACE    3:    A:    84 B:    108 C:    109 AB:    1 BC:    1 CA:    1	 *MESH_SMOOTHING 1 	*MESH_MTLID 0
			*MESH_FACE    4:    A:    225 B:    87 C:    124 AB:    1 BC:    1 CA:    1	 *MESH_SMOOTHING 1 	*MESH_MTLID 0
			*MESH_FACE    5:    A:    280 B:    149 C:    249 AB:    1 BC:    1 CA:    1	 *MESH_SMOOTHING 1 	*MESH_MTLID 0
			*MESH_FACE    6:    A:    144 B:    17 C:    266 AB:    1 BC:    1 CA:    1	 *MESH_SMOOTHING 1 	*MESH_MTLID 0
			*MESH_FACE    7:    A:    64 B:    220 C:    208 AB:    1 BC:    1 CA:    1	 *MESH_SMOOTHING 1 	*MESH_MTLID 0
			*MESH_FACE    8:    A:    115 B:    138 C:    49 AB:    1 BC:    1 CA:    1	 *MESH_SMOOTHING 1 	*MESH_MTLID 0
			*MESH_FACE    9:    A:    108 B:    63 C:    89 AB:    1 BC:    1 CA:    1	 *MESH_SMOOTHING 1 	*MESH_MTLID 0
			*MESH_FACE    10:    A:    64 B:    84 C:    207 AB:    1 BC:    1 CA:    1	 *MESH_SMOOTHING 1 	*MESH_MTLID 0
			*MESH_FACE    11:    A:    17 B:    275 C:    140 AB:    1 BC:    1 CA:    1	 *MESH_SMOOTHING 1 	*MESH_MTLID 0
			*MESH_FACE    12:    A:    119 B:    79 C:    98 AB:    1 BC:    1 CA:    1	 *MESH_SMOOTHING 1 	*MESH_MTLID 0
			*MESH_FACE    13:    A:    50 B:    173 C:    96 AB:    1 BC:    1 CA:    1	 *MESH_SMOOTHING 1 	*MESH_MTLID 0
			*MESH_FACE    14:    A:    149 B:    280 C:    37 AB:    1 BC:    1 CA:    1	 *MESH_SMOOTHING 1 	*MESH_MTLID 0
			*MESH_FACE    15:    A:    5 B:    195 C:    295 AB:    1 BC:    1 CA:    1	 *MESH_SMOOTHING 1 	*MESH_MTLID 0
			*MESH_FACE    16:    A:    181 B:    267 C:    22 AB:    1 BC:    1 CA:    1	 *MESH_SMOOTHING 1 	*MESH_MTLID 0
			*MESH_FACE    17:    A:    33 B:    157 C:    156 AB:    1 BC:    1 CA:    1	 *MESH_SMOOTHING 1 	*MESH_MTLID 0
			*MESH_FACE    18:    A:    99 B:    148 C:    175 AB:    1 BC:    1 CA:    1	 *MESH_SMOOTHING 1 	*MESH_MTLID 0
			*MESH_FACE    19:    A:    175 B:    148 C:    186 AB:    1 BC:    1 CA:    1	 *MESH_SMOOTHING 1 	*MESH_MTLID 0
			*MESH_FACE    20:    A:    110 B:    178 C:    186 AB:    1 BC:    1 CA:    1	 *MESH_SMOOTHING 1 	*MESH_MTLID 0
			*MESH_FACE    21:    A:    82 B:    196 C:    101 AB:    1 BC:    1 CA:    1	 *MESH_SMOOTHING 1 	*MESH_MTLID 0
			*MESH_FACE    22:    A:    34 B:    61 C:    35 AB:    1 BC:    1 CA:    1	 *MESH_SMOOTHING 1 	*MESH_MTLID 0
			*MESH_FACE    23:    A:    82 B:    234 C:    196 AB:    1 BC:    1 CA:    1	 *MESH_SMOOTHING 1 	*MESH_MTLID 0
			*MESH_FACE    24:    A:    7 B:    73 C:    151 AB:    1 BC:    1 CA:    1	 *MESH_SMOOTHING 1 	*MESH_MTLID 0
			*MESH_FACE    25:    A:    186 B:    187 C:    72 AB:    1 BC:    1 CA:    1	 *MESH_SMOOTHING 1 	*MESH_MTLID 0
			*MESH_FACE    26:    A:    79 B:    163 C:    215 AB:    1 BC:    1 CA:    1	 *MESH_SMOOTHING 1 	*MESH_MTLID 0
			*MESH_FACE    27:    A:    192 B:    217 C:    50 AB:    1 BC:    1 CA:    1	 *MESH_SMOOTHING 1 	*MESH_MTLID 0
			*MESH_FACE    28:    A:    124 B:    103 C:    263 AB:    1 BC:    1 CA:    1	 *MESH_SMOOTHING 1 	*MESH_MTLID 0
			*MESH_FACE    29:    A:    216 B:    240 C:    171 AB:    1 BC:    1 CA:    1	 *MESH_SMOOTHING 1 	*MESH_MTLID 0
			*MESH_FACE    30:    A:    191 B:    154 C:    0 AB:    1 BC:    1 CA:    1	 *MESH_SMOOTHING 1 	*MESH_MTLID 0
			*MESH_FACE    31:    A:    255 B:    106 C:    285 AB:    1 BC:    1 CA:    1	 *MESH_SMOOTHING 1 	*MESH_MTLID 0
			*MESH_FACE    32:    A:    191 B:    0 C:    224 AB:    1 BC:    1 CA:    1	 *MESH_SMOOTHING 1 	*MESH_MTLID 0
			*MESH_FACE    33:    A:    266 B:    146 C:    271 AB:    1 BC:    1 CA:    1	 *MESH_SMOOTHING 1 	*MESH_MTLID 0
			*MESH_FACE    34:    A:    182 B:    181 C:    22 AB:    1 BC:    1 CA:    1	 *MESH_SMOOTHING 1 	*MESH_MTLID 0
			*MESH_FACE    35:    A:    284 B:    187 C:    186 AB:    1 BC:    1 CA:    1	 *MESH_SMOOTHING 1 	*MESH_MTLID 0
			*MESH_FACE    36:    A:    211 B:    22 C:    210 AB:    1 BC:    1 CA:    1	 *MESH_SMOOTHING 1 	*MESH_MTLID 0
			*MESH_FACE    37:    A:    221 B:    6 C:    18 AB:    1 BC:    1 CA:    1	 *MESH_SMOOTHING 1 	*MESH_MTLID 0
			*MESH_FACE    38:    A:    6 B:    42 C:    18 AB:    1 BC:    1 CA:    1	 *MESH_SMOOTHING 1 	*MESH_MTLID 0
			*MESH_FACE    39:    A:    105 B:    292 C:    91 AB:    1 BC:    1 CA:    1	 *MESH_SMOOTHING 1 	*MESH_MTLID 0
			*MESH_FACE    40:    A:    277 B:    91 C:    292 AB:    1 BC:    1 CA:    1	 *MESH_SMOOTHING 1 	*MESH_MTLID 0
			*MESH_FACE    41:    A:    100 B:    101 C:    261 AB:    1 BC:    1 CA:    1	 *MESH_SMOOTHING 1 	*MESH_MTLID 0
			*MESH_FACE    42:    A:    234 B:    82 C:    218 AB:    1 BC:    1 CA:    1	 *MESH_SMOOTHING 1 	*MESH_MTLID 0
			*MESH_FACE    43:    A:    106 B:    27 C:    245 AB:    1 BC:    1 CA:    1	 *MESH_SMOOTHING 1 	*MESH_MTLID 0
			*MESH_FACE    44:    A:    220 B:    185 C:    44 AB:    1 BC:    1 CA:    1	 *MESH_SMOOTHING 1 	*MESH_MTLID 0
			*MESH_FACE    45:    A:    245 B:    27 C:    9 AB:    1 BC:    1 CA:    1	 *MESH_SMOOTHING 1 	*MESH_MTLID 0
			*MESH_FACE    46:    A:    67 B:    65 C:    9 AB:    1 BC:    1 CA:    1	 *MESH_SMOOTHING 1 	*MESH_MTLID 0
			*MESH_FACE    47:    A:    28 B:    264 C:    90 AB:    1 BC:    1 CA:    1	 *MESH_SMOOTHING 1 	*MESH_MTLID 0
			*MESH_FACE    48:    A:    44 B:    208 C:    220 AB:    1 BC:    1 CA:    1	 *MESH_SMOOTHING 1 	*MESH_MTLID 0
			*MESH_FACE    49:    A:    216 B:    230 C:    240 AB:    1 BC:    1 CA:    1	 *MESH_SMOOTHING 1 	*MESH_MTLID 0
			*MESH_FACE    50:    A:    151 B:    228 C:    107 AB:    1 BC:    1 CA:    1	 *MESH_SMOOTHING 1 	*MESH_MTLID 0
			*MESH_FACE    51:    A:    33 B:    75 C:    121 AB:    1 BC:    1 CA:    1	 *MESH_SMOOTHING 1 	*MESH_MTLID 0
			*MESH_FACE    52:    A:    35 B:    61 C:    148 AB:    1 BC:    1 CA:    1	 *MESH_SMOOTHING 1 	*MESH_MTLID 0
			*MESH_FACE    53:    A:    117 B:    70 C:    33 AB:    1 BC:    1 CA:    1	 *MESH_SMOOTHING 1 	*MESH_MTLID 0
			*MESH_FACE    54:    A:    13 B:    32 C:    127 AB:    1 BC:    1 CA:    1	 *MESH_SMOOTHING 1 	*MESH_MTLID 0
			*MESH_FACE    55:    A:    39 B:    35 C:    148 AB:    1 BC:    1 CA:    1	 *MESH_SMOOTHING 1 	*MESH_MTLID 0
			*MESH_FACE    56:    A:    33 B:    193 C:    31 AB:    1 BC:    1 CA:    1	 *MESH_SMOOTHING 1 	*MESH_MTLID 0
			*MESH_FACE    57:    A:    33 B:    31 C:    117 AB:    1 BC:    1 CA:    1	 *MESH_SMOOTHING 1 	*MESH_MTLID 0
			*MESH_FACE    58:    A:    174 B:    258 C:    259 AB:    1 BC:    1 CA:    1	 *MESH_SMOOTHING 1 	*MESH_MTLID 0
			*MESH_FACE    59:    A:    158 B:    239 C:    128 AB:    1 BC:    1 CA:    1	 *MESH_SMOOTHING 1 	*MESH_MTLID 0
			*MESH_FACE    60:    A:    35 B:    39 C:    136 AB:    1 BC:    1 CA:    1	 *MESH_SMOOTHING 1 	*MESH_MTLID 0
			*MESH_FACE    61:    A:    121 B:    30 C:    33 AB:    1 BC:    1 CA:    1	 *MESH_SMOOTHING 1 	*MESH_MTLID 0
			*MESH_FACE    62:    A:    2 B:    96 C:    265 AB:    1 BC:    1 CA:    1	 *MESH_SMOOTHING 1 	*MESH_MTLID 0
			*MESH_FACE    63:    A:    173 B:    10 C:    120 AB:    1 BC:    1 CA:    1	 *MESH_SMOOTHING 1 	*MESH_MTLID 0
			*MESH_FACE    64:    A:    280 B:    291 C:    37 AB:    1 BC:    1 CA:    1	 *MESH_SMOOTHING 1 	*MESH_MTLID 0
			*MESH_FACE    65:    A:    99 B:    29 C:    32 AB:    1 BC:    1 CA:    1	 *MESH_SMOOTHING 1 	*MESH_MTLID 0
			*MESH_FACE    66:    A:    201 B:    200 C:    293 AB:    1 BC:    1 CA:    1	 *MESH_SMOOTHING 1 	*MESH_MTLID 0
			*MESH_FACE    67:    A:    250 B:    293 C:    200 AB:    1 BC:    1 CA:    1	 *MESH_SMOOTHING 1 	*MESH_MTLID 0
			*MESH_FACE    68:    A:    165 B:    39 C:    148 AB:    1 BC:    1 CA:    1	 *MESH_SMOOTHING 1 	*MESH_MTLID 0
			*MESH_FACE    69:    A:    141 B:    137 C:    40 AB:    1 BC:    1 CA:    1	 *MESH_SMOOTHING 1 	*MESH_MTLID 0
			*MESH_FACE    70:    A:    142 B:    40 C:    152 AB:    1 BC:    1 CA:    1	 *MESH_SMOOTHING 1 	*MESH_MTLID 0
			*MESH_FACE    71:    A:    236 B:    218 C:    142 AB:    1 BC:    1 CA:    1	 *MESH_SMOOTHING 1 	*MESH_MTLID 0
			*MESH_FACE    72:    A:    124 B:    87 C:    103 AB:    1 BC:    1 CA:    1	 *MESH_SMOOTHING 1 	*MESH_MTLID 0
			*MESH_FACE    73:    A:    162 B:    113 C:    43 AB:    1 BC:    1 CA:    1	 *MESH_SMOOTHING 1 	*MESH_MTLID 0
			*MESH_FACE    74:    A:    112 B:    102 C:    84 AB:    1 BC:    1 CA:    1	 *MESH_SMOOTHING 1 	*MESH_MTLID 0
			*MESH_FACE    75:    A:    44 B:    90 C:    162 AB:    1 BC:    1 CA:    1	 *MESH_SMOOTHING 1 	*MESH_MTLID 0
			*MESH_FACE    76:    A:    43 B:    44 C:    162 AB:    1 BC:    1 CA:    1	 *MESH_SMOOTHING 1 	*MESH_MTLID 0
			*MESH_FACE    77:    A:    45 B:    19 C:    224 AB:    1 BC:    1 CA:    1	 *MESH_SMOOTHING 1 	*MESH_MTLID 0
