*3DSMAX_ASCIIEXPORT	110
*COMMENT "[ GothicSourcer v3.14 ] - June 2007"
*SCENE {
	*SCENE_FILENAME "WARAN_LOOK_KM01.MAX"
	*SCENE_FIRSTFRAME 0
	*SCENE_LASTFRAME 8
	*SCENE_FRAMESPEED 25
	*SCENE_TICKSPERFRAME 192
	*SCENE_BACKGROUND_STATIC 0	0	0
	*SCENE_AMBIENT_STATIC 0.2	0.2	0.2
}
*HELPEROBJECT {
	*NODE_NAME "Bip01"
	*NODE_TM {
		*NODE_NAME "Bip01"
		*TM_ROW0 1.26759e-006	-1	0
		*TM_ROW1 1	1.26759e-006	0
		*TM_ROW2 -0	-0	1
		*TM_ROW3 -0.039402	110.084	98.727
		*TM_POS -0.039402	110.084	98.727
		*TM_ROTAXIS 0	0	1
		*TM_ROTANGLE 1.5708
		*TM_SCALE 1	1	1
		*TM_SCALEAXIS 0	0	0
		*TM_SCALEAXISANG 0	0	0
	}
}
*HELPEROBJECT {
	*NODE_NAME "Bip01 Pelvis"
	*NODE_PARENT "Bip01"
	*NODE_TM {
		*NODE_NAME "Bip01 Pelvis"
		*TM_ROW0 -1.19209e-006	-1.64892e-007	1
		*TM_ROW1 2.99332e-006	-1	-1.64887e-007
		*TM_ROW2 1	2.99332e-006	1.66893e-006
		*TM_ROW3 -0.038947	110.084	98.727
		*TM_POS -0.038947	110.084	98.727
		*TM_ROTAXIS -0.707106	-1e-006	-0.707107
		*TM_ROTANGLE 3.14159
		*TM_SCALE 1	1	1
		*TM_SCALEAXIS 0	0	0
		*TM_SCALEAXISANG 0	0	0
	}
}
*HELPEROBJECT {
	*NODE_NAME "Bip01 Spine"
	*NODE_PARENT "Bip01 Pelvis"
	*NODE_TM {
		*NODE_NAME "Bip01 Spine"
		*TM_ROW0 -9.0003e-006	-0.942372	-0.334567
		*TM_ROW1 6.55651e-007	0.334567	-0.942372
		*TM_ROW2 1	-8.76188e-006	-2.32458e-006
		*TM_ROW3 -0.038947	110.074	107.448
		*TM_POS -0.038947	110.074	107.448
		*TM_ROTAXIS 0.499649	-0.707599	0.499654
		*TM_ROTANGLE 1.90998
		*TM_SCALE 1	1	1
		*TM_SCALEAXIS 0	0	0
		*TM_SCALEAXISANG 0	0	0
	}
}
*HELPEROBJECT {
	*NODE_NAME "Bip01 Spine1"
	*NODE_PARENT "Bip01 Spine"
	*NODE_TM {
		*NODE_NAME "Bip01 Spine1"
		*TM_ROW0 -1.01328e-005	-0.979764	-0.200158
		*TM_ROW1 -6.25849e-007	0.200158	-0.979764
		*TM_ROW2 1	-9.80496e-006	-2.6226e-006
		*TM_ROW3 -0.039315	72.835	94.2601
		*TM_POS -0.039315	72.835	94.2601
		*TM_ROTAXIS 0.534481	-0.654717	0.534486
		*TM_ROTANGLE 1.98223
		*TM_SCALE 1	1	1
		*TM_SCALEAXIS 0	0	0
		*TM_SCALEAXISANG 0	0	0
	}
}
*HELPEROBJECT {
	*NODE_NAME "Bip01 Spine2"
	*NODE_PARENT "Bip01 Spine1"
	*NODE_TM {
		*NODE_NAME "Bip01 Spine2"
		*TM_ROW0 -9.89437e-006	-0.999013	-0.0444253
		*TM_ROW1 -2.74181e-006	0.0444253	-0.999013
		*TM_ROW2 1	-9.74536e-006	-3.21865e-006
		*TM_ROW3 -0.039698	34.1236	86.3834
		*TM_POS -0.039698	34.1236	86.3834
		*TM_ROTAXIS 0.568603	-0.594456	0.568607
		*TM_ROTANGLE 2.06894
		*TM_SCALE 1	1	1
		*TM_SCALEAXIS 0	0	0
		*TM_SCALEAXISANG 0	0	0
	}
}
*HELPEROBJECT {
	*NODE_NAME "Bip01 Neck"
	*NODE_PARENT "Bip01 Spine2"
	*NODE_TM {
		*NODE_NAME "Bip01 Neck"
		*TM_ROW0 -1.07586e-005	-0.999989	-0.00462749
		*TM_ROW1 -2.20537e-006	0.00462759	-0.999989
		*TM_ROW2 1	-1.0848e-005	-2.11597e-006
		*TM_ROW3 -0.040089	-5.34694	84.6372
		*TM_POS -0.040089	-5.34694	84.6372
		*TM_ROTAXIS 0.576454	-0.579134	0.576459
		*TM_ROTANGLE 2.09173
		*TM_SCALE 1	1	1
		*TM_SCALEAXIS 0	0	0
		*TM_SCALEAXISANG 0	0	0
	}
}
*HELPEROBJECT {
	*NODE_NAME "Bip01 Neck1"
	*NODE_PARENT "Bip01 Neck"
	*NODE_TM {
		*NODE_NAME "Bip01 Neck1"
		*TM_ROW0 -9.65595e-006	-0.999401	-0.0346202
		*TM_ROW1 -2.65241e-006	0.0346203	-0.9994
		*TM_ROW2 1	-9.62615e-006	-2.89083e-006
		*TM_ROW3 -0.040202	-16.7736	84.5959
		*TM_POS -0.040202	-16.7736	84.5959
		*TM_ROTAXIS 0.570567	-0.59068	0.570571
		*TM_ROTANGLE 2.07453
		*TM_SCALE 1	1	1
		*TM_SCALEAXIS 0	0	0
		*TM_SCALEAXISANG 0	0	0
	}
}
*HELPEROBJECT {
	*NODE_NAME "Bip01 Head"
	*NODE_PARENT "Bip01 Neck1"
	*NODE_TM {
		*NODE_NAME "Bip01 Head"
		*TM_ROW0 1.19209e-006	-0.996195	0.0871579
		*TM_ROW1 -2.5332e-006	-0.0871578	-0.996194
		*TM_ROW2 1	8.64266e-007	-2.50339e-006
		*TM_ROW3 -0.040346	-31.2588	84.0941
		*TM_POS -0.040346	-31.2588	84.0941
		*TM_ROTAXIS 0.593427	-0.543774	0.593425
		*TM_ROTANGLE 2.14549
		*TM_SCALE 1	1	1
		*TM_SCALEAXIS 0	0	0
		*TM_SCALEAXISANG 0	0	0
	}
	*TM_ANIMATION {
		*NODE_NAME  "Bip01 Head"
		*CONTROL_POS_TRACK {
			*CONTROL_POS_SAMPLE 0	-0.0403428	-31.2588	84.0941
			*CONTROL_POS_SAMPLE 192	-0.0403428	-31.2588	84.0941
			*CONTROL_POS_SAMPLE 384	-0.0403428	-31.2588	84.0941
			*CONTROL_POS_SAMPLE 576	-0.0403428	-31.2588	84.0941
			*CONTROL_POS_SAMPLE 768	-0.0403428	-31.2588	84.0941
			*CONTROL_POS_SAMPLE 960	-0.0403428	-31.2588	84.0941
			*CONTROL_POS_SAMPLE 1152	-0.0403428	-31.2588	84.0941
			*CONTROL_POS_SAMPLE 1344	-0.0403428	-31.2588	84.0941
			*CONTROL_POS_SAMPLE 1536	-0.0403428	-31.2588	84.0941
		}
		*CONTROL_ROT_TRACK {
			*CONTROL_ROT_SAMPLE 0	0.894844	0.04098	0.444494	2.00141
			*CONTROL_ROT_SAMPLE 192	-0.663577	0.345441	-0.663578	3.8068
			*CONTROL_ROT_SAMPLE 384	-0.374429	0.540011	-0.753785	3.07265
			*CONTROL_ROT_SAMPLE 576	0.939858	-0.230753	0.251832	1.71962
			*CONTROL_ROT_SAMPLE 768	-0.593425	0.543772	-0.593429	4.13768
			*CONTROL_ROT_SAMPLE 960	-0.193825	0.662788	-0.723287	3.49313
			*CONTROL_ROT_SAMPLE 1152	0.84694	-0.529947	-0.0430036	1.76106
			*CONTROL_ROT_SAMPLE 1344	0.389305	-0.834792	0.389312	1.7504
			*CONTROL_ROT_SAMPLE 1536	0.0363312	0.697661	-0.715506	3.98356
		}
		*CONTROL_SCALE_TRACK {
			*CONTROL_SCALE_SAMPLE	0	1	1	1	0	0	0	0
		}
	}
}
*HELPEROBJECT {
	*NODE_NAME "Bip01 Ponytail1"
	*NODE_PARENT "Bip01 Head"
	*NODE_TM {
		*NODE_NAME "Bip01 Ponytail1"
		*TM_ROW0 2.563e-006	-0.995427	-0.09552
		*TM_ROW1 8.88109e-006	0.0955199	-0.995427
		*TM_ROW2 1	1.75834e-006	9.05991e-006
		*TM_ROW3 -0.040341	-36.3665	70.3009
		*TM_POS -0.040341	-36.3665	70.3009
		*TM_ROTAXIS 0.558039	-0.61415	0.558043
		*TM_ROTANGLE 2.04007
		*TM_SCALE 1	1	1
		*TM_SCALEAXIS 0	0	0
		*TM_SCALEAXISANG 0	0	0
	}
}
*HELPEROBJECT {
	*NODE_NAME "Bip01 Tongue01"
	*NODE_PARENT "Bip01 Head"
	*NODE_TM {
		*NODE_NAME "Bip01 Tongue01"
		*TM_ROW0 1	-1.59802e-012	1.28402e-013
		*TM_ROW1 8.9677e-013	1	1.26148e-008
		*TM_ROW2 -8.60425e-014	-1.03923e-008	1
		*TM_ROW3 4.70035e-005	-30.9688	73.9912
		*TM_POS 4.70035e-005	-30.9688	73.9912
		*TM_ROTAXIS 0	0	0
		*TM_ROTANGLE 0
		*TM_SCALE 1	1	1
		*TM_SCALEAXIS 0	0	0
		*TM_SCALEAXISANG 0	0	0
	}
}
*HELPEROBJECT {
	*NODE_NAME "Bip01 Tongue02"
	*NODE_PARENT "Bip01 Tongue01"
	*NODE_TM {
		*NODE_NAME "Bip01 Tongue02"
		*TM_ROW0 1	-1.59802e-012	1.28402e-013
		*TM_ROW1 8.9677e-013	1	1.26148e-008
		*TM_ROW2 -8.60425e-014	-1.03923e-008	1
		*TM_ROW3 4.60035e-005	-38.6476	73.8345
		*TM_POS 4.60035e-005	-38.6476	73.8345
		*TM_ROTAXIS 0	0	0
		*TM_ROTANGLE 0
		*TM_SCALE 1	1	1
		*TM_SCALEAXIS 0	0	0
		*TM_SCALEAXISANG 0	0	0
	}
}
*HELPEROBJECT {
	*NODE_NAME "Bip01 Tongue03"
	*NODE_PARENT "Bip01 Tongue02"
	*NODE_TM {
		*NODE_NAME "Bip01 Tongue03"
		*TM_ROW0 1	-1.59802e-012	1.28402e-013
		*TM_ROW1 8.9677e-013	1	1.26148e-008
		*TM_ROW2 -8.60425e-014	-1.03923e-008	1
		*TM_ROW3 4.40035e-005	-80.4889	76.5151
		*TM_POS 4.40035e-005	-80.4889	76.5151
		*TM_ROTAXIS 0	0	0
		*TM_ROTANGLE 0
		*TM_SCALE 1	1	1
		*TM_SCALEAXIS 0	0	0
		*TM_SCALEAXISANG 0	0	0
	}
}
*HELPEROBJECT {
	*NODE_NAME "Bip01 Tongue04"
	*NODE_PARENT "Bip01 Tongue03"
	*NODE_TM {
		*NODE_NAME "Bip01 Tongue04"
		*TM_ROW0 1	-1.59802e-012	1.28402e-013
		*TM_ROW1 8.9677e-013	1	1.26148e-008
		*TM_ROW2 -8.60425e-014	-1.03923e-008	1
		*TM_ROW3 4.30035e-005	-99.897	71.3685
		*TM_POS 4.30035e-005	-99.897	71.3685
		*TM_ROTAXIS 0	0	0
		*TM_ROTANGLE 0
		*TM_SCALE 1	1	1
		*TM_SCALEAXIS 0	0	0
		*TM_SCALEAXISANG 0	0	0
	}
}
*HELPEROBJECT {
	*NODE_NAME "Bip01 Tongue05"
	*NODE_PARENT "Bip01 Tongue04"
	*NODE_TM {
		*NODE_NAME "Bip01 Tongue05"
		*TM_ROW0 1	-1.59802e-012	1.28402e-013
		*TM_ROW1 8.9677e-013	1	1.26148e-008
		*TM_ROW2 -8.60425e-014	-1.03923e-008	1
		*TM_ROW3 4.30035e-005	-109.733	72.3334
		*TM_POS 4.30035e-005	-109.733	72.3334
		*TM_ROTAXIS 0	0	0
		*TM_ROTANGLE 0
		*TM_SCALE 1	1	1
		*TM_SCALEAXIS 0	0	0
		*TM_SCALEAXISANG 0	0	0
	}
}
*HELPEROBJECT {
	*NODE_NAME "Bip01 L Clavicle"
	*NODE_PARENT "Bip01 Neck"
	*NODE_TM {
		*NODE_NAME "Bip01 L Clavicle"
		*TM_ROW0 0.87497	0.483716	0.0211252
		*TM_ROW1 -5.21541e-007	-0.0436301	0.999048
		*TM_ROW2 0.484177	-0.874137	-0.0381748
		*TM_ROW3 21.555	17.5991	69.9667
		*TM_POS 21.555	17.5991	69.9667
		*TM_ROTAXIS -0.941641	-0.232774	-0.243162
		*TM_ROTANGLE 1.6744
		*TM_SCALE 1	1	1
		*TM_SCALEAXIS 0	0	0
		*TM_SCALEAXISANG 0	0	0
	}
}
*HELPEROBJECT {
	*NODE_NAME "Bip01 L UpperArm"
	*NODE_PARENT "Bip01 L Clavicle"
	*NODE_TM {
		*NODE_NAME "Bip01 L UpperArm"
		*TM_ROW0 0.575364	0.815243	0.0658395
		*TM_ROW1 -0.284358	0.12391	0.950677
		*TM_ROW2 0.766875	-0.565707	0.303114
		*TM_ROW3 39.0007	27.2438	70.3879
		*TM_POS 39.0007	27.2438	70.3879
		*TM_ROTAXIS -0.758193	-0.350518	-0.549801
		*TM_ROTANGLE 1.5696
		*TM_SCALE 1	1	1
		*TM_SCALEAXIS 0	0	0
		*TM_SCALEAXISANG 0	0	0
	}
}
*HELPEROBJECT {
	*NODE_NAME "Bip01 L Forearm"
	*NODE_PARENT "Bip01 L UpperArm"
	*NODE_TM {
		*NODE_NAME "Bip01 L Forearm"
		*TM_ROW0 0.142745	-0.310117	-0.939921
		*TM_ROW1 0.625721	0.76407	-0.157069
		*TM_ROW2 0.766875	-0.565708	0.303114
		*TM_ROW3 72.1812	74.2578	74.1848
		*TM_POS 72.1812	74.2578	74.1848
		*TM_ROTAXIS -0.205454	-0.858138	0.470518
		*TM_ROTANGLE 1.46564
		*TM_SCALE 1	1	1
		*TM_SCALEAXIS 0	0	0
		*TM_SCALEAXISANG 0	0	0
	}
}
*HELPEROBJECT {
	*NODE_NAME "Bip01 L Hand"
	*NODE_PARENT "Bip01 L Forearm"
	*NODE_TM {
		*NODE_NAME "Bip01 L Hand"
		*TM_ROW0 -0.0725941	-0.736352	-0.672693
		*TM_ROW1 0.0216965	0.673147	-0.73919
		*TM_ROW2 0.997126	-0.0682562	-0.0328902
		*TM_ROW3 78.9681	59.5129	29.4954
		*TM_POS 78.9681	59.5129	29.4954
		*TM_ROTAXIS 0.343591	-0.855128	0.388203
		*TM_ROTANGLE 1.78868
		*TM_SCALE 1	1	1
		*TM_SCALEAXIS 0	0	0
		*TM_SCALEAXISANG 0	0	0
	}
}
*HELPEROBJECT {
	*NODE_NAME "Bip01 L Finger0"
	*NODE_PARENT "Bip01 L Hand"
	*NODE_TM {
		*NODE_NAME "Bip01 L Finger0"
		*TM_ROW0 -0.0698239	-0.995353	-0.0663145
		*TM_ROW1 -0.028833	0.0684627	-0.997237
		*TM_ROW2 0.997143	-0.0677192	-0.0334793
		*TM_ROW3 76.6891	36.3954	8.3764
		*TM_POS 76.6891	36.3954	8.3764
		*TM_ROTAXIS -0.543113	0.621373	-0.564733
		*TM_ROTANGLE 4.16856
		*TM_SCALE 1	1	1
		*TM_SCALEAXIS 0	0	0
		*TM_SCALEAXISANG 0	0	0
	}
}
*HELPEROBJECT {
	*NODE_NAME "Bip01 R Clavicle"
	*NODE_PARENT "Bip01 Neck"
	*NODE_TM {
		*NODE_NAME "Bip01 R Clavicle"
		*TM_ROW0 -0.87496	0.483733	0.0211244
		*TM_ROW1 -9.83477e-007	-0.0436297	0.999048
		*TM_ROW2 0.484194	0.874127	0.0381749
		*TM_ROW3 -21.6347	17.5995	69.9667
		*TM_POS -21.6347	17.5995	69.9667
		*TM_ROTAXIS -0.183382	-0.679782	-0.710117
		*TM_ROTANGLE 2.79404
		*TM_SCALE 1	1	1
		*TM_SCALEAXIS 0	0	0
		*TM_SCALEAXISANG 0	0	0
	}
}
*HELPEROBJECT {
	*NODE_NAME "Bip01 R UpperArm"
	*NODE_PARENT "Bip01 R Clavicle"
	*NODE_TM {
		*NODE_NAME "Bip01 R UpperArm"
		*TM_ROW0 -0.575366	0.815242	0.0658406
		*TM_ROW1 0.284357	0.12391	0.950677
		*TM_ROW2 0.766874	0.56571	-0.303113
		*TM_ROW3 -39.0802	27.2445	70.3879
		*TM_POS -39.0802	27.2445	70.3879
		*TM_ROTAXIS 0.401033	0.730288	0.553039
		*TM_ROTANGLE 3.64221
		*TM_SCALE 1	1	1
		*TM_SCALEAXIS 0	0	0
		*TM_SCALEAXISANG 0	0	0
	}
}
*HELPEROBJECT {
	*NODE_NAME "Bip01 R Forearm"
	*NODE_PARENT "Bip01 R UpperArm"
	*NODE_TM {
		*NODE_NAME "Bip01 R Forearm"
		*TM_ROW0 -0.142744	-0.310118	-0.939921
		*TM_ROW1 -0.625723	0.764068	-0.157069
		*TM_ROW2 0.766874	0.56571	-0.303114
		*TM_ROW3 -72.2608	74.2584	74.1848
		*TM_POS -72.2608	74.2584	74.1848
		*TM_ROTAXIS 0.384415	-0.907771	-0.167857
		*TM_ROTANGLE 1.91866
		*TM_SCALE 1	1	1
		*TM_SCALEAXIS 0	0	0
		*TM_SCALEAXISANG 0	0	0
	}
}
*HELPEROBJECT {
	*NODE_NAME "Bip01 R Hand"
	*NODE_PARENT "Bip01 R Forearm"
	*NODE_TM {
		*NODE_NAME "Bip01 R Hand"
		*TM_ROW0 0.0725964	-0.736352	-0.672692
		*TM_ROW1 -0.0216987	0.673147	-0.739191
		*TM_ROW2 0.997125	0.0682591	0.0328901
		*TM_ROW3 -79.0478	59.5136	29.4953
		*TM_POS -79.0478	59.5136	29.4953
		*TM_ROTAXIS 0.406221	-0.840071	0.359536
		*TM_ROTANGLE 1.68171
		*TM_SCALE 1	1	1
		*TM_SCALEAXIS 0	0	0
		*TM_SCALEAXISANG 0	0	0
	}
}
*HELPEROBJECT {
	*NODE_NAME "Bip01 R Finger0"
	*NODE_PARENT "Bip01 R Hand"
	*NODE_TM {
		*NODE_NAME "Bip01 R Finger0"
		*TM_ROW0 0.0698272	-0.995352	-0.0663148
		*TM_ROW1 0.0288324	0.0684632	-0.997237
		*TM_ROW2 0.997142	0.0677223	0.0334789
		*TM_ROW3 -76.7686	36.3961	8.37638
		*TM_POS -76.7686	36.3961	8.37638
		*TM_ROTAXIS 0.584998	-0.584173	0.5626
		*TM_ROTANGLE 1.99777
		*TM_SCALE 1	1	1
		*TM_SCALEAXIS 0	0	0
		*TM_SCALEAXISANG 0	0	0
	}
}
*HELPEROBJECT {
	*NODE_NAME "Bip01 L Thigh"
	*NODE_PARENT "Bip01 Pelvis"
	*NODE_TM {
		*NODE_NAME "Bip01 L Thigh"
		*TM_ROW0 0.79061	0.239582	-0.563504
		*TM_ROW1 0.605831	-0.172438	0.776682
		*TM_ROW2 0.0889093	-0.95544	-0.281477
		*TM_ROW3 10.186	110.084	98.727
		*TM_POS 10.186	110.084	98.727
		*TM_ROTAXIS -0.918019	-0.345777	0.194111
		*TM_ROTANGLE 1.90885
		*TM_SCALE 1	1	1
		*TM_SCALEAXIS 0	0	0
		*TM_SCALEAXISANG 0	0	0
	}
}
*HELPEROBJECT {
	*NODE_NAME "Bip01 L Calf"
	*NODE_PARENT "Bip01 L Thigh"
	*NODE_TM {
		*NODE_NAME "Bip01 L Calf"
		*TM_ROW0 -0.824711	0.0878492	-0.55869
		*TM_ROW1 0.558522	0.28181	-0.780152
		*TM_ROW2 0.0889084	-0.95544	-0.281477
		*TM_ROW3 57.3038	124.363	65.1439
		*TM_POS 57.3038	124.363	65.1439
		*TM_ROTAXIS 0.213887	0.790199	-0.574315
		*TM_ROTANGLE 3.56379
		*TM_SCALE 1	1	1
		*TM_SCALEAXIS 0	0	0
		*TM_SCALEAXISANG 0	0	0
	}
}
*HELPEROBJECT {
	*NODE_NAME "Bip01 L HorseLink"
	*NODE_PARENT "Bip01 L Calf"
	*NODE_TM {
		*NODE_NAME "Bip01 L HorseLink"
		*TM_ROW0 0.51741	0.285778	-0.806609
		*TM_ROW1 0.851106	-0.0739241	0.519763
		*TM_ROW2 0.0889092	-0.95544	-0.281477
		*TM_ROW3 23.5733	127.956	42.2937
		*TM_POS 23.5733	127.956	42.2937
		*TM_ROTAXIS -0.812347	-0.493133	0.311308
		*TM_ROTANGLE 2.00313
		*TM_SCALE 1	1	1
		*TM_SCALEAXIS 0	0	0
		*TM_SCALEAXISANG 0	0	0
	}
}
*HELPEROBJECT {
	*NODE_NAME "Bip01 L Foot"
	*NODE_PARENT "Bip01 L HorseLink"
	*NODE_TM {
		*NODE_NAME "Bip01 L Foot"
		*TM_ROW0 -3.33108e-007	3.56113e-007	-1
		*TM_ROW1 0.999657	-0.0261756	-3.34955e-007
		*TM_ROW2 -0.0261755	-0.999657	-3.90603e-007
		*TM_ROW3 40.1386	137.105	16.4694
		*TM_POS 40.1386	137.105	16.4694
		*TM_ROTAXIS 0.582323	0.567275	-0.582323
		*TM_ROTANGLE 4.17361
		*TM_SCALE 1	1	1
		*TM_SCALEAXIS 0	0	0
		*TM_SCALEAXISANG 0	0	0
	}
}
*HELPEROBJECT {
	*NODE_NAME "Bip01 L Toe0"
	*NODE_PARENT "Bip01 L Foot"
	*NODE_TM {
		*NODE_NAME "Bip01 L Toe0"
		*TM_ROW0 0.999657	-0.026176	1.80162e-008
		*TM_ROW1 -8.87816e-008	-3.78494e-007	1
		*TM_ROW2 -0.026176	-0.999657	-3.5338e-007
		*TM_ROW3 71.352	136.288	-4.20707
		*TM_POS 71.352	136.288	-4.20707
		*TM_ROTAXIS -0.999829	0.013088	0.013088
		*TM_ROTANGLE 1.57097
		*TM_SCALE 1	1	1
		*TM_SCALEAXIS 0	0	0
		*TM_SCALEAXISANG 0	0	0
	}
}
*HELPEROBJECT {
	*NODE_NAME "Bip01 R Thigh"
	*NODE_PARENT "Bip01 Pelvis"
	*NODE_TM {
		*NODE_NAME "Bip01 R Thigh"
		*TM_ROW0 -0.799436	0.256586	-0.5432
		*TM_ROW1 -0.592825	-0.190537	0.782467
		*TM_ROW2 0.0972703	0.947554	0.304433
		*TM_ROW3 -10.2639	110.084	98.727
		*TM_POS -10.2639	110.084	98.727
		*TM_ROTAXIS 0.153349	-0.59493	-0.789014
		*TM_ROTANGLE 2.5732
		*TM_SCALE 1	1	1
		*TM_SCALEAXIS 0	0	0
		*TM_SCALEAXISANG 0	0	0
	}
}
*HELPEROBJECT {
	*NODE_NAME "Bip01 R Calf"
	*NODE_PARENT "Bip01 R Thigh"
	*NODE_TM {
		*NODE_NAME "Bip01 R Calf"
		*TM_ROW0 0.835685	0.0883652	-0.542053
		*TM_ROW1 -0.540526	0.307136	-0.783262
		*TM_ROW2 0.097271	0.947554	0.304433
		*TM_ROW3 -57.9077	125.376	66.354
		*TM_POS -57.9077	125.376	66.354
		*TM_ROTAXIS 0.887894	-0.327968	-0.322616
		*TM_ROTANGLE 1.34526
		*TM_SCALE 1	1	1
		*TM_SCALEAXIS 0	0	0
		*TM_SCALEAXISANG 0	0	0
	}
}
*HELPEROBJECT {
	*NODE_NAME "Bip01 R HorseLink"
	*NODE_PARENT "Bip01 R Calf"
	*NODE_TM {
		*NODE_NAME "Bip01 R HorseLink"
		*TM_ROW0 -0.515017	0.309667	-0.79929
		*TM_ROW1 -0.851643	-0.0790415	0.518128
		*TM_ROW2 0.0972699	0.947554	0.304434
		*TM_ROW3 -23.7284	128.99	44.1842
		*TM_POS -23.7284	128.99	44.1842
		*TM_ROTAXIS 0.280913	-0.586492	-0.759681
		*TM_ROTANGLE 2.27157
		*TM_SCALE 1	1	1
		*TM_SCALEAXIS 0	0	0
		*TM_SCALEAXISANG 0	0	0
	}
}
*HELPEROBJECT {
	*NODE_NAME "Bip01 R Foot"
	*NODE_PARENT "Bip01 R HorseLink"
	*NODE_TM {
		*NODE_NAME "Bip01 R Foot"
		*TM_ROW0 2.74687e-009	-1.71557e-007	-1
		*TM_ROW1 -0.999657	-0.0261786	7.09515e-008
		*TM_ROW2 -0.0261787	0.999657	2.97313e-008
		*TM_ROW3 -40.217	138.905	18.5943
		*TM_POS -40.217	138.905	18.5943
		*TM_ROTAXIS 0.582323	-0.567273	-0.582323
		*TM_ROTANGLE 2.10958
		*TM_SCALE 1	1	1
		*TM_SCALEAXIS 0	0	0
		*TM_SCALEAXISANG 0	0	0
	}
}
*HELPEROBJECT {
	*NODE_NAME "Bip01 R Toe0"
	*NODE_PARENT "Bip01 R Foot"
	*NODE_TM {
		*NODE_NAME "Bip01 R Toe0"
		*TM_ROW0 -0.999657	-0.0261786	-8.29638e-007
		*TM_ROW1 -7.54324e-007	1.41755e-007	1
		*TM_ROW2 -0.0261786	0.999657	2.97313e-008
		*TM_ROW3 -71.4305	138.087	-2.08224
		*TM_POS -71.4305	138.087	-2.08224
		*TM_ROTAXIS -0.00925699	0.707076	0.707076
		*TM_ROTANGLE 3.12308
		*TM_SCALE 1	1	1
		*TM_SCALEAXIS 0	0	0
		*TM_SCALEAXISANG 0	0	0
	}
}
*HELPEROBJECT {
	*NODE_NAME "Bip01 Tail"
	*NODE_PARENT "Bip01 Pelvis"
	*NODE_TM {
		*NODE_NAME "Bip01 Tail"
		*TM_ROW0 -1.16229e-006	0.942529	-0.334124
		*TM_ROW1 -3.36766e-006	0.334124	0.942529
		*TM_ROW2 1	2.29478e-006	2.80142e-006
		*TM_ROW3 -0.038957	125.834	105.843
		*TM_POS -0.038957	125.834	105.843
		*TM_ROTAXIS -0.499776	-0.707421	-0.499779
		*TM_ROTANGLE 1.91021
		*TM_SCALE 1	1	1
		*TM_SCALEAXIS 0	0	0
		*TM_SCALEAXISANG 0	0	0
	}
}
*HELPEROBJECT {
	*NODE_NAME "Bip01 Tail1"
	*NODE_PARENT "Bip01 Tail"
	*NODE_TM {
		*NODE_NAME "Bip01 Tail1"
		*TM_ROW0 -8.64267e-007	0.947856	-0.318699
		*TM_ROW1 -3.57628e-006	0.318699	0.947856
		*TM_ROW2 1	2.02656e-006	3.15905e-006
		*TM_ROW3 -0.039018	170.344	90.0349
		*TM_POS -0.039018	170.344	90.0349
		*TM_ROTAXIS -0.504076	-0.701293	-0.504079
		*TM_ROTANGLE 1.9184
		*TM_SCALE 1	1	1
		*TM_SCALEAXIS 0	0	0
		*TM_SCALEAXISANG 0	0	0
	}
}
*HELPEROBJECT {
	*NODE_NAME "Bip01 Tail2"
	*NODE_PARENT "Bip01 Tail1"
	*NODE_TM {
		*NODE_NAME "Bip01 Tail2"
		*TM_ROW0 -1.63913e-006	0.950249	-0.311492
		*TM_ROW1 -3.03984e-006	0.311492	0.950249
		*TM_ROW2 1	2.563e-006	2.41399e-006
		*TM_ROW3 -0.039064	203.215	78.9546
		*TM_POS -0.039064	203.215	78.9546
		*TM_ROTAXIS -0.506055	-0.698437	-0.506058
		*TM_ROTANGLE 1.92224
		*TM_SCALE 1	1	1
		*TM_SCALEAXIS 0	0	0
		*TM_SCALEAXISANG 0	0	0
	}
}
*HELPEROBJECT {
	*NODE_NAME "Bip01 Tail3"
	*NODE_PARENT "Bip01 Tail2"
	*NODE_TM {
		*NODE_NAME "Bip01 Tail3"
		*TM_ROW0 -1.16229e-006	0.952587	-0.304267
		*TM_ROW1 -3.36766e-006	0.304267	0.952587
		*TM_ROW2 1	2.26498e-006	2.89083e-006
		*TM_ROW3 -0.039107	234.94	68.5342
		*TM_POS -0.039107	234.94	68.5342
		*TM_ROTAXIS -0.508021	-0.695576	-0.508024
		*TM_ROTANGLE 1.92609
		*TM_SCALE 1	1	1
		*TM_SCALEAXIS 0	0	0
		*TM_SCALEAXISANG 0	0	0
	}
}
*HELPEROBJECT {
	*NODE_NAME "Bip01 Tail4"
	*NODE_PARENT "Bip01 Tail3"
	*NODE_TM {
		*NODE_NAME "Bip01 Tail4"
		*TM_ROW0 -1.3411e-006	0.954869	-0.297025
		*TM_ROW1 -3.36766e-006	0.297025	0.95487
		*TM_ROW2 1	2.23517e-006	2.77162e-006
		*TM_ROW3 -0.039139	258.36	61.0339
		*TM_POS -0.039139	258.36	61.0339
		*TM_ROTAXIS -0.509974	-0.692713	-0.509977
		*TM_ROTANGLE 1.92996
		*TM_SCALE 1	1	1
		*TM_SCALEAXIS 0	0	0
		*TM_SCALEAXISANG 0	0	0
	}
}
