*3DSMAX_ASCIIEXPORT	110
*COMMENT "[ GothicSourcer v3.14 ] - June 2007"
*SCENE {
	*SCENE_FILENAME "SHA_RUNATTACK_A01.MAX"
	*SCENE_FIRSTFRAME 1
	*SCENE_LASTFRAME 19
	*SCENE_FRAMESPEED 25
	*SCENE_TICKSPERFRAME 192
	*SCENE_BACKGROUND_STATIC 0	0	0
	*SCENE_AMBIENT_STATIC 0.2	0.2	0.2
}
*HELPEROBJECT {
	*NODE_NAME "Bip01"
	*NODE_TM {
		*NODE_NAME "Bip01"
		*TM_ROW0 6.27438e-006	-1	0
		*TM_ROW1 1	6.27438e-006	0
		*TM_ROW2 -0	-0	1
		*TM_ROW3 -0.10485	48.9101	109.914
		*TM_POS -0.10485	48.9101	109.914
		*TM_ROTAXIS 0	0	1
		*TM_ROTANGLE 1.57079
		*TM_SCALE 1	1	1
		*TM_SCALEAXIS 0	0	0
		*TM_SCALEAXISANG 0	0	0
	}
}
*HELPEROBJECT {
	*NODE_NAME "Bip01 Pelvis"
	*NODE_PARENT "Bip01"
	*NODE_TM {
		*NODE_NAME "Bip01 Pelvis"
		*TM_ROW0 -5.96046e-008	1.79264e-006	1
		*TM_ROW1 -1.79264e-006	-1	1.79264e-006
		*TM_ROW2 1	-1.79264e-006	-5.96046e-008
		*TM_ROW3 -0.10485	48.9102	109.914
		*TM_POS -0.10485	48.9102	109.914
		*TM_ROTAXIS 0.707107	0	0.707107
		*TM_ROTANGLE 3.1416
		*TM_SCALE 1	1	1
		*TM_SCALEAXIS 0	0	0
		*TM_SCALEAXISANG 0	0	0
	}
}
*HELPEROBJECT {
	*NODE_NAME "Bip01 Spine"
	*NODE_PARENT "Bip01 Pelvis"
	*NODE_TM {
		*NODE_NAME "Bip01 Spine"
		*TM_ROW0 -3.27826e-006	-0.989133	0.147021
		*TM_ROW1 -3.99351e-006	-0.147021	-0.989134
		*TM_ROW2 1	-3.99351e-006	-3.27826e-006
		*TM_ROW3 -0.10485	46.398	118.085
		*TM_POS -0.10485	46.398	118.085
		*TM_ROTAXIS 0.60372	-0.52062	0.60372
		*TM_ROTANGLE 2.18159
		*TM_SCALE 1	1	1
		*TM_SCALEAXIS 0	0	0
		*TM_SCALEAXISANG 0	0	0
	}
}
*HELPEROBJECT {
	*NODE_NAME "Bip01 Spine1"
	*NODE_PARENT "Bip01 Spine"
	*NODE_TM {
		*NODE_NAME "Bip01 Spine1"
		*TM_ROW0 -2.98023e-006	-0.991548	0.129739
		*TM_ROW1 -3.42727e-006	-0.129739	-0.991548
		*TM_ROW2 1	-3.42727e-006	-2.98023e-006
		*TM_ROW3 -0.1048	11.9059	123.247
		*TM_POS -0.1048	11.9059	123.247
		*TM_ROTAXIS 0.600806	-0.527317	0.600807
		*TM_ROTANGLE 2.17108
		*TM_SCALE 1	1	1
		*TM_SCALEAXIS 0	0	0
		*TM_SCALEAXISANG 0	0	0
	}
}
*HELPEROBJECT {
	*NODE_NAME "Bip01 Spine2"
	*NODE_PARENT "Bip01 Spine1"
	*NODE_TM {
		*NODE_NAME "Bip01 Spine2"
		*TM_ROW0 -2.98023e-006	-0.991548	0.129739
		*TM_ROW1 -3.42727e-006	-0.129739	-0.991548
		*TM_ROW2 1	-3.42727e-006	-2.98023e-006
		*TM_ROW3 -0.10474	-31.7779	129.008
		*TM_POS -0.10474	-31.7779	129.008
		*TM_ROTAXIS 0.600806	-0.527317	0.600806
		*TM_ROTANGLE 2.17108
		*TM_SCALE 1	1	1
		*TM_SCALEAXIS 0	0	0
		*TM_SCALEAXISANG 0	0	0
	}
}
*HELPEROBJECT {
	*NODE_NAME "Bip01 Neck"
	*NODE_PARENT "Bip01 Spine2"
	*NODE_TM {
		*NODE_NAME "Bip01 Neck"
		*TM_ROW0 -2.32458e-006	-0.994994	0.0999361
		*TM_ROW1 -2.6226e-006	-0.099936	-0.994994
		*TM_ROW2 1	-2.6226e-006	-2.32458e-006
		*TM_ROW3 -0.10467	-87.1394	136.272
		*TM_POS -0.10467	-87.1394	136.272
		*TM_ROTAXIS 0.595672	-0.538842	0.595672
		*TM_ROTANGLE 2.15313
		*TM_SCALE 1	1	1
		*TM_SCALEAXIS 0	0	0
		*TM_SCALEAXISANG 0	0	0
	}
	*TM_ANIMATION {
		*NODE_NAME  "Bip01 Neck"
		*CONTROL_POS_TRACK {
			*CONTROL_POS_SAMPLE 1	-0.105915	-87.1381	136.273
			*CONTROL_POS_SAMPLE 193	-0.105915	-87.1365	136.273
			*CONTROL_POS_SAMPLE 385	-0.105915	-87.135	136.273
			*CONTROL_POS_SAMPLE 577	-0.105915	-87.1334	136.273
			*CONTROL_POS_SAMPLE 769	-0.105915	-87.132	136.271
			*CONTROL_POS_SAMPLE 961	-0.105915	-87.132	136.271
			*CONTROL_POS_SAMPLE 1153	-0.105915	-87.132	136.271
			*CONTROL_POS_SAMPLE 1345	-0.105915	-87.1336	136.271
			*CONTROL_POS_SAMPLE 1537	-0.105915	-87.1334	136.273
			*CONTROL_POS_SAMPLE 1729	-0.105915	-87.1365	136.273
			*CONTROL_POS_SAMPLE 1921	-0.105915	-87.1381	136.273
			*CONTROL_POS_SAMPLE 2113	-0.105915	-87.1397	136.273
			*CONTROL_POS_SAMPLE 2305	-0.105915	-87.1413	136.274
			*CONTROL_POS_SAMPLE 2497	-0.105915	-87.1431	136.272
			*CONTROL_POS_SAMPLE 2689	-0.105916	-87.1446	136.272
			*CONTROL_POS_SAMPLE 2881	-0.105916	-87.1446	136.272
			*CONTROL_POS_SAMPLE 3073	-0.105915	-87.1431	136.272
			*CONTROL_POS_SAMPLE 3265	-0.105915	-87.1413	136.274
			*CONTROL_POS_SAMPLE 3457	-0.105915	-87.1397	136.273
		}
		*CONTROL_ROT_TRACK {
			*CONTROL_ROT_SAMPLE 1	0.604795	-0.518118	0.604795	2.18552
			*CONTROL_ROT_SAMPLE 193	0.615028	-0.493439	0.615028	2.22483
			*CONTROL_ROT_SAMPLE 385	0.624954	-0.46783	0.624954	2.26643
			*CONTROL_ROT_SAMPLE 577	0.633475	-0.444319	0.633475	2.30536
			*CONTROL_ROT_SAMPLE 769	0.639781	-0.425865	0.639781	2.33639
			*CONTROL_ROT_SAMPLE 961	0.643217	-0.415383	0.643217	2.3542
			*CONTROL_ROT_SAMPLE 1153	0.643091	-0.415774	0.643091	2.35354
			*CONTROL_ROT_SAMPLE 1345	0.63853	-0.429604	0.63853	2.33007
			*CONTROL_ROT_SAMPLE 1537	0.629653	-0.455055	0.629652	2.2875
			*CONTROL_ROT_SAMPLE 1729	0.616983	-0.488534	0.616982	2.23273
			*CONTROL_ROT_SAMPLE 1921	0.601259	-0.526284	0.601259	2.17269
			*CONTROL_ROT_SAMPLE 2113	-0.583687	0.564463	-0.583687	4.16935
			*CONTROL_ROT_SAMPLE 2305	0.566093	-0.599231	0.566093	2.06189
			*CONTROL_ROT_SAMPLE 2497	0.551041	-0.626664	0.551041	2.02201
			*CONTROL_ROT_SAMPLE 2689	0.541558	-0.642985	0.541558	1.99874
			*CONTROL_ROT_SAMPLE 2881	0.542381	-0.641596	0.542381	2.00071
			*CONTROL_ROT_SAMPLE 3073	0.552978	-0.623242	0.552978	2.02693
			*CONTROL_ROT_SAMPLE 3265	0.568257	-0.595121	0.568257	2.06795
			*CONTROL_ROT_SAMPLE 3457	-0.583651	0.564537	-0.583652	4.16946
		}
		*CONTROL_SCALE_TRACK {
			*CONTROL_SCALE_SAMPLE	1	1	1	1	0	0	0	0
		}
	}
}
*HELPEROBJECT {
	*NODE_NAME "Bip01 Neck1"
	*NODE_PARENT "Bip01 Neck"
	*NODE_TM {
		*NODE_NAME "Bip01 Neck1"
		*TM_ROW0 8.9407e-006	-0.997543	0.0700525
		*TM_ROW1 -8.61287e-006	-0.0700525	-0.997543
		*TM_ROW2 1	8.31485e-006	-9.17912e-006
		*TM_ROW3 -0.10463	-112.879	138.88
		*TM_POS -0.10463	-112.879	138.88
		*TM_ROTAXIS 0.590382	-0.550372	0.590372
		*TM_ROTANGLE 2.13534
		*TM_SCALE 1	1	1
		*TM_SCALEAXIS 0	0	0
		*TM_SCALEAXISANG 0	0	0
	}
	*TM_ANIMATION {
		*NODE_NAME  "Bip01 Neck1"
		*CONTROL_POS_TRACK {
			*CONTROL_POS_SAMPLE 1	-0.107	-112.698	140.266
			*CONTROL_POS_SAMPLE 193	-0.106994	-112.386	141.904
			*CONTROL_POS_SAMPLE 385	-0.106987	-111.95	143.584
			*CONTROL_POS_SAMPLE 577	-0.106981	-111.449	145.104
			*CONTROL_POS_SAMPLE 769	-0.106976	-110.989	146.276
			*CONTROL_POS_SAMPLE 961	-0.106973	-110.702	146.935
			*CONTROL_POS_SAMPLE 1153	-0.106973	-110.713	146.91
			*CONTROL_POS_SAMPLE 1345	-0.106977	-111.09	146.041
			*CONTROL_POS_SAMPLE 1537	-0.106984	-111.692	144.414
			*CONTROL_POS_SAMPLE 1729	-0.106992	-112.317	142.228
			*CONTROL_POS_SAMPLE 1921	-0.107001	-112.785	139.721
			*CONTROL_POS_SAMPLE 2113	-0.10701	-113.004	137.161
			*CONTROL_POS_SAMPLE 2305	-0.107017	-112.982	134.823
			*CONTROL_POS_SAMPLE 2497	-0.107022	-112.816	132.982
			*CONTROL_POS_SAMPLE 2689	-0.107025	-112.654	131.892
			*CONTROL_POS_SAMPLE 2881	-0.107024	-112.67	131.985
			*CONTROL_POS_SAMPLE 3073	-0.107021	-112.841	133.213
			*CONTROL_POS_SAMPLE 3265	-0.107016	-112.991	135.101
			*CONTROL_POS_SAMPLE 3457	-0.10701	-112.998	137.158
		}
		*CONTROL_ROT_TRACK {
			*CONTROL_ROT_SAMPLE 1	-0.60059	0.527809	-0.60059	4.11288
			*CONTROL_ROT_SAMPLE 193	0.612828	-0.498881	0.612828	2.21609
			*CONTROL_ROT_SAMPLE 385	0.624725	-0.468441	0.624725	2.26543
			*CONTROL_ROT_SAMPLE 577	0.63451	-0.441354	0.63451	2.31032
			*CONTROL_ROT_SAMPLE 769	0.640952	-0.42233	0.640951	2.34238
			*CONTROL_ROT_SAMPLE 961	0.643022	-0.415988	0.643022	2.35317
			*CONTROL_ROT_SAMPLE 1153	0.63937	-0.427099	0.639369	2.3343
			*CONTROL_ROT_SAMPLE 1345	0.627255	-0.461632	0.627254	2.27663
			*CONTROL_ROT_SAMPLE 1537	0.604979	-0.517688	0.604979	2.1862
			*CONTROL_ROT_SAMPLE 1729	0.57203	-0.587846	0.57203	2.07873
			*CONTROL_ROT_SAMPLE 1921	0.528811	-0.663865	0.528812	1.96948
			*CONTROL_ROT_SAMPLE 2113	0.478047	-0.736846	0.478048	1.87154
			*CONTROL_ROT_SAMPLE 2305	0.426014	-0.798137	0.426016	1.79439
			*CONTROL_ROT_SAMPLE 2497	0.382566	-0.841002	0.382568	1.7431
			*CONTROL_ROT_SAMPLE 2689	0.35933	-0.861256	0.359332	1.71961
			*CONTROL_ROT_SAMPLE 2881	0.376077	-0.846835	0.376079	1.73629
			*CONTROL_ROT_SAMPLE 3073	0.429203	-0.794713	0.429204	1.79858
			*CONTROL_ROT_SAMPLE 3265	0.493653	-0.715969	0.493654	1.89887
			*CONTROL_ROT_SAMPLE 3457	0.550421	-0.627753	0.550421	2.02045
		}
		*CONTROL_SCALE_TRACK {
			*CONTROL_SCALE_SAMPLE	1	1	1	1	0	0	0	0
		}
	}
}
*HELPEROBJECT {
	*NODE_NAME "Bip01 Head"
	*NODE_PARENT "Bip01 Neck1"
	*NODE_TM {
		*NODE_NAME "Bip01 Head"
		*TM_ROW0 0.00873983	1.7932e-006	0.999962
		*TM_ROW1 -1.78479e-006	-1	1.7815e-006
		*TM_ROW2 0.999962	-1.80054e-006	-0.00873965
		*TM_ROW3 -0.10459	-141.302	140.876
		*TM_POS -0.10459	-141.302	140.876
		*TM_ROTAXIS 0.71019	2.95827e-009	0.70401
		*TM_ROTANGLE 3.1416
		*TM_SCALE 1	1	1
		*TM_SCALEAXIS 0	0	0
		*TM_SCALEAXISANG 0	0	0
	}
	*TM_ANIMATION {
		*NODE_NAME  "Bip01 Head"
		*CONTROL_POS_TRACK {
			*CONTROL_POS_SAMPLE 1	-0.108094	-140.954	143.928
			*CONTROL_POS_SAMPLE 193	-0.10808	-140.285	147.685
			*CONTROL_POS_SAMPLE 385	-0.108065	-139.3	151.568
			*CONTROL_POS_SAMPLE 577	-0.108051	-138.161	155.016
			*CONTROL_POS_SAMPLE 769	-0.10804	-137.169	157.518
			*CONTROL_POS_SAMPLE 961	-0.108035	-136.689	158.615
			*CONTROL_POS_SAMPLE 1153	-0.108039	-137.033	157.821
			*CONTROL_POS_SAMPLE 1345	-0.108053	-138.293	154.513
			*CONTROL_POS_SAMPLE 1537	-0.108075	-139.842	148.819
			*CONTROL_POS_SAMPLE 1729	-0.108101	-140.798	141.453
			*CONTROL_POS_SAMPLE 1921	-0.108124	-140.556	133.351
			*CONTROL_POS_SAMPLE 2113	-0.108142	-139.023	125.551
			*CONTROL_POS_SAMPLE 2305	-0.108154	-136.654	118.967
			*CONTROL_POS_SAMPLE 2497	-0.10816	-134.294	114.261
			*CONTROL_POS_SAMPLE 2689	-0.108163	-132.904	111.85
			*CONTROL_POS_SAMPLE 2881	-0.108163	-133.808	112.881
			*CONTROL_POS_SAMPLE 3073	-0.108158	-136.667	117.59
			*CONTROL_POS_SAMPLE 3265	-0.108146	-139.621	124.971
			*CONTROL_POS_SAMPLE 3457	-0.108126	-141.245	133.435
		}
		*CONTROL_ROT_TRACK {
			*CONTROL_ROT_SAMPLE 1	-0.705893	-0.0198193	-0.708041	3.103
			*CONTROL_ROT_SAMPLE 193	-0.70286	-0.0412389	-0.710132	3.06251
			*CONTROL_ROT_SAMPLE 385	-0.699121	-0.0631329	-0.712211	3.02148
			*CONTROL_ROT_SAMPLE 577	-0.695807	-0.084202	-0.713276	2.98156
			*CONTROL_ROT_SAMPLE 769	-0.694165	-0.103295	-0.712366	2.94405
			*CONTROL_ROT_SAMPLE 961	-0.695487	-0.119156	-0.70859	2.91039
			*CONTROL_ROT_SAMPLE 1153	0.701057	0.13054	0.701055	3.40121
			*CONTROL_ROT_SAMPLE 1345	0.71277	0.138348	0.687618	3.42796
			*CONTROL_ROT_SAMPLE 1537	0.730029	0.144157	0.668039	3.45588
			*CONTROL_ROT_SAMPLE 1729	0.750319	0.147708	0.644363	3.48255
			*CONTROL_ROT_SAMPLE 1921	0.771235	0.148817	0.618911	3.50546
			*CONTROL_ROT_SAMPLE 2113	0.790689	0.147376	0.594215	3.52235
			*CONTROL_ROT_SAMPLE 2305	0.806851	0.143319	0.573106	3.53108
			*CONTROL_ROT_SAMPLE 2497	0.818034	0.136735	0.55868	3.52978
			*CONTROL_ROT_SAMPLE 2689	0.822732	0.127539	0.553937	3.51626
			*CONTROL_ROT_SAMPLE 2881	0.816178	0.111823	0.566876	3.47707
			*CONTROL_ROT_SAMPLE 3073	0.79715	0.0874718	0.597412	3.40715
			*CONTROL_ROT_SAMPLE 3265	0.769301	0.0582809	0.636223	3.31907
			*CONTROL_ROT_SAMPLE 3457	0.737234	0.0279206	0.675061	3.22606
		}
		*CONTROL_SCALE_TRACK {
			*CONTROL_SCALE_SAMPLE	1	1	1	1	0	0	0	0
		}
	}
}
*HELPEROBJECT {
	*NODE_NAME "Bip01 Jaw"
	*NODE_PARENT "Bip01 Head"
	*NODE_TM {
		*NODE_NAME "Bip01 Jaw"
		*TM_ROW0 0.999962	5.52774e-008	-0.00872682
		*TM_ROW1 -0.000380738	0.999048	-0.0436205
		*TM_ROW2 0.00871851	0.0436222	0.99901
		*TM_ROW3 -0.11567	-122.897	127.621
		*TM_POS -0.11567	-122.897	127.621
		*TM_ROTAXIS 0.980579	-0.19608	-0.00427999
		*TM_ROTANGLE 0.0445015
		*TM_SCALE 1	1	1
		*TM_SCALEAXIS 0	0	0
		*TM_SCALEAXISANG 0	0	0
	}
	*TM_ANIMATION {
		*NODE_NAME  "Bip01 Jaw"
		*CONTROL_POS_TRACK {
			*CONTROL_POS_SAMPLE 1	0.0243131	-123.309	129.676
			*CONTROL_POS_SAMPLE 193	0.100839	-123.51	132.42
			*CONTROL_POS_SAMPLE 385	0.196548	-123.47	135.328
			*CONTROL_POS_SAMPLE 577	0.277716	-123.299	137.886
			*CONTROL_POS_SAMPLE 769	0.302462	-123.244	139.618
			*CONTROL_POS_SAMPLE 961	0.22434	-123.608	140.089
			*CONTROL_POS_SAMPLE 1153	-0.00412878	-124.631	138.83
			*CONTROL_POS_SAMPLE 1345	-0.463946	-126.463	135.163
			*CONTROL_POS_SAMPLE 1537	-1.15912	-128.546	129.178
			*CONTROL_POS_SAMPLE 1729	-2.00476	-129.948	121.625
			*CONTROL_POS_SAMPLE 1921	-2.90392	-130.016	113.462
			*CONTROL_POS_SAMPLE 2113	-3.7543	-128.624	105.725
			*CONTROL_POS_SAMPLE 2305	-4.45149	-126.205	99.3095
			*CONTROL_POS_SAMPLE 2497	-4.89448	-123.595	94.8421
			*CONTROL_POS_SAMPLE 2689	-4.99548	-121.743	92.7186
			*CONTROL_POS_SAMPLE 2881	-4.49294	-121.716	94.1984
			*CONTROL_POS_SAMPLE 3073	-3.40448	-123.089	99.723
			*CONTROL_POS_SAMPLE 3265	-2.09538	-124.303	108.362
			*CONTROL_POS_SAMPLE 3457	-0.887795	-124.236	118.45
		}
		*CONTROL_ROT_TRACK {
			*CONTROL_ROT_SAMPLE 1	-0.994541	0.0782264	-0.0690542	0.0377343
			*CONTROL_ROT_SAMPLE 193	-0.989299	0.136994	-0.0502037	0.0729494
			*CONTROL_ROT_SAMPLE 385	-0.984756	0.161908	-0.0635705	0.109297
			*CONTROL_ROT_SAMPLE 577	-0.984648	0.159727	-0.0703887	0.144953
			*CONTROL_ROT_SAMPLE 769	-0.989043	0.131428	-0.0672338	0.179172
			*CONTROL_ROT_SAMPLE 961	-0.995938	0.0788559	-0.0434672	0.210609
			*CONTROL_ROT_SAMPLE 1153	-1	-0.000142136	-0.000690924	0.242507
			*CONTROL_ROT_SAMPLE 1345	-0.9921	-0.106084	0.0669582	0.288325
			*CONTROL_ROT_SAMPLE 1537	-0.966314	-0.211559	0.146563	0.346772
			*CONTROL_ROT_SAMPLE 1729	-0.92957	-0.294711	0.221463	0.413955
			*CONTROL_ROT_SAMPLE 1921	-0.890955	-0.353886	0.284541	0.483353
			*CONTROL_ROT_SAMPLE 2113	-0.854952	-0.395915	0.335124	0.546506
			*CONTROL_ROT_SAMPLE 2305	-0.823776	-0.427758	0.372044	0.59571
			*CONTROL_ROT_SAMPLE 2497	-0.797706	-0.455311	0.39542	0.622374
			*CONTROL_ROT_SAMPLE 2689	-0.775055	-0.485453	0.404505	0.616201
			*CONTROL_ROT_SAMPLE 2881	-0.752913	-0.529506	0.390826	0.54886
			*CONTROL_ROT_SAMPLE 3073	-0.742778	-0.572391	0.347345	0.432479
			*CONTROL_ROT_SAMPLE 3265	-0.740633	-0.608733	0.284443	0.287245
			*CONTROL_ROT_SAMPLE 3457	-0.746824	-0.631109	0.209655	0.135432
		}
		*CONTROL_SCALE_TRACK {
			*CONTROL_SCALE_SAMPLE	1	1	1	1	0	0	0	0
		}
	}
}
*HELPEROBJECT {
	*NODE_NAME "Bip01 L Clavicle"
	*NODE_PARENT "Bip01 Neck"
	*NODE_TM {
		*NODE_NAME "Bip01 L Clavicle"
		*TM_ROW0 0.999822	-0.018715	0.00246013
		*TM_ROW1 3.68431e-006	0.130524	0.991445
		*TM_ROW2 -0.018876	-0.991268	0.130501
		*TM_ROW3 29.0202	-53.865	151.996
		*TM_POS 29.0202	-53.865	151.996
		*TM_ROTAXIS -0.999898	0.01076	0.00943998
		*TM_ROTANGLE 1.44
		*TM_SCALE 1	1	1
		*TM_SCALEAXIS 0	0	0
		*TM_SCALEAXISANG 0	0	0
	}
	*TM_ANIMATION {
		*NODE_NAME  "Bip01 L Clavicle"
		*CONTROL_POS_TRACK {
			*CONTROL_POS_SAMPLE 1	29.0188	-53.8638	151.999
			*CONTROL_POS_SAMPLE 193	29.0188	-53.8639	151.999
			*CONTROL_POS_SAMPLE 385	29.0188	-53.8643	151.999
			*CONTROL_POS_SAMPLE 577	29.0188	-53.8641	151.999
			*CONTROL_POS_SAMPLE 769	29.0188	-53.8632	151.997
			*CONTROL_POS_SAMPLE 961	29.0188	-53.8634	151.998
			*CONTROL_POS_SAMPLE 1153	29.0188	-53.8641	151.998
			*CONTROL_POS_SAMPLE 1345	29.0188	-53.8647	151.999
			*CONTROL_POS_SAMPLE 1537	29.0188	-53.8626	151.998
			*CONTROL_POS_SAMPLE 1729	29.0188	-53.8643	152
			*CONTROL_POS_SAMPLE 1921	29.0188	-53.8652	152
			*CONTROL_POS_SAMPLE 2113	29.0188	-53.8622	151.996
			*CONTROL_POS_SAMPLE 2305	29.0188	-53.8623	151.998
			*CONTROL_POS_SAMPLE 2497	29.0188	-53.8621	151.996
			*CONTROL_POS_SAMPLE 2689	29.0188	-53.8648	151.997
			*CONTROL_POS_SAMPLE 2881	29.0188	-53.8639	151.997
			*CONTROL_POS_SAMPLE 3073	29.0188	-53.863	151.996
			*CONTROL_POS_SAMPLE 3265	29.0188	-53.8623	151.998
			*CONTROL_POS_SAMPLE 3457	29.0188	-53.8623	151.998
		}
		*CONTROL_ROT_TRACK {
			*CONTROL_ROT_SAMPLE 1	-0.996356	0.0661553	-0.0538333	1.4449
			*CONTROL_ROT_SAMPLE 193	-0.964887	0.183307	-0.188129	1.47926
			*CONTROL_ROT_SAMPLE 385	-0.905964	0.288732	-0.309619	1.54443
			*CONTROL_ROT_SAMPLE 577	-0.87235	0.331594	-0.359236	1.58327
			*CONTROL_ROT_SAMPLE 769	-0.839359	0.367304	-0.400706	1.62292
			*CONTROL_ROT_SAMPLE 961	-0.773275	0.426296	-0.469379	1.70674
			*CONTROL_ROT_SAMPLE 1153	-0.735991	0.454178	-0.502036	1.75672
			*CONTROL_ROT_SAMPLE 1345	-0.880091	0.368361	-0.299583	1.61158
			*CONTROL_ROT_SAMPLE 1537	-0.965061	0.257632	-0.0477824	1.50803
			*CONTROL_ROT_SAMPLE 1729	-0.965995	0.246285	0.0787213	1.4983
			*CONTROL_ROT_SAMPLE 1921	-0.950833	0.237919	0.198272	1.50098
			*CONTROL_ROT_SAMPLE 2113	-0.999324	0.027028	0.0249158	1.43937
			*CONTROL_ROT_SAMPLE 2305	-0.965642	-0.195551	-0.171161	1.47433
			*CONTROL_ROT_SAMPLE 2497	-0.961928	-0.205583	-0.180085	1.47831
			*CONTROL_ROT_SAMPLE 2689	-0.966708	-0.192492	-0.168592	1.47331
			*CONTROL_ROT_SAMPLE 2881	-0.976557	-0.161949	-0.141807	1.46329
			*CONTROL_ROT_SAMPLE 3073	-0.987257	-0.11973	-0.104828	1.45248
			*CONTROL_ROT_SAMPLE 3265	-0.995384	-0.0724858	-0.0629088	1.44387
			*CONTROL_ROT_SAMPLE 3457	-0.999389	-0.0269018	-0.0223226	1.43928
		}
		*CONTROL_SCALE_TRACK {
			*CONTROL_SCALE_SAMPLE	1	1	1	1	0	0	0	0
		}
	}
}
*HELPEROBJECT {
	*NODE_NAME "Bip01 L UpperArm"
	*NODE_PARENT "Bip01 L Clavicle"
	*NODE_TM {
		*NODE_NAME "Bip01 L UpperArm"
		*TM_ROW0 0.109588	0.0561348	-0.992391
		*TM_ROW1 0.00937204	0.998301	0.0575041
		*TM_ROW2 0.993933	-0.0156025	0.108876
		*TM_ROW3 49.7615	-54.2533	152.047
		*TM_POS 49.7615	-54.2533	152.047
		*TM_ROTAXIS -0.0367699	-0.999047	-0.0235199
		*TM_ROTANGLE 1.4622
		*TM_SCALE 1	1	1
		*TM_SCALEAXIS 0	0	0
		*TM_SCALEAXISANG 0	0	0
	}
	*TM_ANIMATION {
		*NODE_NAME  "Bip01 L UpperArm"
		*CONTROL_POS_TRACK {
			*CONTROL_POS_SAMPLE 1	49.631	-53.9507	154.332
			*CONTROL_POS_SAMPLE 193	48.4628	-53.3104	159.206
			*CONTROL_POS_SAMPLE 385	46.1435	-52.7261	163.651
			*CONTROL_POS_SAMPLE 577	44.7437	-52.4871	165.458
			*CONTROL_POS_SAMPLE 769	43.3149	-52.2899	166.946
			*CONTROL_POS_SAMPLE 961	40.2934	-51.9804	169.309
			*CONTROL_POS_SAMPLE 1153	38.4989	-51.8443	170.338
			*CONTROL_POS_SAMPLE 1345	44.8964	-54.6536	165.325
			*CONTROL_POS_SAMPLE 1537	48.4285	-57.7066	158.227
			*CONTROL_POS_SAMPLE 1729	48.477	-60.0699	155.631
			*CONTROL_POS_SAMPLE 1921	47.9124	-62.3328	153.284
			*CONTROL_POS_SAMPLE 2113	49.7386	-54.8606	152.102
			*CONTROL_POS_SAMPLE 2305	48.4965	-46.7875	151.057
			*CONTROL_POS_SAMPLE 2497	48.3561	-46.4182	151.01
			*CONTROL_POS_SAMPLE 2689	48.5365	-46.8989	151.073
			*CONTROL_POS_SAMPLE 2881	48.9045	-48.0096	151.22
			*CONTROL_POS_SAMPLE 3073	49.2993	-49.5402	151.422
			*CONTROL_POS_SAMPLE 3265	49.5958	-51.2597	151.64
			*CONTROL_POS_SAMPLE 3457	49.7408	-52.9177	151.846
		}
		*CONTROL_ROT_TRACK {
			*CONTROL_ROT_SAMPLE 1	-0.107605	-0.926441	-0.360732	1.47823
			*CONTROL_ROT_SAMPLE 193	0.087653	-0.670586	-0.736635	1.56665
			*CONTROL_ROT_SAMPLE 385	0.446441	-0.338375	-0.828368	1.50737
			*CONTROL_ROT_SAMPLE 577	0.597826	-0.175269	-0.782231	1.41902
			*CONTROL_ROT_SAMPLE 769	0.722272	-0.0652406	-0.688525	1.43262
			*CONTROL_ROT_SAMPLE 961	0.898725	0.146728	-0.413236	1.49633
			*CONTROL_ROT_SAMPLE 1153	0.934258	0.297037	-0.19731	1.56281
			*CONTROL_ROT_SAMPLE 1345	0.65304	-0.672522	-0.348214	1.41341
			*CONTROL_ROT_SAMPLE 1537	0.381418	-0.849388	0.364774	1.74277
			*CONTROL_ROT_SAMPLE 1729	0.263624	-0.892534	0.365904	1.74207
			*CONTROL_ROT_SAMPLE 1921	0.208509	-0.881271	0.42413	1.80787
			*CONTROL_ROT_SAMPLE 2113	0.0214974	-0.963957	0.265189	1.68342
			*CONTROL_ROT_SAMPLE 2305	-0.142965	-0.985616	0.0901252	1.59554
			*CONTROL_ROT_SAMPLE 2497	-0.186054	-0.98232	0.0207624	1.57082
			*CONTROL_ROT_SAMPLE 2689	-0.208892	-0.977421	-0.0318042	1.55472
			*CONTROL_ROT_SAMPLE 2881	-0.213201	-0.974615	-0.0683443	1.54218
			*CONTROL_ROT_SAMPLE 3073	-0.201021	-0.975404	-0.0904309	1.52912
			*CONTROL_ROT_SAMPLE 3265	-0.173766	-0.979848	-0.0985012	1.51307
			*CONTROL_ROT_SAMPLE 3457	-0.130846	-0.987287	-0.0902468	1.49199
		}
		*CONTROL_SCALE_TRACK {
			*CONTROL_SCALE_SAMPLE	1	1	1	1	0	0	0	0
		}
	}
}
*HELPEROBJECT {
	*NODE_NAME "Bip01 L Forearm"
	*NODE_PARENT "Bip01 L UpperArm"
	*NODE_TM {
		*NODE_NAME "Bip01 L Forearm"
		*TM_ROW0 0.101034	-0.261628	-0.959866
		*TM_ROW1 0.0434575	0.965043	-0.258465
		*TM_ROW2 0.993933	-0.0155997	0.108872
		*TM_ROW3 57.2928	-50.3951	83.8444
		*TM_POS 57.2928	-50.3951	83.8444
		*TM_ROTAXIS 0.1219	-0.980659	0.15313
		*TM_ROTANGLE 1.48321
		*TM_SCALE 1	1	1
		*TM_SCALEAXIS 0	0	0
		*TM_SCALEAXISANG 0	0	0
	}
	*TM_ANIMATION {
		*NODE_NAME  "Bip01 L Forearm"
		*CONTROL_POS_TRACK {
			*CONTROL_POS_SAMPLE 1	56.7047	-23.049	93.356
			*CONTROL_POS_SAMPLE 193	49.2736	-6.70991	108.701
			*CONTROL_POS_SAMPLE 385	63.3298	-5.63614	116.638
			*CONTROL_POS_SAMPLE 577	75.9836	-5.45992	126.272
			*CONTROL_POS_SAMPLE 769	83.6957	-8.2157	133.036
			*CONTROL_POS_SAMPLE 961	96.7865	-15.2723	155.741
			*CONTROL_POS_SAMPLE 1153	98.5543	-19.3664	178.185
			*CONTROL_POS_SAMPLE 1345	80.383	-56.4718	106.5
			*CONTROL_POS_SAMPLE 1537	48.376	-108.481	111.913
			*CONTROL_POS_SAMPLE 1729	42.3531	-103.776	102.95
			*CONTROL_POS_SAMPLE 1921	35.4605	-106.26	101.919
			*CONTROL_POS_SAMPLE 2113	42.049	-74.555	86.7109
			*CONTROL_POS_SAMPLE 2305	48.2345	-43.0567	82.4332
			*CONTROL_POS_SAMPLE 2497	50.7323	-35.2852	83.2354
			*CONTROL_POS_SAMPLE 2689	52.591	-30.908	84.3582
			*CONTROL_POS_SAMPLE 2881	53.9042	-29.4439	85.2402
			*CONTROL_POS_SAMPLE 3073	54.8229	-30.4178	85.6432
			*CONTROL_POS_SAMPLE 3265	55.5149	-33.4762	85.5207
			*CONTROL_POS_SAMPLE 3457	56.2338	-38.5567	84.953
		}
		*CONTROL_ROT_TRACK {
			*CONTROL_ROT_SAMPLE 1	0.398202	-0.878234	0.26484	1.41924
			*CONTROL_ROT_SAMPLE 193	0.770987	-0.534989	0.345493	1.06696
			*CONTROL_ROT_SAMPLE 385	0.915508	0.163757	0.367464	0.84971
			*CONTROL_ROT_SAMPLE 577	0.870568	0.40527	0.279048	0.872718
			*CONTROL_ROT_SAMPLE 769	0.823511	0.525791	0.213013	1.01813
			*CONTROL_ROT_SAMPLE 961	0.818197	0.566572	0.0977194	1.3438
			*CONTROL_ROT_SAMPLE 1153	0.873584	0.486616	0.00743756	1.52423
			*CONTROL_ROT_SAMPLE 1345	0.696594	0.21219	0.68537	1.97951
			*CONTROL_ROT_SAMPLE 1537	0.580588	-0.586977	0.564248	2.08234
			*CONTROL_ROT_SAMPLE 1729	0.483014	-0.677504	0.554694	2.0536
			*CONTROL_ROT_SAMPLE 1921	0.313955	-0.804027	0.504948	1.93832
			*CONTROL_ROT_SAMPLE 2113	-0.416266	0.709557	-0.568552	4.15599
			*CONTROL_ROT_SAMPLE 2305	-0.44302	0.682868	-0.580883	4.14902
			*CONTROL_ROT_SAMPLE 2497	0.424211	-0.710143	0.56191	2.04974
			*CONTROL_ROT_SAMPLE 2689	0.398619	-0.745476	0.534199	1.95566
			*CONTROL_ROT_SAMPLE 2881	0.368155	-0.785801	0.496969	1.85872
			*CONTROL_ROT_SAMPLE 3073	0.332806	-0.829339	0.448817	1.76223
			*CONTROL_ROT_SAMPLE 3265	0.290381	-0.875241	0.386824	1.66832
			*CONTROL_ROT_SAMPLE 3457	0.23475	-0.923134	0.304492	1.57795
		}
		*CONTROL_SCALE_TRACK {
			*CONTROL_SCALE_SAMPLE	1	1	1	1	0	0	0	0
		}
	}
}
*HELPEROBJECT {
	*NODE_NAME "Bip01 L Hand"
	*NODE_PARENT "Bip01 L Forearm"
	*NODE_TM {
		*NODE_NAME "Bip01 L Hand"
		*TM_ROW0 -0.0107088	-0.999678	-0.0230225
		*TM_ROW1 0.0110113	0.0229047	-0.999677
		*TM_ROW2 0.999882	-0.0109589	0.0107626
		*TM_ROW3 63.5006	-66.4704	24.8664
		*TM_POS 63.5006	-66.4704	24.8664
		*TM_ROTAXIS 0.566567	-0.586157	0.579157
		*TM_ROTANGLE 2.08119
		*TM_SCALE 1	1	1
		*TM_SCALEAXIS 0	0	0
		*TM_SCALEAXISANG 0	0	0
	}
	*TM_ANIMATION {
		*NODE_NAME  "Bip01 L Hand"
		*CONTROL_POS_TRACK {
			*CONTROL_POS_SAMPLE 1	74.2521	-57.3791	45.5154
			*CONTROL_POS_SAMPLE 193	97.8267	-38.409	88.3795
			*CONTROL_POS_SAMPLE 385	121.393	-19.4655	131.219
			*CONTROL_POS_SAMPLE 577	132.112	-10.8516	150.68
			*CONTROL_POS_SAMPLE 769	135.745	-6.71851	165.652
			*CONTROL_POS_SAMPLE 961	142.49	0.948846	193.467
			*CONTROL_POS_SAMPLE 1153	146.122	5.07934	208.433
			*CONTROL_POS_SAMPLE 1345	97.6264	-82.4233	159.456
			*CONTROL_POS_SAMPLE 1537	49.1473	-169.901	110.447
			*CONTROL_POS_SAMPLE 1729	34.8164	-163.403	90.1858
			*CONTROL_POS_SAMPLE 1921	21.6149	-156.296	69.0581
			*CONTROL_POS_SAMPLE 2113	25.8678	-131.952	71.9123
			*CONTROL_POS_SAMPLE 2305	33.9198	-101.746	71.2171
			*CONTROL_POS_SAMPLE 2497	38.5683	-92.9653	65.9083
			*CONTROL_POS_SAMPLE 2689	42.951	-86.4428	59.9013
			*CONTROL_POS_SAMPLE 2881	47.1484	-81.5449	53.3806
			*CONTROL_POS_SAMPLE 3073	51.2317	-77.6764	46.5418
			*CONTROL_POS_SAMPLE 3265	55.2166	-74.2677	39.5734
			*CONTROL_POS_SAMPLE 3457	59.2034	-70.676	32.6584
		}
		*CONTROL_ROT_TRACK {
			*CONTROL_ROT_SAMPLE 1	0.577705	-0.524444	0.625472	1.96248
			*CONTROL_ROT_SAMPLE 193	0.590396	-0.356855	0.723939	1.72549
			*CONTROL_ROT_SAMPLE 385	0.576175	-0.138303	0.80554	1.53435
			*CONTROL_ROT_SAMPLE 577	0.556534	-0.0221429	0.83053	1.4678
			*CONTROL_ROT_SAMPLE 769	0.629568	0.106497	0.769612	1.58465
			*CONTROL_ROT_SAMPLE 961	0.71046	0.299571	0.636792	1.85768
			*CONTROL_ROT_SAMPLE 1153	0.73287	0.381349	0.563448	2.02617
			*CONTROL_ROT_SAMPLE 1345	-0.629436	0.0655052	-0.774286	4.11696
			*CONTROL_ROT_SAMPLE 1537	-0.402076	0.451018	-0.796817	3.78502
			*CONTROL_ROT_SAMPLE 1729	-0.343512	0.663985	-0.664172	4.07579
			*CONTROL_ROT_SAMPLE 1921	0.245892	-0.853391	0.459632	1.96523
			*CONTROL_ROT_SAMPLE 2113	0.133555	-0.913415	0.384494	1.85697
			*CONTROL_ROT_SAMPLE 2305	0.0258064	-0.952001	0.305005	1.74903
			*CONTROL_ROT_SAMPLE 2497	0.0839515	-0.936918	0.339319	1.74249
			*CONTROL_ROT_SAMPLE 2689	0.16275	-0.908172	0.385663	1.75464
			*CONTROL_ROT_SAMPLE 2881	0.252884	-0.863482	0.436404	1.78816
			*CONTROL_ROT_SAMPLE 3073	0.345	-0.803778	0.484681	1.84303
			*CONTROL_ROT_SAMPLE 3265	0.431159	-0.733278	0.525743	1.91598
			*CONTROL_ROT_SAMPLE 3457	0.506007	-0.658442	0.557145	1.99935
		}
		*CONTROL_SCALE_TRACK {
			*CONTROL_SCALE_SAMPLE	1	1	1	1	0	0	0	0
		}
	}
}
*HELPEROBJECT {
	*NODE_NAME "Bip01 L Finger0"
	*NODE_PARENT "Bip01 L Hand"
	*NODE_TM {
		*NODE_NAME "Bip01 L Finger0"
		*TM_ROW0 -0.0107159	-0.999678	-0.0230249
		*TM_ROW1 0.0102225	0.0229155	-0.999685
		*TM_ROW2 0.99989	-0.0109479	0.00997363
		*TM_ROW3 62.9018	-122.354	23.5796
		*TM_POS 62.9018	-122.354	23.5796
		*TM_ROTAXIS 0.56672	-0.586311	0.578851
		*TM_ROTANGLE 2.08164
		*TM_SCALE 1	1	1
		*TM_SCALEAXIS 0	0	0
		*TM_SCALEAXISANG 0	0	0
	}
	*TM_ANIMATION {
		*NODE_NAME  "Bip01 L Finger0"
		*CONTROL_POS_TRACK {
			*CONTROL_POS_SAMPLE 1	78.6895	-113.097	46.3297
			*CONTROL_POS_SAMPLE 193	111.7	-91.9863	96.2435
			*CONTROL_POS_SAMPLE 385	141.31	-68.7581	148.493
			*CONTROL_POS_SAMPLE 577	153.392	-57.651	172.63
			*CONTROL_POS_SAMPLE 769	157.432	-45.9367	199.065
			*CONTROL_POS_SAMPLE 961	162.871	-17.93	241.975
			*CONTROL_POS_SAMPLE 1153	164.764	-0.714622	260.813
			*CONTROL_POS_SAMPLE 1345	100.841	-121.855	198.949
			*CONTROL_POS_SAMPLE 1537	20.6909	-214.871	127.559
			*CONTROL_POS_SAMPLE 1729	12.102	-213.587	80.6756
			*CONTROL_POS_SAMPLE 1921	4.81111	-196.255	33.7629
			*CONTROL_POS_SAMPLE 2113	11.3654	-161.315	26.6103
			*CONTROL_POS_SAMPLE 2305	24.052	-120.143	19.3615
			*CONTROL_POS_SAMPLE 2497	29.4778	-116.803	16.1695
			*CONTROL_POS_SAMPLE 2689	34.482	-117.411	14.1406
			*CONTROL_POS_SAMPLE 2881	39.4377	-120.205	13.7479
			*CONTROL_POS_SAMPLE 3073	44.6425	-123.442	15.1266
			*CONTROL_POS_SAMPLE 3265	50.2086	-125.577	17.9609
			*CONTROL_POS_SAMPLE 3457	56.2332	-125.368	21.4893
		}
		*CONTROL_ROT_TRACK {
			*CONTROL_ROT_SAMPLE 1	0.577876	-0.524607	0.625177	1.96293
			*CONTROL_ROT_SAMPLE 193	0.590611	-0.357064	0.723661	1.72594
			*CONTROL_ROT_SAMPLE 385	0.576441	-0.138581	0.805302	1.53479
			*CONTROL_ROT_SAMPLE 577	0.556828	-0.022457	0.830324	1.46823
			*CONTROL_ROT_SAMPLE 769	0.629796	0.106176	0.769469	1.58513
			*CONTROL_ROT_SAMPLE 961	0.710602	0.299265	0.636777	1.85823
			*CONTROL_ROT_SAMPLE 1153	0.732981	0.381066	0.563496	2.02674
			*CONTROL_ROT_SAMPLE 1345	-0.629559	0.0657944	-0.774162	4.11648
			*CONTROL_ROT_SAMPLE 1537	-0.402184	0.451301	-0.796603	3.78471
			*CONTROL_ROT_SAMPLE 1729	-0.343683	0.664196	-0.663872	4.07552
			*CONTROL_ROT_SAMPLE 1921	0.246132	-0.853514	0.459275	1.96542
			*CONTROL_ROT_SAMPLE 2113	0.133837	-0.913528	0.384128	1.85707
			*CONTROL_ROT_SAMPLE 2305	0.0261276	-0.95211	0.304636	1.74905
			*CONTROL_ROT_SAMPLE 2497	0.0842728	-0.937022	0.33895	1.74255
			*CONTROL_ROT_SAMPLE 2689	0.163061	-0.908273	0.385294	1.75477
			*CONTROL_ROT_SAMPLE 2881	0.253173	-0.863582	0.436038	1.78836
			*CONTROL_ROT_SAMPLE 3073	0.345257	-0.803884	0.484323	1.84329
			*CONTROL_ROT_SAMPLE 3265	0.431379	-0.733394	0.5254	1.91631
			*CONTROL_ROT_SAMPLE 3457	0.506191	-0.658574	0.556822	1.99974
		}
		*CONTROL_SCALE_TRACK {
			*CONTROL_SCALE_SAMPLE	1	1	1	1	0	0	0	0
		}
	}
}
*HELPEROBJECT {
	*NODE_NAME "Bip01 R Clavicle"
	*NODE_PARENT "Bip01 Neck"
	*NODE_TM {
		*NODE_NAME "Bip01 R Clavicle"
		*TM_ROW0 -0.999955	-0.00935588	0.00123497
		*TM_ROW1 3.1353e-006	0.130535	0.991444
		*TM_ROW2 -0.00943704	0.991399	-0.130529
		*TM_ROW3 -29.2296	-53.8651	151.996
		*TM_POS -29.2296	-53.8651	151.996
		*TM_ROTAXIS -0.00311	0.751839	0.659339
		*TM_ROTANGLE 3.1345
		*TM_SCALE 1	1	1
		*TM_SCALEAXIS 0	0	0
		*TM_SCALEAXISANG 0	0	0
	}
}
*HELPEROBJECT {
	*NODE_NAME "Bip01 R UpperArm"
	*NODE_PARENT "Bip01 R Clavicle"
	*NODE_TM {
		*NODE_NAME "Bip01 R UpperArm"
		*TM_ROW0 -0.109601	0.0550877	-0.992448
		*TM_ROW1 -0.00949751	0.99836	0.0564647
		*TM_ROW2 0.99393	0.0156144	-0.108898
		*TM_ROW3 -49.9737	-54.0593	152.022
		*TM_POS -49.9737	-54.0593	152.022
		*TM_ROTAXIS -0.02055	-0.999261	-0.03249
		*TM_ROTANGLE 1.68109
		*TM_SCALE 1	1	1
		*TM_SCALEAXIS 0	0	0
		*TM_SCALEAXISANG 0	0	0
	}
}
*HELPEROBJECT {
	*NODE_NAME "Bip01 R Forearm"
	*NODE_PARENT "Bip01 R UpperArm"
	*NODE_TM {
		*NODE_NAME "Bip01 R Forearm"
		*TM_ROW0 -0.10097	-0.263608	-0.959331
		*TM_ROW1 -0.0436808	0.964504	-0.260432
		*TM_ROW2 0.99393	0.0156084	-0.108901
		*TM_ROW3 -57.5061	-50.2733	83.815
		*TM_POS -57.5061	-50.2733	83.815
		*TM_ROTAXIS 0.139071	-0.984064	0.1108
		*TM_ROTANGLE 1.69379
		*TM_SCALE 1	1	1
		*TM_SCALEAXIS 0	0	0
		*TM_SCALEAXISANG 0	0	0
	}
}
*HELPEROBJECT {
	*NODE_NAME "Bip01 R Hand"
	*NODE_PARENT "Bip01 R Forearm"
	*NODE_TM {
		*NODE_NAME "Bip01 R Hand"
		*TM_ROW0 0.0107161	-0.999677	-0.0230288
		*TM_ROW1 -0.0110219	0.0229108	-0.999677
		*TM_ROW2 0.999882	0.0109663	-0.0107727
		*TM_ROW3 -63.71	-66.4702	24.8698
		*TM_POS -63.71	-66.4702	24.8698
		*TM_ROTAXIS 0.57915	-0.58618	0.56655
		*TM_ROTANGLE 2.08125
		*TM_SCALE 1	1	1
		*TM_SCALEAXIS 0	0	0
		*TM_SCALEAXISANG 0	0	0
	}
}
*HELPEROBJECT {
	*NODE_NAME "Bip01 R Finger0"
	*NODE_PARENT "Bip01 R Hand"
	*NODE_TM {
		*NODE_NAME "Bip01 R Finger0"
		*TM_ROW0 0.0107118	-0.999678	-0.0230268
		*TM_ROW1 -0.0102216	0.0229177	-0.999685
		*TM_ROW2 0.99989	0.0109437	-0.00997266
		*TM_ROW3 -63.111	-122.354	23.5829
		*TM_POS -63.111	-122.354	23.5829
		*TM_ROTAXIS 0.578993	-0.586033	0.566863
		*TM_ROTANGLE 2.08079
		*TM_SCALE 1	1	1
		*TM_SCALEAXIS 0	0	0
		*TM_SCALEAXISANG 0	0	0
	}
}
*HELPEROBJECT {
	*NODE_NAME "Bip01 L Thigh"
	*NODE_PARENT "Bip01 Pelvis"
	*NODE_TM {
		*NODE_NAME "Bip01 L Thigh"
		*TM_ROW0 0.0750896	0.308725	-0.948183
		*TM_ROW1 -0.0292976	-0.949774	-0.311563
		*TM_ROW2 -0.996746	0.0511746	-0.0622734
		*TM_ROW3 26.3592	48.9102	109.914
		*TM_POS 26.3592	48.9102	109.914
		*TM_ROTAXIS 0.728107	0.0974796	-0.678497
		*TM_ROTANGLE 2.88985
		*TM_SCALE 1	1	1
		*TM_SCALEAXIS 0	0	0
		*TM_SCALEAXISANG 0	0	0
	}
}
*HELPEROBJECT {
	*NODE_NAME "Bip01 L Calf"
	*NODE_PARENT "Bip01 L Thigh"
	*NODE_TM {
		*NODE_NAME "Bip01 L Calf"
		*TM_ROW0 0.0705194	0.927877	-0.366156
		*TM_ROW1 0.0390407	-0.369356	-0.928468
		*TM_ROW2 -0.996746	0.0511799	-0.0622717
		*TM_ROW3 29.8641	63.3201	65.6559
		*TM_POS 29.8641	63.3201	65.6559
		*TM_ROTAXIS 0.668521	0.430321	-0.606551
		*TM_ROTANGLE 2.31932
		*TM_SCALE 1	1	1
		*TM_SCALEAXIS 0	0	0
		*TM_SCALEAXISANG 0	0	0
	}
}
*HELPEROBJECT {
	*NODE_NAME "Bip01 L HorseLink"
	*NODE_PARENT "Bip01 L Calf"
	*NODE_TM {
		*NODE_NAME "Bip01 L HorseLink"
		*TM_ROW0 0.0752791	0.314573	-0.946244
		*TM_ROW1 -0.0288308	-0.947853	-0.317402
		*TM_ROW2 -0.996746	0.0511747	-0.0622843
		*TM_ROW3 33.7412	114.336	45.524
		*TM_POS 33.7412	114.336	45.524
		*TM_ROTAXIS 0.728001	0.0997501	-0.678281
		*TM_ROTANGLE 2.88567
		*TM_SCALE 1	1	1
		*TM_SCALEAXIS 0	0	0
		*TM_SCALEAXISANG 0	0	0
	}
}
*HELPEROBJECT {
	*NODE_NAME "Bip01 L Foot"
	*NODE_PARENT "Bip01 L HorseLink"
	*NODE_TM {
		*NODE_NAME "Bip01 L Foot"
		*TM_ROW0 -4.00795e-008	-1.76444e-006	-1
		*TM_ROW1 1.79566e-006	-1	1.77716e-006
		*TM_ROW2 -1	-1.79158e-006	-5.89597e-008
		*TM_ROW3 35.7742	122.833	19.9652
		*TM_POS 35.7742	122.833	19.9652
		*TM_ROTAXIS 0.707107	1.10383e-008	-0.707107
		*TM_ROTANGLE 3.1416
		*TM_SCALE 1	1	1
		*TM_SCALEAXIS 0	0	0
		*TM_SCALEAXISANG 0	0	0
	}
}
*HELPEROBJECT {
	*NODE_NAME "Bip01 L Toe0"
	*NODE_PARENT "Bip01 L Foot"
	*NODE_TM {
		*NODE_NAME "Bip01 L Toe0"
		*TM_ROW0 3.10246e-006	-1	2.93495e-006
		*TM_ROW1 2.9309e-006	3.07124e-006	1
		*TM_ROW2 -1	-2.94936e-006	3.10009e-006
		*TM_ROW3 35.7743	80.9729	0.323418
		*TM_POS 35.7743	80.9729	0.323418
		*TM_ROTAXIS -0.57735	0.57735	0.57735
		*TM_ROTANGLE 2.09439
		*TM_SCALE 1	1	1
		*TM_SCALEAXIS 0	0	0
		*TM_SCALEAXISANG 0	0	0
	}
}
*HELPEROBJECT {
	*NODE_NAME "Bip01 R Thigh"
	*NODE_PARENT "Bip01 Pelvis"
	*NODE_TM {
		*NODE_NAME "Bip01 R Thigh"
		*TM_ROW0 -0.0750909	0.308716	-0.948185
		*TM_ROW1 0.0292983	-0.949776	-0.311555
		*TM_ROW2 -0.996746	-0.0511751	0.0622747
		*TM_ROW3 -26.5689	48.9102	109.914
		*TM_POS -26.5689	48.9102	109.914
		*TM_ROTAXIS 0.676299	0.12613	-0.725749
		*TM_ROTANGLE 2.94788
		*TM_SCALE 1	1	1
		*TM_SCALEAXIS 0	0	0
		*TM_SCALEAXISANG 0	0	0
	}
}
*HELPEROBJECT {
	*NODE_NAME "Bip01 R Calf"
	*NODE_PARENT "Bip01 R Thigh"
	*NODE_TM {
		*NODE_NAME "Bip01 R Calf"
		*TM_ROW0 -0.0705191	0.927877	-0.366157
		*TM_ROW1 -0.0390439	-0.369358	-0.928467
		*TM_ROW2 -0.996746	-0.0511785	0.0622747
		*TM_ROW3 -30.0738	63.32	65.6559
		*TM_POS -30.0738	63.32	65.6559
		*TM_ROTAXIS 0.605068	0.434918	-0.666888
		*TM_ROTANGLE 2.33063
		*TM_SCALE 1	1	1
		*TM_SCALEAXIS 0	0	0
		*TM_SCALEAXISANG 0	0	0
	}
}
*HELPEROBJECT {
	*NODE_NAME "Bip01 R HorseLink"
	*NODE_PARENT "Bip01 R Calf"
	*NODE_TM {
		*NODE_NAME "Bip01 R HorseLink"
		*TM_ROW0 -0.0752575	0.314581	-0.946243
		*TM_ROW1 0.028843	-0.94785	-0.317409
		*TM_ROW2 -0.996747	-0.0511799	0.0622596
		*TM_ROW3 -33.951	114.336	45.524
		*TM_POS -33.951	114.336	45.524
		*TM_ROTAXIS 0.67606	0.12825	-0.7256
		*TM_ROTANGLE 2.9434
		*TM_SCALE 1	1	1
		*TM_SCALEAXIS 0	0	0
		*TM_SCALEAXISANG 0	0	0
	}
}
*HELPEROBJECT {
	*NODE_NAME "Bip01 R Foot"
	*NODE_PARENT "Bip01 R HorseLink"
	*NODE_TM {
		*NODE_NAME "Bip01 R Foot"
		*TM_ROW0 -6.51281e-008	-1.86055e-006	-1
		*TM_ROW1 1.7953e-006	-1	1.76536e-006
		*TM_ROW2 -1	-1.78919e-006	-6.30578e-008
		*TM_ROW3 -35.9841	122.833	19.9652
		*TM_POS -35.9841	122.833	19.9652
		*TM_ROTAXIS 0.707107	8.42305e-009	-0.707107
		*TM_ROTANGLE 3.1416
		*TM_SCALE 1	1	1
		*TM_SCALEAXIS 0	0	0
		*TM_SCALEAXISANG 0	0	0
	}
}
*HELPEROBJECT {
	*NODE_NAME "Bip01 R Toe0"
	*NODE_PARENT "Bip01 R Foot"
	*NODE_TM {
		*NODE_NAME "Bip01 R Toe0"
		*TM_ROW0 3.1021e-006	-1	2.92315e-006
		*TM_ROW1 2.95595e-006	3.16735e-006	1
		*TM_ROW2 -1	-2.94697e-006	3.09599e-006
		*TM_ROW3 -35.9841	80.9728	0.323431
		*TM_POS -35.9841	80.9728	0.323431
		*TM_ROTAXIS -0.57735	0.57735	0.57735
		*TM_ROTANGLE 2.09439
		*TM_SCALE 1	1	1
		*TM_SCALEAXIS 0	0	0
		*TM_SCALEAXISANG 0	0	0
	}
}
*HELPEROBJECT {
	*NODE_NAME "Bip01 Tail"
	*NODE_PARENT "Bip01 Pelvis"
	*NODE_TM {
		*NODE_NAME "Bip01 Tail"
		*TM_ROW0 -3.1516e-005	0.828865	-0.559448
		*TM_ROW1 -2.07722e-005	0.559448	0.828865
		*TM_ROW2 1	3.77297e-005	-3.8743e-007
		*TM_ROW3 -0.10486	67.4683	134.386
		*TM_POS -0.10486	67.4683	134.386
		*TM_ROTAXIS -0.424851	-0.799361	-0.424881
		*TM_ROTANGLE 1.79291
		*TM_SCALE 1	1	1
		*TM_SCALEAXIS 0	0	0
		*TM_SCALEAXISANG 0	0	0
	}
}
*HELPEROBJECT {
	*NODE_NAME "Bip01 Tail1"
	*NODE_PARENT "Bip01 Tail"
	*NODE_TM {
		*NODE_NAME "Bip01 Tail1"
		*TM_ROW0 -3.16054e-005	0.792475	-0.609904
		*TM_ROW1 -2.10404e-005	0.609904	0.792475
		*TM_ROW2 1	3.78191e-005	-2.63751e-006
		*TM_ROW3 -0.10598	96.6777	114.637
		*TM_POS -0.10598	96.6777	114.637
		*TM_ROTAXIS -0.403979	-0.820718	-0.404009
		*TM_ROTANGLE 1.76712
		*TM_SCALE 1	1	1
		*TM_SCALEAXIS 0	0	0
		*TM_SCALEAXISANG 0	0	0
	}
}
*HELPEROBJECT {
	*NODE_NAME "Bip01 Tail2"
	*NODE_PARENT "Bip01 Tail1"
	*NODE_TM {
		*NODE_NAME "Bip01 Tail2"
		*TM_ROW0 -4.22597e-005	0.997381	-0.0723218
		*TM_ROW1 -1.01924e-005	0.0723218	0.997381
		*TM_ROW2 1	4.29153e-005	7.18236e-006
		*TM_ROW3 -0.10704	124.255	93.386
		*TM_POS -0.10704	124.255	93.386
		*TM_ROTAXIS -0.562889	-0.605209	-0.562919
		*TM_ROTANGLE 2.05314
		*TM_SCALE 1	1	1
		*TM_SCALEAXIS 0	0	0
		*TM_SCALEAXISANG 0	0	0
	}
}
*HELPEROBJECT {
	*NODE_NAME "Bip01 Tail3"
	*NODE_PARENT "Bip01 Tail2"
	*NODE_TM {
		*NODE_NAME "Bip01 Tail3"
		*TM_ROW0 -2.59876e-005	0.900413	0.435036
		*TM_ROW1 1.68085e-005	-0.435036	0.900413
		*TM_ROW2 1	3.08156e-005	-3.69549e-006
		*TM_ROW3 -0.10828	156.521	91.0293
		*TM_POS -0.10828	156.521	91.0293
		*TM_ROTAXIS -0.646339	-0.405559	-0.646349
		*TM_ROTANGLE 2.37105
		*TM_SCALE 1	1	1
		*TM_SCALEAXIS 0	0	0
		*TM_SCALEAXISANG 0	0	0
	}
}
