*3DSMAX_ASCIIEXPORT	110
*COMMENT "[ GothicSourcer v3.14 ] - June 2007"
*SCENE {
	*SCENE_FILENAME "SHA_LOOK_M01.MAX"
	*SCENE_FIRSTFRAME 0
	*SCENE_LASTFRAME 8
	*SCENE_FRAMESPEED 1
	*SCENE_TICKSPERFRAME 4800
	*SCENE_BACKGROUND_STATIC 0	0	0
	*SCENE_AMBIENT_STATIC 0.2	0.2	0.2
}
*HELPEROBJECT {
	*NODE_NAME "Bip01"
	*NODE_TM {
		*NODE_NAME "Bip01"
		*TM_ROW0 6.27438e-006	-1	0
		*TM_ROW1 1	6.27438e-006	0
		*TM_ROW2 -0	-0	1
		*TM_ROW3 -0.10485	48.9101	109.914
		*TM_POS -0.10485	48.9101	109.914
		*TM_ROTAXIS 0	0	1
		*TM_ROTANGLE 1.57079
		*TM_SCALE 1	1	1
		*TM_SCALEAXIS 0	0	0
		*TM_SCALEAXISANG 0	0	0
	}
}
*HELPEROBJECT {
	*NODE_NAME "Bip01 Pelvis"
	*NODE_PARENT "Bip01"
	*NODE_TM {
		*NODE_NAME "Bip01 Pelvis"
		*TM_ROW0 -5.96046e-008	1.79264e-006	1
		*TM_ROW1 -1.79264e-006	-1	1.79264e-006
		*TM_ROW2 1	-1.79264e-006	-5.96046e-008
		*TM_ROW3 -0.10485	48.9102	109.914
		*TM_POS -0.10485	48.9102	109.914
		*TM_ROTAXIS 0.707107	0	0.707107
		*TM_ROTANGLE 3.1416
		*TM_SCALE 1	1	1
		*TM_SCALEAXIS 0	0	0
		*TM_SCALEAXISANG 0	0	0
	}
}
*HELPEROBJECT {
	*NODE_NAME "Bip01 Spine"
	*NODE_PARENT "Bip01 Pelvis"
	*NODE_TM {
		*NODE_NAME "Bip01 Spine"
		*TM_ROW0 -3.27826e-006	-0.989133	0.147021
		*TM_ROW1 -3.99351e-006	-0.147021	-0.989134
		*TM_ROW2 1	-3.99351e-006	-3.27826e-006
		*TM_ROW3 -0.10485	46.398	118.085
		*TM_POS -0.10485	46.398	118.085
		*TM_ROTAXIS 0.60372	-0.52062	0.60372
		*TM_ROTANGLE 2.18159
		*TM_SCALE 1	1	1
		*TM_SCALEAXIS 0	0	0
		*TM_SCALEAXISANG 0	0	0
	}
}
*HELPEROBJECT {
	*NODE_NAME "Bip01 Spine1"
	*NODE_PARENT "Bip01 Spine"
	*NODE_TM {
		*NODE_NAME "Bip01 Spine1"
		*TM_ROW0 -2.98023e-006	-0.991548	0.129739
		*TM_ROW1 -3.42727e-006	-0.129739	-0.991548
		*TM_ROW2 1	-3.42727e-006	-2.98023e-006
		*TM_ROW3 -0.1048	11.9059	123.247
		*TM_POS -0.1048	11.9059	123.247
		*TM_ROTAXIS 0.600806	-0.527317	0.600807
		*TM_ROTANGLE 2.17108
		*TM_SCALE 1	1	1
		*TM_SCALEAXIS 0	0	0
		*TM_SCALEAXISANG 0	0	0
	}
}
*HELPEROBJECT {
	*NODE_NAME "Bip01 Spine2"
	*NODE_PARENT "Bip01 Spine1"
	*NODE_TM {
		*NODE_NAME "Bip01 Spine2"
		*TM_ROW0 -2.98023e-006	-0.991548	0.129739
		*TM_ROW1 -3.42727e-006	-0.129739	-0.991548
		*TM_ROW2 1	-3.42727e-006	-2.98023e-006
		*TM_ROW3 -0.10474	-31.7779	129.008
		*TM_POS -0.10474	-31.7779	129.008
		*TM_ROTAXIS 0.600806	-0.527317	0.600806
		*TM_ROTANGLE 2.17108
		*TM_SCALE 1	1	1
		*TM_SCALEAXIS 0	0	0
		*TM_SCALEAXISANG 0	0	0
	}
}
*HELPEROBJECT {
	*NODE_NAME "Bip01 Neck"
	*NODE_PARENT "Bip01 Spine2"
	*NODE_TM {
		*NODE_NAME "Bip01 Neck"
		*TM_ROW0 -2.32458e-006	-0.994994	0.0999361
		*TM_ROW1 -2.6226e-006	-0.099936	-0.994994
		*TM_ROW2 1	-2.6226e-006	-2.32458e-006
		*TM_ROW3 -0.10467	-87.1394	136.272
		*TM_POS -0.10467	-87.1394	136.272
		*TM_ROTAXIS 0.595672	-0.538842	0.595672
		*TM_ROTANGLE 2.15313
		*TM_SCALE 1	1	1
		*TM_SCALEAXIS 0	0	0
		*TM_SCALEAXISANG 0	0	0
	}
}
*HELPEROBJECT {
	*NODE_NAME "Bip01 Neck1"
	*NODE_PARENT "Bip01 Neck"
	*NODE_TM {
		*NODE_NAME "Bip01 Neck1"
		*TM_ROW0 8.9407e-006	-0.997543	0.0700525
		*TM_ROW1 -8.61287e-006	-0.0700525	-0.997543
		*TM_ROW2 1	8.31485e-006	-9.17912e-006
		*TM_ROW3 -0.10463	-112.879	138.88
		*TM_POS -0.10463	-112.879	138.88
		*TM_ROTAXIS 0.590382	-0.550372	0.590372
		*TM_ROTANGLE 2.13534
		*TM_SCALE 1	1	1
		*TM_SCALEAXIS 0	0	0
		*TM_SCALEAXISANG 0	0	0
	}
}
*HELPEROBJECT {
	*NODE_NAME "Bip01 Head"
	*NODE_PARENT "Bip01 Neck1"
	*NODE_TM {
		*NODE_NAME "Bip01 Head"
		*TM_ROW0 0.00873983	1.7932e-006	0.999962
		*TM_ROW1 -1.78479e-006	-1	1.7815e-006
		*TM_ROW2 0.999962	-1.80054e-006	-0.00873965
		*TM_ROW3 -0.10459	-141.302	140.876
		*TM_POS -0.10459	-141.302	140.876
		*TM_ROTAXIS 0.71019	2.95827e-009	0.70401
		*TM_ROTANGLE 3.1416
		*TM_SCALE 1	1	1
		*TM_SCALEAXIS 0	0	0
		*TM_SCALEAXISANG 0	0	0
	}
	*TM_ANIMATION {
		*NODE_NAME  "Bip01 Head"
		*CONTROL_POS_TRACK {
			*CONTROL_POS_SAMPLE 0	-0.104375	-141.302	140.876
			*CONTROL_POS_SAMPLE 4800	-0.104375	-141.302	140.876
			*CONTROL_POS_SAMPLE 9600	-0.104375	-141.302	140.876
			*CONTROL_POS_SAMPLE 14400	-0.104375	-141.302	140.876
			*CONTROL_POS_SAMPLE 19200	-0.104375	-141.302	140.876
			*CONTROL_POS_SAMPLE 24000	-0.104375	-141.302	140.876
			*CONTROL_POS_SAMPLE 28800	-0.104375	-141.302	140.876
			*CONTROL_POS_SAMPLE 33600	-0.104375	-141.302	140.876
			*CONTROL_POS_SAMPLE 38400	-0.104375	-141.302	140.876
		}
		*CONTROL_ROT_TRACK {
			*CONTROL_ROT_SAMPLE 0	0.660017	0.366471	0.655802	3.28939
			*CONTROL_ROT_SAMPLE 4800	0.731035	0.12587	0.67063	3.82193
			*CONTROL_ROT_SAMPLE 9600	-0.754023	0.171092	-0.634175	2.04395
			*CONTROL_ROT_SAMPLE 14400	-0.692291	-0.143497	-0.707207	3.41582
			*CONTROL_ROT_SAMPLE 19200	-0.694715	0.111621	-0.710571	2.91927
			*CONTROL_ROT_SAMPLE 24000	-0.646474	0.378916	-0.662189	2.42782
			*CONTROL_ROT_SAMPLE 28800	0.721991	0.000990817	0.691902	2.43381
			*CONTROL_ROT_SAMPLE 33600	-0.61294	0.352154	-0.707313	3.43557
			*CONTROL_ROT_SAMPLE 38400	0.588003	-0.566533	0.577315	3.34728
		}
		*CONTROL_SCALE_TRACK {
			*CONTROL_SCALE_SAMPLE	0	1	1	1	0	0	0	0
		}
	}
}
*HELPEROBJECT {
	*NODE_NAME "Bip01 Jaw"
	*NODE_PARENT "Bip01 Head"
	*NODE_TM {
		*NODE_NAME "Bip01 Jaw"
		*TM_ROW0 0.999962	5.52774e-008	-0.00872682
		*TM_ROW1 -0.000380738	0.999048	-0.0436205
		*TM_ROW2 0.00871851	0.0436222	0.99901
		*TM_ROW3 -0.11567	-122.897	127.621
		*TM_POS -0.11567	-122.897	127.621
		*TM_ROTAXIS 0.980579	-0.19608	-0.00427999
		*TM_ROTANGLE 0.0445015
		*TM_SCALE 1	1	1
		*TM_SCALEAXIS 0	0	0
		*TM_SCALEAXISANG 0	0	0
	}
}
*HELPEROBJECT {
	*NODE_NAME "Bip01 L Clavicle"
	*NODE_PARENT "Bip01 Neck"
	*NODE_TM {
		*NODE_NAME "Bip01 L Clavicle"
		*TM_ROW0 0.999822	-0.018715	0.00246013
		*TM_ROW1 3.68431e-006	0.130524	0.991445
		*TM_ROW2 -0.018876	-0.991268	0.130501
		*TM_ROW3 29.0202	-53.865	151.996
		*TM_POS 29.0202	-53.865	151.996
		*TM_ROTAXIS -0.999898	0.01076	0.00943998
		*TM_ROTANGLE 1.44
		*TM_SCALE 1	1	1
		*TM_SCALEAXIS 0	0	0
		*TM_SCALEAXISANG 0	0	0
	}
}
*HELPEROBJECT {
	*NODE_NAME "Bip01 L UpperArm"
	*NODE_PARENT "Bip01 L Clavicle"
	*NODE_TM {
		*NODE_NAME "Bip01 L UpperArm"
		*TM_ROW0 0.109588	0.0561348	-0.992391
		*TM_ROW1 0.00937204	0.998301	0.0575041
		*TM_ROW2 0.993933	-0.0156025	0.108876
		*TM_ROW3 49.7615	-54.2533	152.047
		*TM_POS 49.7615	-54.2533	152.047
		*TM_ROTAXIS -0.0367699	-0.999047	-0.0235199
		*TM_ROTANGLE 1.4622
		*TM_SCALE 1	1	1
		*TM_SCALEAXIS 0	0	0
		*TM_SCALEAXISANG 0	0	0
	}
}
*HELPEROBJECT {
	*NODE_NAME "Bip01 L Forearm"
	*NODE_PARENT "Bip01 L UpperArm"
	*NODE_TM {
		*NODE_NAME "Bip01 L Forearm"
		*TM_ROW0 0.101034	-0.261628	-0.959866
		*TM_ROW1 0.0434575	0.965043	-0.258465
		*TM_ROW2 0.993933	-0.0155997	0.108872
		*TM_ROW3 57.2928	-50.3951	83.8444
		*TM_POS 57.2928	-50.3951	83.8444
		*TM_ROTAXIS 0.1219	-0.980659	0.15313
		*TM_ROTANGLE 1.48321
		*TM_SCALE 1	1	1
		*TM_SCALEAXIS 0	0	0
		*TM_SCALEAXISANG 0	0	0
	}
}
*HELPEROBJECT {
	*NODE_NAME "Bip01 L Hand"
	*NODE_PARENT "Bip01 L Forearm"
	*NODE_TM {
		*NODE_NAME "Bip01 L Hand"
		*TM_ROW0 -0.0107088	-0.999678	-0.0230225
		*TM_ROW1 0.0110113	0.0229047	-0.999677
		*TM_ROW2 0.999882	-0.0109589	0.0107626
		*TM_ROW3 63.5006	-66.4704	24.8664
		*TM_POS 63.5006	-66.4704	24.8664
		*TM_ROTAXIS 0.566567	-0.586157	0.579157
		*TM_ROTANGLE 2.08119
		*TM_SCALE 1	1	1
		*TM_SCALEAXIS 0	0	0
		*TM_SCALEAXISANG 0	0	0
	}
}
*HELPEROBJECT {
	*NODE_NAME "Bip01 L Finger0"
	*NODE_PARENT "Bip01 L Hand"
	*NODE_TM {
		*NODE_NAME "Bip01 L Finger0"
		*TM_ROW0 -0.0107159	-0.999678	-0.0230249
		*TM_ROW1 0.0102225	0.0229155	-0.999685
		*TM_ROW2 0.99989	-0.0109479	0.00997363
		*TM_ROW3 62.9018	-122.354	23.5796
		*TM_POS 62.9018	-122.354	23.5796
		*TM_ROTAXIS 0.56672	-0.586311	0.578851
		*TM_ROTANGLE 2.08164
		*TM_SCALE 1	1	1
		*TM_SCALEAXIS 0	0	0
		*TM_SCALEAXISANG 0	0	0
	}
}
*HELPEROBJECT {
	*NODE_NAME "Bip01 R Clavicle"
	*NODE_PARENT "Bip01 Neck"
	*NODE_TM {
		*NODE_NAME "Bip01 R Clavicle"
		*TM_ROW0 -0.999955	-0.00935588	0.00123497
		*TM_ROW1 3.1353e-006	0.130535	0.991444
		*TM_ROW2 -0.00943704	0.991399	-0.130529
		*TM_ROW3 -29.2296	-53.8651	151.996
		*TM_POS -29.2296	-53.8651	151.996
		*TM_ROTAXIS -0.00311	0.751839	0.659339
		*TM_ROTANGLE 3.1345
		*TM_SCALE 1	1	1
		*TM_SCALEAXIS 0	0	0
		*TM_SCALEAXISANG 0	0	0
	}
}
*HELPEROBJECT {
	*NODE_NAME "Bip01 R UpperArm"
	*NODE_PARENT "Bip01 R Clavicle"
	*NODE_TM {
		*NODE_NAME "Bip01 R UpperArm"
		*TM_ROW0 -0.109601	0.0550877	-0.992448
		*TM_ROW1 -0.00949751	0.99836	0.0564647
		*TM_ROW2 0.99393	0.0156144	-0.108898
		*TM_ROW3 -49.9737	-54.0593	152.022
		*TM_POS -49.9737	-54.0593	152.022
		*TM_ROTAXIS -0.02055	-0.999261	-0.03249
		*TM_ROTANGLE 1.68109
		*TM_SCALE 1	1	1
		*TM_SCALEAXIS 0	0	0
		*TM_SCALEAXISANG 0	0	0
	}
}
*HELPEROBJECT {
	*NODE_NAME "Bip01 R Forearm"
	*NODE_PARENT "Bip01 R UpperArm"
	*NODE_TM {
		*NODE_NAME "Bip01 R Forearm"
		*TM_ROW0 -0.10097	-0.263608	-0.959331
		*TM_ROW1 -0.0436808	0.964504	-0.260432
		*TM_ROW2 0.99393	0.0156084	-0.108901
		*TM_ROW3 -57.5061	-50.2733	83.815
		*TM_POS -57.5061	-50.2733	83.815
		*TM_ROTAXIS 0.139071	-0.984064	0.1108
		*TM_ROTANGLE 1.69379
		*TM_SCALE 1	1	1
		*TM_SCALEAXIS 0	0	0
		*TM_SCALEAXISANG 0	0	0
	}
}
*HELPEROBJECT {
	*NODE_NAME "Bip01 R Hand"
	*NODE_PARENT "Bip01 R Forearm"
	*NODE_TM {
		*NODE_NAME "Bip01 R Hand"
		*TM_ROW0 0.0107161	-0.999677	-0.0230288
		*TM_ROW1 -0.0110219	0.0229108	-0.999677
		*TM_ROW2 0.999882	0.0109663	-0.0107727
		*TM_ROW3 -63.71	-66.4702	24.8698
		*TM_POS -63.71	-66.4702	24.8698
		*TM_ROTAXIS 0.57915	-0.58618	0.56655
		*TM_ROTANGLE 2.08125
		*TM_SCALE 1	1	1
		*TM_SCALEAXIS 0	0	0
		*TM_SCALEAXISANG 0	0	0
	}
}
*HELPEROBJECT {
	*NODE_NAME "Bip01 R Finger0"
	*NODE_PARENT "Bip01 R Hand"
	*NODE_TM {
		*NODE_NAME "Bip01 R Finger0"
		*TM_ROW0 0.0107118	-0.999678	-0.0230268
		*TM_ROW1 -0.0102216	0.0229177	-0.999685
		*TM_ROW2 0.99989	0.0109437	-0.00997266
		*TM_ROW3 -63.111	-122.354	23.5829
		*TM_POS -63.111	-122.354	23.5829
		*TM_ROTAXIS 0.578993	-0.586033	0.566863
		*TM_ROTANGLE 2.08079
		*TM_SCALE 1	1	1
		*TM_SCALEAXIS 0	0	0
		*TM_SCALEAXISANG 0	0	0
	}
}
*HELPEROBJECT {
	*NODE_NAME "Bip01 L Thigh"
	*NODE_PARENT "Bip01 Pelvis"
	*NODE_TM {
		*NODE_NAME "Bip01 L Thigh"
		*TM_ROW0 0.0750896	0.308725	-0.948183
		*TM_ROW1 -0.0292976	-0.949774	-0.311563
		*TM_ROW2 -0.996746	0.0511746	-0.0622734
		*TM_ROW3 26.3592	48.9102	109.914
		*TM_POS 26.3592	48.9102	109.914
		*TM_ROTAXIS 0.728107	0.0974796	-0.678497
		*TM_ROTANGLE 2.88985
		*TM_SCALE 1	1	1
		*TM_SCALEAXIS 0	0	0
		*TM_SCALEAXISANG 0	0	0
	}
}
*HELPEROBJECT {
	*NODE_NAME "Bip01 L Calf"
	*NODE_PARENT "Bip01 L Thigh"
	*NODE_TM {
		*NODE_NAME "Bip01 L Calf"
		*TM_ROW0 0.0705194	0.927877	-0.366156
		*TM_ROW1 0.0390407	-0.369356	-0.928468
		*TM_ROW2 -0.996746	0.0511799	-0.0622717
		*TM_ROW3 29.8641	63.3201	65.6559
		*TM_POS 29.8641	63.3201	65.6559
		*TM_ROTAXIS 0.668521	0.430321	-0.606551
		*TM_ROTANGLE 2.31932
		*TM_SCALE 1	1	1
		*TM_SCALEAXIS 0	0	0
		*TM_SCALEAXISANG 0	0	0
	}
}
*HELPEROBJECT {
	*NODE_NAME "Bip01 L HorseLink"
	*NODE_PARENT "Bip01 L Calf"
	*NODE_TM {
		*NODE_NAME "Bip01 L HorseLink"
		*TM_ROW0 0.0752791	0.314573	-0.946244
		*TM_ROW1 -0.0288308	-0.947853	-0.317402
		*TM_ROW2 -0.996746	0.0511747	-0.0622843
		*TM_ROW3 33.7412	114.336	45.524
		*TM_POS 33.7412	114.336	45.524
		*TM_ROTAXIS 0.728001	0.0997501	-0.678281
		*TM_ROTANGLE 2.88567
		*TM_SCALE 1	1	1
		*TM_SCALEAXIS 0	0	0
		*TM_SCALEAXISANG 0	0	0
	}
}
*HELPEROBJECT {
	*NODE_NAME "Bip01 L Foot"
	*NODE_PARENT "Bip01 L HorseLink"
	*NODE_TM {
		*NODE_NAME "Bip01 L Foot"
		*TM_ROW0 -4.00795e-008	-1.76444e-006	-1
		*TM_ROW1 1.79566e-006	-1	1.77716e-006
		*TM_ROW2 -1	-1.79158e-006	-5.89597e-008
		*TM_ROW3 35.7742	122.833	19.9652
		*TM_POS 35.7742	122.833	19.9652
		*TM_ROTAXIS 0.707107	1.10383e-008	-0.707107
		*TM_ROTANGLE 3.1416
		*TM_SCALE 1	1	1
		*TM_SCALEAXIS 0	0	0
		*TM_SCALEAXISANG 0	0	0
	}
}
*HELPEROBJECT {
	*NODE_NAME "Bip01 L Toe0"
	*NODE_PARENT "Bip01 L Foot"
	*NODE_TM {
		*NODE_NAME "Bip01 L Toe0"
		*TM_ROW0 3.10246e-006	-1	2.93495e-006
		*TM_ROW1 2.9309e-006	3.07124e-006	1
		*TM_ROW2 -1	-2.94936e-006	3.10009e-006
		*TM_ROW3 35.7743	80.9729	0.323418
		*TM_POS 35.7743	80.9729	0.323418
		*TM_ROTAXIS -0.57735	0.57735	0.57735
		*TM_ROTANGLE 2.09439
		*TM_SCALE 1	1	1
		*TM_SCALEAXIS 0	0	0
		*TM_SCALEAXISANG 0	0	0
	}
}
*HELPEROBJECT {
	*NODE_NAME "Bip01 R Thigh"
	*NODE_PARENT "Bip01 Pelvis"
	*NODE_TM {
		*NODE_NAME "Bip01 R Thigh"
		*TM_ROW0 -0.0750909	0.308716	-0.948185
		*TM_ROW1 0.0292983	-0.949776	-0.311555
		*TM_ROW2 -0.996746	-0.0511751	0.0622747
		*TM_ROW3 -26.5689	48.9102	109.914
		*TM_POS -26.5689	48.9102	109.914
		*TM_ROTAXIS 0.676299	0.12613	-0.725749
		*TM_ROTANGLE 2.94788
		*TM_SCALE 1	1	1
		*TM_SCALEAXIS 0	0	0
		*TM_SCALEAXISANG 0	0	0
	}
}
*HELPEROBJECT {
	*NODE_NAME "Bip01 R Calf"
	*NODE_PARENT "Bip01 R Thigh"
	*NODE_TM {
		*NODE_NAME "Bip01 R Calf"
		*TM_ROW0 -0.0705191	0.927877	-0.366157
		*TM_ROW1 -0.0390439	-0.369358	-0.928467
		*TM_ROW2 -0.996746	-0.0511785	0.0622747
		*TM_ROW3 -30.0738	63.32	65.6559
		*TM_POS -30.0738	63.32	65.6559
		*TM_ROTAXIS 0.605068	0.434918	-0.666888
		*TM_ROTANGLE 2.33063
		*TM_SCALE 1	1	1
		*TM_SCALEAXIS 0	0	0
		*TM_SCALEAXISANG 0	0	0
	}
}
*HELPEROBJECT {
	*NODE_NAME "Bip01 R HorseLink"
	*NODE_PARENT "Bip01 R Calf"
	*NODE_TM {
		*NODE_NAME "Bip01 R HorseLink"
		*TM_ROW0 -0.0752575	0.314581	-0.946243
		*TM_ROW1 0.028843	-0.94785	-0.317409
		*TM_ROW2 -0.996747	-0.0511799	0.0622596
		*TM_ROW3 -33.951	114.336	45.524
		*TM_POS -33.951	114.336	45.524
		*TM_ROTAXIS 0.67606	0.12825	-0.7256
		*TM_ROTANGLE 2.9434
		*TM_SCALE 1	1	1
		*TM_SCALEAXIS 0	0	0
		*TM_SCALEAXISANG 0	0	0
	}
}
*HELPEROBJECT {
	*NODE_NAME "Bip01 R Foot"
	*NODE_PARENT "Bip01 R HorseLink"
	*NODE_TM {
		*NODE_NAME "Bip01 R Foot"
		*TM_ROW0 -6.51281e-008	-1.86055e-006	-1
		*TM_ROW1 1.7953e-006	-1	1.76536e-006
		*TM_ROW2 -1	-1.78919e-006	-6.30578e-008
		*TM_ROW3 -35.9841	122.833	19.9652
		*TM_POS -35.9841	122.833	19.9652
		*TM_ROTAXIS 0.707107	8.42305e-009	-0.707107
		*TM_ROTANGLE 3.1416
		*TM_SCALE 1	1	1
		*TM_SCALEAXIS 0	0	0
		*TM_SCALEAXISANG 0	0	0
	}
}
*HELPEROBJECT {
	*NODE_NAME "Bip01 R Toe0"
	*NODE_PARENT "Bip01 R Foot"
	*NODE_TM {
		*NODE_NAME "Bip01 R Toe0"
		*TM_ROW0 3.1021e-006	-1	2.92315e-006
		*TM_ROW1 2.95595e-006	3.16735e-006	1
		*TM_ROW2 -1	-2.94697e-006	3.09599e-006
		*TM_ROW3 -35.9841	80.9728	0.323431
		*TM_POS -35.9841	80.9728	0.323431
		*TM_ROTAXIS -0.57735	0.57735	0.57735
		*TM_ROTANGLE 2.09439
		*TM_SCALE 1	1	1
		*TM_SCALEAXIS 0	0	0
		*TM_SCALEAXISANG 0	0	0
	}
}
*HELPEROBJECT {
	*NODE_NAME "Bip01 Tail"
	*NODE_PARENT "Bip01 Pelvis"
	*NODE_TM {
		*NODE_NAME "Bip01 Tail"
		*TM_ROW0 -3.1516e-005	0.828865	-0.559448
		*TM_ROW1 -2.07722e-005	0.559448	0.828865
		*TM_ROW2 1	3.77297e-005	-3.8743e-007
		*TM_ROW3 -0.10486	67.4683	134.386
		*TM_POS -0.10486	67.4683	134.386
		*TM_ROTAXIS -0.424851	-0.799361	-0.424881
		*TM_ROTANGLE 1.79291
		*TM_SCALE 1	1	1
		*TM_SCALEAXIS 0	0	0
		*TM_SCALEAXISANG 0	0	0
	}
}
*HELPEROBJECT {
	*NODE_NAME "Bip01 Tail1"
	*NODE_PARENT "Bip01 Tail"
	*NODE_TM {
		*NODE_NAME "Bip01 Tail1"
		*TM_ROW0 -3.16054e-005	0.792475	-0.609904
		*TM_ROW1 -2.10404e-005	0.609904	0.792475
		*TM_ROW2 1	3.78191e-005	-2.63751e-006
		*TM_ROW3 -0.10598	96.6777	114.637
		*TM_POS -0.10598	96.6777	114.637
		*TM_ROTAXIS -0.403979	-0.820718	-0.404009
		*TM_ROTANGLE 1.76712
		*TM_SCALE 1	1	1
		*TM_SCALEAXIS 0	0	0
		*TM_SCALEAXISANG 0	0	0
	}
}
*HELPEROBJECT {
	*NODE_NAME "Bip01 Tail2"
	*NODE_PARENT "Bip01 Tail1"
	*NODE_TM {
		*NODE_NAME "Bip01 Tail2"
		*TM_ROW0 -4.22597e-005	0.997381	-0.0723218
		*TM_ROW1 -1.01924e-005	0.0723218	0.997381
		*TM_ROW2 1	4.29153e-005	7.18236e-006
		*TM_ROW3 -0.10704	124.255	93.386
		*TM_POS -0.10704	124.255	93.386
		*TM_ROTAXIS -0.562889	-0.605209	-0.562919
		*TM_ROTANGLE 2.05314
		*TM_SCALE 1	1	1
		*TM_SCALEAXIS 0	0	0
		*TM_SCALEAXISANG 0	0	0
	}
}
*HELPEROBJECT {
	*NODE_NAME "Bip01 Tail3"
	*NODE_PARENT "Bip01 Tail2"
	*NODE_TM {
		*NODE_NAME "Bip01 Tail3"
		*TM_ROW0 -2.59876e-005	0.900413	0.435036
		*TM_ROW1 1.68085e-005	-0.435036	0.900413
		*TM_ROW2 1	3.08156e-005	-3.69549e-006
		*TM_ROW3 -0.10828	156.521	91.0293
		*TM_POS -0.10828	156.521	91.0293
		*TM_ROTAXIS -0.646339	-0.405559	-0.646349
		*TM_ROTANGLE 2.37105
		*TM_SCALE 1	1	1
		*TM_SCALEAXIS 0	0	0
		*TM_SCALEAXISANG 0	0	0
	}
}
