*3DSMAX_ASCIIEXPORT	110
*COMMENT "[ GothicSourcer v3.14 ] - June 2007"
*SCENE {
	*SCENE_FILENAME "HUM_CBOWAIM.MAX"
	*SCENE_FIRSTFRAME 1
	*SCENE_LASTFRAME 6
	*SCENE_FRAMESPEED 25
	*SCENE_TICKSPERFRAME 192
	*SCENE_BACKGROUND_STATIC 0	0	0
	*SCENE_AMBIENT_STATIC 0.2	0.2	0.2
}
*HELPEROBJECT {
	*NODE_NAME "Bip01"
	*NODE_TM {
		*NODE_NAME "Bip01"
		*TM_ROW0 6.27438e-006	-1	0
		*TM_ROW1 1	6.27438e-006	0
		*TM_ROW2 -0	-0	1
		*TM_ROW3 0	-7.37745	99.9496
		*TM_POS 0	-7.37745	99.9496
		*TM_ROTAXIS 0	0	1
		*TM_ROTANGLE 1.57079
		*TM_SCALE 1	1	1
		*TM_SCALEAXIS 0	0	0
		*TM_SCALEAXISANG 0	0	0
	}
	*TM_ANIMATION {
		*NODE_NAME  "Bip01"
		*CONTROL_POS_TRACK {
			*CONTROL_POS_SAMPLE 1	-6.03971	6.64911	95.8052
			*CONTROL_POS_SAMPLE 193	-6.15165	6.76449	95.559
			*CONTROL_POS_SAMPLE 385	-6.26532	6.87988	95.3161
			*CONTROL_POS_SAMPLE 577	-6.31526	6.93154	95.0768
			*CONTROL_POS_SAMPLE 769	-6.24465	6.85921	94.8391
			*CONTROL_POS_SAMPLE 961	-5.98805	6.59572	94.6066
		}
		*CONTROL_ROT_TRACK {
			*CONTROL_ROT_SAMPLE 1	-0.0121949	-0.0250446	0.999612	1.79907
			*CONTROL_ROT_SAMPLE 193	-0.0120841	-0.0249847	0.999615	1.80512
			*CONTROL_ROT_SAMPLE 385	-0.011974	-0.0249662	0.999617	1.81116
			*CONTROL_ROT_SAMPLE 577	-0.0119203	-0.0249798	0.999617	1.81393
			*CONTROL_ROT_SAMPLE 769	-0.011979	-0.0249765	0.999616	1.8101
			*CONTROL_ROT_SAMPLE 961	-0.012208	-0.0250306	0.999612	1.79637
		}
		*CONTROL_SCALE_TRACK {
			*CONTROL_SCALE_SAMPLE	1	1	1	1	0	0	0	0
		}
	}
}
*HELPEROBJECT {
	*NODE_NAME "Bip01 Pelvis"
	*NODE_PARENT "Bip01"
	*NODE_TM {
		*NODE_NAME "Bip01 Pelvis"
		*TM_ROW0 -5.96046e-008	1.79264e-006	1
		*TM_ROW1 -1.79264e-006	-1	1.79264e-006
		*TM_ROW2 1	-1.79264e-006	-5.96046e-008
		*TM_ROW3 1e-005	-8.0113	99.9496
		*TM_POS 1e-005	-8.0113	99.9496
		*TM_ROTAXIS 0.707107	0	0.707107
		*TM_ROTANGLE 3.1416
		*TM_SCALE 1	1	1
		*TM_SCALEAXIS 0	0	0
		*TM_SCALEAXISANG 0	0	0
	}
	*TM_ANIMATION {
		*NODE_NAME  "Bip01 Pelvis"
		*CONTROL_POS_TRACK {
			*CONTROL_POS_SAMPLE 1	-6.11752	7.59969	95.8449
			*CONTROL_POS_SAMPLE 193	-6.29622	7.70095	95.5986
			*CONTROL_POS_SAMPLE 385	-6.63461	7.69456	95.3527
			*CONTROL_POS_SAMPLE 577	-6.976	7.58587	95.1093
			*CONTROL_POS_SAMPLE 769	-7.14308	7.30255	94.8649
			*CONTROL_POS_SAMPLE 961	-6.95165	6.78426	94.6221
		}
		*CONTROL_ROT_TRACK {
			*CONTROL_ROT_SAMPLE 1	-0.677275	0.0921614	-0.729934	3.00165
			*CONTROL_ROT_SAMPLE 193	-0.677182	0.0941764	-0.729764	2.99714
			*CONTROL_ROT_SAMPLE 385	-0.677102	0.0962032	-0.729573	2.99268
			*CONTROL_ROT_SAMPLE 577	-0.677074	0.0971404	-0.729475	2.99065
			*CONTROL_ROT_SAMPLE 769	-0.677125	0.0958445	-0.729599	2.99346
			*CONTROL_ROT_SAMPLE 961	-0.677316	0.0912304	-0.730013	3.00361
		}
		*CONTROL_SCALE_TRACK {
			*CONTROL_SCALE_SAMPLE	1	1	1	1	0	0	0	0
		}
	}
}
*HELPEROBJECT {
	*NODE_NAME "Bip01 Spine"
	*NODE_PARENT "Bip01 Pelvis"
	*NODE_TM {
		*NODE_NAME "Bip01 Spine"
		*TM_ROW0 5.96047e-008	-0.0205947	0.999788
		*TM_ROW1 5.48642e-006	-0.999788	-0.0205947
		*TM_ROW2 1	5.48642e-006	5.96047e-008
		*TM_ROW3 1e-005	-7.92216	102.35
		*TM_POS 1e-005	-7.92216	102.35
		*TM_ROTAXIS 0.707088	-0.00727998	0.707088
		*TM_ROTANGLE 3.12703
		*TM_SCALE 1	1	1
		*TM_SCALEAXIS 0	0	0
		*TM_SCALEAXISANG 0	0	0
	}
	*TM_ANIMATION {
		*NODE_NAME  "Bip01 Spine"
		*CONTROL_POS_TRACK {
			*CONTROL_POS_SAMPLE 1	-6.07448	7.5844	98.2444
			*CONTROL_POS_SAMPLE 193	-6.25273	7.68566	97.9981
			*CONTROL_POS_SAMPLE 385	-6.59056	7.67914	97.7522
			*CONTROL_POS_SAMPLE 577	-6.93164	7.57033	97.5088
			*CONTROL_POS_SAMPLE 769	-7.09907	7.28716	97.2644
			*CONTROL_POS_SAMPLE 961	-6.90881	6.76917	97.0217
		}
		*CONTROL_ROT_TRACK {
			*CONTROL_ROT_SAMPLE 1	0.713754	-0.167351	0.68011	3.49578
			*CONTROL_ROT_SAMPLE 193	0.713584	-0.169516	0.679752	3.5
			*CONTROL_ROT_SAMPLE 385	0.713425	-0.171712	0.679367	3.50423
			*CONTROL_ROT_SAMPLE 577	0.713363	-0.172714	0.679179	3.50614
			*CONTROL_ROT_SAMPLE 769	0.713462	-0.171327	0.679426	3.50351
			*CONTROL_ROT_SAMPLE 961	0.713826	-0.166356	0.680278	3.49395
		}
		*CONTROL_SCALE_TRACK {
			*CONTROL_SCALE_SAMPLE	1	1	1	1	0	0	0	0
		}
	}
}
*HELPEROBJECT {
	*NODE_NAME "Bip01 Spine1"
	*NODE_PARENT "Bip01 Spine"
	*NODE_TM {
		*NODE_NAME "Bip01 Spine1"
		*TM_ROW0 5.96047e-008	-0.00276992	0.999996
		*TM_ROW1 -1.92621e-006	-0.999996	-0.00276991
		*TM_ROW2 1	-1.92621e-006	5.96047e-008
		*TM_ROW3 1e-005	-8.11442	112.175
		*TM_POS 1e-005	-8.11442	112.175
		*TM_ROTAXIS 0.707106	-0.000979995	0.707107
		*TM_ROTANGLE 3.13964
		*TM_SCALE 1	1	1
		*TM_SCALEAXIS 0	0	0
		*TM_SCALEAXISANG 0	0	0
	}
	*TM_ANIMATION {
		*NODE_NAME  "Bip01 Spine1"
		*CONTROL_POS_TRACK {
			*CONTROL_POS_SAMPLE 1	-5.58478	7.63659	108.059
			*CONTROL_POS_SAMPLE 193	-5.76046	7.73594	107.812
			*CONTROL_POS_SAMPLE 385	-6.09535	7.72697	107.566
			*CONTROL_POS_SAMPLE 577	-6.43484	7.61681	107.323
			*CONTROL_POS_SAMPLE 769	-6.60413	7.33547	107.078
			*CONTROL_POS_SAMPLE 961	-6.4202	6.82305	106.836
		}
		*CONTROL_ROT_TRACK {
			*CONTROL_ROT_SAMPLE 1	0.707405	-0.249456	0.661324	3.5656
			*CONTROL_ROT_SAMPLE 193	0.707313	-0.251093	0.660803	3.57077
			*CONTROL_ROT_SAMPLE 385	0.707006	-0.253233	0.660314	3.57507
			*CONTROL_ROT_SAMPLE 577	0.706855	-0.254247	0.660087	3.57703
			*CONTROL_ROT_SAMPLE 769	0.706869	-0.253223	0.660466	3.57368
			*CONTROL_ROT_SAMPLE 961	0.707121	-0.249324	0.661678	3.56204
		}
		*CONTROL_SCALE_TRACK {
			*CONTROL_SCALE_SAMPLE	1	1	1	1	0	0	0	0
		}
	}
}
*HELPEROBJECT {
	*NODE_NAME "Bip01 Spine2"
	*NODE_PARENT "Bip01 Spine1"
	*NODE_TM {
		*NODE_NAME "Bip01 Spine2"
		*TM_ROW0 5.96048e-008	0.180243	0.983622
		*TM_ROW1 1.67638e-006	-0.983622	0.180243
		*TM_ROW2 1	1.67638e-006	5.96047e-008
		*TM_ROW3 1e-005	-8.1264	124.961
		*TM_POS 1e-005	-8.1264	124.961
		*TM_ROTAXIS 0.705652	0.0641202	0.705652
		*TM_ROTANGLE 3.26966
		*TM_SCALE 1	1	1
		*TM_SCALEAXIS 0	0	0
		*TM_SCALEAXISANG 0	0	0
	}
	*TM_ANIMATION {
		*NODE_NAME  "Bip01 Spine2"
		*CONTROL_POS_TRACK {
			*CONTROL_POS_SAMPLE 1	-4.98885	6.8155	120.813
			*CONTROL_POS_SAMPLE 193	-5.15406	6.92901	120.565
			*CONTROL_POS_SAMPLE 385	-5.48796	6.91935	120.319
			*CONTROL_POS_SAMPLE 577	-5.82636	6.80968	120.073
			*CONTROL_POS_SAMPLE 769	-6.0056	6.52022	119.829
			*CONTROL_POS_SAMPLE 961	-5.84404	5.97981	119.584
		}
		*CONTROL_ROT_TRACK {
			*CONTROL_ROT_SAMPLE 1	0.660416	-0.427545	0.617297	3.64839
			*CONTROL_ROT_SAMPLE 193	0.659728	-0.442417	0.607475	3.68448
			*CONTROL_ROT_SAMPLE 385	0.670648	-0.429094	0.60507	3.70099
			*CONTROL_ROT_SAMPLE 577	0.686298	-0.404893	0.604199	3.70861
			*CONTROL_ROT_SAMPLE 769	0.69975	-0.375695	0.60762	3.71016
			*CONTROL_ROT_SAMPLE 961	0.704581	-0.347816	0.618538	3.70829
		}
		*CONTROL_SCALE_TRACK {
			*CONTROL_SCALE_SAMPLE	1	1	1	1	0	0	0	0
		}
	}
}
*HELPEROBJECT {
	*NODE_NAME "Bip01 Neck"
	*NODE_PARENT "Bip01 Spine2"
	*NODE_TM {
		*NODE_NAME "Bip01 Neck"
		*TM_ROW0 5.96046e-007	-0.167043	0.98595
		*TM_ROW1 4.70132e-006	-0.98595	-0.167043
		*TM_ROW2 1	4.70132e-006	5.96047e-007
		*TM_ROW3 1.03264e-011	-2.71656	154.454
		*TM_POS 1.03264e-011	-2.71656	154.454
		*TM_ROTAXIS -0.70586	0.05937	-0.705859
		*TM_ROTANGLE 3.2602
		*TM_SCALE 1	1	1
		*TM_SCALEAXIS 0	0	0
		*TM_SCALEAXISANG 0	0	0
	}
	*TM_ANIMATION {
		*NODE_NAME  "Bip01 Neck"
		*CONTROL_POS_TRACK {
			*CONTROL_POS_SAMPLE 1	-6.68803	-0.0640016	149.948
			*CONTROL_POS_SAMPLE 193	-6.59787	0.0984512	149.725
			*CONTROL_POS_SAMPLE 385	-5.98061	0.609833	149.628
			*CONTROL_POS_SAMPLE 577	-5.08045	1.18585	149.516
			*CONTROL_POS_SAMPLE 769	-4.21663	1.81011	149.387
			*CONTROL_POS_SAMPLE 961	-3.69562	2.39463	149.276
		}
		*CONTROL_ROT_TRACK {
			*CONTROL_ROT_SAMPLE 1	-0.56124	0.490703	-0.666499	2.87078
			*CONTROL_ROT_SAMPLE 193	-0.555131	0.464043	-0.690286	2.84999
			*CONTROL_ROT_SAMPLE 385	-0.563438	0.410554	-0.716926	2.85753
			*CONTROL_ROT_SAMPLE 577	-0.576367	0.351707	-0.737634	2.87925
			*CONTROL_ROT_SAMPLE 769	-0.587334	0.298027	-0.752475	2.90642
			*CONTROL_ROT_SAMPLE 961	-0.591448	0.260239	-0.763194	2.92651
		}
		*CONTROL_SCALE_TRACK {
			*CONTROL_SCALE_SAMPLE	1	1	1	1	0	0	0	0
		}
	}
}
*HELPEROBJECT {
	*NODE_NAME "Bip01 Head"
	*NODE_PARENT "Bip01 Neck"
	*NODE_TM {
		*NODE_NAME "Bip01 Head"
		*TM_ROW0 -5.96047e-008	1.76447e-006	1
		*TM_ROW1 -1.79264e-006	-1	1.80855e-006
		*TM_ROW2 1	-1.79264e-006	-5.96046e-008
		*TM_ROW3 2.27758e-011	-3.85901	161.198
		*TM_POS 2.27758e-011	-3.85901	161.198
		*TM_ROTAXIS -0.707107	-5.62215e-009	-0.707107
		*TM_ROTANGLE 3.14159
		*TM_SCALE 1	1	1
		*TM_SCALEAXIS 0	0	0
		*TM_SCALEAXISANG 0	0	0
	}
	*TM_ANIMATION {
		*NODE_NAME  "Bip01 Head"
		*CONTROL_POS_TRACK {
			*CONTROL_POS_SAMPLE 1	-9.04759	-2.54079	155.869
			*CONTROL_POS_SAMPLE 193	-9.02176	-1.99131	155.769
			*CONTROL_POS_SAMPLE 385	-8.29026	-1.11444	155.829
			*CONTROL_POS_SAMPLE 577	-7.21956	-0.228832	155.856
			*CONTROL_POS_SAMPLE 769	-6.21433	0.650187	155.824
			*CONTROL_POS_SAMPLE 961	-5.648	1.42977	155.759
		}
		*CONTROL_ROT_TRACK {
			*CONTROL_ROT_SAMPLE 1	-0.691283	-0.0109266	-0.722501	3.17033
			*CONTROL_ROT_SAMPLE 193	-0.660909	-0.0107496	-0.750389	3.17141
			*CONTROL_ROT_SAMPLE 385	-0.629431	-0.0107513	-0.776982	3.17207
			*CONTROL_ROT_SAMPLE 577	-0.601026	-0.0105827	-0.79916	3.17238
			*CONTROL_ROT_SAMPLE 769	-0.580321	-0.0100171	-0.814326	3.17254
			*CONTROL_ROT_SAMPLE 961	-0.572149	-0.00848125	-0.820106	3.1732
		}
		*CONTROL_SCALE_TRACK {
			*CONTROL_SCALE_SAMPLE	1	1	1	1	0	0	0	0
		}
	}
}
*HELPEROBJECT {
	*NODE_NAME "ZS_HELMET"
	*NODE_PARENT "Bip01 Head"
	*NODE_TM {
		*NODE_NAME "ZS_HELMET"
		*TM_ROW0 1	7.87298e-013	7.61567e-014
		*TM_ROW1 -1.53811e-013	0.996917	-0.0784593
		*TM_ROW2 -5.53111e-014	0.0784593	0.996918
		*TM_ROW3 1e-005	-7.06248	173.704
		*TM_POS 1e-005	-7.06248	173.704
		*TM_ROTAXIS 1	8.37809e-013	-5.99744e-012
		*TM_ROTANGLE 0.078541
		*TM_SCALE 1	1	1
		*TM_SCALEAXIS 0	0	0
		*TM_SCALEAXISANG 0	0	0
	}
}
*HELPEROBJECT {
	*NODE_NAME "Bip01 L Clavicle"
	*NODE_PARENT "Bip01 Neck"
	*NODE_TM {
		*NODE_NAME "Bip01 L Clavicle"
		*TM_ROW0 0.935229	-0.203893	-0.289439
		*TM_ROW1 0.156435	0.971369	-0.178803
		*TM_ROW2 0.317608	0.121943	0.940348
		*TM_ROW3 7.96399	-1.25804	148.729
		*TM_POS 7.96399	-1.25804	148.729
		*TM_ROTAXIS 0.391939	-0.791119	0.469589
		*TM_ROTANGLE 0.39376
		*TM_SCALE 1	1	1
		*TM_SCALEAXIS 0	0	0
		*TM_SCALEAXISANG 0	0	0
	}
	*TM_ANIMATION {
		*NODE_NAME  "Bip01 L Clavicle"
		*CONTROL_POS_TRACK {
			*CONTROL_POS_SAMPLE 1	-0.301084	-4.21293	143.534
			*CONTROL_POS_SAMPLE 193	-0.534509	-4.33177	143.187
			*CONTROL_POS_SAMPLE 385	-0.0479334	-3.85708	142.993
			*CONTROL_POS_SAMPLE 577	0.784672	-3.21547	142.781
			*CONTROL_POS_SAMPLE 769	1.6762	-2.505	142.618
			*CONTROL_POS_SAMPLE 961	2.35813	-1.87907	142.624
		}
		*CONTROL_ROT_TRACK {
			*CONTROL_ROT_SAMPLE 1	-0.282556	-0.21362	0.935162	1.29454
			*CONTROL_ROT_SAMPLE 193	-0.270252	-0.213799	0.938751	1.34203
			*CONTROL_ROT_SAMPLE 385	-0.245198	-0.227148	0.942487	1.33057
			*CONTROL_ROT_SAMPLE 577	-0.214295	-0.247909	0.944785	1.29829
			*CONTROL_ROT_SAMPLE 769	-0.181755	-0.264778	0.947026	1.25422
			*CONTROL_ROT_SAMPLE 961	-0.153915	-0.26525	0.951815	1.20588
		}
		*CONTROL_SCALE_TRACK {
			*CONTROL_SCALE_SAMPLE	1	1	1	1	0	0	0	0
		}
	}
}
*HELPEROBJECT {
	*NODE_NAME "Bip01 L UpperArm"
	*NODE_PARENT "Bip01 L Clavicle"
	*NODE_TM {
		*NODE_NAME "Bip01 L UpperArm"
		*TM_ROW0 0.246229	0.0989027	-0.964152
		*TM_ROW1 0.412789	0.889345	0.196649
		*TM_ROW2 0.876913	-0.446412	0.178157
		*TM_ROW3 20.4269	-3.97508	144.872
		*TM_POS 20.4269	-3.97508	144.872
		*TM_ROTAXIS -0.325561	-0.932072	0.15891
		*TM_ROTANGLE 1.41328
		*TM_SCALE 1	1	1
		*TM_SCALEAXIS 0	0	0
		*TM_SCALEAXISANG 0	0	0
	}
	*TM_ANIMATION {
		*NODE_NAME  "Bip01 L UpperArm"
		*CONTROL_POS_TRACK {
			*CONTROL_POS_SAMPLE 1	4.1053	-15.6159	138.233
			*CONTROL_POS_SAMPLE 193	3.23809	-15.9187	137.797
			*CONTROL_POS_SAMPLE 385	3.7312	-15.4888	137.705
			*CONTROL_POS_SAMPLE 577	4.81638	-14.8222	137.627
			*CONTROL_POS_SAMPLE 769	6.12573	-14.0549	137.685
			*CONTROL_POS_SAMPLE 961	7.3145	-13.3767	138.065
		}
		*CONTROL_ROT_TRACK {
			*CONTROL_ROT_SAMPLE 1	-0.366204	-0.749161	0.551953	1.79744
			*CONTROL_ROT_SAMPLE 193	-0.201861	-0.822763	0.531331	1.78251
			*CONTROL_ROT_SAMPLE 385	-0.0343689	-0.853635	0.519737	1.94619
			*CONTROL_ROT_SAMPLE 577	-0.0649681	0.840631	-0.537698	4.14056
			*CONTROL_ROT_SAMPLE 769	-0.121932	0.81723	-0.563266	3.98074
			*CONTROL_ROT_SAMPLE 961	-0.147412	0.806946	-0.571933	3.88229
		}
		*CONTROL_SCALE_TRACK {
			*CONTROL_SCALE_SAMPLE	1	1	1	1	0	0	0	0
		}
	}
}
*HELPEROBJECT {
	*NODE_NAME "Bip01 L Forearm"
	*NODE_PARENT "Bip01 L UpperArm"
	*NODE_TM {
		*NODE_NAME "Bip01 L Forearm"
		*TM_ROW0 0.0455122	-0.291882	-0.955371
		*TM_ROW1 0.478489	0.845886	-0.235638
		*TM_ROW2 0.876913	-0.44641	0.17816
		*TM_ROW3 27.2982	-1.21526	117.966
		*TM_POS 27.2982	-1.21526	117.966
		*TM_ROTAXIS -0.10545	-0.916697	0.385419
		*TM_ROTANGLE 1.53601
		*TM_SCALE 1	1	1
		*TM_SCALEAXIS 0	0	0
		*TM_SCALEAXISANG 0	0	0
	}
	*TM_ANIMATION {
		*NODE_NAME  "Bip01 L Forearm"
		*CONTROL_POS_TRACK {
			*CONTROL_POS_SAMPLE 1	2.41569	-21.2479	110.954
			*CONTROL_POS_SAMPLE 193	-1.25211	-24.8061	111.728
			*CONTROL_POS_SAMPLE 385	-6.45721	-27.8636	114.862
			*CONTROL_POS_SAMPLE 577	-10.1058	-29.7887	119.404
			*CONTROL_POS_SAMPLE 769	-11.8276	-30.3888	123.914
			*CONTROL_POS_SAMPLE 961	-12.2275	-29.9155	126.96
		}
		*CONTROL_ROT_TRACK {
			*CONTROL_ROT_SAMPLE 1	-0.177972	0.638872	-0.748444	3.50074
			*CONTROL_ROT_SAMPLE 193	-0.406741	0.520175	-0.750986	3.26914
			*CONTROL_ROT_SAMPLE 385	-0.565338	0.423942	-0.707578	3.07241
			*CONTROL_ROT_SAMPLE 577	-0.628927	0.396262	-0.6689	2.95536
			*CONTROL_ROT_SAMPLE 769	-0.637402	0.4134	-0.650245	2.90932
			*CONTROL_ROT_SAMPLE 961	0.638126	-0.432538	0.63695	3.39583
		}
		*CONTROL_SCALE_TRACK {
			*CONTROL_SCALE_SAMPLE	1	1	1	1	0	0	0	0
		}
	}
}
*HELPEROBJECT {
	*NODE_NAME "Bip01 L Hand"
	*NODE_PARENT "Bip01 L Forearm"
	*NODE_TM {
		*NODE_NAME "Bip01 L Hand"
		*TM_ROW0 0.0455132	-0.291886	-0.95537
		*TM_ROW1 -0.876533	0.44708	-0.17835
		*TM_ROW2 0.479185	0.845531	-0.2355
		*TM_ROW3 28.5642	-9.33438	91.391
		*TM_POS 28.5642	-9.33438	91.391
		*TM_ROTAXIS 0.551391	-0.772552	-0.314851
		*TM_ROTANGLE 1.95137
		*TM_SCALE 1	1	1
		*TM_SCALEAXIS 0	0	0
		*TM_SCALEAXISANG 0	0	0
	}
	*TM_ANIMATION {
		*NODE_NAME  "Bip01 L Hand"
		*CONTROL_POS_TRACK {
			*CONTROL_POS_SAMPLE 1	-21.9193	-34.6866	111.883
			*CONTROL_POS_SAMPLE 193	-19.6755	-39.1833	126.812
			*CONTROL_POS_SAMPLE 385	-16.4474	-39.8178	137.904
			*CONTROL_POS_SAMPLE 577	-15.6259	-40.0858	144.646
			*CONTROL_POS_SAMPLE 769	-16.5977	-40.6849	149.309
			*CONTROL_POS_SAMPLE 961	-16.8596	-40.5653	152.234
		}
		*CONTROL_ROT_TRACK {
			*CONTROL_ROT_SAMPLE 1	0.0985997	-0.686079	-0.720815	2.82946
			*CONTROL_ROT_SAMPLE 193	-0.122031	0.721494	0.681583	3.39235
			*CONTROL_ROT_SAMPLE 385	-0.126277	0.737729	0.663182	3.30965
			*CONTROL_ROT_SAMPLE 577	-0.0873999	0.745052	0.661255	3.2509
			*CONTROL_ROT_SAMPLE 769	-0.026229	0.751225	0.659525	3.22255
			*CONTROL_ROT_SAMPLE 961	0.0215068	0.757985	0.651918	3.19433
		}
		*CONTROL_SCALE_TRACK {
			*CONTROL_SCALE_SAMPLE	1	1	1	1	0	0	0	0
		}
	}
}
*HELPEROBJECT {
	*NODE_NAME "Bip01 L Finger0"
	*NODE_PARENT "Bip01 L Hand"
	*NODE_TM {
		*NODE_NAME "Bip01 L Finger0"
		*TM_ROW0 0.0455153	-0.291888	-0.955369
		*TM_ROW1 -0.876915	0.446405	-0.178165
		*TM_ROW2 0.478485	0.845886	-0.235643
		*TM_ROW3 29.15	-13.0909	79.0956
		*TM_POS 29.15	-13.0909	79.0956
		*TM_ROTAXIS 0.551581	-0.772311	-0.31511
		*TM_ROTANGLE 1.95181
		*TM_SCALE 1	1	1
		*TM_SCALEAXIS 0	0	0
		*TM_SCALEAXISANG 0	0	0
	}
	*TM_ANIMATION {
		*NODE_NAME  "Bip01 L Finger0"
		*CONTROL_POS_TRACK {
			*CONTROL_POS_SAMPLE 1	-33.9225	-33.5385	107.385
			*CONTROL_POS_SAMPLE 193	-31.765	-39.2391	122.399
			*CONTROL_POS_SAMPLE 385	-28.7278	-40.7729	134.175
			*CONTROL_POS_SAMPLE 577	-28.2224	-40.8303	142.115
			*CONTROL_POS_SAMPLE 769	-29.4075	-40.5067	148.081
			*CONTROL_POS_SAMPLE 961	-29.6996	-39.7056	152.08
		}
		*CONTROL_ROT_TRACK {
			*CONTROL_ROT_SAMPLE 1	0.0986596	-0.685798	-0.721074	2.82953
			*CONTROL_ROT_SAMPLE 193	-0.122079	0.721227	0.681856	3.39226
			*CONTROL_ROT_SAMPLE 385	-0.126308	0.737471	0.663463	3.30956
			*CONTROL_ROT_SAMPLE 577	-0.0874207	0.744796	0.661541	3.25083
			*CONTROL_ROT_SAMPLE 769	-0.0262446	0.750971	0.659813	3.22253
			*CONTROL_ROT_SAMPLE 961	0.0214966	0.757734	0.652209	3.19434
		}
		*CONTROL_SCALE_TRACK {
			*CONTROL_SCALE_SAMPLE	1	1	1	1	0	0	0	0
		}
	}
}
*HELPEROBJECT {
	*NODE_NAME "ZS_LEFTHAND"
	*NODE_PARENT "Bip01 L Hand"
	*NODE_TM {
		*NODE_NAME "ZS_LEFTHAND"
		*TM_ROW0 0.435606	0.890062	-0.134303
		*TM_ROW1 0.180312	-0.232461	-0.955745
		*TM_ROW2 -0.881893	0.392112	-0.261751
		*TM_ROW3 26.7605	-11.5467	82.7857
		*TM_POS 26.7605	-11.5467	82.7857
		*TM_ROTAXIS 0.794322	0.440571	-0.418271
		*TM_ROTANGLE 2.12858
		*TM_SCALE 1	1	1
		*TM_SCALEAXIS 0	0	0
		*TM_SCALEAXISANG 0	0	0
	}
	*TM_ANIMATION {
		*NODE_NAME  "ZS_LEFTHAND"
		*CONTROL_POS_TRACK {
			*CONTROL_POS_SAMPLE 1	-30.9023	-47.9839	113.92
			*CONTROL_POS_SAMPLE 193	-27.8618	-52.6356	130.511
			*CONTROL_POS_SAMPLE 385	-23.6709	-53.4303	142.82
			*CONTROL_POS_SAMPLE 577	-22.6133	-53.4821	150.423
			*CONTROL_POS_SAMPLE 769	-23.9168	-53.5143	155.904
			*CONTROL_POS_SAMPLE 961	-24.2668	-52.8773	159.669
		}
		*CONTROL_ROT_TRACK {
			*CONTROL_ROT_SAMPLE 1	0.579284	0.697245	-0.422232	2.18216
			*CONTROL_ROT_SAMPLE 193	0.573832	0.670469	-0.470307	2.26609
			*CONTROL_ROT_SAMPLE 385	0.553242	0.654876	-0.514841	2.29044
			*CONTROL_ROT_SAMPLE 577	0.545894	0.633608	-0.548216	2.22569
			*CONTROL_ROT_SAMPLE 769	0.556214	0.600337	-0.574649	2.12475
			*CONTROL_ROT_SAMPLE 961	0.563854	0.567774	-0.599751	2.05343
		}
		*CONTROL_SCALE_TRACK {
			*CONTROL_SCALE_SAMPLE	1	1	1	1	0	0	0	0
		}
	}
}
*HELPEROBJECT {
	*NODE_NAME "ZS_LEFTARM"
	*NODE_PARENT "Bip01 L Forearm"
	*NODE_TM {
		*NODE_NAME "ZS_LEFTARM"
		*TM_ROW0 0.0759923	-0.150176	-0.985735
		*TM_ROW1 0.524499	0.846792	-0.0885737
		*TM_ROW2 0.848013	-0.510286	0.143117
		*TM_ROW3 26.9101	-7.67833	110.055
		*TM_POS 26.9101	-7.67833	110.055
		*TM_ROTAXIS -0.21097	-0.917372	0.337521
		*TM_ROTANGLE 1.53784
		*TM_SCALE 1	1	1
		*TM_SCALEAXIS 0	0	0
		*TM_SCALEAXISANG 0	0	0
	}
}
*HELPEROBJECT {
	*NODE_NAME "Bip01 R Clavicle"
	*NODE_PARENT "Bip01 Neck"
	*NODE_TM {
		*NODE_NAME "Bip01 R Clavicle"
		*TM_ROW0 -0.935227	-0.203899	-0.28944
		*TM_ROW1 -0.156442	0.971369	-0.178799
		*TM_ROW2 0.317609	-0.121937	-0.940349
		*TM_ROW3 -7.96398	-1.25806	148.729
		*TM_POS -7.96398	-1.25806	148.729
		*TM_ROTAXIS -0.0929799	0.992639	-0.0776
		*TM_ROTANGLE 3.45235
		*TM_SCALE 1	1	1
		*TM_SCALEAXIS 0	0	0
		*TM_SCALEAXISANG 0	0	0
	}
	*TM_ANIMATION {
		*NODE_NAME  "Bip01 R Clavicle"
		*CONTROL_POS_TRACK {
			*CONTROL_POS_SAMPLE 1	-9.16694	8.77254	146.083
			*CONTROL_POS_SAMPLE 193	-8.74355	9.04409	145.914
			*CONTROL_POS_SAMPLE 385	-8.36364	9.45281	145.721
			*CONTROL_POS_SAMPLE 577	-7.92578	9.8389	145.497
			*CONTROL_POS_SAMPLE 769	-7.58068	10.1951	145.204
			*CONTROL_POS_SAMPLE 961	-7.46551	10.4633	144.826
		}
		*CONTROL_ROT_TRACK {
			*CONTROL_ROT_SAMPLE 1	0.274928	0.955554	0.106444	3.21956
			*CONTROL_ROT_SAMPLE 193	0.298004	0.948976	0.10314	3.20565
			*CONTROL_ROT_SAMPLE 385	0.292484	0.952003	0.0902415	3.18189
			*CONTROL_ROT_SAMPLE 577	0.275845	0.958315	0.074447	3.15226
			*CONTROL_ROT_SAMPLE 769	0.25347	0.96567	0.0568627	3.13068
			*CONTROL_ROT_SAMPLE 961	0.230924	0.972177	0.0393106	3.13105
		}
		*CONTROL_SCALE_TRACK {
			*CONTROL_SCALE_SAMPLE	1	1	1	1	0	0	0	0
		}
	}
}
*HELPEROBJECT {
	*NODE_NAME "Bip01 R UpperArm"
	*NODE_PARENT "Bip01 R Clavicle"
	*NODE_TM {
		*NODE_NAME "Bip01 R UpperArm"
		*TM_ROW0 -0.246232	0.0988932	-0.964153
		*TM_ROW1 -0.412793	0.889345	0.196642
		*TM_ROW2 0.876911	0.446415	-0.178163
		*TM_ROW3 -20.4269	-3.97513	144.872
		*TM_POS -20.4269	-3.97513	144.872
		*TM_ROTAXIS 0.12961	-0.955353	-0.265521
		*TM_ROTANGLE 1.84162
		*TM_SCALE 1	1	1
		*TM_SCALEAXIS 0	0	0
		*TM_SCALEAXISANG 0	0	0
	}
	*TM_ANIMATION {
		*NODE_NAME  "Bip01 R UpperArm"
		*CONTROL_POS_TRACK {
			*CONTROL_POS_SAMPLE 1	-20.4407	15.8716	145.871
			*CONTROL_POS_SAMPLE 193	-19.6776	16.659	145.924
			*CONTROL_POS_SAMPLE 385	-19.3995	16.9169	145.914
			*CONTROL_POS_SAMPLE 577	-19.2227	16.8922	145.909
			*CONTROL_POS_SAMPLE 769	-19.1931	16.7078	145.73
			*CONTROL_POS_SAMPLE 961	-19.3689	16.4387	145.206
		}
		*CONTROL_ROT_TRACK {
			*CONTROL_ROT_SAMPLE 1	-0.127943	0.979797	0.153718	4.11463
			*CONTROL_ROT_SAMPLE 193	-0.159475	0.982905	0.0920102	3.90906
			*CONTROL_ROT_SAMPLE 385	-0.178448	0.983206	0.0382329	3.71581
			*CONTROL_ROT_SAMPLE 577	-0.184078	0.982849	-0.0110796	3.53096
			*CONTROL_ROT_SAMPLE 769	-0.183569	0.981425	-0.0557489	3.36174
			*CONTROL_ROT_SAMPLE 961	-0.182892	0.979123	-0.0887022	3.24301
		}
		*CONTROL_SCALE_TRACK {
			*CONTROL_SCALE_SAMPLE	1	1	1	1	0	0	0	0
		}
	}
}
*HELPEROBJECT {
	*NODE_NAME "Bip01 R Forearm"
	*NODE_PARENT "Bip01 R UpperArm"
	*NODE_TM {
		*NODE_NAME "Bip01 R Forearm"
		*TM_ROW0 -0.0455087	-0.291889	-0.955369
		*TM_ROW1 -0.478487	0.845885	-0.235646
		*TM_ROW2 0.876914	0.446408	-0.17816
		*TM_ROW3 -27.2982	-1.21534	117.966
		*TM_POS -27.2982	-1.21534	117.966
		*TM_ROTAXIS 0.347279	-0.932937	-0.0950097
		*TM_ROTANGLE 1.76083
		*TM_SCALE 1	1	1
		*TM_SCALEAXIS 0	0	0
		*TM_SCALEAXISANG 0	0	0
	}
	*TM_ANIMATION {
		*NODE_NAME  "Bip01 R Forearm"
		*CONTROL_POS_TRACK {
			*CONTROL_POS_SAMPLE 1	-35.4328	13.9484	122.413
			*CONTROL_POS_SAMPLE 193	-38.5408	10.9176	126.176
			*CONTROL_POS_SAMPLE 385	-41.1953	8.48771	130.662
			*CONTROL_POS_SAMPLE 577	-43.2195	7.0537	135.609
			*CONTROL_POS_SAMPLE 769	-44.5673	6.43305	140.316
			*CONTROL_POS_SAMPLE 961	-45.269	6.21808	143.345
		}
		*CONTROL_ROT_TRACK {
			*CONTROL_ROT_SAMPLE 1	-0.619897	0.771339	-0.144096	4.12015
			*CONTROL_ROT_SAMPLE 193	0.731873	-0.657391	0.179439	2.43695
			*CONTROL_ROT_SAMPLE 385	0.806529	-0.563761	0.178003	2.68381
			*CONTROL_ROT_SAMPLE 577	0.844557	-0.513328	0.152373	2.89879
			*CONTROL_ROT_SAMPLE 769	0.863608	-0.489739	0.119742	3.08463
			*CONTROL_ROT_SAMPLE 961	0.878097	-0.468956	0.095005	3.21655
		}
		*CONTROL_SCALE_TRACK {
			*CONTROL_SCALE_SAMPLE	1	1	1	1	0	0	0	0
		}
	}
}
*HELPEROBJECT {
	*NODE_NAME "Bip01 R Hand"
	*NODE_PARENT "Bip01 R Forearm"
	*NODE_TM {
		*NODE_NAME "Bip01 R Hand"
		*TM_ROW0 -0.0455115	-0.291885	-0.95537
		*TM_ROW1 0.87653	0.447088	-0.17835
		*TM_ROW2 0.479192	-0.845527	0.235499
		*TM_ROW3 -28.5642	-9.33445	91.391
		*TM_POS -28.5642	-9.33445	91.391
		*TM_ROTAXIS -0.33922	-0.72939	0.59407
		*TM_ROTANGLE 1.75327
		*TM_SCALE 1	1	1
		*TM_SCALEAXIS 0	0	0
		*TM_SCALEAXISANG 0	0	0
	}
	*TM_ANIMATION {
		*NODE_NAME  "Bip01 R Hand"
		*CONTROL_POS_TRACK {
			*CONTROL_POS_SAMPLE 1	-34.3049	-10.1018	108.486
			*CONTROL_POS_SAMPLE 193	-33.4821	-15.8934	120.77
			*CONTROL_POS_SAMPLE 385	-31.8223	-17.6921	131.309
			*CONTROL_POS_SAMPLE 577	-31.1205	-17.7281	139.232
			*CONTROL_POS_SAMPLE 769	-30.8802	-17.2645	145.29
			*CONTROL_POS_SAMPLE 961	-30.1714	-16.4582	148.958
		}
		*CONTROL_ROT_TRACK {
			*CONTROL_ROT_SAMPLE 1	-0.888998	0.433686	0.146963	1.82207
			*CONTROL_ROT_SAMPLE 193	-0.895355	0.431603	0.10981	1.70536
			*CONTROL_ROT_SAMPLE 385	-0.910392	0.401218	0.101048	1.62392
			*CONTROL_ROT_SAMPLE 577	-0.914543	0.373675	0.154852	1.57718
			*CONTROL_ROT_SAMPLE 769	-0.901006	0.361412	0.239938	1.54797
			*CONTROL_ROT_SAMPLE 961	-0.885112	0.349877	0.306859	1.51749
		}
		*CONTROL_SCALE_TRACK {
			*CONTROL_SCALE_SAMPLE	1	1	1	1	0	0	0	0
		}
	}
}
*HELPEROBJECT {
	*NODE_NAME "Bip01 R Finger0"
	*NODE_PARENT "Bip01 R Hand"
	*NODE_TM {
		*NODE_NAME "Bip01 R Finger0"
		*TM_ROW0 -0.0455056	-0.291877	-0.955373
		*TM_ROW1 0.876914	0.446413	-0.178152
		*TM_ROW2 0.478489	-0.845886	0.235636
		*TM_ROW3 -29.1499	-13.0909	79.0956
		*TM_POS -29.1499	-13.0909	79.0956
		*TM_ROTAXIS -0.33952	-0.729071	0.594291
		*TM_ROTANGLE 1.75354
		*TM_SCALE 1	1	1
		*TM_SCALEAXIS 0	0	0
		*TM_SCALEAXISANG 0	0	0
	}
	*TM_ANIMATION {
		*NODE_NAME  "Bip01 R Finger0"
		*CONTROL_POS_TRACK {
			*CONTROL_POS_SAMPLE 1	-24.8032	-18.1282	111.792
			*CONTROL_POS_SAMPLE 193	-23.506	-22.9333	124.838
			*CONTROL_POS_SAMPLE 385	-21.2714	-23.94	135.217
			*CONTROL_POS_SAMPLE 577	-20.3687	-24.1461	142.205
			*CONTROL_POS_SAMPLE 769	-20.376	-24.4458	147.219
			*CONTROL_POS_SAMPLE 961	-19.9395	-24.174	150.143
		}
		*CONTROL_ROT_TRACK {
			*CONTROL_ROT_SAMPLE 1	-0.889061	0.433628	0.146757	1.82275
			*CONTROL_ROT_SAMPLE 193	-0.895421	0.431516	0.109611	1.70604
			*CONTROL_ROT_SAMPLE 385	-0.910455	0.401123	0.10086	1.62462
			*CONTROL_ROT_SAMPLE 577	-0.914605	0.373604	0.154654	1.57789
			*CONTROL_ROT_SAMPLE 769	-0.90108	0.361376	0.239714	1.54867
			*CONTROL_ROT_SAMPLE 961	-0.8852	0.34987	0.306614	1.51817
		}
		*CONTROL_SCALE_TRACK {
			*CONTROL_SCALE_SAMPLE	1	1	1	1	0	0	0	0
		}
	}
}
*HELPEROBJECT {
	*NODE_NAME "ZS_RIGHTHAND"
	*NODE_PARENT "Bip01 R Hand"
	*NODE_TM {
		*NODE_NAME "ZS_RIGHTHAND"
		*TM_ROW0 -0.464344	0.856417	-0.225687
		*TM_ROW1 0.177861	0.339806	0.923525
		*TM_ROW2 0.867612	0.388692	-0.31011
		*TM_ROW3 -20.9389	-19.9852	85.8932
		*TM_POS -20.9389	-19.9852	85.8932
		*TM_ROTAXIS 0.383811	0.784581	0.486951
		*TM_ROTANGLE 3.91244
		*TM_SCALE 1	1	1
		*TM_SCALEAXIS 0	0	0
		*TM_SCALEAXISANG 0	0	0
	}
	*TM_ANIMATION {
		*NODE_NAME  "ZS_RIGHTHAND"
		*CONTROL_POS_TRACK {
			*CONTROL_POS_SAMPLE 1	-28.7792	-15.9433	112.165
			*CONTROL_POS_SAMPLE 193	-27.5976	-20.9463	125.016
			*CONTROL_POS_SAMPLE 385	-25.4525	-22.1634	135.507
			*CONTROL_POS_SAMPLE 577	-24.4672	-22.2791	142.867
			*CONTROL_POS_SAMPLE 769	-24.2388	-22.2811	148.275
			*CONTROL_POS_SAMPLE 961	-23.5785	-21.7857	151.475
		}
		*CONTROL_ROT_TRACK {
			*CONTROL_ROT_SAMPLE 1	0.0663162	0.244288	-0.967432	1.60934
			*CONTROL_ROT_SAMPLE 193	0.106318	0.178108	-0.978251	1.67233
			*CONTROL_ROT_SAMPLE 385	0.0994617	0.124779	-0.987187	1.7235
			*CONTROL_ROT_SAMPLE 577	0.0598952	0.0769382	-0.995235	1.6948
			*CONTROL_ROT_SAMPLE 769	0.015181	0.0271006	-0.999517	1.6166
			*CONTROL_ROT_SAMPLE 961	-0.0183791	-0.0226579	-0.999574	1.56229
		}
		*CONTROL_SCALE_TRACK {
			*CONTROL_SCALE_SAMPLE	1	1	1	1	0	0	0	0
		}
	}
}
*HELPEROBJECT {
	*NODE_NAME "ZS_CROSSBOW"
	*NODE_PARENT "Bip01 Spine2"
	*NODE_TM {
		*NODE_NAME "ZS_CROSSBOW"
		*TM_ROW0 -0.382687	-0.111464	0.91713
		*TM_ROW1 -0.923878	0.0461715	-0.379891
		*TM_ROW2 -1.2517e-006	-0.992695	-0.120648
		*TM_ROW3 -14.434	10.5915	165.98
		*TM_POS -14.434	10.5915	165.98
		*TM_ROTAXIS -0.447329	0.669479	-0.593039
		*TM_ROTANGLE 2.38705
		*TM_SCALE 1	1	1
		*TM_SCALEAXIS 0	0	0
		*TM_SCALEAXISANG 0	0	0
	}
	*TM_ANIMATION {
		*NODE_NAME  "ZS_CROSSBOW"
		*CONTROL_POS_TRACK {
			*CONTROL_POS_SAMPLE 1	-1.48003	17.1716	170.444
			*CONTROL_POS_SAMPLE 193	-0.205372	17.0515	170.121
			*CONTROL_POS_SAMPLE 385	0.764207	18.0229	169.517
			*CONTROL_POS_SAMPLE 577	1.68272	19.3034	168.76
			*CONTROL_POS_SAMPLE 769	2.16742	20.7887	167.917
			*CONTROL_POS_SAMPLE 961	1.89055	22.2846	167.094
		}
		*CONTROL_ROT_TRACK {
			*CONTROL_ROT_SAMPLE 1	-0.156023	0.950014	-0.270427	1.97119
			*CONTROL_ROT_SAMPLE 193	-0.138505	0.95674	-0.255861	1.94059
			*CONTROL_ROT_SAMPLE 385	-0.144	0.952082	-0.269821	1.91362
			*CONTROL_ROT_SAMPLE 577	-0.159668	0.942349	-0.294081	1.88778
			*CONTROL_ROT_SAMPLE 769	-0.176628	0.92923	-0.324551	1.8725
			*CONTROL_ROT_SAMPLE 961	-0.185861	0.915579	-0.356609	1.87675
		}
		*CONTROL_SCALE_TRACK {
			*CONTROL_SCALE_SAMPLE	1	1	1	1	0	0	0	0
		}
	}
}
*HELPEROBJECT {
	*NODE_NAME "ZS_LONGSWORD"
	*NODE_PARENT "Bip01 Spine2"
	*NODE_TM {
		*NODE_NAME "ZS_LONGSWORD"
		*TM_ROW0 -0.499829	-0.0915011	0.861277
		*TM_ROW1 -0.865729	0.0828188	-0.493614
		*TM_ROW2 -0.0261636	-0.992355	-0.12061
		*TM_ROW3 -18.1593	6.92629	157.64
		*TM_POS -18.1593	6.92629	157.64
		*TM_ROTAXIS -0.38996	0.69388	-0.60536
		*TM_ROTANGLE 2.44778
		*TM_SCALE 1	1	1
		*TM_SCALEAXIS 0	0	0
		*TM_SCALEAXISANG 0	0	0
	}
}
*HELPEROBJECT {
	*NODE_NAME "ZS_SHIELD"
	*NODE_PARENT "Bip01 Spine2"
	*NODE_TM {
		*NODE_NAME "ZS_SHIELD"
		*TM_ROW0 -0.0138681	0.114196	-0.993362
		*TM_ROW1 -0.908393	0.413755	0.0602465
		*TM_ROW2 0.417888	0.903198	0.0979964
		*TM_ROW3 8.76511	9.5282	131.875
		*TM_POS 8.76511	9.5282	131.875
		*TM_ROTAXIS 0.435421	-0.728972	-0.528212
		*TM_ROTANGLE 1.82457
		*TM_SCALE 1	1	1
		*TM_SCALEAXIS 0	0	0
		*TM_SCALEAXISANG 0	0	0
	}
}
*HELPEROBJECT {
	*NODE_NAME "ZS_BOW"
	*NODE_PARENT "Bip01 Spine2"
	*NODE_TM {
		*NODE_NAME "ZS_BOW"
		*TM_ROW0 -0.341816	-0.0868229	0.935748
		*TM_ROW1 0.0119438	0.995242	0.0967059
		*TM_ROW2 -0.939691	0.044232	-0.339153
		*TM_ROW3 0.5012	12.4143	124.55
		*TM_POS 0.5012	12.4143	124.55
		*TM_ROTAXIS -0.0279299	0.998227	0.0525698
		*TM_ROTANGLE 1.92076
		*TM_SCALE 1	1	1
		*TM_SCALEAXIS 0	0	0
		*TM_SCALEAXISANG 0	0	0
	}
}
*HELPEROBJECT {
	*NODE_NAME "ZS_SWORD"
	*NODE_PARENT "Bip01 Spine"
	*NODE_TM {
		*NODE_NAME "ZS_SWORD"
		*TM_ROW0 5.79282e-007	-0.347172	0.937802
		*TM_ROW1 1.04309e-007	0.937802	0.347172
		*TM_ROW2 -1	-1.04308e-007	5.79283e-007
		*TM_ROW3 17.5015	-4.36211	106.367
		*TM_POS 17.5015	-4.36211	106.367
		*TM_ROTAXIS -0.17367	0.96937	0.17367
		*TM_ROTANGLE 1.6019
		*TM_SCALE 1	1	1
		*TM_SCALEAXIS 0	0	0
		*TM_SCALEAXISANG 0	0	0
	}
}
*HELPEROBJECT {
	*NODE_NAME "Bip01 L Thigh"
	*NODE_PARENT "Bip01 Pelvis"
	*NODE_TM {
		*NODE_NAME "Bip01 L Thigh"
		*TM_ROW0 0.0534878	-0.0367886	-0.997891
		*TM_ROW1 -0.00216181	-0.999323	0.0367256
		*TM_ROW2 -0.998566	0.000192882	-0.0535313
		*TM_ROW3 9.01023	-8.01129	99.9496
		*TM_POS 9.01023	-8.01129	99.9496
		*TM_ROTAXIS 0.72572	-0.01342	-0.68786
		*TM_ROTANGLE 3.16677
		*TM_SCALE 1	1	1
		*TM_SCALEAXIS 0	0	0
		*TM_SCALEAXISANG 0	0	0
	}
	*TM_ANIMATION {
		*NODE_NAME  "Bip01 L Thigh"
		*CONTROL_POS_TRACK {
			*CONTROL_POS_SAMPLE 1	2.63083	5.5441	96.4755
			*CONTROL_POS_SAMPLE 193	2.43968	5.59256	96.2275
			*CONTROL_POS_SAMPLE 385	2.08859	5.53355	95.9794
			*CONTROL_POS_SAMPLE 577	1.74128	5.40075	95.7346
			*CONTROL_POS_SAMPLE 769	1.58239	5.15078	95.4917
			*CONTROL_POS_SAMPLE 961	1.80215	4.75232	95.2537
		}
		*CONTROL_ROT_TRACK {
			*CONTROL_ROT_SAMPLE 1	0.733618	-0.183991	-0.654181	3.10834
			*CONTROL_ROT_SAMPLE 193	0.732522	-0.191225	-0.653333	3.11307
			*CONTROL_ROT_SAMPLE 385	0.732443	-0.197324	-0.651606	3.11555
			*CONTROL_ROT_SAMPLE 577	0.732382	-0.201785	-0.650308	3.11951
			*CONTROL_ROT_SAMPLE 769	0.732434	-0.204211	-0.649491	3.12862
			*CONTROL_ROT_SAMPLE 961	0.731337	-0.203745	-0.650871	3.14616
		}
		*CONTROL_SCALE_TRACK {
			*CONTROL_SCALE_SAMPLE	1	1	1	1	0	0	0	0
		}
	}
}
*HELPEROBJECT {
	*NODE_NAME "Bip01 L Calf"
	*NODE_PARENT "Bip01 L Thigh"
	*NODE_TM {
		*NODE_NAME "Bip01 L Calf"
		*TM_ROW0 0.0525131	0.197552	-0.978885
		*TM_ROW1 0.0103904	-0.980292	-0.197278
		*TM_ROW2 -0.998566	0.000188708	-0.0535307
		*TM_ROW3 11.1149	-9.45845	60.6877
		*TM_POS 11.1149	-9.45845	60.6877
		*TM_ROTAXIS 0.723901	0.0721501	-0.686121
		*TM_ROTANGLE 3.00478
		*TM_SCALE 1	1	1
		*TM_SCALEAXIS 0	0	0
		*TM_SCALEAXISANG 0	0	0
	}
	*TM_ANIMATION {
		*NODE_NAME  "Bip01 L Calf"
		*CONTROL_POS_TRACK {
			*CONTROL_POS_SAMPLE 1	5.76902	-4.60803	56.9609
			*CONTROL_POS_SAMPLE 193	5.44368	-5.10501	56.8465
			*CONTROL_POS_SAMPLE 385	5.08181	-5.59701	56.7178
			*CONTROL_POS_SAMPLE 577	4.72539	-6.10329	56.5802
			*CONTROL_POS_SAMPLE 769	4.5697	-6.74344	56.4542
			*CONTROL_POS_SAMPLE 961	4.65671	-7.56239	56.3369
		}
		*CONTROL_ROT_TRACK {
			*CONTROL_ROT_SAMPLE 1	0.761782	-0.047703	-0.646075	2.86975
			*CONTROL_ROT_SAMPLE 193	0.763375	-0.0449232	-0.644391	2.85749
			*CONTROL_ROT_SAMPLE 385	0.765723	-0.0420614	-0.641794	2.84558
			*CONTROL_ROT_SAMPLE 577	0.767659	-0.0379409	-0.639734	2.83571
			*CONTROL_ROT_SAMPLE 769	0.769077	-0.031019	-0.638403	2.82955
			*CONTROL_ROT_SAMPLE 961	0.768366	-0.0198493	-0.639703	2.82788
		}
		*CONTROL_SCALE_TRACK {
			*CONTROL_SCALE_SAMPLE	1	1	1	1	0	0	0	0
		}
	}
}
*HELPEROBJECT {
	*NODE_NAME "Bip01 L Foot"
	*NODE_PARENT "Bip01 L Calf"
	*NODE_TM {
		*NODE_NAME "Bip01 L Foot"
		*TM_ROW0 -5.93318e-007	7.27489e-006	-1
		*TM_ROW1 0.173652	-0.984807	-7.26412e-006
		*TM_ROW2 -0.984807	-0.173652	-5.97767e-007
		*TM_ROW3 13.6935	0.240668	12.6267
		*TM_POS 13.6935	0.240668	12.6267
		*TM_ROTAXIS 0.705757	0.0617498	-0.705757
		*TM_ROTANGLE 3.26493
		*TM_SCALE 1	1	1
		*TM_SCALEAXIS 0	0	0
		*TM_SCALEAXISANG 0	0	0
	}
	*TM_ANIMATION {
		*NODE_NAME  "Bip01 L Foot"
		*CONTROL_POS_TRACK {
			*CONTROL_POS_SAMPLE 1	13.6831	-0.016367	12.9554
			*CONTROL_POS_SAMPLE 193	13.6353	-0.00647361	12.9478
			*CONTROL_POS_SAMPLE 385	13.653	-0.0135313	12.9507
			*CONTROL_POS_SAMPLE 577	13.6117	-0.000917517	12.9454
			*CONTROL_POS_SAMPLE 769	13.6817	-0.0260263	12.9566
			*CONTROL_POS_SAMPLE 961	13.6822	-0.0261798	12.9555
		}
		*CONTROL_ROT_TRACK {
			*CONTROL_ROT_SAMPLE 1	0.706271	0.061696	-0.705248	3.26537
			*CONTROL_ROT_SAMPLE 193	0.706073	0.0617177	-0.705444	3.26523
			*CONTROL_ROT_SAMPLE 385	0.706165	0.0616661	-0.705357	3.26524
			*CONTROL_ROT_SAMPLE 577	0.70599	0.0617352	-0.705526	3.26509
			*CONTROL_ROT_SAMPLE 769	0.706287	0.0616171	-0.705239	3.26544
			*CONTROL_ROT_SAMPLE 961	0.706261	0.0616285	-0.705264	3.26548
		}
		*CONTROL_SCALE_TRACK {
			*CONTROL_SCALE_SAMPLE	1	1	1	1	0	0	0	0
		}
	}
}
*HELPEROBJECT {
	*NODE_NAME "Bip01 L Toe0"
	*NODE_PARENT "Bip01 L Foot"
	*NODE_TM {
		*NODE_NAME "Bip01 L Toe0"
		*TM_ROW0 0.173646	-0.984808	5.05914e-006
		*TM_ROW1 5.06367e-006	5.91264e-006	1
		*TM_ROW2 -0.984808	-0.173646	5.92894e-006
		*TM_ROW3 17.6256	-22.0591	5.26591e-006
		*TM_POS 17.6256	-22.0591	5.26591e-006
		*TM_ROTAXIS -0.644398	0.540718	0.540718
		*TM_ROTANGLE 1.99673
		*TM_SCALE 1	1	1
		*TM_SCALEAXIS 0	0	0
		*TM_SCALEAXISANG 0	0	0
	}
	*TM_ANIMATION {
		*NODE_NAME  "Bip01 L Toe0"
		*CONTROL_POS_TRACK {
			*CONTROL_POS_SAMPLE 1	17.6406	-22.3174	0.341742
			*CONTROL_POS_SAMPLE 193	17.5842	-22.3067	0.330093
			*CONTROL_POS_SAMPLE 385	17.6035	-22.3148	0.335205
			*CONTROL_POS_SAMPLE 577	17.5558	-22.3002	0.324453
			*CONTROL_POS_SAMPLE 769	17.6383	-22.3292	0.346553
			*CONTROL_POS_SAMPLE 961	17.6389	-22.3294	0.345567
		}
		*CONTROL_ROT_TRACK {
			*CONTROL_ROT_SAMPLE 1	-0.644689	0.541065	0.540023	1.99727
			*CONTROL_ROT_SAMPLE 193	-0.644589	0.540921	0.540286	1.99705
			*CONTROL_ROT_SAMPLE 385	-0.644593	0.541017	0.540186	1.9972
			*CONTROL_ROT_SAMPLE 577	-0.644541	0.540843	0.540421	1.99703
			*CONTROL_ROT_SAMPLE 769	-0.644643	0.541151	0.539993	1.99723
			*CONTROL_ROT_SAMPLE 961	-0.644644	0.541131	0.540011	1.99716
		}
		*CONTROL_SCALE_TRACK {
			*CONTROL_SCALE_SAMPLE	1	1	1	1	0	0	0	0
		}
	}
}
*HELPEROBJECT {
	*NODE_NAME "Bip01 R Thigh"
	*NODE_PARENT "Bip01 Pelvis"
	*NODE_TM {
		*NODE_NAME "Bip01 R Thigh"
		*TM_ROW0 -0.0535034	-0.0367749	-0.99789
		*TM_ROW1 0.00205776	-0.999324	0.0367174
		*TM_ROW2 -0.998566	-8.89041e-005	0.0535432
		*TM_ROW3 -9.01021	-8.01132	99.9496
		*TM_POS -9.01021	-8.01132	99.9496
		*TM_ROTAXIS 0.687862	-0.01262	-0.725732
		*TM_ROTANGLE 3.16835
		*TM_SCALE 1	1	1
		*TM_SCALEAXIS 0	0	0
		*TM_SCALEAXISANG 0	0	0
	}
	*TM_ANIMATION {
		*NODE_NAME  "Bip01 R Thigh"
		*CONTROL_POS_TRACK {
			*CONTROL_POS_SAMPLE 1	-14.868	9.6592	95.2109
			*CONTROL_POS_SAMPLE 193	-15.0342	9.81327	94.9664
			*CONTROL_POS_SAMPLE 385	-15.3599	9.8595	94.7228
			*CONTROL_POS_SAMPLE 577	-15.6954	9.77493	94.4806
			*CONTROL_POS_SAMPLE 769	-15.8706	9.45825	94.2347
			*CONTROL_POS_SAMPLE 961	-15.7076	8.8201	93.9873
		}
		*CONTROL_ROT_TRACK {
			*CONTROL_ROT_SAMPLE 1	0.610691	-0.238635	-0.755056	3.0173
			*CONTROL_ROT_SAMPLE 193	0.606864	-0.256038	-0.752437	3.11907
			*CONTROL_ROT_SAMPLE 385	0.609488	-0.210222	-0.764415	3.07781
			*CONTROL_ROT_SAMPLE 577	0.61133	-0.163467	-0.774309	3.04018
			*CONTROL_ROT_SAMPLE 769	0.625	-0.108757	-0.773012	2.9796
			*CONTROL_ROT_SAMPLE 961	0.63404	-0.0495037	-0.771714	2.92828
		}
		*CONTROL_SCALE_TRACK {
			*CONTROL_SCALE_SAMPLE	1	1	1	1	0	0	0	0
		}
	}
}
*HELPEROBJECT {
	*NODE_NAME "Bip01 R Calf"
	*NODE_PARENT "Bip01 R Thigh"
	*NODE_TM {
		*NODE_NAME "Bip01 R Calf"
		*TM_ROW0 -0.0525025	0.197539	-0.978888
		*TM_ROW1 -0.0104967	-0.980295	-0.19726
		*TM_ROW2 -0.998566	-8.16064e-005	0.0535415
		*TM_ROW3 -11.1154	-9.45856	60.6878
		*TM_POS -11.1154	-9.45856	60.6878
		*TM_ROTAXIS 0.686298	0.0684898	-0.724088
		*TM_ROTANGLE 2.99744
		*TM_SCALE 1	1	1
		*TM_SCALEAXIS 0	0	0
		*TM_SCALEAXISANG 0	0	0
	}
	*TM_ANIMATION {
		*NODE_NAME  "Bip01 R Calf"
		*CONTROL_POS_TRACK {
			*CONTROL_POS_SAMPLE 1	-25.0659	1.60975	56.4098
			*CONTROL_POS_SAMPLE 193	-25.805	-2.20689	57.3655
			*CONTROL_POS_SAMPLE 385	-25.8237	1.37908	56.0845
			*CONTROL_POS_SAMPLE 577	-25.8958	4.82636	55.1642
			*CONTROL_POS_SAMPLE 769	-24.4932	9.03456	54.2373
			*CONTROL_POS_SAMPLE 961	-23.1706	12.9668	53.9694
		}
		*CONTROL_ROT_TRACK {
			*CONTROL_ROT_SAMPLE 1	0.6823	-0.0424809	-0.729837	2.55466
			*CONTROL_ROT_SAMPLE 193	0.689448	-0.00700915	-0.724302	2.54095
			*CONTROL_ROT_SAMPLE 385	0.67577	0.0225313	-0.736768	2.52627
			*CONTROL_ROT_SAMPLE 577	0.661904	0.0534301	-0.747682	2.51757
			*CONTROL_ROT_SAMPLE 769	0.654428	0.050182	-0.754457	2.59864
			*CONTROL_ROT_SAMPLE 961	0.646913	0.0504967	-0.76089	2.68925
		}
		*CONTROL_SCALE_TRACK {
			*CONTROL_SCALE_SAMPLE	1	1	1	1	0	0	0	0
		}
	}
}
*HELPEROBJECT {
	*NODE_NAME "Bip01 R Foot"
	*NODE_PARENT "Bip01 R Calf"
	*NODE_TM {
		*NODE_NAME "Bip01 R Foot"
		*TM_ROW0 -5.86373e-007	-7.29557e-006	-1
		*TM_ROW1 -0.173652	-0.984807	7.26572e-006
		*TM_ROW2 -0.984807	0.173652	-5.93781e-007
		*TM_ROW3 -13.6935	0.24065	12.6267
		*TM_POS -13.6935	0.24065	12.6267
		*TM_ROTAXIS 0.705757	-0.0617498	-0.705757
		*TM_ROTANGLE 3.01826
		*TM_SCALE 1	1	1
		*TM_SCALEAXIS 0	0	0
		*TM_SCALEAXISANG 0	0	0
	}
	*TM_ANIMATION {
		*NODE_NAME  "Bip01 R Foot"
		*CONTROL_POS_TRACK {
			*CONTROL_POS_SAMPLE 1	-24.1418	17.3898	14.3344
			*CONTROL_POS_SAMPLE 193	-23.8924	15.7965	16.2265
			*CONTROL_POS_SAMPLE 385	-25.2379	21.7379	16.0174
			*CONTROL_POS_SAMPLE 577	-26.697	27.3428	16.2725
			*CONTROL_POS_SAMPLE 769	-27.2432	29.2955	14.2107
			*CONTROL_POS_SAMPLE 961	-27.8666	30.7044	12.9386
		}
		*CONTROL_ROT_TRACK {
			*CONTROL_ROT_SAMPLE 1	0.676	-0.166434	-0.71786	2.69595
			*CONTROL_ROT_SAMPLE 193	0.660167	-0.12732	-0.740249	2.62555
			*CONTROL_ROT_SAMPLE 385	0.64808	-0.124856	-0.751268	2.62701
			*CONTROL_ROT_SAMPLE 577	0.638475	-0.115712	-0.760894	2.61251
			*CONTROL_ROT_SAMPLE 769	0.665359	-0.162377	-0.72865	2.6952
			*CONTROL_ROT_SAMPLE 961	0.692993	-0.19804	-0.69321	2.75063
		}
		*CONTROL_SCALE_TRACK {
			*CONTROL_SCALE_SAMPLE	1	1	1	1	0	0	0	0
		}
	}
}
*HELPEROBJECT {
	*NODE_NAME "Bip01 R Toe0"
	*NODE_PARENT "Bip01 R Foot"
	*NODE_TM {
		*NODE_NAME "Bip01 R Toe0"
		*TM_ROW0 -0.173651	-0.984807	3.52553e-006
		*TM_ROW1 3.507e-006	3.07854e-006	1
		*TM_ROW2 -0.984807	0.173651	3.0421e-006
		*TM_ROW3 -17.6255	-22.0592	2.91014e-005
		*TM_POS -17.6255	-22.0592	2.91014e-005
		*TM_ROTAXIS -0.510271	0.608121	0.608121
		*TM_ROTANGLE 2.19793
		*TM_SCALE 1	1	1
		*TM_SCALEAXIS 0	0	0
		*TM_SCALEAXISANG 0	0	0
	}
	*TM_ANIMATION {
		*NODE_NAME  "Bip01 R Toe0"
		*CONTROL_POS_TRACK {
			*CONTROL_POS_SAMPLE 1	-36.4098	-0.645017	0.322209
			*CONTROL_POS_SAMPLE 193	-36.4133	-0.585008	0.511149
			*CONTROL_POS_SAMPLE 385	-38.1075	5.44403	0.493777
			*CONTROL_POS_SAMPLE 577	-39.818	11.4707	0.523961
			*CONTROL_POS_SAMPLE 769	-39.7749	11.3832	0.274923
			*CONTROL_POS_SAMPLE 961	-39.8312	11.4788	0.31616
		}
		*CONTROL_ROT_TRACK {
			*CONTROL_ROT_SAMPLE 1	0.373518	-0.617464	-0.692259	3.83282
			*CONTROL_ROT_SAMPLE 193	0.385331	-0.569433	-0.726131	3.805
			*CONTROL_ROT_SAMPLE 385	0.379585	-0.560701	-0.735887	3.82222
			*CONTROL_ROT_SAMPLE 577	0.378606	-0.54617	-0.747232	3.82355
			*CONTROL_ROT_SAMPLE 769	0.369681	-0.60832	-0.70234	3.84801
			*CONTROL_ROT_SAMPLE 961	0.365581	-0.658078	-0.658243	3.84281
		}
		*CONTROL_SCALE_TRACK {
			*CONTROL_SCALE_SAMPLE	1	1	1	1	0	0	0	0
		}
	}
}
