*3DSMAX_ASCIIEXPORT	110
*COMMENT "[ GothicSourcer v3.14 ] - June 2007"
*SCENE {
	*SCENE_FILENAME "HUM_1HRUN_2_SNEAK.MAX"
	*SCENE_FIRSTFRAME 25
	*SCENE_LASTFRAME 30
	*SCENE_FRAMESPEED 25
	*SCENE_TICKSPERFRAME 192
	*SCENE_BACKGROUND_STATIC 0	0	0
	*SCENE_AMBIENT_STATIC 0.2	0.2	0.2
}
*HELPEROBJECT {
	*NODE_NAME "Bip01"
	*NODE_TM {
		*NODE_NAME "Bip01"
		*TM_ROW0 6.27438e-006	-1	0
		*TM_ROW1 1	6.27438e-006	0
		*TM_ROW2 -0	-0	1
		*TM_ROW3 0	-7.37745	99.9496
		*TM_POS 0	-7.37745	99.9496
		*TM_ROTAXIS 0	0	1
		*TM_ROTANGLE 1.57079
		*TM_SCALE 1	1	1
		*TM_SCALEAXIS 0	0	0
		*TM_SCALEAXISANG 0	0	0
	}
	*TM_ANIMATION {
		*NODE_NAME  "Bip01"
		*CONTROL_POS_TRACK {
			*CONTROL_POS_SAMPLE 25	6.22413	32.9892	94.4668
			*CONTROL_POS_SAMPLE 217	7.4066	32.713	93.4185
			*CONTROL_POS_SAMPLE 409	9.13168	32.3085	91.779
			*CONTROL_POS_SAMPLE 601	11.1932	31.8242	89.6999
			*CONTROL_POS_SAMPLE 793	13.3909	31.3069	87.3797
			*CONTROL_POS_SAMPLE 985	15.5225	30.8071	85.112
		}
		*CONTROL_ROT_TRACK {
			*CONTROL_ROT_SAMPLE 25	-0.0618388	-0.0639394	0.996036	1.64308
			*CONTROL_ROT_SAMPLE 217	-0.0650568	-0.0797127	0.994693	1.70257
			*CONTROL_ROT_SAMPLE 409	-0.0694632	-0.101258	0.992432	1.78956
			*CONTROL_ROT_SAMPLE 601	-0.074294	-0.1251	0.989359	1.89422
			*CONTROL_ROT_SAMPLE 793	-0.0790478	-0.148481	0.985751	2.00634
			*CONTROL_ROT_SAMPLE 985	0.0832688	0.169554	-0.981997	4.16772
		}
		*CONTROL_SCALE_TRACK {
			*CONTROL_SCALE_SAMPLE	25	1	1	1	0	0	0	0
		}
	}
}
*HELPEROBJECT {
	*NODE_NAME "Bip01 Pelvis"
	*NODE_PARENT "Bip01"
	*NODE_TM {
		*NODE_NAME "Bip01 Pelvis"
		*TM_ROW0 -5.96046e-008	1.79264e-006	1
		*TM_ROW1 -1.79264e-006	-1	1.79264e-006
		*TM_ROW2 1	-1.79264e-006	-5.96046e-008
		*TM_ROW3 1e-005	-8.0113	99.9496
		*TM_POS 1e-005	-8.0113	99.9496
		*TM_ROTAXIS 0.707107	0	0.707107
		*TM_ROTANGLE 3.1416
		*TM_SCALE 1	1	1
		*TM_SCALEAXIS 0	0	0
		*TM_SCALEAXISANG 0	0	0
	}
	*TM_ANIMATION {
		*NODE_NAME  "Bip01 Pelvis"
		*CONTROL_POS_TRACK {
			*CONTROL_POS_SAMPLE 25	6.19536	33.0614	94.4756
			*CONTROL_POS_SAMPLE 217	7.36949	33.4777	93.5375
			*CONTROL_POS_SAMPLE 409	9.29347	34.3401	92.1694
			*CONTROL_POS_SAMPLE 601	11.935	35.371	90.5348
			*CONTROL_POS_SAMPLE 793	15.1505	36.3059	88.7927
			*CONTROL_POS_SAMPLE 985	18.5547	36.8173	87.1032
		}
		*CONTROL_ROT_TRACK {
			*CONTROL_ROT_SAMPLE 25	0.739443	-0.0690255	0.669671	3.0909
			*CONTROL_ROT_SAMPLE 217	0.73865	-0.0984945	0.666855	3.1132
			*CONTROL_ROT_SAMPLE 409	0.736432	-0.141011	0.661652	3.14672
			*CONTROL_ROT_SAMPLE 601	0.732151	-0.191208	0.653754	3.18849
			*CONTROL_ROT_SAMPLE 793	0.725676	-0.243798	0.643395	3.23486
			*CONTROL_ROT_SAMPLE 985	0.717651	-0.293782	0.631403	3.28141
		}
		*CONTROL_SCALE_TRACK {
			*CONTROL_SCALE_SAMPLE	25	1	1	1	0	0	0	0
		}
	}
}
*HELPEROBJECT {
	*NODE_NAME "Bip01 Spine"
	*NODE_PARENT "Bip01 Pelvis"
	*NODE_TM {
		*NODE_NAME "Bip01 Spine"
		*TM_ROW0 5.96047e-008	-0.0205947	0.999788
		*TM_ROW1 5.48642e-006	-0.999788	-0.0205947
		*TM_ROW2 1	5.48642e-006	5.96047e-008
		*TM_ROW3 1e-005	-7.92216	102.35
		*TM_POS 1e-005	-7.92216	102.35
		*TM_ROTAXIS 0.707088	-0.00727998	0.707088
		*TM_ROTANGLE 3.12703
		*TM_SCALE 1	1	1
		*TM_SCALEAXIS 0	0	0
		*TM_SCALEAXISANG 0	0	0
	}
	*TM_ANIMATION {
		*NODE_NAME  "Bip01 Spine"
		*CONTROL_POS_TRACK {
			*CONTROL_POS_SAMPLE 25	6.19579	32.8386	96.8658
			*CONTROL_POS_SAMPLE 217	7.39332	33.1959	95.9231
			*CONTROL_POS_SAMPLE 409	9.3479	33.9703	94.5415
			*CONTROL_POS_SAMPLE 601	12.0146	34.8941	92.8863
			*CONTROL_POS_SAMPLE 793	15.2438	35.7136	91.1192
			*CONTROL_POS_SAMPLE 985	18.6498	36.1139	89.3973
		}
		*CONTROL_ROT_TRACK {
			*CONTROL_ROT_SAMPLE 25	0.73962	-0.0936491	0.666477	3.05364
			*CONTROL_ROT_SAMPLE 217	0.734168	-0.122708	0.667788	3.07583
			*CONTROL_ROT_SAMPLE 409	0.728275	-0.164602	0.665222	3.10964
			*CONTROL_ROT_SAMPLE 601	0.723131	-0.21427	0.656636	3.15131
			*CONTROL_ROT_SAMPLE 793	0.715998	-0.266267	0.645328	3.19725
			*CONTROL_ROT_SAMPLE 985	0.707136	-0.315636	0.632718	3.24319
		}
		*CONTROL_SCALE_TRACK {
			*CONTROL_SCALE_SAMPLE	25	1	1	1	0	0	0	0
		}
	}
}
*HELPEROBJECT {
	*NODE_NAME "Bip01 Spine1"
	*NODE_PARENT "Bip01 Spine"
	*NODE_TM {
		*NODE_NAME "Bip01 Spine1"
		*TM_ROW0 5.96047e-008	-0.00276992	0.999996
		*TM_ROW1 -1.92621e-006	-0.999996	-0.00276991
		*TM_ROW2 1	-1.92621e-006	5.96047e-008
		*TM_ROW3 1e-005	-8.11442	112.175
		*TM_POS 1e-005	-8.11442	112.175
		*TM_ROTAXIS 0.707106	-0.000979995	0.707107
		*TM_ROTANGLE 3.13964
		*TM_SCALE 1	1	1
		*TM_SCALEAXIS 0	0	0
		*TM_SCALEAXISANG 0	0	0
	}
	*TM_ANIMATION {
		*NODE_NAME  "Bip01 Spine1"
		*CONTROL_POS_TRACK {
			*CONTROL_POS_SAMPLE 25	7.13576	30.9149	106.457
			*CONTROL_POS_SAMPLE 217	8.16869	31.0058	105.473
			*CONTROL_POS_SAMPLE 409	9.94733	31.4158	104.013
			*CONTROL_POS_SAMPLE 601	12.4663	31.9206	102.246
			*CONTROL_POS_SAMPLE 793	15.502	32.3309	100.346
			*CONTROL_POS_SAMPLE 985	18.6798	32.3739	98.4908
		}
		*CONTROL_ROT_TRACK {
			*CONTROL_ROT_SAMPLE 25	0.762802	-0.0401303	0.645386	2.84815
			*CONTROL_ROT_SAMPLE 217	0.755557	-0.129783	0.642099	2.80387
			*CONTROL_ROT_SAMPLE 409	0.73769	-0.232836	0.63372	2.77013
			*CONTROL_ROT_SAMPLE 601	0.712758	-0.324723	0.621716	2.76479
			*CONTROL_ROT_SAMPLE 793	0.677334	-0.416666	0.606307	2.76519
			*CONTROL_ROT_SAMPLE 985	0.633313	-0.502333	0.588707	2.76774
		}
		*CONTROL_SCALE_TRACK {
			*CONTROL_SCALE_SAMPLE	25	1	1	1	0	0	0	0
		}
	}
}
*HELPEROBJECT {
	*NODE_NAME "Bip01 Spine2"
	*NODE_PARENT "Bip01 Spine1"
	*NODE_TM {
		*NODE_NAME "Bip01 Spine2"
		*TM_ROW0 5.96048e-008	0.180243	0.983622
		*TM_ROW1 1.67638e-006	-0.983622	0.180243
		*TM_ROW2 1	1.67638e-006	5.96047e-008
		*TM_ROW3 1e-005	-8.1264	124.961
		*TM_POS 1e-005	-8.1264	124.961
		*TM_ROTAXIS 0.705652	0.0641202	0.705652
		*TM_ROTANGLE 3.26966
		*TM_SCALE 1	1	1
		*TM_SCALEAXIS 0	0	0
		*TM_SCALEAXISANG 0	0	0
	}
	*TM_ANIMATION {
		*NODE_NAME  "Bip01 Spine2"
		*CONTROL_POS_TRACK {
			*CONTROL_POS_SAMPLE 25	9.45762	27.7829	118.643
			*CONTROL_POS_SAMPLE 217	10.2908	25.8679	116.995
			*CONTROL_POS_SAMPLE 409	11.4774	24.251	114.498
			*CONTROL_POS_SAMPLE 601	13.1176	23.3002	111.67
			*CONTROL_POS_SAMPLE 793	14.9377	22.5312	108.54
			*CONTROL_POS_SAMPLE 985	16.6867	21.783	105.369
		}
		*CONTROL_ROT_TRACK {
			*CONTROL_ROT_SAMPLE 25	-0.622027	0.213499	-0.753326	3.45044
			*CONTROL_ROT_SAMPLE 217	-0.624949	0.238348	-0.74339	3.46088
			*CONTROL_ROT_SAMPLE 409	-0.623135	0.278539	-0.730834	3.45565
			*CONTROL_ROT_SAMPLE 601	-0.61585	0.329288	-0.71575	3.42574
			*CONTROL_ROT_SAMPLE 793	-0.604869	0.383893	-0.697681	3.39119
			*CONTROL_ROT_SAMPLE 985	-0.590881	0.436122	-0.678717	3.35955
		}
		*CONTROL_SCALE_TRACK {
			*CONTROL_SCALE_SAMPLE	25	1	1	1	0	0	0	0
		}
	}
}
*HELPEROBJECT {
	*NODE_NAME "Bip01 Neck"
	*NODE_PARENT "Bip01 Spine2"
	*NODE_TM {
		*NODE_NAME "Bip01 Neck"
		*TM_ROW0 5.96046e-007	-0.167043	0.98595
		*TM_ROW1 4.70132e-006	-0.98595	-0.167043
		*TM_ROW2 1	4.70132e-006	5.96047e-007
		*TM_ROW3 1.03264e-011	-2.71656	154.454
		*TM_POS 1.03264e-011	-2.71656	154.454
		*TM_ROTAXIS -0.70586	0.05937	-0.705859
		*TM_ROTANGLE 3.2602
		*TM_SCALE 1	1	1
		*TM_SCALEAXIS 0	0	0
		*TM_SCALEAXISANG 0	0	0
	}
	*TM_ANIMATION {
		*NODE_NAME  "Bip01 Neck"
		*CONTROL_POS_TRACK {
			*CONTROL_POS_SAMPLE 25	3.54626	13.1486	144.133
			*CONTROL_POS_SAMPLE 217	4.65177	10.1715	141.909
			*CONTROL_POS_SAMPLE 409	5.67621	7.33325	138.563
			*CONTROL_POS_SAMPLE 601	6.62487	5.37213	134.809
			*CONTROL_POS_SAMPLE 793	7.48466	3.65973	130.616
			*CONTROL_POS_SAMPLE 985	8.10315	2.11505	126.312
		}
		*CONTROL_ROT_TRACK {
			*CONTROL_ROT_SAMPLE 25	-0.636851	0.135514	-0.758984	3.2674
			*CONTROL_ROT_SAMPLE 217	-0.638336	0.179905	-0.748439	3.32709
			*CONTROL_ROT_SAMPLE 409	-0.631884	0.24973	-0.733728	3.39124
			*CONTROL_ROT_SAMPLE 601	-0.612997	0.336197	-0.714987	3.44096
			*CONTROL_ROT_SAMPLE 793	-0.581179	0.427654	-0.692346	3.48692
			*CONTROL_ROT_SAMPLE 985	-0.538651	0.513091	-0.668276	3.52841
		}
		*CONTROL_SCALE_TRACK {
			*CONTROL_SCALE_SAMPLE	25	1	1	1	0	0	0	0
		}
	}
}
*HELPEROBJECT {
	*NODE_NAME "Bip01 Head"
	*NODE_PARENT "Bip01 Neck"
	*NODE_TM {
		*NODE_NAME "Bip01 Head"
		*TM_ROW0 -5.96047e-008	1.76447e-006	1
		*TM_ROW1 -1.79264e-006	-1	1.80855e-006
		*TM_ROW2 1	-1.79264e-006	-5.96046e-008
		*TM_ROW3 2.27758e-011	-3.85901	161.198
		*TM_POS 2.27758e-011	-3.85901	161.198
		*TM_ROTAXIS -0.707107	-5.62215e-009	-0.707107
		*TM_ROTANGLE 3.14159
		*TM_SCALE 1	1	1
		*TM_SCALEAXIS 0	0	0
		*TM_SCALEAXISANG 0	0	0
	}
	*TM_ANIMATION {
		*NODE_NAME  "Bip01 Head"
		*CONTROL_POS_TRACK {
			*CONTROL_POS_SAMPLE 25	2.28663	11.3226	150.601
			*CONTROL_POS_SAMPLE 217	3.45544	7.67133	148.159
			*CONTROL_POS_SAMPLE 409	4.42566	3.96992	144.383
			*CONTROL_POS_SAMPLE 601	5.11534	1.17541	139.992
			*CONTROL_POS_SAMPLE 793	5.53306	-1.24067	134.966
			*CONTROL_POS_SAMPLE 985	5.59165	-3.24804	129.73
		}
		*CONTROL_ROT_TRACK {
			*CONTROL_ROT_SAMPLE 25	0.716011	-0.0370142	0.697107	3.08365
			*CONTROL_ROT_SAMPLE 217	0.718309	-0.0444037	0.694306	3.07676
			*CONTROL_ROT_SAMPLE 409	0.721075	-0.0553676	0.690641	3.06615
			*CONTROL_ROT_SAMPLE 601	0.723532	-0.0688151	0.686853	3.05329
			*CONTROL_ROT_SAMPLE 793	0.725057	-0.0834203	0.683618	3.0394
			*CONTROL_ROT_SAMPLE 985	0.725453	-0.0977787	0.681291	3.02594
		}
		*CONTROL_SCALE_TRACK {
			*CONTROL_SCALE_SAMPLE	25	1	1	1	0	0	0	0
		}
	}
}
*HELPEROBJECT {
	*NODE_NAME "ZS_HELMET"
	*NODE_PARENT "Bip01 Head"
	*NODE_TM {
		*NODE_NAME "ZS_HELMET"
		*TM_ROW0 1	7.87298e-013	7.61567e-014
		*TM_ROW1 -1.53811e-013	0.996917	-0.0784593
		*TM_ROW2 -5.53111e-014	0.0784593	0.996918
		*TM_ROW3 1e-005	-7.06248	173.704
		*TM_POS 1e-005	-7.06248	173.704
		*TM_ROTAXIS 1	8.37809e-013	-5.99744e-012
		*TM_ROTANGLE 0.078541
		*TM_SCALE 1	1	1
		*TM_SCALEAXIS 0	0	0
		*TM_SCALEAXISANG 0	0	0
	}
}
*HELPEROBJECT {
	*NODE_NAME "Bip01 L Clavicle"
	*NODE_PARENT "Bip01 Neck"
	*NODE_TM {
		*NODE_NAME "Bip01 L Clavicle"
		*TM_ROW0 0.935229	-0.203893	-0.289439
		*TM_ROW1 0.156435	0.971369	-0.178803
		*TM_ROW2 0.317608	0.121943	0.940348
		*TM_ROW3 7.96399	-1.25804	148.729
		*TM_POS 7.96399	-1.25804	148.729
		*TM_ROTAXIS 0.391939	-0.791119	0.469589
		*TM_ROTANGLE 0.39376
		*TM_SCALE 1	1	1
		*TM_SCALEAXIS 0	0	0
		*TM_SCALEAXISANG 0	0	0
	}
	*TM_ANIMATION {
		*NODE_NAME  "Bip01 L Clavicle"
		*CONTROL_POS_TRACK {
			*CONTROL_POS_SAMPLE 25	12.5213	16.6086	141.569
			*CONTROL_POS_SAMPLE 217	13.6331	13.5894	139.309
			*CONTROL_POS_SAMPLE 409	14.7514	10.4635	135.923
			*CONTROL_POS_SAMPLE 601	15.8493	7.91505	132.059
			*CONTROL_POS_SAMPLE 793	16.8209	5.53891	127.712
			*CONTROL_POS_SAMPLE 985	17.4956	3.35799	123.252
		}
		*CONTROL_ROT_TRACK {
			*CONTROL_ROT_SAMPLE 25	-0.838651	-0.530402	0.123845	0.693645
			*CONTROL_ROT_SAMPLE 217	-0.87069	-0.473373	0.133477	0.712222
			*CONTROL_ROT_SAMPLE 409	-0.910072	-0.374758	0.176991	0.742384
			*CONTROL_ROT_SAMPLE 601	-0.92785	-0.25734	0.269944	0.782492
			*CONTROL_ROT_SAMPLE 793	-0.924895	-0.135355	0.355314	0.844423
			*CONTROL_ROT_SAMPLE 985	-0.903804	-0.0292799	0.426944	0.917574
		}
		*CONTROL_SCALE_TRACK {
			*CONTROL_SCALE_SAMPLE	25	1	1	1	0	0	0	0
		}
	}
}
*HELPEROBJECT {
	*NODE_NAME "Bip01 L UpperArm"
	*NODE_PARENT "Bip01 L Clavicle"
	*NODE_TM {
		*NODE_NAME "Bip01 L UpperArm"
		*TM_ROW0 0.246229	0.0989027	-0.964152
		*TM_ROW1 0.412789	0.889345	0.196649
		*TM_ROW2 0.876913	-0.446412	0.178157
		*TM_ROW3 20.4269	-3.97508	144.872
		*TM_POS 20.4269	-3.97508	144.872
		*TM_ROTAXIS -0.325561	-0.932072	0.15891
		*TM_ROTANGLE 1.41328
		*TM_SCALE 1	1	1
		*TM_SCALEAXIS 0	0	0
		*TM_SCALEAXISANG 0	0	0
	}
	*TM_ANIMATION {
		*NODE_NAME  "Bip01 L UpperArm"
		*CONTROL_POS_TRACK {
			*CONTROL_POS_SAMPLE 25	24.9331	16.9231	136.729
			*CONTROL_POS_SAMPLE 217	26.1747	13.762	134.81
			*CONTROL_POS_SAMPLE 409	27.4744	10.0648	131.982
			*CONTROL_POS_SAMPLE 601	28.6356	6.30424	128.669
			*CONTROL_POS_SAMPLE 793	29.4993	2.55953	124.892
			*CONTROL_POS_SAMPLE 985	29.8638	-1.02162	120.925
		}
		*CONTROL_ROT_TRACK {
			*CONTROL_ROT_SAMPLE 25	-0.528008	-0.82571	0.198522	1.45458
			*CONTROL_ROT_SAMPLE 217	-0.515337	-0.838813	0.175555	1.43398
			*CONTROL_ROT_SAMPLE 409	-0.496904	-0.856676	0.138534	1.40389
			*CONTROL_ROT_SAMPLE 601	-0.470657	-0.876653	0.0998095	1.37052
			*CONTROL_ROT_SAMPLE 793	-0.443174	-0.894999	0.0507255	1.3341
			*CONTROL_ROT_SAMPLE 985	-0.413867	-0.910334	0.00243448	1.29999
		}
		*CONTROL_SCALE_TRACK {
			*CONTROL_SCALE_SAMPLE	25	1	1	1	0	0	0	0
		}
	}
}
*HELPEROBJECT {
	*NODE_NAME "Bip01 L Forearm"
	*NODE_PARENT "Bip01 L UpperArm"
	*NODE_TM {
		*NODE_NAME "Bip01 L Forearm"
		*TM_ROW0 0.0455122	-0.291882	-0.955371
		*TM_ROW1 0.478489	0.845886	-0.235638
		*TM_ROW2 0.876913	-0.44641	0.17816
		*TM_ROW3 27.2982	-1.21526	117.966
		*TM_POS 27.2982	-1.21526	117.966
		*TM_ROTAXIS -0.10545	-0.916697	0.385419
		*TM_ROTANGLE 1.53601
		*TM_SCALE 1	1	1
		*TM_SCALEAXIS 0	0	0
		*TM_SCALEAXISANG 0	0	0
	}
	*TM_ANIMATION {
		*NODE_NAME  "Bip01 L Forearm"
		*CONTROL_POS_TRACK {
			*CONTROL_POS_SAMPLE 25	35.0461	22.1762	111.256
			*CONTROL_POS_SAMPLE 217	36.3803	19.3264	109.44
			*CONTROL_POS_SAMPLE 409	37.8553	16.1583	106.805
			*CONTROL_POS_SAMPLE 601	39.1383	12.798	103.644
			*CONTROL_POS_SAMPLE 793	40.238	9.65637	100.132
			*CONTROL_POS_SAMPLE 985	40.8295	6.6139	96.4255
		}
		*CONTROL_ROT_TRACK {
			*CONTROL_ROT_SAMPLE 25	-0.15266	-0.835532	0.527807	1.74886
			*CONTROL_ROT_SAMPLE 217	-0.123164	-0.839668	0.52895	1.73367
			*CONTROL_ROT_SAMPLE 409	-0.0807823	-0.844093	0.530077	1.70871
			*CONTROL_ROT_SAMPLE 601	-0.0276437	-0.84347	0.536465	1.6846
			*CONTROL_ROT_SAMPLE 793	0.0268031	-0.839903	0.542074	1.65214
			*CONTROL_ROT_SAMPLE 985	0.079831	-0.831358	0.549974	1.62093
		}
		*CONTROL_SCALE_TRACK {
			*CONTROL_SCALE_SAMPLE	25	1	1	1	0	0	0	0
		}
	}
}
*HELPEROBJECT {
	*NODE_NAME "Bip01 L Hand"
	*NODE_PARENT "Bip01 L Forearm"
	*NODE_TM {
		*NODE_NAME "Bip01 L Hand"
		*TM_ROW0 0.0455132	-0.291886	-0.95537
		*TM_ROW1 -0.876533	0.44708	-0.17835
		*TM_ROW2 0.479185	0.845531	-0.2355
		*TM_ROW3 28.5642	-9.33438	91.391
		*TM_POS 28.5642	-9.33438	91.391
		*TM_ROTAXIS 0.551391	-0.772552	-0.314851
		*TM_ROTANGLE 1.95137
		*TM_SCALE 1	1	1
		*TM_SCALEAXIS 0	0	0
		*TM_SCALEAXISANG 0	0	0
	}
	*TM_ANIMATION {
		*NODE_NAME  "Bip01 L Hand"
		*CONTROL_POS_TRACK {
			*CONTROL_POS_SAMPLE 25	30.8815	11.9038	85.7456
			*CONTROL_POS_SAMPLE 217	32.3596	8.15147	84.288
			*CONTROL_POS_SAMPLE 409	34.237	3.71167	82.1952
			*CONTROL_POS_SAMPLE 601	36.0026	-1.30504	79.8756
			*CONTROL_POS_SAMPLE 793	37.9987	-6.04858	77.2848
			*CONTROL_POS_SAMPLE 985	39.621	-10.6029	74.6132
		}
		*CONTROL_ROT_TRACK {
			*CONTROL_ROT_SAMPLE 25	-0.353552	0.911717	0.209218	3.99861
			*CONTROL_ROT_SAMPLE 217	-0.391844	0.899683	0.192427	3.97831
			*CONTROL_ROT_SAMPLE 409	-0.447157	0.878512	0.16813	3.95175
			*CONTROL_ROT_SAMPLE 601	-0.509254	0.850008	0.134709	3.91419
			*CONTROL_ROT_SAMPLE 793	-0.573858	0.812855	0.0997648	3.88115
			*CONTROL_ROT_SAMPLE 985	-0.632529	0.771915	0.0636768	3.84839
		}
		*CONTROL_SCALE_TRACK {
			*CONTROL_SCALE_SAMPLE	25	1	1	1	0	0	0	0
		}
	}
}
*HELPEROBJECT {
	*NODE_NAME "Bip01 L Finger0"
	*NODE_PARENT "Bip01 L Hand"
	*NODE_TM {
		*NODE_NAME "Bip01 L Finger0"
		*TM_ROW0 0.0455153	-0.291888	-0.955369
		*TM_ROW1 -0.876915	0.446405	-0.178165
		*TM_ROW2 0.478485	0.845886	-0.235643
		*TM_ROW3 29.15	-13.0909	79.0956
		*TM_POS 29.15	-13.0909	79.0956
		*TM_ROTAXIS 0.551581	-0.772311	-0.31511
		*TM_ROTANGLE 1.95181
		*TM_SCALE 1	1	1
		*TM_SCALEAXIS 0	0	0
		*TM_SCALEAXISANG 0	0	0
	}
	*TM_ANIMATION {
		*NODE_NAME  "Bip01 L Finger0"
		*CONTROL_POS_TRACK {
			*CONTROL_POS_SAMPLE 25	25.1182	7.07437	75.3024
			*CONTROL_POS_SAMPLE 217	27.0385	2.41353	74.0723
			*CONTROL_POS_SAMPLE 409	29.7127	-3.26186	72.3718
			*CONTROL_POS_SAMPLE 601	32.5149	-9.65505	70.7263
			*CONTROL_POS_SAMPLE 793	35.8606	-15.6211	68.9546
			*CONTROL_POS_SAMPLE 985	38.8993	-21.1324	67.2506
		}
		*CONTROL_ROT_TRACK {
			*CONTROL_ROT_SAMPLE 25	-0.353706	0.91158	0.209555	3.99833
			*CONTROL_ROT_SAMPLE 217	-0.391988	0.899549	0.19276	3.97801
			*CONTROL_ROT_SAMPLE 409	-0.447289	0.878382	0.168456	3.95141
			*CONTROL_ROT_SAMPLE 601	-0.509369	0.849889	0.135025	3.9138
			*CONTROL_ROT_SAMPLE 793	-0.573958	0.812747	0.100069	3.88071
			*CONTROL_ROT_SAMPLE 985	-0.632614	0.771821	0.0639679	3.8479
		}
		*CONTROL_SCALE_TRACK {
			*CONTROL_SCALE_SAMPLE	25	1	1	1	0	0	0	0
		}
	}
}
*HELPEROBJECT {
	*NODE_NAME "ZS_LEFTHAND"
	*NODE_PARENT "Bip01 L Hand"
	*NODE_TM {
		*NODE_NAME "ZS_LEFTHAND"
		*TM_ROW0 0.435606	0.890062	-0.134303
		*TM_ROW1 0.180312	-0.232461	-0.955745
		*TM_ROW2 -0.881893	0.392112	-0.261751
		*TM_ROW3 26.7605	-11.5467	82.7857
		*TM_POS 26.7605	-11.5467	82.7857
		*TM_ROTAXIS 0.794322	0.440571	-0.418271
		*TM_ROTANGLE 2.12858
		*TM_SCALE 1	1	1
		*TM_SCALEAXIS 0	0	0
		*TM_SCALEAXISANG 0	0	0
	}
}
*HELPEROBJECT {
	*NODE_NAME "ZS_LEFTARM"
	*NODE_PARENT "Bip01 L Forearm"
	*NODE_TM {
		*NODE_NAME "ZS_LEFTARM"
		*TM_ROW0 0.0759923	-0.150176	-0.985735
		*TM_ROW1 0.524499	0.846792	-0.0885737
		*TM_ROW2 0.848013	-0.510286	0.143117
		*TM_ROW3 26.9101	-7.67833	110.055
		*TM_POS 26.9101	-7.67833	110.055
		*TM_ROTAXIS -0.21097	-0.917372	0.337521
		*TM_ROTANGLE 1.53784
		*TM_SCALE 1	1	1
		*TM_SCALEAXIS 0	0	0
		*TM_SCALEAXISANG 0	0	0
	}
}
*HELPEROBJECT {
	*NODE_NAME "Bip01 R Clavicle"
	*NODE_PARENT "Bip01 Neck"
	*NODE_TM {
		*NODE_NAME "Bip01 R Clavicle"
		*TM_ROW0 -0.935227	-0.203899	-0.28944
		*TM_ROW1 -0.156442	0.971369	-0.178799
		*TM_ROW2 0.317609	-0.121937	-0.940349
		*TM_ROW3 -7.96398	-1.25806	148.729
		*TM_POS -7.96398	-1.25806	148.729
		*TM_ROTAXIS -0.0929799	0.992639	-0.0776
		*TM_ROTANGLE 3.45235
		*TM_SCALE 1	1	1
		*TM_SCALEAXIS 0	0	0
		*TM_SCALEAXISANG 0	0	0
	}
	*TM_ANIMATION {
		*NODE_NAME  "Bip01 R Clavicle"
		*CONTROL_POS_TRACK {
			*CONTROL_POS_SAMPLE 25	-3.08689	18.5994	139.092
			*CONTROL_POS_SAMPLE 217	-1.98429	15.9674	137.271
			*CONTROL_POS_SAMPLE 409	-0.772223	13.7236	134.473
			*CONTROL_POS_SAMPLE 601	0.618208	12.5228	131.355
			*CONTROL_POS_SAMPLE 793	2.075	11.5591	127.881
			*CONTROL_POS_SAMPLE 985	3.36874	10.641	124.302
		}
		*CONTROL_ROT_TRACK {
			*CONTROL_ROT_SAMPLE 25	-0.0607741	0.96576	0.252219	3.47195
			*CONTROL_ROT_SAMPLE 217	-0.0331489	0.962945	0.267653	3.43288
			*CONTROL_ROT_SAMPLE 409	0.027594	0.953704	0.299478	3.38053
			*CONTROL_ROT_SAMPLE 601	0.105108	0.938811	0.328005	3.3218
			*CONTROL_ROT_SAMPLE 793	0.185927	0.914707	0.358806	3.25814
			*CONTROL_ROT_SAMPLE 985	0.260199	0.883124	0.390369	3.19686
		}
		*CONTROL_SCALE_TRACK {
			*CONTROL_SCALE_SAMPLE	25	1	1	1	0	0	0	0
		}
	}
}
*HELPEROBJECT {
	*NODE_NAME "Bip01 R UpperArm"
	*NODE_PARENT "Bip01 R Clavicle"
	*NODE_TM {
		*NODE_NAME "Bip01 R UpperArm"
		*TM_ROW0 -0.246232	0.0988932	-0.964153
		*TM_ROW1 -0.412793	0.889345	0.196642
		*TM_ROW2 0.876911	0.446415	-0.178163
		*TM_ROW3 -20.4269	-3.97513	144.872
		*TM_POS -20.4269	-3.97513	144.872
		*TM_ROTAXIS 0.12961	-0.955353	-0.265521
		*TM_ROTANGLE 1.84162
		*TM_SCALE 1	1	1
		*TM_SCALEAXIS 0	0	0
		*TM_SCALEAXISANG 0	0	0
	}
	*TM_ANIMATION {
		*NODE_NAME  "Bip01 R UpperArm"
		*CONTROL_POS_TRACK {
			*CONTROL_POS_SAMPLE 25	-15.5962	18.1669	134.521
			*CONTROL_POS_SAMPLE 217	-14.7199	16.1581	133.354
			*CONTROL_POS_SAMPLE 409	-13.6993	15.3587	131.683
			*CONTROL_POS_SAMPLE 601	-12.1997	15.9139	130.025
			*CONTROL_POS_SAMPLE 793	-10.2423	16.6315	128.235
			*CONTROL_POS_SAMPLE 985	-8.13387	17.047	126.357
		}
		*CONTROL_ROT_TRACK {
			*CONTROL_ROT_SAMPLE 25	0.113168	-0.983341	-0.142243	1.89577
			*CONTROL_ROT_SAMPLE 217	0.048005	-0.986187	-0.158524	1.89801
			*CONTROL_ROT_SAMPLE 409	-0.0671023	-0.979646	-0.189187	1.90941
			*CONTROL_ROT_SAMPLE 601	-0.196425	-0.955804	-0.218758	1.92711
			*CONTROL_ROT_SAMPLE 793	-0.327739	-0.912597	-0.244447	1.95104
			*CONTROL_ROT_SAMPLE 985	-0.447175	-0.854637	-0.263874	1.97906
		}
		*CONTROL_SCALE_TRACK {
			*CONTROL_SCALE_SAMPLE	25	1	1	1	0	0	0	0
		}
	}
}
*HELPEROBJECT {
	*NODE_NAME "Bip01 R Forearm"
	*NODE_PARENT "Bip01 R UpperArm"
	*NODE_TM {
		*NODE_NAME "Bip01 R Forearm"
		*TM_ROW0 -0.0455087	-0.291889	-0.955369
		*TM_ROW1 -0.478487	0.845885	-0.235646
		*TM_ROW2 0.876914	0.446408	-0.17816
		*TM_ROW3 -27.2982	-1.21534	117.966
		*TM_POS -27.2982	-1.21534	117.966
		*TM_ROTAXIS 0.347279	-0.932937	-0.0950097
		*TM_ROTANGLE 1.76083
		*TM_SCALE 1	1	1
		*TM_SCALEAXIS 0	0	0
		*TM_SCALEAXISANG 0	0	0
	}
	*TM_ANIMATION {
		*NODE_NAME  "Bip01 R Forearm"
		*CONTROL_POS_TRACK {
			*CONTROL_POS_SAMPLE 25	-24.035	17.8308	107.923
			*CONTROL_POS_SAMPLE 217	-23.6044	18.6007	107.013
			*CONTROL_POS_SAMPLE 409	-22.8021	22.7815	106.369
			*CONTROL_POS_SAMPLE 601	-20.4824	28.7014	106.645
			*CONTROL_POS_SAMPLE 793	-16.4903	34.4097	107.653
			*CONTROL_POS_SAMPLE 985	-11.4181	38.7043	109.068
		}
		*CONTROL_ROT_TRACK {
			*CONTROL_ROT_SAMPLE 25	0.634534	-0.718491	0.284846	1.98967
			*CONTROL_ROT_SAMPLE 217	0.574594	-0.775962	0.260242	1.96251
			*CONTROL_ROT_SAMPLE 409	0.460629	-0.861333	0.214304	1.92445
			*CONTROL_ROT_SAMPLE 601	0.312194	-0.936374	0.160434	1.89463
			*CONTROL_ROT_SAMPLE 793	0.14118	-0.984543	0.103647	1.87886
			*CONTROL_ROT_SAMPLE 985	-0.0309501	-0.998237	0.0506445	1.87873
		}
		*CONTROL_SCALE_TRACK {
			*CONTROL_SCALE_SAMPLE	25	1	1	1	0	0	0	0
		}
	}
}
*HELPEROBJECT {
	*NODE_NAME "Bip01 R Hand"
	*NODE_PARENT "Bip01 R Forearm"
	*NODE_TM {
		*NODE_NAME "Bip01 R Hand"
		*TM_ROW0 -0.0455115	-0.291885	-0.95537
		*TM_ROW1 0.87653	0.447088	-0.17835
		*TM_ROW2 0.479192	-0.845527	0.235499
		*TM_ROW3 -28.5642	-9.33445	91.391
		*TM_POS -28.5642	-9.33445	91.391
		*TM_ROTAXIS -0.33922	-0.72939	0.59407
		*TM_ROTANGLE 1.75327
		*TM_SCALE 1	1	1
		*TM_SCALEAXIS 0	0	0
		*TM_SCALEAXISANG 0	0	0
	}
	*TM_ANIMATION {
		*NODE_NAME  "Bip01 R Hand"
		*CONTROL_POS_TRACK {
			*CONTROL_POS_SAMPLE 25	-19.5943	-7.2461	96.7392
			*CONTROL_POS_SAMPLE 217	-21.5345	-5.22611	92.8128
			*CONTROL_POS_SAMPLE 409	-24.4898	2.33153	87.5912
			*CONTROL_POS_SAMPLE 601	-25.76	13.7519	83.7902
			*CONTROL_POS_SAMPLE 793	-24.2022	26.6235	82.0877
			*CONTROL_POS_SAMPLE 985	-19.8142	38.4812	82.5513
		}
		*CONTROL_ROT_TRACK {
			*CONTROL_ROT_SAMPLE 25	-0.228074	-0.26061	0.938118	1.54149
			*CONTROL_ROT_SAMPLE 217	-0.254038	-0.317466	0.913608	1.64633
			*CONTROL_ROT_SAMPLE 409	-0.302028	-0.397552	0.866447	1.82698
			*CONTROL_ROT_SAMPLE 601	-0.357603	-0.469455	0.807299	2.03463
			*CONTROL_ROT_SAMPLE 793	0.418923	0.52613	-0.740061	4.03382
			*CONTROL_ROT_SAMPLE 985	0.481353	0.5645	-0.670552	3.83424
		}
		*CONTROL_SCALE_TRACK {
			*CONTROL_SCALE_SAMPLE	25	1	1	1	0	0	0	0
		}
	}
}
*HELPEROBJECT {
	*NODE_NAME "Bip01 R Finger0"
	*NODE_PARENT "Bip01 R Hand"
	*NODE_TM {
		*NODE_NAME "Bip01 R Finger0"
		*TM_ROW0 -0.0455056	-0.291877	-0.955373
		*TM_ROW1 0.876914	0.446413	-0.178152
		*TM_ROW2 0.478489	-0.845886	0.235636
		*TM_ROW3 -29.1499	-13.0909	79.0956
		*TM_POS -29.1499	-13.0909	79.0956
		*TM_ROTAXIS -0.33952	-0.729071	0.594291
		*TM_ROTANGLE 1.75354
		*TM_SCALE 1	1	1
		*TM_SCALEAXIS 0	0	0
		*TM_SCALEAXISANG 0	0	0
	}
	*TM_ANIMATION {
		*NODE_NAME  "Bip01 R Finger0"
		*CONTROL_POS_TRACK {
			*CONTROL_POS_SAMPLE 25	-18.5681	-18.5704	90.7138
			*CONTROL_POS_SAMPLE 217	-21.6131	-15.8329	85.5267
			*CONTROL_POS_SAMPLE 409	-26.2799	-6.51733	78.421
			*CONTROL_POS_SAMPLE 601	-29.1358	7.58824	73.0101
			*CONTROL_POS_SAMPLE 793	-28.6041	23.827	70.3233
			*CONTROL_POS_SAMPLE 985	-24.4415	39.1591	70.5627
		}
		*CONTROL_ROT_TRACK {
			*CONTROL_ROT_SAMPLE 25	-0.228449	-0.260226	0.938133	1.54167
			*CONTROL_ROT_SAMPLE 217	-0.254371	-0.317086	0.913647	1.64653
			*CONTROL_ROT_SAMPLE 409	-0.302298	-0.397184	0.866522	1.82721
			*CONTROL_ROT_SAMPLE 601	-0.357811	-0.469104	0.807411	2.03491
			*CONTROL_ROT_SAMPLE 793	0.419075	0.525805	-0.740206	4.03349
			*CONTROL_ROT_SAMPLE 985	0.481459	0.564204	-0.670724	3.83387
		}
		*CONTROL_SCALE_TRACK {
			*CONTROL_SCALE_SAMPLE	25	1	1	1	0	0	0	0
		}
	}
}
*HELPEROBJECT {
	*NODE_NAME "ZS_RIGHTHAND"
	*NODE_PARENT "Bip01 R Hand"
	*NODE_TM {
		*NODE_NAME "ZS_RIGHTHAND"
		*TM_ROW0 -0.464344	0.856417	-0.225687
		*TM_ROW1 0.177861	0.339806	0.923525
		*TM_ROW2 0.867612	0.388692	-0.31011
		*TM_ROW3 -20.9389	-19.9852	85.8932
		*TM_POS -20.9389	-19.9852	85.8932
		*TM_ROTAXIS 0.383811	0.784581	0.486951
		*TM_ROTANGLE 3.91244
		*TM_SCALE 1	1	1
		*TM_SCALEAXIS 0	0	0
		*TM_SCALEAXISANG 0	0	0
	}
	*TM_ANIMATION {
		*NODE_NAME  "ZS_RIGHTHAND"
		*CONTROL_POS_TRACK {
			*CONTROL_POS_SAMPLE 25	-17.4078	-16.3265	97.3156
			*CONTROL_POS_SAMPLE 217	-19.9543	-14.4325	92.2537
			*CONTROL_POS_SAMPLE 409	-24.0218	-6.68111	85.1173
			*CONTROL_POS_SAMPLE 601	-26.5605	5.59062	79.2825
			*CONTROL_POS_SAMPLE 793	-26.1424	20.0206	75.747
			*CONTROL_POS_SAMPLE 985	-22.4874	33.8887	74.8487
		}
		*CONTROL_ROT_TRACK {
			*CONTROL_ROT_SAMPLE 25	-0.24573	-0.943066	-0.22415	1.64993
			*CONTROL_ROT_SAMPLE 217	-0.324271	-0.917154	-0.231683	1.71955
			*CONTROL_ROT_SAMPLE 409	-0.444288	-0.86037	-0.249742	1.84085
			*CONTROL_ROT_SAMPLE 601	-0.560178	-0.781637	-0.274305	1.98515
			*CONTROL_ROT_SAMPLE 793	0.660158	0.686444	0.304937	4.14746
			*CONTROL_ROT_SAMPLE 985	0.73725	0.584774	0.338381	4.00925
		}
		*CONTROL_SCALE_TRACK {
			*CONTROL_SCALE_SAMPLE	25	1	1	1	0	0	0	0
		}
	}
}
*HELPEROBJECT {
	*NODE_NAME "ZS_CROSSBOW"
	*NODE_PARENT "Bip01 Spine2"
	*NODE_TM {
		*NODE_NAME "ZS_CROSSBOW"
		*TM_ROW0 -0.382687	-0.111464	0.91713
		*TM_ROW1 -0.923878	0.0461715	-0.379891
		*TM_ROW2 -1.2517e-006	-0.992695	-0.120648
		*TM_ROW3 -14.434	10.5915	165.98
		*TM_POS -14.434	10.5915	165.98
		*TM_ROTAXIS -0.447329	0.669479	-0.593039
		*TM_ROTANGLE 2.38705
		*TM_SCALE 1	1	1
		*TM_SCALEAXIS 0	0	0
		*TM_SCALEAXISANG 0	0	0
	}
}
*HELPEROBJECT {
	*NODE_NAME "ZS_LONGSWORD"
	*NODE_PARENT "Bip01 Spine2"
	*NODE_TM {
		*NODE_NAME "ZS_LONGSWORD"
		*TM_ROW0 -0.499829	-0.0915011	0.861277
		*TM_ROW1 -0.865729	0.0828188	-0.493614
		*TM_ROW2 -0.0261636	-0.992355	-0.12061
		*TM_ROW3 -18.1593	6.92629	157.64
		*TM_POS -18.1593	6.92629	157.64
		*TM_ROTAXIS -0.38996	0.69388	-0.60536
		*TM_ROTANGLE 2.44778
		*TM_SCALE 1	1	1
		*TM_SCALEAXIS 0	0	0
		*TM_SCALEAXISANG 0	0	0
	}
}
*HELPEROBJECT {
	*NODE_NAME "ZS_SHIELD"
	*NODE_PARENT "Bip01 Spine2"
	*NODE_TM {
		*NODE_NAME "ZS_SHIELD"
		*TM_ROW0 -0.0138681	0.114196	-0.993362
		*TM_ROW1 -0.908393	0.413755	0.0602465
		*TM_ROW2 0.417888	0.903198	0.0979964
		*TM_ROW3 8.76511	9.5282	131.875
		*TM_POS 8.76511	9.5282	131.875
		*TM_ROTAXIS 0.435421	-0.728972	-0.528212
		*TM_ROTANGLE 1.82457
		*TM_SCALE 1	1	1
		*TM_SCALEAXIS 0	0	0
		*TM_SCALEAXISANG 0	0	0
	}
}
*HELPEROBJECT {
	*NODE_NAME "ZS_BOW"
	*NODE_PARENT "Bip01 Spine2"
	*NODE_TM {
		*NODE_NAME "ZS_BOW"
		*TM_ROW0 -0.341816	-0.0868229	0.935748
		*TM_ROW1 0.0119438	0.995242	0.0967059
		*TM_ROW2 -0.939691	0.044232	-0.339153
		*TM_ROW3 0.5012	12.4143	124.55
		*TM_POS 0.5012	12.4143	124.55
		*TM_ROTAXIS -0.0279299	0.998227	0.0525698
		*TM_ROTANGLE 1.92076
		*TM_SCALE 1	1	1
		*TM_SCALEAXIS 0	0	0
		*TM_SCALEAXISANG 0	0	0
	}
}
*HELPEROBJECT {
	*NODE_NAME "ZS_SWORD"
	*NODE_PARENT "Bip01 Spine"
	*NODE_TM {
		*NODE_NAME "ZS_SWORD"
		*TM_ROW0 5.79282e-007	-0.347172	0.937802
		*TM_ROW1 1.04309e-007	0.937802	0.347172
		*TM_ROW2 -1	-1.04308e-007	5.79283e-007
		*TM_ROW3 17.5015	-4.36211	106.367
		*TM_POS 17.5015	-4.36211	106.367
		*TM_ROTAXIS -0.17367	0.96937	0.17367
		*TM_ROTANGLE 1.6019
		*TM_SCALE 1	1	1
		*TM_SCALEAXIS 0	0	0
		*TM_SCALEAXISANG 0	0	0
	}
	*TM_ANIMATION {
		*NODE_NAME  "ZS_SWORD"
		*CONTROL_POS_TRACK {
			*CONTROL_POS_SAMPLE 25	24.3835	35.7065	100.28
			*CONTROL_POS_SAMPLE 217	25.7	34.9111	99.4718
			*CONTROL_POS_SAMPLE 409	27.7393	34.0045	98.0668
			*CONTROL_POS_SAMPLE 601	30.3557	32.9309	96.1147
			*CONTROL_POS_SAMPLE 793	33.3068	31.6518	93.9299
			*CONTROL_POS_SAMPLE 985	36.2198	30.0717	91.7339
		}
		*CONTROL_ROT_TRACK {
			*CONTROL_ROT_SAMPLE 25	-0.285288	0.885217	0.367425	1.60482
			*CONTROL_ROT_SAMPLE 217	-0.259497	0.876509	0.405454	1.63697
			*CONTROL_ROT_SAMPLE 409	-0.236722	0.863128	0.446064	1.6792
			*CONTROL_ROT_SAMPLE 601	-0.2028	0.842277	0.499442	1.7237
			*CONTROL_ROT_SAMPLE 793	-0.166186	0.81733	0.551683	1.77459
			*CONTROL_ROT_SAMPLE 985	-0.130562	0.791171	0.597496	1.82788
		}
		*CONTROL_SCALE_TRACK {
			*CONTROL_SCALE_SAMPLE	25	1	1	1	0	0	0	0
		}
	}
}
*HELPEROBJECT {
	*NODE_NAME "Bip01 L Thigh"
	*NODE_PARENT "Bip01 Pelvis"
	*NODE_TM {
		*NODE_NAME "Bip01 L Thigh"
		*TM_ROW0 0.0534878	-0.0367886	-0.997891
		*TM_ROW1 -0.00216181	-0.999323	0.0367256
		*TM_ROW2 -0.998566	0.000192882	-0.0535313
		*TM_ROW3 9.01023	-8.01129	99.9496
		*TM_POS 9.01023	-8.01129	99.9496
		*TM_ROTAXIS 0.72572	-0.01342	-0.68786
		*TM_ROTANGLE 3.16677
		*TM_SCALE 1	1	1
		*TM_SCALEAXIS 0	0	0
		*TM_SCALEAXISANG 0	0	0
	}
	*TM_ANIMATION {
		*NODE_NAME  "Bip01 L Thigh"
		*CONTROL_POS_TRACK {
			*CONTROL_POS_SAMPLE 25	15.1442	32.5672	93.5527
			*CONTROL_POS_SAMPLE 217	16.269	32.484	92.5424
			*CONTROL_POS_SAMPLE 409	18.0674	32.6256	91.0478
			*CONTROL_POS_SAMPLE 601	20.4747	32.8111	89.2317
			*CONTROL_POS_SAMPLE 793	23.3413	32.8773	87.2648
			*CONTROL_POS_SAMPLE 985	26.3115	32.5906	85.3298
		}
		*CONTROL_ROT_TRACK {
			*CONTROL_ROT_SAMPLE 25	0.71816	-0.144944	-0.680616	3.47761
			*CONTROL_ROT_SAMPLE 217	0.710094	-0.19034	-0.677892	3.49043
			*CONTROL_ROT_SAMPLE 409	0.694985	-0.2442	-0.676286	3.49117
			*CONTROL_ROT_SAMPLE 601	0.672844	-0.299812	-0.676309	3.48347
			*CONTROL_ROT_SAMPLE 793	0.645026	-0.351838	-0.678345	3.47206
			*CONTROL_ROT_SAMPLE 985	0.61345	-0.399551	-0.681203	3.46739
		}
		*CONTROL_SCALE_TRACK {
			*CONTROL_SCALE_SAMPLE	25	1	1	1	0	0	0	0
		}
	}
}
*HELPEROBJECT {
	*NODE_NAME "Bip01 L Calf"
	*NODE_PARENT "Bip01 L Thigh"
	*NODE_TM {
		*NODE_NAME "Bip01 L Calf"
		*TM_ROW0 0.0525131	0.197552	-0.978885
		*TM_ROW1 0.0103904	-0.980292	-0.197278
		*TM_ROW2 -0.998566	0.000188708	-0.0535307
		*TM_ROW3 11.1149	-9.45845	60.6877
		*TM_POS 11.1149	-9.45845	60.6877
		*TM_ROTAXIS 0.723901	0.0721501	-0.686121
		*TM_ROTANGLE 3.00478
		*TM_SCALE 1	1	1
		*TM_SCALEAXIS 0	0	0
		*TM_SCALEAXISANG 0	0	0
	}
	*TM_ANIMATION {
		*NODE_NAME  "Bip01 L Calf"
		*CONTROL_POS_TRACK {
			*CONTROL_POS_SAMPLE 25	17.5421	15.105	56.6266
			*CONTROL_POS_SAMPLE 217	17.8378	12.2762	56.9981
			*CONTROL_POS_SAMPLE 409	17.9566	9.67988	57.1701
			*CONTROL_POS_SAMPLE 601	17.9022	7.50353	57.1829
			*CONTROL_POS_SAMPLE 793	17.7655	5.80183	57.0978
			*CONTROL_POS_SAMPLE 985	17.5335	4.1392	57.2641
		}
		*CONTROL_ROT_TRACK {
			*CONTROL_ROT_SAMPLE 25	0.722953	-0.040671	-0.689699	3.28154
			*CONTROL_ROT_SAMPLE 217	0.723412	-0.0362057	-0.689466	3.20011
			*CONTROL_ROT_SAMPLE 409	0.724338	-0.0414833	-0.688196	3.1068
			*CONTROL_ROT_SAMPLE 601	0.725414	-0.0540876	-0.686185	3.01122
			*CONTROL_ROT_SAMPLE 793	0.725704	-0.071106	-0.684323	2.92072
			*CONTROL_ROT_SAMPLE 985	0.725599	-0.087304	-0.682557	2.83753
		}
		*CONTROL_SCALE_TRACK {
			*CONTROL_SCALE_SAMPLE	25	1	1	1	0	0	0	0
		}
	}
}
*HELPEROBJECT {
	*NODE_NAME "Bip01 L Foot"
	*NODE_PARENT "Bip01 L Calf"
	*NODE_TM {
		*NODE_NAME "Bip01 L Foot"
		*TM_ROW0 -5.93318e-007	7.27489e-006	-1
		*TM_ROW1 0.173652	-0.984807	-7.26412e-006
		*TM_ROW2 -0.984807	-0.173652	-5.97767e-007
		*TM_ROW3 13.6935	0.240668	12.6267
		*TM_POS 13.6935	0.240668	12.6267
		*TM_ROTAXIS 0.705757	0.0617498	-0.705757
		*TM_ROTANGLE 3.26493
		*TM_SCALE 1	1	1
		*TM_SCALEAXIS 0	0	0
		*TM_SCALEAXISANG 0	0	0
	}
	*TM_ANIMATION {
		*NODE_NAME  "Bip01 L Foot"
		*CONTROL_POS_TRACK {
			*CONTROL_POS_SAMPLE 25	19.7895	8.15124	12.2778
			*CONTROL_POS_SAMPLE 217	19.9719	8.11205	12.2954
			*CONTROL_POS_SAMPLE 409	20.1875	8.05613	12.308
			*CONTROL_POS_SAMPLE 601	20.4411	8.00152	12.3105
			*CONTROL_POS_SAMPLE 793	20.6783	7.95834	12.2972
			*CONTROL_POS_SAMPLE 985	20.8921	7.76078	12.5894
		}
		*CONTROL_ROT_TRACK {
			*CONTROL_ROT_SAMPLE 25	0.701716	-0.0112209	-0.712368	3.12204
			*CONTROL_ROT_SAMPLE 217	0.704746	-0.0169596	-0.709257	3.11226
			*CONTROL_ROT_SAMPLE 409	0.708902	-0.0252674	-0.704854	3.09846
			*CONTROL_ROT_SAMPLE 601	0.713843	-0.0352024	-0.69942	3.08278
			*CONTROL_ROT_SAMPLE 793	0.719084	-0.0456843	-0.69342	3.06723
			*CONTROL_ROT_SAMPLE 985	0.724517	-0.0512188	-0.687351	3.04363
		}
		*CONTROL_SCALE_TRACK {
			*CONTROL_SCALE_SAMPLE	25	1	1	1	0	0	0	0
		}
	}
}
*HELPEROBJECT {
	*NODE_NAME "Bip01 L Toe0"
	*NODE_PARENT "Bip01 L Foot"
	*NODE_TM {
		*NODE_NAME "Bip01 L Toe0"
		*TM_ROW0 0.173646	-0.984808	5.05914e-006
		*TM_ROW1 5.06367e-006	5.91264e-006	1
		*TM_ROW2 -0.984808	-0.173646	5.92894e-006
		*TM_ROW3 17.6256	-22.0591	5.26591e-006
		*TM_POS 17.6256	-22.0591	5.26591e-006
		*TM_ROTAXIS -0.644398	0.540718	0.540718
		*TM_ROTANGLE 1.99673
		*TM_SCALE 1	1	1
		*TM_SCALEAXIS 0	0	0
		*TM_SCALEAXISANG 0	0	0
	}
	*TM_ANIMATION {
		*NODE_NAME  "Bip01 L Toe0"
		*CONTROL_POS_TRACK {
			*CONTROL_POS_SAMPLE 25	18.9276	-14.505	-0.29486
			*CONTROL_POS_SAMPLE 217	18.8789	-14.5477	-0.253064
			*CONTROL_POS_SAMPLE 409	18.759	-14.6056	-0.203077
			*CONTROL_POS_SAMPLE 601	18.6262	-14.6616	-0.147814
			*CONTROL_POS_SAMPLE 793	18.4749	-14.706	-0.0960116
			*CONTROL_POS_SAMPLE 985	18.3522	-14.7416	-0.0324857
		}
		*CONTROL_ROT_TRACK {
			*CONTROL_ROT_SAMPLE 25	0.562573	-0.580815	-0.588358	4.18133
			*CONTROL_ROT_SAMPLE 217	0.558255	-0.585744	-0.587584	4.16825
			*CONTROL_ROT_SAMPLE 409	-0.55197	0.592729	0.586516	2.13339
			*CONTROL_ROT_SAMPLE 601	-0.544617	0.601075	0.584894	2.15497
			*CONTROL_ROT_SAMPLE 793	-0.537081	0.60991	0.582712	2.17731
			*CONTROL_ROT_SAMPLE 985	-0.532749	0.613759	0.582648	2.20625
		}
		*CONTROL_SCALE_TRACK {
			*CONTROL_SCALE_SAMPLE	25	1	1	1	0	0	0	0
		}
	}
}
*HELPEROBJECT {
	*NODE_NAME "Bip01 R Thigh"
	*NODE_PARENT "Bip01 Pelvis"
	*NODE_TM {
		*NODE_NAME "Bip01 R Thigh"
		*TM_ROW0 -0.0535034	-0.0367749	-0.99789
		*TM_ROW1 0.00205776	-0.999324	0.0367174
		*TM_ROW2 -0.998566	-8.89041e-005	0.0535432
		*TM_ROW3 -9.01021	-8.01132	99.9496
		*TM_POS -9.01021	-8.01132	99.9496
		*TM_ROTAXIS 0.687862	-0.01262	-0.725732
		*TM_ROTANGLE 3.16835
		*TM_SCALE 1	1	1
		*TM_SCALEAXIS 0	0	0
		*TM_SCALEAXISANG 0	0	0
	}
	*TM_ANIMATION {
		*NODE_NAME  "Bip01 R Thigh"
		*CONTROL_POS_TRACK {
			*CONTROL_POS_SAMPLE 25	-2.75474	33.557	95.3976
			*CONTROL_POS_SAMPLE 217	-1.53113	34.473	94.5317
			*CONTROL_POS_SAMPLE 409	0.518584	36.0563	93.2901
			*CONTROL_POS_SAMPLE 601	3.39437	37.9326	91.8372
			*CONTROL_POS_SAMPLE 793	6.95914	39.7364	90.32
			*CONTROL_POS_SAMPLE 985	10.7974	41.0459	88.8762
		}
		*CONTROL_ROT_TRACK {
			*CONTROL_ROT_SAMPLE 25	0.600253	-0.217273	-0.769733	2.55015
			*CONTROL_ROT_SAMPLE 217	0.624043	-0.234442	-0.745391	2.60935
			*CONTROL_ROT_SAMPLE 409	0.63321	-0.262481	-0.728113	2.6695
			*CONTROL_ROT_SAMPLE 601	0.607268	-0.30374	-0.734144	2.72355
			*CONTROL_ROT_SAMPLE 793	0.572953	-0.340698	-0.745419	2.77925
			*CONTROL_ROT_SAMPLE 985	0.529554	-0.363155	-0.76661	2.82809
		}
		*CONTROL_SCALE_TRACK {
			*CONTROL_SCALE_SAMPLE	25	1	1	1	0	0	0	0
		}
	}
}
*HELPEROBJECT {
	*NODE_NAME "Bip01 R Calf"
	*NODE_PARENT "Bip01 R Thigh"
	*NODE_TM {
		*NODE_NAME "Bip01 R Calf"
		*TM_ROW0 -0.0525025	0.197539	-0.978888
		*TM_ROW1 -0.0104967	-0.980295	-0.19726
		*TM_ROW2 -0.998566	-8.16064e-005	0.0535415
		*TM_ROW3 -11.1154	-9.45856	60.6878
		*TM_POS -11.1154	-9.45856	60.6878
		*TM_ROTAXIS 0.686298	0.0684898	-0.724088
		*TM_ROTANGLE 2.99744
		*TM_SCALE 1	1	1
		*TM_SCALEAXIS 0	0	0
		*TM_SCALEAXISANG 0	0	0
	}
	*TM_ANIMATION {
		*NODE_NAME  "Bip01 R Calf"
		*CONTROL_POS_TRACK {
			*CONTROL_POS_SAMPLE 25	-9.73975	41.3514	55.8416
			*CONTROL_POS_SAMPLE 217	-7.12291	38.8059	54.2306
			*CONTROL_POS_SAMPLE 409	-4.90485	36.7469	52.7398
			*CONTROL_POS_SAMPLE 601	-5.11942	35.683	51.8789
			*CONTROL_POS_SAMPLE 793	-5.30844	35.0919	51.5624
			*CONTROL_POS_SAMPLE 985	-5.73535	35.3655	51.8813
		}
		*CONTROL_ROT_TRACK {
			*CONTROL_ROT_SAMPLE 25	0.670149	-0.0985787	-0.735651	2.24655
			*CONTROL_ROT_SAMPLE 217	0.702344	-0.0923479	-0.705822	2.2766
			*CONTROL_ROT_SAMPLE 409	0.726259	-0.09076	-0.681403	2.28929
			*CONTROL_ROT_SAMPLE 601	0.729954	-0.095563	-0.676783	2.24988
			*CONTROL_ROT_SAMPLE 793	0.726362	-0.103234	-0.679516	2.21113
			*CONTROL_ROT_SAMPLE 985	0.707068	-0.114025	-0.697892	2.17539
		}
		*CONTROL_SCALE_TRACK {
			*CONTROL_SCALE_SAMPLE	25	1	1	1	0	0	0	0
		}
	}
}
*HELPEROBJECT {
	*NODE_NAME "Bip01 R Foot"
	*NODE_PARENT "Bip01 R Calf"
	*NODE_TM {
		*NODE_NAME "Bip01 R Foot"
		*TM_ROW0 -5.86373e-007	-7.29557e-006	-1
		*TM_ROW1 -0.173652	-0.984807	7.26572e-006
		*TM_ROW2 -0.984807	0.173652	-5.93781e-007
		*TM_ROW3 -13.6935	0.24065	12.6267
		*TM_POS -13.6935	0.24065	12.6267
		*TM_ROTAXIS 0.705757	-0.0617498	-0.705757
		*TM_ROTANGLE 3.01826
		*TM_SCALE 1	1	1
		*TM_SCALEAXIS 0	0	0
		*TM_SCALEAXISANG 0	0	0
	}
	*TM_ANIMATION {
		*NODE_NAME  "Bip01 R Foot"
		*CONTROL_POS_TRACK {
			*CONTROL_POS_SAMPLE 25	-5.04104	62.3236	16.3661
			*CONTROL_POS_SAMPLE 217	0.276679	58.1451	14.3374
			*CONTROL_POS_SAMPLE 409	4.82229	54.8898	12.7844
			*CONTROL_POS_SAMPLE 601	5.64228	54.2491	12.3857
			*CONTROL_POS_SAMPLE 793	5.72053	54.1994	12.4026
			*CONTROL_POS_SAMPLE 985	3.96052	55.4894	12.8782
		}
		*CONTROL_ROT_TRACK {
			*CONTROL_ROT_SAMPLE 25	0.632048	-0.174227	-0.755089	2.41894
			*CONTROL_ROT_SAMPLE 217	0.628808	-0.226275	-0.743909	2.4839
			*CONTROL_ROT_SAMPLE 409	0.628808	-0.263392	-0.731591	2.53414
			*CONTROL_ROT_SAMPLE 601	0.626651	-0.272776	-0.730001	2.54798
			*CONTROL_ROT_SAMPLE 793	0.627889	-0.271895	-0.729266	2.54687
			*CONTROL_ROT_SAMPLE 985	0.621128	-0.265407	-0.737401	2.53553
		}
		*CONTROL_SCALE_TRACK {
			*CONTROL_SCALE_SAMPLE	25	1	1	1	0	0	0	0
		}
	}
}
*HELPEROBJECT {
	*NODE_NAME "Bip01 R Toe0"
	*NODE_PARENT "Bip01 R Foot"
	*NODE_TM {
		*NODE_NAME "Bip01 R Toe0"
		*TM_ROW0 -0.173651	-0.984807	3.52553e-006
		*TM_ROW1 3.507e-006	3.07854e-006	1
		*TM_ROW2 -0.984807	0.173651	3.0421e-006
		*TM_ROW3 -17.6255	-22.0592	2.91014e-005
		*TM_POS -17.6255	-22.0592	2.91014e-005
		*TM_ROTAXIS -0.510271	0.608121	0.608121
		*TM_ROTANGLE 2.19793
		*TM_SCALE 1	1	1
		*TM_SCALEAXIS 0	0	0
		*TM_SCALEAXISANG 0	0	0
	}
	*TM_ANIMATION {
		*NODE_NAME  "Bip01 R Toe0"
		*CONTROL_POS_TRACK {
			*CONTROL_POS_SAMPLE 25	-21.3554	50.4143	0.114011
			*CONTROL_POS_SAMPLE 217	-16.8403	44.8247	0.135423
			*CONTROL_POS_SAMPLE 409	-12.7379	40.6217	0.128121
			*CONTROL_POS_SAMPLE 601	-12.0802	39.7687	0.205567
			*CONTROL_POS_SAMPLE 793	-11.9558	39.7218	0.152503
			*CONTROL_POS_SAMPLE 985	-13.8537	41.2958	0.496067
		}
		*CONTROL_ROT_TRACK {
			*CONTROL_ROT_SAMPLE 25	0.31273	-0.550708	-0.773899	3.64582
			*CONTROL_ROT_SAMPLE 217	0.279749	-0.594204	-0.754097	3.68724
			*CONTROL_ROT_SAMPLE 409	0.257024	-0.627486	-0.734983	3.71362
			*CONTROL_ROT_SAMPLE 601	0.249801	-0.634841	-0.731147	3.72334
			*CONTROL_ROT_SAMPLE 793	0.251179	-0.634796	-0.730714	3.72134
			*CONTROL_ROT_SAMPLE 985	0.250608	-0.624506	-0.739722	3.723
		}
		*CONTROL_SCALE_TRACK {
			*CONTROL_SCALE_SAMPLE	25	1	1	1	0	0	0	0
		}
	}
}
