*3DSMAX_ASCIIEXPORT	110
*COMMENT "[ GothicSourcer v3.14 ] - June 2007"
*SCENE {
	*SCENE_FILENAME "HUM_IE_FLEX_INSTRUMENT.MAX"
	*SCENE_FIRSTFRAME 0
	*SCENE_LASTFRAME 100
	*SCENE_FRAMESPEED 25
	*SCENE_TICKSPERFRAME 192
	*SCENE_BACKGROUND_STATIC 0	0	0
	*SCENE_AMBIENT_STATIC 0.2	0.2	0.2
}
*MATERIAL_LIST {
	*MATERIAL_COUNT 3
	*MATERIAL 0 {
		*MATERIAL_NAME "MATERIAL #47"
		*MATERIAL_CLASS "Standard"
		*MATERIAL_AMBIENT 0.384314	0.4	0.435294
		*MATERIAL_DIFFUSE 0.384314	0.4	0.435294
		*MATERIAL_SPECULAR 0.9	0.9	0.9
		*MATERIAL_SHINE 0.1
		*MATERIAL_SHINESTRENGTH 0
		*MATERIAL_TRANSPARENCY 0
		*MATERIAL_WIRESIZE 1
		*MATERIAL_SHADING Blinn
		*MATERIAL_XP_FALLOFF 0
		*MATERIAL_SELFILLUM 0
		*MATERIAL_FALLOFF In
		*MATERIAL_XP_TYPE Filter
		*MAP_DIFFUSE {
			*MAP_NAME "Map #1"
			*MAP_CLASS "Bitmap"
			*MAP_SUBNO 1
			*MAP_AMOUNT 1
			*BITMAP "ITMIDUDELBLAU.TGA"
			*MAP_TYPE Screen
			*UVW_U_OFFSET 0
			*UVW_V_OFFSET 0
			*UVW_U_TILING 1
			*UVW_V_TILING 1
			*UVW_ANGLE 0
			*UVW_BLUR 1
			*UVW_BLUR_OFFSET 0
			*UVW_NOUSE_AMT 1
			*UVW_NOISE_SIZE 1
			*UVW_NOISE_LEVEL 1
			*UVW_NOISE_PHASE 0
			*BITMAP_FILTER Pyramidal
		}
	}
	*MATERIAL 1 {
		*MATERIAL_NAME "NACKED_MUSCEL0"
		*MATERIAL_CLASS "Standard"
		*MATERIAL_AMBIENT 0.380392	0.278431	0.184314
		*MATERIAL_DIFFUSE 0.380392	0.278431	0.184314
		*MATERIAL_SPECULAR 0.9	0.9	0.9
		*MATERIAL_SHINE 0.1
		*MATERIAL_SHINESTRENGTH 0
		*MATERIAL_TRANSPARENCY 0
		*MATERIAL_WIRESIZE 1
		*MATERIAL_SHADING Blinn
		*MATERIAL_XP_FALLOFF 0
		*MATERIAL_SELFILLUM 0
		*MATERIAL_FALLOFF In
		*MATERIAL_XP_TYPE Filter
		*MAP_DIFFUSE {
			*MAP_NAME "Map #2"
			*MAP_CLASS "Bitmap"
			*MAP_SUBNO 1
			*MAP_AMOUNT 1
			*BITMAP "HUM_EXT_DUDELSACK_BODY.TGA"
			*MAP_TYPE Screen
			*UVW_U_OFFSET 0
			*UVW_V_OFFSET 0
			*UVW_U_TILING 1
			*UVW_V_TILING 1
			*UVW_ANGLE 0
			*UVW_BLUR 1
			*UVW_BLUR_OFFSET 0
			*UVW_NOUSE_AMT 1
			*UVW_NOISE_SIZE 1
			*UVW_NOISE_LEVEL 1
			*UVW_NOISE_PHASE 0
			*BITMAP_FILTER Pyramidal
		}
	}
	*MATERIAL 2 {
		*MATERIAL_NAME "LAUTEROCK"
		*MATERIAL_CLASS "Standard"
		*MATERIAL_AMBIENT 0.121569	0.231373	0.160784
		*MATERIAL_DIFFUSE 0.121569	0.231373	0.160784
		*MATERIAL_SPECULAR 0.9	0.9	0.9
		*MATERIAL_SHINE 0.1
		*MATERIAL_SHINESTRENGTH 0
		*MATERIAL_TRANSPARENCY 0
		*MATERIAL_WIRESIZE 1
		*MATERIAL_SHADING Blinn
		*MATERIAL_XP_FALLOFF 0
		*MATERIAL_SELFILLUM 0
		*MATERIAL_FALLOFF In
		*MATERIAL_XP_TYPE Filter
		*MAP_DIFFUSE {
			*MAP_NAME "Map #3"
			*MAP_CLASS "Bitmap"
			*MAP_SUBNO 1
			*MAP_AMOUNT 1
			*BITMAP "HUM_EXT_DUDELSACKROCK.TGA"
			*MAP_TYPE Screen
			*UVW_U_OFFSET 0
			*UVW_V_OFFSET 0
			*UVW_U_TILING 1
			*UVW_V_TILING 1
			*UVW_ANGLE 0
			*UVW_BLUR 1
			*UVW_BLUR_OFFSET 0
			*UVW_NOUSE_AMT 1
			*UVW_NOISE_SIZE 1
			*UVW_NOISE_LEVEL 1
			*UVW_NOISE_PHASE 0
			*BITMAP_FILTER Pyramidal
		}
	}
}
*HELPEROBJECT {
	*NODE_NAME "Bip01"
	*NODE_TM {
		*NODE_NAME "Bip01"
		*TM_ROW0 6.27438e-006	-1	0
		*TM_ROW1 1	6.27438e-006	0
		*TM_ROW2 -0	-0	1
		*TM_ROW3 0	-7.37745	99.9496
		*TM_POS 0	-7.37745	99.9496
		*TM_ROTAXIS 0	0	1
		*TM_ROTANGLE 1.57079
		*TM_SCALE 1	1	1
		*TM_SCALEAXIS 0	0	0
		*TM_SCALEAXISANG 0	0	0
	}
}
*HELPEROBJECT {
	*NODE_NAME "Bip01 Pelvis"
	*NODE_PARENT "Bip01"
	*NODE_TM {
		*NODE_NAME "Bip01 Pelvis"
		*TM_ROW0 -5.96046e-008	1.79264e-006	1
		*TM_ROW1 -1.79264e-006	-1	1.79264e-006
		*TM_ROW2 1	-1.79264e-006	-5.96046e-008
		*TM_ROW3 1e-005	-8.0113	99.9496
		*TM_POS 1e-005	-8.0113	99.9496
		*TM_ROTAXIS 0.707107	0	0.707107
		*TM_ROTANGLE 3.1416
		*TM_SCALE 1	1	1
		*TM_SCALEAXIS 0	0	0
		*TM_SCALEAXISANG 0	0	0
	}
}
*HELPEROBJECT {
	*NODE_NAME "Bip01 Spine"
	*NODE_PARENT "Bip01 Pelvis"
	*NODE_TM {
		*NODE_NAME "Bip01 Spine"
		*TM_ROW0 5.96047e-008	-0.0205947	0.999788
		*TM_ROW1 5.48642e-006	-0.999788	-0.0205947
		*TM_ROW2 1	5.48642e-006	5.96047e-008
		*TM_ROW3 1e-005	-7.92216	102.35
		*TM_POS 1e-005	-7.92216	102.35
		*TM_ROTAXIS 0.707088	-0.00727998	0.707088
		*TM_ROTANGLE 3.12703
		*TM_SCALE 1	1	1
		*TM_SCALEAXIS 0	0	0
		*TM_SCALEAXISANG 0	0	0
	}
}
*HELPEROBJECT {
	*NODE_NAME "Bip01 Spine1"
	*NODE_PARENT "Bip01 Spine"
	*NODE_TM {
		*NODE_NAME "Bip01 Spine1"
		*TM_ROW0 5.96047e-008	-0.00276992	0.999996
		*TM_ROW1 -1.92621e-006	-0.999996	-0.00276991
		*TM_ROW2 1	-1.92621e-006	5.96047e-008
		*TM_ROW3 1e-005	-8.11442	112.175
		*TM_POS 1e-005	-8.11442	112.175
		*TM_ROTAXIS 0.707106	-0.000979995	0.707107
		*TM_ROTANGLE 3.13964
		*TM_SCALE 1	1	1
		*TM_SCALEAXIS 0	0	0
		*TM_SCALEAXISANG 0	0	0
	}
}
*HELPEROBJECT {
	*NODE_NAME "Bip01 Spine2"
	*NODE_PARENT "Bip01 Spine1"
	*NODE_TM {
		*NODE_NAME "Bip01 Spine2"
		*TM_ROW0 5.96048e-008	0.180243	0.983622
		*TM_ROW1 1.67638e-006	-0.983622	0.180243
		*TM_ROW2 1	1.67638e-006	5.96047e-008
		*TM_ROW3 1e-005	-8.1264	124.961
		*TM_POS 1e-005	-8.1264	124.961
		*TM_ROTAXIS 0.705652	0.0641202	0.705652
		*TM_ROTANGLE 3.26966
		*TM_SCALE 1	1	1
		*TM_SCALEAXIS 0	0	0
		*TM_SCALEAXISANG 0	0	0
	}
}
*HELPEROBJECT {
	*NODE_NAME "Bip01 Neck"
	*NODE_PARENT "Bip01 Spine2"
	*NODE_TM {
		*NODE_NAME "Bip01 Neck"
		*TM_ROW0 5.96046e-007	-0.167043	0.98595
		*TM_ROW1 4.70132e-006	-0.98595	-0.167043
		*TM_ROW2 1	4.70132e-006	5.96047e-007
		*TM_ROW3 1.03264e-011	-2.71656	154.454
		*TM_POS 1.03264e-011	-2.71656	154.454
		*TM_ROTAXIS -0.70586	0.05937	-0.705859
		*TM_ROTANGLE 3.2602
		*TM_SCALE 1	1	1
		*TM_SCALEAXIS 0	0	0
		*TM_SCALEAXISANG 0	0	0
	}
}
*HELPEROBJECT {
	*NODE_NAME "Bip01 Head"
	*NODE_PARENT "Bip01 Neck"
	*NODE_TM {
		*NODE_NAME "Bip01 Head"
		*TM_ROW0 -5.96047e-008	1.76447e-006	1
		*TM_ROW1 -1.79264e-006	-1	1.80855e-006
		*TM_ROW2 1	-1.79264e-006	-5.96046e-008
		*TM_ROW3 2.27758e-011	-3.85901	161.198
		*TM_POS 2.27758e-011	-3.85901	161.198
		*TM_ROTAXIS -0.707107	-5.62215e-009	-0.707107
		*TM_ROTANGLE 3.14159
		*TM_SCALE 1	1	1
		*TM_SCALEAXIS 0	0	0
		*TM_SCALEAXISANG 0	0	0
	}
}
*HELPEROBJECT {
	*NODE_NAME "ZS_HELMET"
	*NODE_PARENT "Bip01 Head"
	*NODE_TM {
		*NODE_NAME "ZS_HELMET"
		*TM_ROW0 1	7.87298e-013	7.61567e-014
		*TM_ROW1 -1.53811e-013	0.996917	-0.0784593
		*TM_ROW2 -5.53111e-014	0.0784593	0.996918
		*TM_ROW3 1e-005	-7.06248	173.704
		*TM_POS 1e-005	-7.06248	173.704
		*TM_ROTAXIS 1	8.37809e-013	-5.99744e-012
		*TM_ROTANGLE 0.078541
		*TM_SCALE 1	1	1
		*TM_SCALEAXIS 0	0	0
		*TM_SCALEAXISANG 0	0	0
	}
}
*HELPEROBJECT {
	*NODE_NAME "Bip01 L Clavicle"
	*NODE_PARENT "Bip01 Neck"
	*NODE_TM {
		*NODE_NAME "Bip01 L Clavicle"
		*TM_ROW0 0.935229	-0.203893	-0.289439
		*TM_ROW1 0.156435	0.971369	-0.178803
		*TM_ROW2 0.317608	0.121943	0.940348
		*TM_ROW3 7.96399	-1.25804	148.729
		*TM_POS 7.96399	-1.25804	148.729
		*TM_ROTAXIS 0.391939	-0.791119	0.469589
		*TM_ROTANGLE 0.39376
		*TM_SCALE 1	1	1
		*TM_SCALEAXIS 0	0	0
		*TM_SCALEAXISANG 0	0	0
	}
}
*HELPEROBJECT {
	*NODE_NAME "Bip01 L UpperArm"
	*NODE_PARENT "Bip01 L Clavicle"
	*NODE_TM {
		*NODE_NAME "Bip01 L UpperArm"
		*TM_ROW0 0.246229	0.0989027	-0.964152
		*TM_ROW1 0.412789	0.889345	0.196649
		*TM_ROW2 0.876913	-0.446412	0.178157
		*TM_ROW3 20.4269	-3.97508	144.872
		*TM_POS 20.4269	-3.97508	144.872
		*TM_ROTAXIS -0.325561	-0.932072	0.15891
		*TM_ROTANGLE 1.41328
		*TM_SCALE 1	1	1
		*TM_SCALEAXIS 0	0	0
		*TM_SCALEAXISANG 0	0	0
	}
}
*HELPEROBJECT {
	*NODE_NAME "Bip01 L Forearm"
	*NODE_PARENT "Bip01 L UpperArm"
	*NODE_TM {
		*NODE_NAME "Bip01 L Forearm"
		*TM_ROW0 0.0455122	-0.291882	-0.955371
		*TM_ROW1 0.478489	0.845886	-0.235638
		*TM_ROW2 0.876913	-0.44641	0.17816
		*TM_ROW3 27.2982	-1.21526	117.966
		*TM_POS 27.2982	-1.21526	117.966
		*TM_ROTAXIS -0.10545	-0.916697	0.385419
		*TM_ROTANGLE 1.53601
		*TM_SCALE 1	1	1
		*TM_SCALEAXIS 0	0	0
		*TM_SCALEAXISANG 0	0	0
	}
}
*HELPEROBJECT {
	*NODE_NAME "Bip01 L Hand"
	*NODE_PARENT "Bip01 L Forearm"
	*NODE_TM {
		*NODE_NAME "Bip01 L Hand"
		*TM_ROW0 0.0455132	-0.291886	-0.95537
		*TM_ROW1 -0.876533	0.44708	-0.17835
		*TM_ROW2 0.479185	0.845531	-0.2355
		*TM_ROW3 28.5642	-9.33438	91.391
		*TM_POS 28.5642	-9.33438	91.391
		*TM_ROTAXIS 0.551391	-0.772552	-0.314851
		*TM_ROTANGLE 1.95137
		*TM_SCALE 1	1	1
		*TM_SCALEAXIS 0	0	0
		*TM_SCALEAXISANG 0	0	0
	}
}
*HELPEROBJECT {
	*NODE_NAME "Bip01 L Finger0"
	*NODE_PARENT "Bip01 L Hand"
	*NODE_TM {
		*NODE_NAME "Bip01 L Finger0"
		*TM_ROW0 0.0455153	-0.291888	-0.955369
		*TM_ROW1 -0.876915	0.446405	-0.178165
		*TM_ROW2 0.478485	0.845886	-0.235643
		*TM_ROW3 29.15	-13.0909	79.0956
		*TM_POS 29.15	-13.0909	79.0956
		*TM_ROTAXIS 0.551581	-0.772311	-0.31511
		*TM_ROTANGLE 1.95181
		*TM_SCALE 1	1	1
		*TM_SCALEAXIS 0	0	0
		*TM_SCALEAXISANG 0	0	0
	}
}
*HELPEROBJECT {
	*NODE_NAME "ZS_LEFTHAND"
	*NODE_PARENT "Bip01 L Hand"
	*NODE_TM {
		*NODE_NAME "ZS_LEFTHAND"
		*TM_ROW0 0.435606	0.890062	-0.134303
		*TM_ROW1 0.180312	-0.232461	-0.955745
		*TM_ROW2 -0.881893	0.392112	-0.261751
		*TM_ROW3 26.7605	-11.5467	82.7857
		*TM_POS 26.7605	-11.5467	82.7857
		*TM_ROTAXIS 0.794322	0.440571	-0.418271
		*TM_ROTANGLE 2.12858
		*TM_SCALE 1	1	1
		*TM_SCALEAXIS 0	0	0
		*TM_SCALEAXISANG 0	0	0
	}
}
*HELPEROBJECT {
	*NODE_NAME "ZS_LEFTARM"
	*NODE_PARENT "Bip01 L Forearm"
	*NODE_TM {
		*NODE_NAME "ZS_LEFTARM"
		*TM_ROW0 0.0759923	-0.150176	-0.985735
		*TM_ROW1 0.524499	0.846792	-0.0885737
		*TM_ROW2 0.848013	-0.510286	0.143117
		*TM_ROW3 26.9101	-7.67833	110.055
		*TM_POS 26.9101	-7.67833	110.055
		*TM_ROTAXIS -0.21097	-0.917372	0.337521
		*TM_ROTANGLE 1.53784
		*TM_SCALE 1	1	1
		*TM_SCALEAXIS 0	0	0
		*TM_SCALEAXISANG 0	0	0
	}
}
*HELPEROBJECT {
	*NODE_NAME "Bip01 R Clavicle"
	*NODE_PARENT "Bip01 Neck"
	*NODE_TM {
		*NODE_NAME "Bip01 R Clavicle"
		*TM_ROW0 -0.935227	-0.203899	-0.28944
		*TM_ROW1 -0.156442	0.971369	-0.178799
		*TM_ROW2 0.317609	-0.121937	-0.940349
		*TM_ROW3 -7.96398	-1.25806	148.729
		*TM_POS -7.96398	-1.25806	148.729
		*TM_ROTAXIS -0.0929799	0.992639	-0.0776
		*TM_ROTANGLE 3.45235
		*TM_SCALE 1	1	1
		*TM_SCALEAXIS 0	0	0
		*TM_SCALEAXISANG 0	0	0
	}
}
*HELPEROBJECT {
	*NODE_NAME "Bip01 R UpperArm"
	*NODE_PARENT "Bip01 R Clavicle"
	*NODE_TM {
		*NODE_NAME "Bip01 R UpperArm"
		*TM_ROW0 -0.246232	0.0988932	-0.964153
		*TM_ROW1 -0.412793	0.889345	0.196642
		*TM_ROW2 0.876911	0.446415	-0.178163
		*TM_ROW3 -20.4269	-3.97513	144.872
		*TM_POS -20.4269	-3.97513	144.872
		*TM_ROTAXIS 0.12961	-0.955353	-0.265521
		*TM_ROTANGLE 1.84162
		*TM_SCALE 1	1	1
		*TM_SCALEAXIS 0	0	0
		*TM_SCALEAXISANG 0	0	0
	}
}
*HELPEROBJECT {
	*NODE_NAME "Bip01 R Forearm"
	*NODE_PARENT "Bip01 R UpperArm"
	*NODE_TM {
		*NODE_NAME "Bip01 R Forearm"
		*TM_ROW0 -0.0455087	-0.291889	-0.955369
		*TM_ROW1 -0.478487	0.845885	-0.235646
		*TM_ROW2 0.876914	0.446408	-0.17816
		*TM_ROW3 -27.2982	-1.21534	117.966
		*TM_POS -27.2982	-1.21534	117.966
		*TM_ROTAXIS 0.347279	-0.932937	-0.0950097
		*TM_ROTANGLE 1.76083
		*TM_SCALE 1	1	1
		*TM_SCALEAXIS 0	0	0
		*TM_SCALEAXISANG 0	0	0
	}
}
*HELPEROBJECT {
	*NODE_NAME "Bip01 R Hand"
	*NODE_PARENT "Bip01 R Forearm"
	*NODE_TM {
		*NODE_NAME "Bip01 R Hand"
		*TM_ROW0 -0.0455115	-0.291885	-0.95537
		*TM_ROW1 0.87653	0.447088	-0.17835
		*TM_ROW2 0.479192	-0.845527	0.235499
		*TM_ROW3 -28.5642	-9.33445	91.391
		*TM_POS -28.5642	-9.33445	91.391
		*TM_ROTAXIS -0.33922	-0.72939	0.59407
		*TM_ROTANGLE 1.75327
		*TM_SCALE 1	1	1
		*TM_SCALEAXIS 0	0	0
		*TM_SCALEAXISANG 0	0	0
	}
}
*HELPEROBJECT {
	*NODE_NAME "Bip01 R Finger0"
	*NODE_PARENT "Bip01 R Hand"
	*NODE_TM {
		*NODE_NAME "Bip01 R Finger0"
		*TM_ROW0 -0.0455056	-0.291877	-0.955373
		*TM_ROW1 0.876914	0.446413	-0.178152
		*TM_ROW2 0.478489	-0.845886	0.235636
		*TM_ROW3 -29.1499	-13.0909	79.0956
		*TM_POS -29.1499	-13.0909	79.0956
		*TM_ROTAXIS -0.33952	-0.729071	0.594291
		*TM_ROTANGLE 1.75354
		*TM_SCALE 1	1	1
		*TM_SCALEAXIS 0	0	0
		*TM_SCALEAXISANG 0	0	0
	}
}
*HELPEROBJECT {
	*NODE_NAME "ZS_RIGHTHAND"
	*NODE_PARENT "Bip01 R Hand"
	*NODE_TM {
		*NODE_NAME "ZS_RIGHTHAND"
		*TM_ROW0 -0.464344	0.856417	-0.225687
		*TM_ROW1 0.177861	0.339806	0.923525
		*TM_ROW2 0.867612	0.388692	-0.31011
		*TM_ROW3 -20.9389	-19.9852	85.8932
		*TM_POS -20.9389	-19.9852	85.8932
		*TM_ROTAXIS 0.383811	0.784581	0.486951
		*TM_ROTANGLE 3.91244
		*TM_SCALE 1	1	1
		*TM_SCALEAXIS 0	0	0
		*TM_SCALEAXISANG 0	0	0
	}
}
*HELPEROBJECT {
	*NODE_NAME "ZS_CROSSBOW"
	*NODE_PARENT "Bip01 Spine2"
	*NODE_TM {
		*NODE_NAME "ZS_CROSSBOW"
		*TM_ROW0 -0.382687	-0.111464	0.91713
		*TM_ROW1 -0.923878	0.0461715	-0.379891
		*TM_ROW2 -1.2517e-006	-0.992695	-0.120648
		*TM_ROW3 -14.434	10.5915	165.98
		*TM_POS -14.434	10.5915	165.98
		*TM_ROTAXIS -0.447329	0.669479	-0.593039
		*TM_ROTANGLE 2.38705
		*TM_SCALE 1	1	1
		*TM_SCALEAXIS 0	0	0
		*TM_SCALEAXISANG 0	0	0
	}
}
*HELPEROBJECT {
	*NODE_NAME "ZS_LONGSWORD"
	*NODE_PARENT "Bip01 Spine2"
	*NODE_TM {
		*NODE_NAME "ZS_LONGSWORD"
		*TM_ROW0 -0.499829	-0.0915011	0.861277
		*TM_ROW1 -0.865729	0.0828188	-0.493614
		*TM_ROW2 -0.0261636	-0.992355	-0.12061
		*TM_ROW3 -18.1593	6.92629	157.64
		*TM_POS -18.1593	6.92629	157.64
		*TM_ROTAXIS -0.38996	0.69388	-0.60536
		*TM_ROTANGLE 2.44778
		*TM_SCALE 1	1	1
		*TM_SCALEAXIS 0	0	0
		*TM_SCALEAXISANG 0	0	0
	}
}
*HELPEROBJECT {
	*NODE_NAME "ZS_SHIELD"
	*NODE_PARENT "Bip01 Spine2"
	*NODE_TM {
		*NODE_NAME "ZS_SHIELD"
		*TM_ROW0 -0.0138681	0.114196	-0.993362
		*TM_ROW1 -0.908393	0.413755	0.0602465
		*TM_ROW2 0.417888	0.903198	0.0979964
		*TM_ROW3 8.76511	9.5282	131.875
		*TM_POS 8.76511	9.5282	131.875
		*TM_ROTAXIS 0.435421	-0.728972	-0.528212
		*TM_ROTANGLE 1.82457
		*TM_SCALE 1	1	1
		*TM_SCALEAXIS 0	0	0
		*TM_SCALEAXISANG 0	0	0
	}
}
*HELPEROBJECT {
	*NODE_NAME "ZS_BOW"
	*NODE_PARENT "Bip01 Spine2"
	*NODE_TM {
		*NODE_NAME "ZS_BOW"
		*TM_ROW0 -0.341816	-0.0868229	0.935748
		*TM_ROW1 0.0119438	0.995242	0.0967059
		*TM_ROW2 -0.939691	0.044232	-0.339153
		*TM_ROW3 0.5012	12.4143	124.55
		*TM_POS 0.5012	12.4143	124.55
		*TM_ROTAXIS -0.0279299	0.998227	0.0525698
		*TM_ROTANGLE 1.92076
		*TM_SCALE 1	1	1
		*TM_SCALEAXIS 0	0	0
		*TM_SCALEAXISANG 0	0	0
	}
}
*HELPEROBJECT {
	*NODE_NAME "ZS_SWORD"
	*NODE_PARENT "Bip01 Spine"
	*NODE_TM {
		*NODE_NAME "ZS_SWORD"
		*TM_ROW0 5.79282e-007	-0.347172	0.937802
		*TM_ROW1 1.04309e-007	0.937802	0.347172
		*TM_ROW2 -1	-1.04308e-007	5.79283e-007
		*TM_ROW3 17.5015	-4.36211	106.367
		*TM_POS 17.5015	-4.36211	106.367
		*TM_ROTAXIS -0.17367	0.96937	0.17367
		*TM_ROTANGLE 1.6019
		*TM_SCALE 1	1	1
		*TM_SCALEAXIS 0	0	0
		*TM_SCALEAXISANG 0	0	0
	}
}
*HELPEROBJECT {
	*NODE_NAME "Bip01 L Thigh"
	*NODE_PARENT "Bip01 Pelvis"
	*NODE_TM {
		*NODE_NAME "Bip01 L Thigh"
		*TM_ROW0 0.0534878	-0.0367886	-0.997891
		*TM_ROW1 -0.00216181	-0.999323	0.0367256
		*TM_ROW2 -0.998566	0.000192882	-0.0535313
		*TM_ROW3 9.01023	-8.01129	99.9496
		*TM_POS 9.01023	-8.01129	99.9496
		*TM_ROTAXIS 0.72572	-0.01342	-0.68786
		*TM_ROTANGLE 3.16677
		*TM_SCALE 1	1	1
		*TM_SCALEAXIS 0	0	0
		*TM_SCALEAXISANG 0	0	0
	}
}
*HELPEROBJECT {
	*NODE_NAME "Bip01 L Calf"
	*NODE_PARENT "Bip01 L Thigh"
	*NODE_TM {
		*NODE_NAME "Bip01 L Calf"
		*TM_ROW0 0.0525131	0.197552	-0.978885
		*TM_ROW1 0.0103904	-0.980292	-0.197278
		*TM_ROW2 -0.998566	0.000188708	-0.0535307
		*TM_ROW3 11.1149	-9.45845	60.6877
		*TM_POS 11.1149	-9.45845	60.6877
		*TM_ROTAXIS 0.723901	0.0721501	-0.686121
		*TM_ROTANGLE 3.00478
		*TM_SCALE 1	1	1
		*TM_SCALEAXIS 0	0	0
		*TM_SCALEAXISANG 0	0	0
	}
}
*HELPEROBJECT {
	*NODE_NAME "Bip01 L Foot"
	*NODE_PARENT "Bip01 L Calf"
	*NODE_TM {
		*NODE_NAME "Bip01 L Foot"
		*TM_ROW0 -5.93318e-007	7.27489e-006	-1
		*TM_ROW1 0.173652	-0.984807	-7.26412e-006
		*TM_ROW2 -0.984807	-0.173652	-5.97767e-007
		*TM_ROW3 13.6935	0.240668	12.6267
		*TM_POS 13.6935	0.240668	12.6267
		*TM_ROTAXIS 0.705757	0.0617498	-0.705757
		*TM_ROTANGLE 3.26493
		*TM_SCALE 1	1	1
		*TM_SCALEAXIS 0	0	0
		*TM_SCALEAXISANG 0	0	0
	}
}
*HELPEROBJECT {
	*NODE_NAME "Bip01 L Toe0"
	*NODE_PARENT "Bip01 L Foot"
	*NODE_TM {
		*NODE_NAME "Bip01 L Toe0"
		*TM_ROW0 0.173646	-0.984808	5.05914e-006
		*TM_ROW1 5.06367e-006	5.91264e-006	1
		*TM_ROW2 -0.984808	-0.173646	5.92894e-006
		*TM_ROW3 17.6256	-22.0591	5.26591e-006
		*TM_POS 17.6256	-22.0591	5.26591e-006
		*TM_ROTAXIS -0.644398	0.540718	0.540718
		*TM_ROTANGLE 1.99673
		*TM_SCALE 1	1	1
		*TM_SCALEAXIS 0	0	0
		*TM_SCALEAXISANG 0	0	0
	}
}
*HELPEROBJECT {
	*NODE_NAME "Bip01 R Thigh"
	*NODE_PARENT "Bip01 Pelvis"
	*NODE_TM {
		*NODE_NAME "Bip01 R Thigh"
		*TM_ROW0 -0.0535034	-0.0367749	-0.99789
		*TM_ROW1 0.00205776	-0.999324	0.0367174
		*TM_ROW2 -0.998566	-8.89041e-005	0.0535432
		*TM_ROW3 -9.01021	-8.01132	99.9496
		*TM_POS -9.01021	-8.01132	99.9496
		*TM_ROTAXIS 0.687862	-0.01262	-0.725732
		*TM_ROTANGLE 3.16835
		*TM_SCALE 1	1	1
		*TM_SCALEAXIS 0	0	0
		*TM_SCALEAXISANG 0	0	0
	}
}
*HELPEROBJECT {
	*NODE_NAME "Bip01 R Calf"
	*NODE_PARENT "Bip01 R Thigh"
	*NODE_TM {
		*NODE_NAME "Bip01 R Calf"
		*TM_ROW0 -0.0525025	0.197539	-0.978888
		*TM_ROW1 -0.0104967	-0.980295	-0.19726
		*TM_ROW2 -0.998566	-8.16064e-005	0.0535415
		*TM_ROW3 -11.1154	-9.45856	60.6878
		*TM_POS -11.1154	-9.45856	60.6878
		*TM_ROTAXIS 0.686298	0.0684898	-0.724088
		*TM_ROTANGLE 2.99744
		*TM_SCALE 1	1	1
		*TM_SCALEAXIS 0	0	0
		*TM_SCALEAXISANG 0	0	0
	}
}
*HELPEROBJECT {
	*NODE_NAME "Bip01 R Foot"
	*NODE_PARENT "Bip01 R Calf"
	*NODE_TM {
		*NODE_NAME "Bip01 R Foot"
		*TM_ROW0 -5.86373e-007	-7.29557e-006	-1
		*TM_ROW1 -0.173652	-0.984807	7.26572e-006
		*TM_ROW2 -0.984807	0.173652	-5.93781e-007
		*TM_ROW3 -13.6935	0.24065	12.6267
		*TM_POS -13.6935	0.24065	12.6267
		*TM_ROTAXIS 0.705757	-0.0617498	-0.705757
		*TM_ROTANGLE 3.01826
		*TM_SCALE 1	1	1
		*TM_SCALEAXIS 0	0	0
		*TM_SCALEAXISANG 0	0	0
	}
}
*HELPEROBJECT {
	*NODE_NAME "Bip01 R Toe0"
	*NODE_PARENT "Bip01 R Foot"
	*NODE_TM {
		*NODE_NAME "Bip01 R Toe0"
		*TM_ROW0 -0.173651	-0.984807	3.52553e-006
		*TM_ROW1 3.507e-006	3.07854e-006	1
		*TM_ROW2 -0.984807	0.173651	3.0421e-006
		*TM_ROW3 -17.6255	-22.0592	2.91014e-005
		*TM_POS -17.6255	-22.0592	2.91014e-005
		*TM_ROTAXIS -0.510271	0.608121	0.608121
		*TM_ROTANGLE 2.19793
		*TM_SCALE 1	1	1
		*TM_SCALEAXIS 0	0	0
		*TM_SCALEAXISANG 0	0	0
	}
}
*GEOMOBJECT {
	*NODE_NAME "zm_Frill"
	*NODE_PARENT "Bip01 L Hand"
	*NODE_TM {
		*NODE_NAME "zm_Frill"
		*TM_ROW0 0.0455132	-0.291886	-0.95537
		*TM_ROW1 -0.876533	0.44708	-0.17835
		*TM_ROW2 0.479185	0.845531	-0.2355
		*TM_ROW3 28.5642	-9.33438	91.391
		*TM_POS 28.5642	-9.33438	91.391
		*TM_ROTAXIS 0.551391	-0.772552	-0.314851
		*TM_ROTANGLE 1.95137
		*TM_SCALE 1	1	1
		*TM_SCALEAXIS 0	0	0
		*TM_SCALEAXISANG 0	0	0
	}
	*MATERIAL_REF 0
	*MESH {
		*TIMEVALUE 0
		*MESH_NUMVERTEX 141
		*MESH_NUMFACES 186
		*MESH_VERTEX_LIST {
			*MESH_VERTEX 0	19.21	-34.3725	101.632
			*MESH_VERTEX 1	13.6068	33.044	127.285
			*MESH_VERTEX 2	11.1447	-11.5985	87.1485
			*MESH_VERTEX 3	-34.4405	-40.3624	144.772
			*MESH_VERTEX 4	-21.945	-42.2432	130.198
			*MESH_VERTEX 5	-34.3369	-54.0636	137.764
			*MESH_VERTEX 6	16.8681	-16.2165	92.22
			*MESH_VERTEX 7	1.43701	-22.1656	92.7384
			*MESH_VERTEX 8	-3.05896	-27.1962	89.4981
			*MESH_VERTEX 9	53.1656	-13.1861	89.652
			*MESH_VERTEX 10	24.0851	-11.4428	91.992
			*MESH_VERTEX 11	53.0361	-9.47269	95.3887
			*MESH_VERTEX 12	-0.571555	21.9335	59.1252
			*MESH_VERTEX 13	17.6803	0.811597	83.7225
			*MESH_VERTEX 14	5.41694	22.2334	55.8444
			*MESH_VERTEX 15	11.6139	-30.7818	107.903
			*MESH_VERTEX 16	-10.076	-41.0412	125.761
			*MESH_VERTEX 17	-12.0571	-35.3936	126.09
			*MESH_VERTEX 18	-10.604	-37.9923	125.515
			*MESH_VERTEX 19	-19.813	-41.7912	134.631
			*MESH_VERTEX 20	-23.6515	-39.7671	130.617
			*MESH_VERTEX 21	21.9856	0.389531	88.8491
			*MESH_VERTEX 22	1.05509	17.1364	54.5364
			*MESH_VERTEX 23	52.9861	-16.2987	95.7344
			*MESH_VERTEX 24	-21.6978	-45.3367	130.293
			*MESH_VERTEX 25	25.9676	17.9158	122.189
			*MESH_VERTEX 26	-38.6902	-48.3564	134.991
			*MESH_VERTEX 27	-12.5608	-38.5124	122.659
			*MESH_VERTEX 28	9.63362	-28.1856	106.642
			*MESH_VERTEX 29	-30.0872	-46.0697	147.545
			*MESH_VERTEX 30	24.0199	-14.2639	93.8166
			*MESH_VERTEX 31	13.0606	14.0461	143.636
			*MESH_VERTEX 32	7.10823	-16.9914	113.304
			*MESH_VERTEX 33	5.68712	-4.17733	111.346
			*MESH_VERTEX 34	16.3212	-24.7639	109.475
			*MESH_VERTEX 35	12.8556	-31.931	109.382
			*MESH_VERTEX 36	26.1512	-11.6882	87.5455
			*MESH_VERTEX 37	15.0842	1.45099	81.5167
			*MESH_VERTEX 38	-31.2816	-43.6471	137.083
			*MESH_VERTEX 39	-13.9684	-38.9887	121.691
			*MESH_VERTEX 40	15.8832	-14.1132	90.3895
			*MESH_VERTEX 41	20.1372	0.366553	82.4548
			*MESH_VERTEX 42	5.35524	15.7501	128.392
			*MESH_VERTEX 43	26.9585	6.52288	106.749
			*MESH_VERTEX 44	23.4282	-23.6432	108.761
			*MESH_VERTEX 45	13.7306	-6.00665	93.3742
			*MESH_VERTEX 46	10.4099	-33.0861	105.55
			*MESH_VERTEX 47	18.9361	0.22363	79.1377
			*MESH_VERTEX 48	22.6711	1.40563	81.7174
			*MESH_VERTEX 49	-29.8526	-47.7209	136.846
			*MESH_VERTEX 50	-30.0354	-52.9203	144.041
			*MESH_VERTEX 51	19.2831	23.5689	105.063
			*MESH_VERTEX 52	-38.742	-41.5058	138.495
			*MESH_VERTEX 53	26.1609	-6.08096	93.7031
			*MESH_VERTEX 54	20.2285	-23.622	109.405
			*MESH_VERTEX 55	20.0633	6.71671	96.3521
			*MESH_VERTEX 56	18.2336	0.411959	88.7499
			*MESH_VERTEX 57	4.5052	18.9353	53.8788
			*MESH_VERTEX 58	52.9596	-12.7856	97.5314
			*MESH_VERTEX 59	53.0891	-16.499	91.7947
			*MESH_VERTEX 60	-3.50056	-26.2532	88.6774
			*MESH_VERTEX 61	2.83256	-22.8776	91.1694
			*MESH_VERTEX 62	16.9353	-15.0502	89.9411
			*MESH_VERTEX 63	9.64539	-29.7437	105.845
			*MESH_VERTEX 64	11.6021	-29.2237	108.7
			*MESH_VERTEX 65	-12.5726	-36.9542	123.456
			*MESH_VERTEX 66	-13.9916	-35.9077	123.267
			*MESH_VERTEX 67	-12.0106	-41.5554	122.938
			*MESH_VERTEX 68	-10.0993	-37.9603	127.337
			*MESH_VERTEX 69	-10.5923	-39.5504	124.717
			*MESH_VERTEX 70	-23.6286	-42.8055	129.063
			*MESH_VERTEX 71	-21.7437	-39.26	133.401
			*MESH_VERTEX 72	-19.79	-44.8296	133.077
			*MESH_VERTEX 73	24.0086	-12.7681	94.5818
			*MESH_VERTEX 74	24.0964	-12.9387	91.2269
			*MESH_VERTEX 75	18.8316	3.03418	84.5675
			*MESH_VERTEX 76	18.7397	-15.0685	83.1044
			*MESH_VERTEX 77	5.15518	18.9372	59.1416
			*MESH_VERTEX 78	2.87856	23.7325	58.4676
			*MESH_VERTEX 79	7.92714	-29.3321	104.229
			*MESH_VERTEX 80	14.9746	-20.1316	103.865
			*MESH_VERTEX 81	9.71816	-28.817	100.03
			*MESH_VERTEX 82	11.706	-4.78128	131.987
			*MESH_VERTEX 83	3.38644	16.8703	58.6112
			*MESH_VERTEX 84	-1.48329	18.6355	57.1596
			*MESH_VERTEX 85	-20.3796	-41.8271	132.483
			*MESH_VERTEX 86	-21.9544	-40.9967	130.836
			*MESH_VERTEX 87	15.8159	-15.2795	92.6685
			*MESH_VERTEX 88	-20.3702	-43.0737	131.845
			*MESH_VERTEX 89	-31.2648	-45.8694	135.946
			*MESH_VERTEX 90	-28.4571	-47.3499	138.882
			*MESH_VERTEX 91	-29.8861	-43.2761	139.119
			*MESH_VERTEX 92	-28.4739	-45.1276	140.019
			*MESH_VERTEX 93	53.1391	-9.67295	91.449
			*MESH_VERTEX 94	50.0532	-11.2994	94.467
			*MESH_VERTEX 95	1.01066	-21.2551	91.946
			*MESH_VERTEX 96	20.1045	0.797108	83.7867
			*MESH_VERTEX 97	17.7129	0.381057	82.3906
			*MESH_VERTEX 98	50.0791	-14.7184	92.7181
			*MESH_VERTEX 99	50.016	-12.9115	95.5096
			*MESH_VERTEX 100	50.1034	-11.3968	92.5499
			*MESH_VERTEX 101	-3.53072	-26.7761	89.6992
			*MESH_VERTEX 102	2.40621	-21.9671	90.377
			*MESH_VERTEX 103	-3.0288	-26.6733	88.4763
			*MESH_VERTEX 104	4.12586	19.545	60.2054
			*MESH_VERTEX 105	2.35711	17.4782	59.675
			*MESH_VERTEX 106	4.78548	17.5998	58.3446
			*MESH_VERTEX 107	50.1163	-13.1064	91.6755
			*MESH_VERTEX 108	18.9212	-4.74331	78.5779
			*MESH_VERTEX 109	2.72683	18.8156	60.472
			*MESH_VERTEX 110	50.0289	-14.621	94.6352
			*MESH_VERTEX 111	2.34797	-22.9769	92.3501
			*MESH_VERTEX 112	1.49526	-21.1559	90.7653
			*MESH_VERTEX 113	-30.0872	-46.0697	147.545
			*MESH_VERTEX 114	-38.742	-41.5058	138.495
			*MESH_VERTEX 115	-30.0354	-52.9203	144.041
			*MESH_VERTEX 116	-0.571555	21.9335	59.1252
			*MESH_VERTEX 117	4.5052	18.9353	53.8788
			*MESH_VERTEX 118	-1.48329	18.6355	57.1596
			*MESH_VERTEX 119	52.9596	-12.7856	97.5314
			*MESH_VERTEX 120	53.0361	-9.47269	95.3887
			*MESH_VERTEX 121	53.1391	-9.67295	91.449
			*MESH_VERTEX 122	-34.3369	-54.0636	137.764
			*MESH_VERTEX 123	-23.6515	-39.7671	130.617
			*MESH_VERTEX 124	-19.813	-41.7912	134.631
			*MESH_VERTEX 125	-23.6286	-42.8055	129.063
			*MESH_VERTEX 126	1.05509	17.1364	54.5364
			*MESH_VERTEX 127	53.1656	-13.1861	89.652
			*MESH_VERTEX 128	52.9861	-16.2987	95.7344
			*MESH_VERTEX 129	-34.4405	-40.3624	144.772
			*MESH_VERTEX 130	-21.6978	-45.3367	130.293
			*MESH_VERTEX 131	-19.79	-44.8296	133.077
			*MESH_VERTEX 132	-38.6902	-48.3564	134.991
			*MESH_VERTEX 133	53.0891	-16.499	91.7947
			*MESH_VERTEX 134	5.41694	22.2334	55.8444
			*MESH_VERTEX 135	2.87856	23.7325	58.4676
			*MESH_VERTEX 136	-3.50056	-26.2532	88.6774
			*MESH_VERTEX 137	-3.53072	-26.7761	89.6992
			*MESH_VERTEX 138	-3.0288	-26.6733	88.4763
			*MESH_VERTEX 139	-3.05896	-27.1962	89.4981
			*MESH_VERTEX 140	-21.7437	-39.26	133.401
		}
		*MESH_FACE_LIST {
			*MESH_FACE    0:    A:    33 B:    32 C:    82 AB:    1 BC:    1 CA:    1	 *MESH_SMOOTHING 1 	*MESH_MTLID 0
			*MESH_FACE    1:    A:    54 B:    53 C:    43 AB:    1 BC:    1 CA:    1	 *MESH_SMOOTHING 1 	*MESH_MTLID 0
			*MESH_FACE    2:    A:    90 B:    88 C:    92 AB:    1 BC:    1 CA:    1	 *MESH_SMOOTHING 1 	*MESH_MTLID 0
			*MESH_FACE    3:    A:    52 B:    3 C:    38 AB:    1 BC:    1 CA:    1	 *MESH_SMOOTHING 1 	*MESH_MTLID 0
			*MESH_FACE    4:    A:    87 B:    7 C:    111 AB:    1 BC:    1 CA:    1	 *MESH_SMOOTHING 1 	*MESH_MTLID 0
			*MESH_FACE    5:    A:    40 B:    112 C:    95 AB:    1 BC:    1 CA:    1	 *MESH_SMOOTHING 1 	*MESH_MTLID 0
			*MESH_FACE    6:    A:    10 B:    100 C:    107 AB:    1 BC:    1 CA:    1	 *MESH_SMOOTHING 1 	*MESH_MTLID 0
			*MESH_FACE    7:    A:    30 B:    110 C:    99 AB:    1 BC:    1 CA:    1	 *MESH_SMOOTHING 1 	*MESH_MTLID 0
			*MESH_FACE    8:    A:    104 B:    109 C:    13 AB:    1 BC:    1 CA:    1	 *MESH_SMOOTHING 1 	*MESH_MTLID 0
			*MESH_FACE    9:    A:    13 B:    109 C:    105 AB:    1 BC:    1 CA:    1	 *MESH_SMOOTHING 1 	*MESH_MTLID 0
			*MESH_FACE    10:    A:    64 B:    17 C:    68 AB:    1 BC:    1 CA:    1	 *MESH_SMOOTHING 1 	*MESH_MTLID 0
			*MESH_FACE    11:    A:    39 B:    66 C:    28 AB:    1 BC:    1 CA:    1	 *MESH_SMOOTHING 1 	*MESH_MTLID 0
			*MESH_FACE    12:    A:    65 B:    20 C:    71 AB:    1 BC:    1 CA:    1	 *MESH_SMOOTHING 1 	*MESH_MTLID 0
			*MESH_FACE    13:    A:    69 B:    72 C:    24 AB:    1 BC:    1 CA:    1	 *MESH_SMOOTHING 1 	*MESH_MTLID 0
			*MESH_FACE    14:    A:    51 B:    55 C:    33 AB:    1 BC:    1 CA:    1	 *MESH_SMOOTHING 1 	*MESH_MTLID 0
			*MESH_FACE    15:    A:    76 B:    36 C:    0 AB:    1 BC:    1 CA:    1	 *MESH_SMOOTHING 1 	*MESH_MTLID 0
			*MESH_FACE    16:    A:    41 B:    106 C:    77 AB:    1 BC:    1 CA:    1	 *MESH_SMOOTHING 1 	*MESH_MTLID 0
			*MESH_FACE    17:    A:    98 B:    110 C:    30 AB:    1 BC:    1 CA:    1	 *MESH_SMOOTHING 1 	*MESH_MTLID 0
			*MESH_FACE    18:    A:    27 B:    24 C:    70 AB:    1 BC:    1 CA:    1	 *MESH_SMOOTHING 1 	*MESH_MTLID 0
			*MESH_FACE    19:    A:    43 B:    55 C:    51 AB:    1 BC:    1 CA:    1	 *MESH_SMOOTHING 1 	*MESH_MTLID 0
			*MESH_FACE    20:    A:    82 B:    32 C:    43 AB:    1 BC:    1 CA:    1	 *MESH_SMOOTHING 1 	*MESH_MTLID 0
			*MESH_FACE    21:    A:    38 B:    89 C:    52 AB:    1 BC:    1 CA:    1	 *MESH_SMOOTHING 1 	*MESH_MTLID 0
			*MESH_FACE    22:    A:    27 B:    69 C:    24 AB:    1 BC:    1 CA:    1	 *MESH_SMOOTHING 1 	*MESH_MTLID 0
			*MESH_FACE    23:    A:    18 B:    65 C:    71 AB:    1 BC:    1 CA:    1	 *MESH_SMOOTHING 1 	*MESH_MTLID 0
			*MESH_FACE    24:    A:    64 B:    28 C:    17 AB:    1 BC:    1 CA:    1	 *MESH_SMOOTHING 1 	*MESH_MTLID 0
			*MESH_FACE    25:    A:    63 B:    15 C:    67 AB:    1 BC:    1 CA:    1	 *MESH_SMOOTHING 1 	*MESH_MTLID 0
			*MESH_FACE    26:    A:    91 B:    3 C:    92 AB:    1 BC:    1 CA:    1	 *MESH_SMOOTHING 1 	*MESH_MTLID 0
			*MESH_FACE    27:    A:    98 B:    30 C:    74 AB:    1 BC:    1 CA:    1	 *MESH_SMOOTHING 1 	*MESH_MTLID 0
			*MESH_FACE    28:    A:    94 B:    10 C:    73 AB:    1 BC:    1 CA:    1	 *MESH_SMOOTHING 1 	*MESH_MTLID 0
			*MESH_FACE    29:    A:    1 B:    31 C:    25 AB:    1 BC:    1 CA:    1	 *MESH_SMOOTHING 1 	*MESH_MTLID 0
			*MESH_FACE    30:    A:    82 B:    42 C:    33 AB:    1 BC:    1 CA:    1	 *MESH_SMOOTHING 1 	*MESH_MTLID 0
			*MESH_FACE    31:    A:    43 B:    32 C:    54 AB:    1 BC:    1 CA:    1	 *MESH_SMOOTHING 1 	*MESH_MTLID 0
			*MESH_FACE    32:    A:    0 B:    81 C:    2 AB:    1 BC:    1 CA:    1	 *MESH_SMOOTHING 1 	*MESH_MTLID 0
			*MESH_FACE    33:    A:    33 B:    55 C:    45 AB:    1 BC:    1 CA:    1	 *MESH_SMOOTHING 1 	*MESH_MTLID 0
			*MESH_FACE    34:    A:    33 B:    45 C:    80 AB:    1 BC:    1 CA:    1	 *MESH_SMOOTHING 1 	*MESH_MTLID 0
			*MESH_FACE    35:    A:    34 B:    54 C:    32 AB:    1 BC:    1 CA:    1	 *MESH_SMOOTHING 1 	*MESH_MTLID 0
			*MESH_FACE    36:    A:    32 B:    33 C:    80 AB:    1 BC:    1 CA:    1	 *MESH_SMOOTHING 1 	*MESH_MTLID 0
			*MESH_FACE    37:    A:    35 B:    54 C:    34 AB:    1 BC:    1 CA:    1	 *MESH_SMOOTHING 1 	*MESH_MTLID 0
			*MESH_FACE    38:    A:    81 B:    80 C:    45 AB:    1 BC:    1 CA:    1	 *MESH_SMOOTHING 1 	*MESH_MTLID 0
			*MESH_FACE    39:    A:    48 B:    21 C:    36 AB:    1 BC:    1 CA:    1	 *MESH_SMOOTHING 1 	*MESH_MTLID 0
			*MESH_FACE    40:    A:    55 B:    43 C:    53 AB:    1 BC:    1 CA:    1	 *MESH_SMOOTHING 1 	*MESH_MTLID 0
			*MESH_FACE    41:    A:    56 B:    37 C:    2 AB:    1 BC:    1 CA:    1	 *MESH_SMOOTHING 1 	*MESH_MTLID 0
			*MESH_FACE    42:    A:    2 B:    76 C:    0 AB:    1 BC:    1 CA:    1	 *MESH_SMOOTHING 1 	*MESH_MTLID 0
			*MESH_FACE    43:    A:    38 B:    86 C:    89 AB:    1 BC:    1 CA:    1	 *MESH_SMOOTHING 1 	*MESH_MTLID 0
			*MESH_FACE    44:    A:    92 B:    85 C:    91 AB:    1 BC:    1 CA:    1	 *MESH_SMOOTHING 1 	*MESH_MTLID 0
			*MESH_FACE    45:    A:    15 B:    16 C:    67 AB:    1 BC:    1 CA:    1	 *MESH_SMOOTHING 1 	*MESH_MTLID 0
			*MESH_FACE    46:    A:    16 B:    17 C:    67 AB:    1 BC:    1 CA:    1	 *MESH_SMOOTHING 1 	*MESH_MTLID 0
			*MESH_FACE    47:    A:    95 B:    87 C:    40 AB:    1 BC:    1 CA:    1	 *MESH_SMOOTHING 1 	*MESH_MTLID 0
			*MESH_FACE    48:    A:    61 B:    62 C:    6 AB:    1 BC:    1 CA:    1	 *MESH_SMOOTHING 1 	*MESH_MTLID 0
			*MESH_FACE    49:    A:    83 B:    41 C:    97 AB:    1 BC:    1 CA:    1	 *MESH_SMOOTHING 1 	*MESH_MTLID 0
			*MESH_FACE    50:    A:    104 B:    13 C:    96 AB:    1 BC:    1 CA:    1	 *MESH_SMOOTHING 1 	*MESH_MTLID 0
			*MESH_FACE    51:    A:    33 B:    42 C:    51 AB:    1 BC:    1 CA:    1	 *MESH_SMOOTHING 1 	*MESH_MTLID 0
			*MESH_FACE    52:    A:    31 B:    1 C:    42 AB:    1 BC:    1 CA:    1	 *MESH_SMOOTHING 1 	*MESH_MTLID 0
			*MESH_FACE    53:    A:    43 B:    25 C:    82 AB:    1 BC:    1 CA:    1	 *MESH_SMOOTHING 1 	*MESH_MTLID 0
			*MESH_FACE    54:    A:    51 B:    25 C:    43 AB:    1 BC:    1 CA:    1	 *MESH_SMOOTHING 1 	*MESH_MTLID 0
			*MESH_FACE    55:    A:    0 B:    44 C:    35 AB:    1 BC:    1 CA:    1	 *MESH_SMOOTHING 1 	*MESH_MTLID 0
			*MESH_FACE    56:    A:    36 B:    44 C:    0 AB:    1 BC:    1 CA:    1	 *MESH_SMOOTHING 1 	*MESH_MTLID 0
			*MESH_FACE    57:    A:    45 B:    56 C:    2 AB:    1 BC:    1 CA:    1	 *MESH_SMOOTHING 1 	*MESH_MTLID 0
			*MESH_FACE    58:    A:    45 B:    2 C:    81 AB:    1 BC:    1 CA:    1	 *MESH_SMOOTHING 1 	*MESH_MTLID 0
			*MESH_FACE    59:    A:    35 B:    46 C:    0 AB:    1 BC:    1 CA:    1	 *MESH_SMOOTHING 1 	*MESH_MTLID 0
			*MESH_FACE    60:    A:    35 B:    34 C:    79 AB:    1 BC:    1 CA:    1	 *MESH_SMOOTHING 1 	*MESH_MTLID 0
			*MESH_FACE    61:    A:    37 B:    108 C:    2 AB:    1 BC:    1 CA:    1	 *MESH_SMOOTHING 1 	*MESH_MTLID 0
			*MESH_FACE    62:    A:    75 B:    21 C:    48 AB:    1 BC:    1 CA:    1	 *MESH_SMOOTHING 1 	*MESH_MTLID 0
			*MESH_FACE    63:    A:    108 B:    48 C:    36 AB:    1 BC:    1 CA:    1	 *MESH_SMOOTHING 1 	*MESH_MTLID 0
			*MESH_FACE    64:    A:    75 B:    48 C:    47 AB:    1 BC:    1 CA:    1	 *MESH_SMOOTHING 1 	*MESH_MTLID 0
			*MESH_FACE    65:    A:    90 B:    92 C:    50 AB:    1 BC:    1 CA:    1	 *MESH_SMOOTHING 1 	*MESH_MTLID 0
			*MESH_FACE    66:    A:    89 B:    5 C:    26 AB:    1 BC:    1 CA:    1	 *MESH_SMOOTHING 1 	*MESH_MTLID 0
			*MESH_FACE    67:    A:    90 B:    50 C:    5 AB:    1 BC:    1 CA:    1	 *MESH_SMOOTHING 1 	*MESH_MTLID 0
			*MESH_FACE    68:    A:    1 B:    51 C:    42 AB:    1 BC:    1 CA:    1	 *MESH_SMOOTHING 1 	*MESH_MTLID 0
			*MESH_FACE    69:    A:    25 B:    51 C:    1 AB:    1 BC:    1 CA:    1	 *MESH_SMOOTHING 1 	*MESH_MTLID 0
			*MESH_FACE    70:    A:    26 B:    52 C:    89 AB:    1 BC:    1 CA:    1	 *MESH_SMOOTHING 1 	*MESH_MTLID 0
			*MESH_FACE    71:    A:    21 B:    53 C:    36 AB:    1 BC:    1 CA:    1	 *MESH_SMOOTHING 1 	*MESH_MTLID 0
			*MESH_FACE    72:    A:    36 B:    53 C:    44 AB:    1 BC:    1 CA:    1	 *MESH_SMOOTHING 1 	*MESH_MTLID 0
			*MESH_FACE    73:    A:    44 B:    54 C:    35 AB:    1 BC:    1 CA:    1	 *MESH_SMOOTHING 1 	*MESH_MTLID 0
			*MESH_FACE    74:    A:    53 B:    54 C:    44 AB:    1 BC:    1 CA:    1	 *MESH_SMOOTHING 1 	*MESH_MTLID 0
			*MESH_FACE    75:    A:    53 B:    21 C:    55 AB:    1 BC:    1 CA:    1	 *MESH_SMOOTHING 1 	*MESH_MTLID 0
			*MESH_FACE    76:    A:    45 B:    55 C:    56 AB:    1 BC:    1 CA:    1	 *MESH_SMOOTHING 1 	*MESH_MTLID 0
			*MESH_FACE    77:    A:    55 B:    21 C:    56 AB:    1 BC:    1 CA:    1	 *MESH_SMOOTHING 1 	*MESH_MTLID 0
			*MESH_FACE    78:    A:    75 B:    56 C:    21 AB:    1 BC:    1 CA:    1	 *MESH_SMOOTHING 1 	*MESH_MTLID 0
			*MESH_FACE    79:    A:    83 B:    106 C:    41 AB:    1 BC:    1 CA:    1	 *MESH_SMOOTHING 1 	*MESH_MTLID 0
			*MESH_FACE    80:    A:    73 B:    99 C:    94 AB:    1 BC:    1 CA:    1	 *MESH_SMOOTHING 1 	*MESH_MTLID 0
			*MESH_FACE    81:    A:    74 B:    107 C:    98 AB:    1 BC:    1 CA:    1	 *MESH_SMOOTHING 1 	*MESH_MTLID 0
			*MESH_FACE    82:    A:    101 B:    95 C:    60 AB:    1 BC:    1 CA:    1	 *MESH_SMOOTHING 1 	*MESH_MTLID 0
			*MESH_FACE    83:    A:    61 B:    102 C:    62 AB:    1 BC:    1 CA:    1	 *MESH_SMOOTHING 1 	*MESH_MTLID 0
			*MESH_FACE    84:    A:    8 B:    103 C:    61 AB:    1 BC:    1 CA:    1	 *MESH_SMOOTHING 1 	*MESH_MTLID 0
			*MESH_FACE    85:    A:    6 B:    111 C:    61 AB:    1 BC:    1 CA:    1	 *MESH_SMOOTHING 1 	*MESH_MTLID 0
			*MESH_FACE    86:    A:    112 B:    40 C:    62 AB:    1 BC:    1 CA:    1	 *MESH_SMOOTHING 1 	*MESH_MTLID 0
			*MESH_FACE    87:    A:    28 B:    63 C:    39 AB:    1 BC:    1 CA:    1	 *MESH_SMOOTHING 1 	*MESH_MTLID 0
			*MESH_FACE    88:    A:    15 B:    64 C:    68 AB:    1 BC:    1 CA:    1	 *MESH_SMOOTHING 1 	*MESH_MTLID 0
			*MESH_FACE    89:    A:    65 B:    27 C:    70 AB:    1 BC:    1 CA:    1	 *MESH_SMOOTHING 1 	*MESH_MTLID 0
			*MESH_FACE    90:    A:    66 B:    39 C:    17 AB:    1 BC:    1 CA:    1	 *MESH_SMOOTHING 1 	*MESH_MTLID 0
			*MESH_FACE    91:    A:    28 B:    66 C:    17 AB:    1 BC:    1 CA:    1	 *MESH_SMOOTHING 1 	*MESH_MTLID 0
			*MESH_FACE    92:    A:    67 B:    17 C:    39 AB:    1 BC:    1 CA:    1	 *MESH_SMOOTHING 1 	*MESH_MTLID 0
			*MESH_FACE    93:    A:    67 B:    39 C:    63 AB:    1 BC:    1 CA:    1	 *MESH_SMOOTHING 1 	*MESH_MTLID 0
			*MESH_FACE    94:    A:    68 B:    17 C:    16 AB:    1 BC:    1 CA:    1	 *MESH_SMOOTHING 1 	*MESH_MTLID 0
			*MESH_FACE    95:    A:    68 B:    16 C:    15 AB:    1 BC:    1 CA:    1	 *MESH_SMOOTHING 1 	*MESH_MTLID 0
			*MESH_FACE    96:    A:    69 B:    18 C:    19 AB:    1 BC:    1 CA:    1	 *MESH_SMOOTHING 1 	*MESH_MTLID 0
			*MESH_FACE    97:    A:    70 B:    20 C:    65 AB:    1 BC:    1 CA:    1	 *MESH_SMOOTHING 1 	*MESH_MTLID 0
			*MESH_FACE    98:    A:    18 B:    71 C:    19 AB:    1 BC:    1 CA:    1	 *MESH_SMOOTHING 1 	*MESH_MTLID 0
			*MESH_FACE    99:    A:    19 B:    72 C:    69 AB:    1 BC:    1 CA:    1	 *MESH_SMOOTHING 1 	*MESH_MTLID 0
			*MESH_FACE    100:    A:    99 B:    73 C:    30 AB:    1 BC:    1 CA:    1	 *MESH_SMOOTHING 1 	*MESH_MTLID 0
			*MESH_FACE    101:    A:    107 B:    74 C:    10 AB:    1 BC:    1 CA:    1	 *MESH_SMOOTHING 1 	*MESH_MTLID 0
			*MESH_FACE    102:    A:    37 B:    56 C:    75 AB:    1 BC:    1 CA:    1	 *MESH_SMOOTHING 1 	*MESH_MTLID 0
			*MESH_FACE    103:    A:    37 B:    75 C:    47 AB:    1 BC:    1 CA:    1	 *MESH_SMOOTHING 1 	*MESH_MTLID 0
			*MESH_FACE    104:    A:    36 B:    76 C:    108 AB:    1 BC:    1 CA:    1	 *MESH_SMOOTHING 1 	*MESH_MTLID 0
			*MESH_FACE    105:    A:    108 B:    76 C:    2 AB:    1 BC:    1 CA:    1	 *MESH_SMOOTHING 1 	*MESH_MTLID 0
			*MESH_FACE    106:    A:    57 B:    14 C:    77 AB:    1 BC:    1 CA:    1	 *MESH_SMOOTHING 1 	*MESH_MTLID 0
			*MESH_FACE    107:    A:    78 B:    77 C:    14 AB:    1 BC:    1 CA:    1	 *MESH_SMOOTHING 1 	*MESH_MTLID 0
			*MESH_FACE    108:    A:    109 B:    104 C:    78 AB:    1 BC:    1 CA:    1	 *MESH_SMOOTHING 1 	*MESH_MTLID 0
			*MESH_FACE    109:    A:    46 B:    79 C:    0 AB:    1 BC:    1 CA:    1	 *MESH_SMOOTHING 1 	*MESH_MTLID 0
			*MESH_FACE    110:    A:    79 B:    46 C:    35 AB:    1 BC:    1 CA:    1	 *MESH_SMOOTHING 1 	*MESH_MTLID 0
			*MESH_FACE    111:    A:    34 B:    80 C:    79 AB:    1 BC:    1 CA:    1	 *MESH_SMOOTHING 1 	*MESH_MTLID 0
			*MESH_FACE    112:    A:    32 B:    80 C:    34 AB:    1 BC:    1 CA:    1	 *MESH_SMOOTHING 1 	*MESH_MTLID 0
			*MESH_FACE    113:    A:    79 B:    80 C:    81 AB:    1 BC:    1 CA:    1	 *MESH_SMOOTHING 1 	*MESH_MTLID 0
			*MESH_FACE    114:    A:    79 B:    81 C:    0 AB:    1 BC:    1 CA:    1	 *MESH_SMOOTHING 1 	*MESH_MTLID 0
			*MESH_FACE    115:    A:    42 B:    82 C:    31 AB:    1 BC:    1 CA:    1	 *MESH_SMOOTHING 1 	*MESH_MTLID 0
			*MESH_FACE    116:    A:    31 B:    82 C:    25 AB:    1 BC:    1 CA:    1	 *MESH_SMOOTHING 1 	*MESH_MTLID 0
			*MESH_FACE    117:    A:    106 B:    83 C:    22 AB:    1 BC:    1 CA:    1	 *MESH_SMOOTHING 1 	*MESH_MTLID 0
			*MESH_FACE    118:    A:    12 B:    84 C:    105 AB:    1 BC:    1 CA:    1	 *MESH_SMOOTHING 1 	*MESH_MTLID 0
			*MESH_FACE    119:    A:    22 B:    105 C:    84 AB:    1 BC:    1 CA:    1	 *MESH_SMOOTHING 1 	*MESH_MTLID 0
			*MESH_FACE    120:    A:    86 B:    91 C:    85 AB:    1 BC:    1 CA:    1	 *MESH_SMOOTHING 1 	*MESH_MTLID 0
			*MESH_FACE    121:    A:    88 B:    49 C:    4 AB:    1 BC:    1 CA:    1	 *MESH_SMOOTHING 1 	*MESH_MTLID 0
			*MESH_FACE    122:    A:    4 B:    89 C:    86 AB:    1 BC:    1 CA:    1	 *MESH_SMOOTHING 1 	*MESH_MTLID 0
			*MESH_FACE    123:    A:    111 B:    6 C:    87 AB:    1 BC:    1 CA:    1	 *MESH_SMOOTHING 1 	*MESH_MTLID 0
			*MESH_FACE    124:    A:    85 B:    92 C:    88 AB:    1 BC:    1 CA:    1	 *MESH_SMOOTHING 1 	*MESH_MTLID 0
			*MESH_FACE    125:    A:    89 B:    4 C:    49 AB:    1 BC:    1 CA:    1	 *MESH_SMOOTHING 1 	*MESH_MTLID 0
			*MESH_FACE    126:    A:    49 B:    5 C:    89 AB:    1 BC:    1 CA:    1	 *MESH_SMOOTHING 1 	*MESH_MTLID 0
			*MESH_FACE    127:    A:    90 B:    49 C:    88 AB:    1 BC:    1 CA:    1	 *MESH_SMOOTHING 1 	*MESH_MTLID 0
			*MESH_FACE    128:    A:    49 B:    90 C:    5 AB:    1 BC:    1 CA:    1	 *MESH_SMOOTHING 1 	*MESH_MTLID 0
			*MESH_FACE    129:    A:    38 B:    91 C:    86 AB:    1 BC:    1 CA:    1	 *MESH_SMOOTHING 1 	*MESH_MTLID 0
			*MESH_FACE    130:    A:    91 B:    38 C:    3 AB:    1 BC:    1 CA:    1	 *MESH_SMOOTHING 1 	*MESH_MTLID 0
			*MESH_FACE    131:    A:    29 B:    50 C:    92 AB:    1 BC:    1 CA:    1	 *MESH_SMOOTHING 1 	*MESH_MTLID 0
			*MESH_FACE    132:    A:    92 B:    3 C:    29 AB:    1 BC:    1 CA:    1	 *MESH_SMOOTHING 1 	*MESH_MTLID 0
			*MESH_FACE    133:    A:    107 B:    100 C:    93 AB:    1 BC:    1 CA:    1	 *MESH_SMOOTHING 1 	*MESH_MTLID 0
			*MESH_FACE    134:    A:    11 B:    94 C:    99 AB:    1 BC:    1 CA:    1	 *MESH_SMOOTHING 1 	*MESH_MTLID 0
			*MESH_FACE    135:    A:    11 B:    93 C:    100 AB:    1 BC:    1 CA:    1	 *MESH_SMOOTHING 1 	*MESH_MTLID 0
			*MESH_FACE    136:    A:    95 B:    7 C:    87 AB:    1 BC:    1 CA:    1	 *MESH_SMOOTHING 1 	*MESH_MTLID 0
			*MESH_FACE    137:    A:    7 B:    95 C:    101 AB:    1 BC:    1 CA:    1	 *MESH_SMOOTHING 1 	*MESH_MTLID 0
