*3DSMAX_ASCIIEXPORT	110
*COMMENT "[ GothicSourcer v3.14 ] - June 2007"
*SCENE {
	*SCENE_FILENAME "HUM_IE_PYMONTE_INSTRUMENT.MAX"
	*SCENE_FIRSTFRAME 0
	*SCENE_LASTFRAME 100
	*SCENE_FRAMESPEED 25
	*SCENE_TICKSPERFRAME 192
	*SCENE_BACKGROUND_STATIC 0	0	0
	*SCENE_AMBIENT_STATIC 0.2	0.2	0.2
}
*MATERIAL_LIST {
	*MATERIAL_COUNT 2
	*MATERIAL 0 {
		*MATERIAL_NAME "HOLZ"
		*MATERIAL_CLASS "Standard"
		*MATERIAL_AMBIENT 0.490196	0.372549	0.188235
		*MATERIAL_DIFFUSE 0.490196	0.372549	0.188235
		*MATERIAL_SPECULAR 0.9	0.9	0.9
		*MATERIAL_SHINE 0.1
		*MATERIAL_SHINESTRENGTH 0
		*MATERIAL_TRANSPARENCY 0
		*MATERIAL_WIRESIZE 1
		*MATERIAL_SHADING Blinn
		*MATERIAL_XP_FALLOFF 0
		*MATERIAL_SELFILLUM 0
		*MATERIAL_FALLOFF In
		*MATERIAL_XP_TYPE Filter
		*MAP_DIFFUSE {
			*MAP_NAME "Map #1"
			*MAP_CLASS "Bitmap"
			*MAP_SUBNO 1
			*MAP_AMOUNT 1
			*BITMAP "ITMIHARFE.TGA"
			*MAP_TYPE Screen
			*UVW_U_OFFSET 0
			*UVW_V_OFFSET 0
			*UVW_U_TILING 1
			*UVW_V_TILING 1
			*UVW_ANGLE 0
			*UVW_BLUR 1
			*UVW_BLUR_OFFSET 0
			*UVW_NOUSE_AMT 1
			*UVW_NOISE_SIZE 1
			*UVW_NOISE_LEVEL 1
			*UVW_NOISE_PHASE 0
			*BITMAP_FILTER Pyramidal
		}
	}
	*MATERIAL 1 {
		*MATERIAL_NAME "NACKED_MUSCEL0"
		*MATERIAL_CLASS "Standard"
		*MATERIAL_AMBIENT 0.25098	0.203922	0.168627
		*MATERIAL_DIFFUSE 0.25098	0.203922	0.168627
		*MATERIAL_SPECULAR 0.9	0.9	0.9
		*MATERIAL_SHINE 0.1
		*MATERIAL_SHINESTRENGTH 0
		*MATERIAL_TRANSPARENCY 0
		*MATERIAL_WIRESIZE 1
		*MATERIAL_SHADING Blinn
		*MATERIAL_XP_FALLOFF 0
		*MATERIAL_SELFILLUM 0
		*MATERIAL_FALLOFF In
		*MATERIAL_XP_TYPE Filter
		*MAP_DIFFUSE {
			*MAP_NAME "Map #2"
			*MAP_CLASS "Bitmap"
			*MAP_SUBNO 1
			*MAP_AMOUNT 1
			*BITMAP "HUM_EXT_HARFE_BODY.TGA"
			*MAP_TYPE Screen
			*UVW_U_OFFSET 0
			*UVW_V_OFFSET 0
			*UVW_U_TILING 1
			*UVW_V_TILING 1
			*UVW_ANGLE 0
			*UVW_BLUR 1
			*UVW_BLUR_OFFSET 0
			*UVW_NOUSE_AMT 1
			*UVW_NOISE_SIZE 1
			*UVW_NOISE_LEVEL 1
			*UVW_NOISE_PHASE 0
			*BITMAP_FILTER Pyramidal
		}
	}
}
*HELPEROBJECT {
	*NODE_NAME "Bip01"
	*NODE_TM {
		*NODE_NAME "Bip01"
		*TM_ROW0 6.27438e-006	-1	0
		*TM_ROW1 1	6.27438e-006	0
		*TM_ROW2 -0	-0	1
		*TM_ROW3 0	-7.37745	99.9496
		*TM_POS 0	-7.37745	99.9496
		*TM_ROTAXIS 0	0	1
		*TM_ROTANGLE 1.57079
		*TM_SCALE 1	1	1
		*TM_SCALEAXIS 0	0	0
		*TM_SCALEAXISANG 0	0	0
	}
}
*HELPEROBJECT {
	*NODE_NAME "Bip01 Pelvis"
	*NODE_PARENT "Bip01"
	*NODE_TM {
		*NODE_NAME "Bip01 Pelvis"
		*TM_ROW0 -5.96046e-008	1.79264e-006	1
		*TM_ROW1 -1.79264e-006	-1	1.79264e-006
		*TM_ROW2 1	-1.79264e-006	-5.96046e-008
		*TM_ROW3 1e-005	-8.0113	99.9496
		*TM_POS 1e-005	-8.0113	99.9496
		*TM_ROTAXIS 0.707107	0	0.707107
		*TM_ROTANGLE 3.1416
		*TM_SCALE 1	1	1
		*TM_SCALEAXIS 0	0	0
		*TM_SCALEAXISANG 0	0	0
	}
}
*HELPEROBJECT {
	*NODE_NAME "Bip01 Spine"
	*NODE_PARENT "Bip01 Pelvis"
	*NODE_TM {
		*NODE_NAME "Bip01 Spine"
		*TM_ROW0 5.96047e-008	-0.0205947	0.999788
		*TM_ROW1 5.48642e-006	-0.999788	-0.0205947
		*TM_ROW2 1	5.48642e-006	5.96047e-008
		*TM_ROW3 1e-005	-7.92216	102.35
		*TM_POS 1e-005	-7.92216	102.35
		*TM_ROTAXIS 0.707088	-0.00727998	0.707088
		*TM_ROTANGLE 3.12703
		*TM_SCALE 1	1	1
		*TM_SCALEAXIS 0	0	0
		*TM_SCALEAXISANG 0	0	0
	}
}
*HELPEROBJECT {
	*NODE_NAME "Bip01 Spine1"
	*NODE_PARENT "Bip01 Spine"
	*NODE_TM {
		*NODE_NAME "Bip01 Spine1"
		*TM_ROW0 5.96047e-008	-0.00276992	0.999996
		*TM_ROW1 -1.92621e-006	-0.999996	-0.00276991
		*TM_ROW2 1	-1.92621e-006	5.96047e-008
		*TM_ROW3 1e-005	-8.11442	112.175
		*TM_POS 1e-005	-8.11442	112.175
		*TM_ROTAXIS 0.707106	-0.000979995	0.707107
		*TM_ROTANGLE 3.13964
		*TM_SCALE 1	1	1
		*TM_SCALEAXIS 0	0	0
		*TM_SCALEAXISANG 0	0	0
	}
}
*HELPEROBJECT {
	*NODE_NAME "Bip01 Spine2"
	*NODE_PARENT "Bip01 Spine1"
	*NODE_TM {
		*NODE_NAME "Bip01 Spine2"
		*TM_ROW0 5.96048e-008	0.180243	0.983622
		*TM_ROW1 1.67638e-006	-0.983622	0.180243
		*TM_ROW2 1	1.67638e-006	5.96047e-008
		*TM_ROW3 1e-005	-8.1264	124.961
		*TM_POS 1e-005	-8.1264	124.961
		*TM_ROTAXIS 0.705652	0.0641202	0.705652
		*TM_ROTANGLE 3.26966
		*TM_SCALE 1	1	1
		*TM_SCALEAXIS 0	0	0
		*TM_SCALEAXISANG 0	0	0
	}
}
*HELPEROBJECT {
	*NODE_NAME "Bip01 Neck"
	*NODE_PARENT "Bip01 Spine2"
	*NODE_TM {
		*NODE_NAME "Bip01 Neck"
		*TM_ROW0 5.96046e-007	-0.167043	0.98595
		*TM_ROW1 4.70132e-006	-0.98595	-0.167043
		*TM_ROW2 1	4.70132e-006	5.96047e-007
		*TM_ROW3 1.03264e-011	-2.71656	154.454
		*TM_POS 1.03264e-011	-2.71656	154.454
		*TM_ROTAXIS -0.70586	0.05937	-0.705859
		*TM_ROTANGLE 3.2602
		*TM_SCALE 1	1	1
		*TM_SCALEAXIS 0	0	0
		*TM_SCALEAXISANG 0	0	0
	}
}
*HELPEROBJECT {
	*NODE_NAME "Bip01 Head"
	*NODE_PARENT "Bip01 Neck"
	*NODE_TM {
		*NODE_NAME "Bip01 Head"
		*TM_ROW0 -5.96047e-008	1.76447e-006	1
		*TM_ROW1 -1.79264e-006	-1	1.80855e-006
		*TM_ROW2 1	-1.79264e-006	-5.96046e-008
		*TM_ROW3 2.27758e-011	-3.85901	161.198
		*TM_POS 2.27758e-011	-3.85901	161.198
		*TM_ROTAXIS -0.707107	-5.62215e-009	-0.707107
		*TM_ROTANGLE 3.14159
		*TM_SCALE 1	1	1
		*TM_SCALEAXIS 0	0	0
		*TM_SCALEAXISANG 0	0	0
	}
}
*HELPEROBJECT {
	*NODE_NAME "ZS_HELMET"
	*NODE_PARENT "Bip01 Head"
	*NODE_TM {
		*NODE_NAME "ZS_HELMET"
		*TM_ROW0 1	7.87298e-013	7.61567e-014
		*TM_ROW1 -1.53811e-013	0.996917	-0.0784593
		*TM_ROW2 -5.53111e-014	0.0784593	0.996918
		*TM_ROW3 1e-005	-7.06248	173.704
		*TM_POS 1e-005	-7.06248	173.704
		*TM_ROTAXIS 1	8.37809e-013	-5.99744e-012
		*TM_ROTANGLE 0.078541
		*TM_SCALE 1	1	1
		*TM_SCALEAXIS 0	0	0
		*TM_SCALEAXISANG 0	0	0
	}
}
*HELPEROBJECT {
	*NODE_NAME "Bip01 L Clavicle"
	*NODE_PARENT "Bip01 Neck"
	*NODE_TM {
		*NODE_NAME "Bip01 L Clavicle"
		*TM_ROW0 0.935229	-0.203893	-0.289439
		*TM_ROW1 0.156435	0.971369	-0.178803
		*TM_ROW2 0.317608	0.121943	0.940348
		*TM_ROW3 7.96399	-1.25804	148.729
		*TM_POS 7.96399	-1.25804	148.729
		*TM_ROTAXIS 0.391939	-0.791119	0.469589
		*TM_ROTANGLE 0.39376
		*TM_SCALE 1	1	1
		*TM_SCALEAXIS 0	0	0
		*TM_SCALEAXISANG 0	0	0
	}
}
*HELPEROBJECT {
	*NODE_NAME "Bip01 L UpperArm"
	*NODE_PARENT "Bip01 L Clavicle"
	*NODE_TM {
		*NODE_NAME "Bip01 L UpperArm"
		*TM_ROW0 0.246229	0.0989027	-0.964152
		*TM_ROW1 0.412789	0.889345	0.196649
		*TM_ROW2 0.876913	-0.446412	0.178157
		*TM_ROW3 20.4269	-3.97508	144.872
		*TM_POS 20.4269	-3.97508	144.872
		*TM_ROTAXIS -0.325561	-0.932072	0.15891
		*TM_ROTANGLE 1.41328
		*TM_SCALE 1	1	1
		*TM_SCALEAXIS 0	0	0
		*TM_SCALEAXISANG 0	0	0
	}
}
*HELPEROBJECT {
	*NODE_NAME "Bip01 L Forearm"
	*NODE_PARENT "Bip01 L UpperArm"
	*NODE_TM {
		*NODE_NAME "Bip01 L Forearm"
		*TM_ROW0 0.0455122	-0.291882	-0.955371
		*TM_ROW1 0.478489	0.845886	-0.235638
		*TM_ROW2 0.876913	-0.44641	0.17816
		*TM_ROW3 27.2982	-1.21526	117.966
		*TM_POS 27.2982	-1.21526	117.966
		*TM_ROTAXIS -0.10545	-0.916697	0.385419
		*TM_ROTANGLE 1.53601
		*TM_SCALE 1	1	1
		*TM_SCALEAXIS 0	0	0
		*TM_SCALEAXISANG 0	0	0
	}
}
*HELPEROBJECT {
	*NODE_NAME "Bip01 L Hand"
	*NODE_PARENT "Bip01 L Forearm"
	*NODE_TM {
		*NODE_NAME "Bip01 L Hand"
		*TM_ROW0 0.0455132	-0.291886	-0.95537
		*TM_ROW1 -0.876533	0.44708	-0.17835
		*TM_ROW2 0.479185	0.845531	-0.2355
		*TM_ROW3 28.5642	-9.33438	91.391
		*TM_POS 28.5642	-9.33438	91.391
		*TM_ROTAXIS 0.551391	-0.772552	-0.314851
		*TM_ROTANGLE 1.95137
		*TM_SCALE 1	1	1
		*TM_SCALEAXIS 0	0	0
		*TM_SCALEAXISANG 0	0	0
	}
}
*HELPEROBJECT {
	*NODE_NAME "Bip01 L Finger0"
	*NODE_PARENT "Bip01 L Hand"
	*NODE_TM {
		*NODE_NAME "Bip01 L Finger0"
		*TM_ROW0 0.0455153	-0.291888	-0.955369
		*TM_ROW1 -0.876915	0.446405	-0.178165
		*TM_ROW2 0.478485	0.845886	-0.235643
		*TM_ROW3 29.15	-13.0909	79.0956
		*TM_POS 29.15	-13.0909	79.0956
		*TM_ROTAXIS 0.551581	-0.772311	-0.31511
		*TM_ROTANGLE 1.95181
		*TM_SCALE 1	1	1
		*TM_SCALEAXIS 0	0	0
		*TM_SCALEAXISANG 0	0	0
	}
}
*HELPEROBJECT {
	*NODE_NAME "ZS_LEFTHAND"
	*NODE_PARENT "Bip01 L Hand"
	*NODE_TM {
		*NODE_NAME "ZS_LEFTHAND"
		*TM_ROW0 0.435606	0.890062	-0.134303
		*TM_ROW1 0.180312	-0.232461	-0.955745
		*TM_ROW2 -0.881893	0.392112	-0.261751
		*TM_ROW3 26.7605	-11.5467	82.7857
		*TM_POS 26.7605	-11.5467	82.7857
		*TM_ROTAXIS 0.794322	0.440571	-0.418271
		*TM_ROTANGLE 2.12858
		*TM_SCALE 1	1	1
		*TM_SCALEAXIS 0	0	0
		*TM_SCALEAXISANG 0	0	0
	}
}
*HELPEROBJECT {
	*NODE_NAME "ZS_LEFTARM"
	*NODE_PARENT "Bip01 L Forearm"
	*NODE_TM {
		*NODE_NAME "ZS_LEFTARM"
		*TM_ROW0 0.0759923	-0.150176	-0.985735
		*TM_ROW1 0.524499	0.846792	-0.0885737
		*TM_ROW2 0.848013	-0.510286	0.143117
		*TM_ROW3 26.9101	-7.67833	110.055
		*TM_POS 26.9101	-7.67833	110.055
		*TM_ROTAXIS -0.21097	-0.917372	0.337521
		*TM_ROTANGLE 1.53784
		*TM_SCALE 1	1	1
		*TM_SCALEAXIS 0	0	0
		*TM_SCALEAXISANG 0	0	0
	}
}
*HELPEROBJECT {
	*NODE_NAME "Bip01 R Clavicle"
	*NODE_PARENT "Bip01 Neck"
	*NODE_TM {
		*NODE_NAME "Bip01 R Clavicle"
		*TM_ROW0 -0.935227	-0.203899	-0.28944
		*TM_ROW1 -0.156442	0.971369	-0.178799
		*TM_ROW2 0.317609	-0.121937	-0.940349
		*TM_ROW3 -7.96398	-1.25806	148.729
		*TM_POS -7.96398	-1.25806	148.729
		*TM_ROTAXIS -0.0929799	0.992639	-0.0776
		*TM_ROTANGLE 3.45235
		*TM_SCALE 1	1	1
		*TM_SCALEAXIS 0	0	0
		*TM_SCALEAXISANG 0	0	0
	}
}
*HELPEROBJECT {
	*NODE_NAME "Bip01 R UpperArm"
	*NODE_PARENT "Bip01 R Clavicle"
	*NODE_TM {
		*NODE_NAME "Bip01 R UpperArm"
		*TM_ROW0 -0.246232	0.0988932	-0.964153
		*TM_ROW1 -0.412793	0.889345	0.196642
		*TM_ROW2 0.876911	0.446415	-0.178163
		*TM_ROW3 -20.4269	-3.97513	144.872
		*TM_POS -20.4269	-3.97513	144.872
		*TM_ROTAXIS 0.12961	-0.955353	-0.265521
		*TM_ROTANGLE 1.84162
		*TM_SCALE 1	1	1
		*TM_SCALEAXIS 0	0	0
		*TM_SCALEAXISANG 0	0	0
	}
}
*HELPEROBJECT {
	*NODE_NAME "Bip01 R Forearm"
	*NODE_PARENT "Bip01 R UpperArm"
	*NODE_TM {
		*NODE_NAME "Bip01 R Forearm"
		*TM_ROW0 -0.0455087	-0.291889	-0.955369
		*TM_ROW1 -0.478487	0.845885	-0.235646
		*TM_ROW2 0.876914	0.446408	-0.17816
		*TM_ROW3 -27.2982	-1.21534	117.966
		*TM_POS -27.2982	-1.21534	117.966
		*TM_ROTAXIS 0.347279	-0.932937	-0.0950097
		*TM_ROTANGLE 1.76083
		*TM_SCALE 1	1	1
		*TM_SCALEAXIS 0	0	0
		*TM_SCALEAXISANG 0	0	0
	}
}
*HELPEROBJECT {
	*NODE_NAME "Bip01 R Hand"
	*NODE_PARENT "Bip01 R Forearm"
	*NODE_TM {
		*NODE_NAME "Bip01 R Hand"
		*TM_ROW0 -0.0455115	-0.291885	-0.95537
		*TM_ROW1 0.87653	0.447088	-0.17835
		*TM_ROW2 0.479192	-0.845527	0.235499
		*TM_ROW3 -28.5642	-9.33445	91.391
		*TM_POS -28.5642	-9.33445	91.391
		*TM_ROTAXIS -0.33922	-0.72939	0.59407
		*TM_ROTANGLE 1.75327
		*TM_SCALE 1	1	1
		*TM_SCALEAXIS 0	0	0
		*TM_SCALEAXISANG 0	0	0
	}
}
*HELPEROBJECT {
	*NODE_NAME "Bip01 R Finger0"
	*NODE_PARENT "Bip01 R Hand"
	*NODE_TM {
		*NODE_NAME "Bip01 R Finger0"
		*TM_ROW0 -0.0455056	-0.291877	-0.955373
		*TM_ROW1 0.876914	0.446413	-0.178152
		*TM_ROW2 0.478489	-0.845886	0.235636
		*TM_ROW3 -29.1499	-13.0909	79.0956
		*TM_POS -29.1499	-13.0909	79.0956
		*TM_ROTAXIS -0.33952	-0.729071	0.594291
		*TM_ROTANGLE 1.75354
		*TM_SCALE 1	1	1
		*TM_SCALEAXIS 0	0	0
		*TM_SCALEAXISANG 0	0	0
	}
}
*HELPEROBJECT {
	*NODE_NAME "ZS_RIGHTHAND"
	*NODE_PARENT "Bip01 R Hand"
	*NODE_TM {
		*NODE_NAME "ZS_RIGHTHAND"
		*TM_ROW0 -0.464344	0.856417	-0.225687
		*TM_ROW1 0.177861	0.339806	0.923525
		*TM_ROW2 0.867612	0.388692	-0.31011
		*TM_ROW3 -20.9389	-19.9852	85.8932
		*TM_POS -20.9389	-19.9852	85.8932
		*TM_ROTAXIS 0.383811	0.784581	0.486951
		*TM_ROTANGLE 3.91244
		*TM_SCALE 1	1	1
		*TM_SCALEAXIS 0	0	0
		*TM_SCALEAXISANG 0	0	0
	}
}
*HELPEROBJECT {
	*NODE_NAME "ZS_CROSSBOW"
	*NODE_PARENT "Bip01 Spine2"
	*NODE_TM {
		*NODE_NAME "ZS_CROSSBOW"
		*TM_ROW0 -0.382687	-0.111464	0.91713
		*TM_ROW1 -0.923878	0.0461715	-0.379891
		*TM_ROW2 -1.2517e-006	-0.992695	-0.120648
		*TM_ROW3 -14.434	10.5915	165.98
		*TM_POS -14.434	10.5915	165.98
		*TM_ROTAXIS -0.447329	0.669479	-0.593039
		*TM_ROTANGLE 2.38705
		*TM_SCALE 1	1	1
		*TM_SCALEAXIS 0	0	0
		*TM_SCALEAXISANG 0	0	0
	}
}
*HELPEROBJECT {
	*NODE_NAME "ZS_LONGSWORD"
	*NODE_PARENT "Bip01 Spine2"
	*NODE_TM {
		*NODE_NAME "ZS_LONGSWORD"
		*TM_ROW0 -0.499829	-0.0915011	0.861277
		*TM_ROW1 -0.865729	0.0828188	-0.493614
		*TM_ROW2 -0.0261636	-0.992355	-0.12061
		*TM_ROW3 -18.1593	6.92629	157.64
		*TM_POS -18.1593	6.92629	157.64
		*TM_ROTAXIS -0.38996	0.69388	-0.60536
		*TM_ROTANGLE 2.44778
		*TM_SCALE 1	1	1
		*TM_SCALEAXIS 0	0	0
		*TM_SCALEAXISANG 0	0	0
	}
}
*HELPEROBJECT {
	*NODE_NAME "ZS_SHIELD"
	*NODE_PARENT "Bip01 Spine2"
	*NODE_TM {
		*NODE_NAME "ZS_SHIELD"
		*TM_ROW0 -0.0138681	0.114196	-0.993362
		*TM_ROW1 -0.908393	0.413755	0.0602465
		*TM_ROW2 0.417888	0.903198	0.0979964
		*TM_ROW3 8.76511	9.5282	131.875
		*TM_POS 8.76511	9.5282	131.875
		*TM_ROTAXIS 0.435421	-0.728972	-0.528212
		*TM_ROTANGLE 1.82457
		*TM_SCALE 1	1	1
		*TM_SCALEAXIS 0	0	0
		*TM_SCALEAXISANG 0	0	0
	}
}
*HELPEROBJECT {
	*NODE_NAME "ZS_BOW"
	*NODE_PARENT "Bip01 Spine2"
	*NODE_TM {
		*NODE_NAME "ZS_BOW"
		*TM_ROW0 -0.341816	-0.0868229	0.935748
		*TM_ROW1 0.0119438	0.995242	0.0967059
		*TM_ROW2 -0.939691	0.044232	-0.339153
		*TM_ROW3 0.5012	12.4143	124.55
		*TM_POS 0.5012	12.4143	124.55
		*TM_ROTAXIS -0.0279299	0.998227	0.0525698
		*TM_ROTANGLE 1.92076
		*TM_SCALE 1	1	1
		*TM_SCALEAXIS 0	0	0
		*TM_SCALEAXISANG 0	0	0
	}
}
*HELPEROBJECT {
	*NODE_NAME "ZS_SWORD"
	*NODE_PARENT "Bip01 Spine"
	*NODE_TM {
		*NODE_NAME "ZS_SWORD"
		*TM_ROW0 5.79282e-007	-0.347172	0.937802
		*TM_ROW1 1.04309e-007	0.937802	0.347172
		*TM_ROW2 -1	-1.04308e-007	5.79283e-007
		*TM_ROW3 17.5015	-4.36211	106.367
		*TM_POS 17.5015	-4.36211	106.367
		*TM_ROTAXIS -0.17367	0.96937	0.17367
		*TM_ROTANGLE 1.6019
		*TM_SCALE 1	1	1
		*TM_SCALEAXIS 0	0	0
		*TM_SCALEAXISANG 0	0	0
	}
}
*HELPEROBJECT {
	*NODE_NAME "Bip01 L Thigh"
	*NODE_PARENT "Bip01 Pelvis"
	*NODE_TM {
		*NODE_NAME "Bip01 L Thigh"
		*TM_ROW0 0.0534878	-0.0367886	-0.997891
		*TM_ROW1 -0.00216181	-0.999323	0.0367256
		*TM_ROW2 -0.998566	0.000192882	-0.0535313
		*TM_ROW3 9.01023	-8.01129	99.9496
		*TM_POS 9.01023	-8.01129	99.9496
		*TM_ROTAXIS 0.72572	-0.01342	-0.68786
		*TM_ROTANGLE 3.16677
		*TM_SCALE 1	1	1
		*TM_SCALEAXIS 0	0	0
		*TM_SCALEAXISANG 0	0	0
	}
}
*HELPEROBJECT {
	*NODE_NAME "Bip01 L Calf"
	*NODE_PARENT "Bip01 L Thigh"
	*NODE_TM {
		*NODE_NAME "Bip01 L Calf"
		*TM_ROW0 0.0525131	0.197552	-0.978885
		*TM_ROW1 0.0103904	-0.980292	-0.197278
		*TM_ROW2 -0.998566	0.000188708	-0.0535307
		*TM_ROW3 11.1149	-9.45845	60.6877
		*TM_POS 11.1149	-9.45845	60.6877
		*TM_ROTAXIS 0.723901	0.0721501	-0.686121
		*TM_ROTANGLE 3.00478
		*TM_SCALE 1	1	1
		*TM_SCALEAXIS 0	0	0
		*TM_SCALEAXISANG 0	0	0
	}
}
*HELPEROBJECT {
	*NODE_NAME "Bip01 L Foot"
	*NODE_PARENT "Bip01 L Calf"
	*NODE_TM {
		*NODE_NAME "Bip01 L Foot"
		*TM_ROW0 -5.93318e-007	7.27489e-006	-1
		*TM_ROW1 0.173652	-0.984807	-7.26412e-006
		*TM_ROW2 -0.984807	-0.173652	-5.97767e-007
		*TM_ROW3 13.6935	0.240668	12.6267
		*TM_POS 13.6935	0.240668	12.6267
		*TM_ROTAXIS 0.705757	0.0617498	-0.705757
		*TM_ROTANGLE 3.26493
		*TM_SCALE 1	1	1
		*TM_SCALEAXIS 0	0	0
		*TM_SCALEAXISANG 0	0	0
	}
}
*HELPEROBJECT {
	*NODE_NAME "Bip01 L Toe0"
	*NODE_PARENT "Bip01 L Foot"
	*NODE_TM {
		*NODE_NAME "Bip01 L Toe0"
		*TM_ROW0 0.173646	-0.984808	5.05914e-006
		*TM_ROW1 5.06367e-006	5.91264e-006	1
		*TM_ROW2 -0.984808	-0.173646	5.92894e-006
		*TM_ROW3 17.6256	-22.0591	5.26591e-006
		*TM_POS 17.6256	-22.0591	5.26591e-006
		*TM_ROTAXIS -0.644398	0.540718	0.540718
		*TM_ROTANGLE 1.99673
		*TM_SCALE 1	1	1
		*TM_SCALEAXIS 0	0	0
		*TM_SCALEAXISANG 0	0	0
	}
}
*HELPEROBJECT {
	*NODE_NAME "Bip01 R Thigh"
	*NODE_PARENT "Bip01 Pelvis"
	*NODE_TM {
		*NODE_NAME "Bip01 R Thigh"
		*TM_ROW0 -0.0535034	-0.0367749	-0.99789
		*TM_ROW1 0.00205776	-0.999324	0.0367174
		*TM_ROW2 -0.998566	-8.89041e-005	0.0535432
		*TM_ROW3 -9.01021	-8.01132	99.9496
		*TM_POS -9.01021	-8.01132	99.9496
		*TM_ROTAXIS 0.687862	-0.01262	-0.725732
		*TM_ROTANGLE 3.16835
		*TM_SCALE 1	1	1
		*TM_SCALEAXIS 0	0	0
		*TM_SCALEAXISANG 0	0	0
	}
}
*HELPEROBJECT {
	*NODE_NAME "Bip01 R Calf"
	*NODE_PARENT "Bip01 R Thigh"
	*NODE_TM {
		*NODE_NAME "Bip01 R Calf"
		*TM_ROW0 -0.0525025	0.197539	-0.978888
		*TM_ROW1 -0.0104967	-0.980295	-0.19726
		*TM_ROW2 -0.998566	-8.16064e-005	0.0535415
		*TM_ROW3 -11.1154	-9.45856	60.6878
		*TM_POS -11.1154	-9.45856	60.6878
		*TM_ROTAXIS 0.686298	0.0684898	-0.724088
		*TM_ROTANGLE 2.99744
		*TM_SCALE 1	1	1
		*TM_SCALEAXIS 0	0	0
		*TM_SCALEAXISANG 0	0	0
	}
}
*HELPEROBJECT {
	*NODE_NAME "Bip01 R Foot"
	*NODE_PARENT "Bip01 R Calf"
	*NODE_TM {
		*NODE_NAME "Bip01 R Foot"
		*TM_ROW0 -5.86373e-007	-7.29557e-006	-1
		*TM_ROW1 -0.173652	-0.984807	7.26572e-006
		*TM_ROW2 -0.984807	0.173652	-5.93781e-007
		*TM_ROW3 -13.6935	0.24065	12.6267
		*TM_POS -13.6935	0.24065	12.6267
		*TM_ROTAXIS 0.705757	-0.0617498	-0.705757
		*TM_ROTANGLE 3.01826
		*TM_SCALE 1	1	1
		*TM_SCALEAXIS 0	0	0
		*TM_SCALEAXISANG 0	0	0
	}
}
*HELPEROBJECT {
	*NODE_NAME "Bip01 R Toe0"
	*NODE_PARENT "Bip01 R Foot"
	*NODE_TM {
		*NODE_NAME "Bip01 R Toe0"
		*TM_ROW0 -0.173651	-0.984807	3.52553e-006
		*TM_ROW1 3.507e-006	3.07854e-006	1
		*TM_ROW2 -0.984807	0.173651	3.0421e-006
		*TM_ROW3 -17.6255	-22.0592	2.91014e-005
		*TM_POS -17.6255	-22.0592	2.91014e-005
		*TM_ROTAXIS -0.510271	0.608121	0.608121
		*TM_ROTANGLE 2.19793
		*TM_SCALE 1	1	1
		*TM_SCALEAXIS 0	0	0
		*TM_SCALEAXISANG 0	0	0
	}
}
*GEOMOBJECT {
	*NODE_NAME "zm_Frill"
	*NODE_PARENT "Bip01 L Hand"
	*NODE_TM {
		*NODE_NAME "zm_Frill"
		*TM_ROW0 0.0455132	-0.291886	-0.95537
		*TM_ROW1 -0.876533	0.44708	-0.17835
		*TM_ROW2 0.479185	0.845531	-0.2355
		*TM_ROW3 28.5642	-9.33438	91.391
		*TM_POS 28.5642	-9.33438	91.391
		*TM_ROTAXIS 0.551391	-0.772552	-0.314851
		*TM_ROTANGLE 1.95137
		*TM_SCALE 1	1	1
		*TM_SCALEAXIS 0	0	0
		*TM_SCALEAXISANG 0	0	0
	}
	*MATERIAL_REF 0
	*MESH {
		*TIMEVALUE 0
		*MESH_NUMVERTEX 48
		*MESH_NUMFACES 72
		*MESH_VERTEX_LIST {
			*MESH_VERTEX 0	6.12479	62.625	99.2763
			*MESH_VERTEX 1	28.6863	-12.6889	81.763
			*MESH_VERTEX 2	0.826087	-16.4183	94.3256
			*MESH_VERTEX 3	14.7987	-7.75484	87.5642
			*MESH_VERTEX 4	3.13798	65.9745	98.2308
			*MESH_VERTEX 5	4.5955	-23.2214	93.5874
			*MESH_VERTEX 6	15.5919	-10.0383	88.0801
			*MESH_VERTEX 7	25.716	-9.14326	82.3744
			*MESH_VERTEX 8	12.6489	64.3426	93.67
			*MESH_VERTEX 9	31.5843	-17.4574	81.6193
			*MESH_VERTEX 10	-3.734	-14.9802	93.8301
			*MESH_VERTEX 11	7.78931	58.307	99.1977
			*MESH_VERTEX 12	-2.19044	-8.19907	96.4938
			*MESH_VERTEX 13	12.3541	60.4252	96.1832
			*MESH_VERTEX 14	14.6021	63.5039	98.1734
			*MESH_VERTEX 15	5.09122	65.1357	102.734
			*MESH_VERTEX 16	30.4124	-16.9541	78.9172
			*MESH_VERTEX 17	-1.78075	-15.819	98.3336
			*MESH_VERTEX 18	3.42355	-22.7181	90.8853
			*MESH_VERTEX 19	3.4151	-14.0959	92.2459
			*MESH_VERTEX 20	12.1435	55.7826	96.9432
			*MESH_VERTEX 21	26.4973	-9.47877	84.1758
			*MESH_VERTEX 22	15.58	-8.09035	89.3656
			*MESH_VERTEX 23	-0.00146857	-11.4092	94.0811
			*MESH_VERTEX 24	4.1964	-14.4314	94.0472
			*MESH_VERTEX 25	11.3622	56.1181	95.1419
			*MESH_VERTEX 26	7.00801	58.6425	97.3964
			*MESH_VERTEX 27	0.779825	-11.7447	95.8824
			*MESH_VERTEX 28	5.01982	-18.2656	89.4653
			*MESH_VERTEX 29	6.97307	-19.1044	93.9687
			*MESH_VERTEX 30	29.0224	-8.76427	79.2313
			*MESH_VERTEX 31	26.7843	-14.4985	79.7313
			*MESH_VERTEX 32	-3.01691	-8.61554	99.5814
			*MESH_VERTEX 33	30.9756	-9.60303	83.7348
			*MESH_VERTEX 34	28.7375	-15.3373	84.2347
			*MESH_VERTEX 35	-4.97016	-7.77678	95.078
			*MESH_VERTEX 36	15.0178	-11.7346	85.4436
			*MESH_VERTEX 37	16.9711	-12.5733	89.947
			*MESH_VERTEX 38	28.7375	-15.3373	84.2347
			*MESH_VERTEX 39	16.9711	-12.5733	89.947
			*MESH_VERTEX 40	15.0178	-11.7346	85.4436
			*MESH_VERTEX 41	6.97307	-19.1044	93.9687
			*MESH_VERTEX 42	5.01982	-18.2656	89.4653
			*MESH_VERTEX 43	3.42355	-22.7181	90.8853
			*MESH_VERTEX 44	26.7843	-14.4985	79.7313
			*MESH_VERTEX 45	31.5843	-17.4574	81.6193
			*MESH_VERTEX 46	30.4124	-16.9541	78.9172
			*MESH_VERTEX 47	4.5955	-23.2214	93.5874
		}
		*MESH_FACE_LIST {
			*MESH_FACE    0:    A:    12 B:    6 C:    13 AB:    1 BC:    1 CA:    1	 *MESH_SMOOTHING 1 	*MESH_MTLID 0
			*MESH_FACE    1:    A:    12 B:    13 C:    6 AB:    1 BC:    1 CA:    1	 *MESH_SMOOTHING 1 	*MESH_MTLID 0
			*MESH_FACE    2:    A:    32 B:    27 C:    11 AB:    1 BC:    1 CA:    1	 *MESH_SMOOTHING 1 	*MESH_MTLID 0
			*MESH_FACE    3:    A:    35 B:    26 C:    23 AB:    1 BC:    1 CA:    1	 *MESH_SMOOTHING 1 	*MESH_MTLID 0
			*MESH_FACE    4:    A:    6 B:    13 C:    1 AB:    1 BC:    1 CA:    1	 *MESH_SMOOTHING 1 	*MESH_MTLID 0
			*MESH_FACE    5:    A:    6 B:    1 C:    13 AB:    1 BC:    1 CA:    1	 *MESH_SMOOTHING 1 	*MESH_MTLID 0
			*MESH_FACE    6:    A:    3 B:    7 C:    36 AB:    1 BC:    1 CA:    1	 *MESH_SMOOTHING 1 	*MESH_MTLID 0
			*MESH_FACE    7:    A:    37 B:    21 C:    22 AB:    1 BC:    1 CA:    1	 *MESH_SMOOTHING 1 	*MESH_MTLID 0
			*MESH_FACE    8:    A:    30 B:    25 C:    8 AB:    1 BC:    1 CA:    1	 *MESH_SMOOTHING 1 	*MESH_MTLID 0
			*MESH_FACE    9:    A:    20 B:    33 C:    14 AB:    1 BC:    1 CA:    1	 *MESH_SMOOTHING 1 	*MESH_MTLID 0
			*MESH_FACE    10:    A:    21 B:    37 C:    34 AB:    1 BC:    1 CA:    1	 *MESH_SMOOTHING 1 	*MESH_MTLID 0
			*MESH_FACE    11:    A:    33 B:    20 C:    21 AB:    1 BC:    1 CA:    1	 *MESH_SMOOTHING 1 	*MESH_MTLID 0
			*MESH_FACE    12:    A:    25 B:    30 C:    7 AB:    1 BC:    1 CA:    1	 *MESH_SMOOTHING 1 	*MESH_MTLID 0
			*MESH_FACE    13:    A:    36 B:    7 C:    31 AB:    1 BC:    1 CA:    1	 *MESH_SMOOTHING 1 	*MESH_MTLID 0
			*MESH_FACE    14:    A:    10 B:    19 C:    28 AB:    1 BC:    1 CA:    1	 *MESH_SMOOTHING 1 	*MESH_MTLID 0
			*MESH_FACE    15:    A:    32 B:    4 C:    35 AB:    1 BC:    1 CA:    1	 *MESH_SMOOTHING 1 	*MESH_MTLID 0
			*MESH_FACE    16:    A:    11 B:    14 C:    15 AB:    1 BC:    1 CA:    1	 *MESH_SMOOTHING 1 	*MESH_MTLID 0
			*MESH_FACE    17:    A:    32 B:    11 C:    15 AB:    1 BC:    1 CA:    1	 *MESH_SMOOTHING 1 	*MESH_MTLID 0
			*MESH_FACE    18:    A:    35 B:    4 C:    26 AB:    1 BC:    1 CA:    1	 *MESH_SMOOTHING 1 	*MESH_MTLID 0
			*MESH_FACE    19:    A:    8 B:    26 C:    4 AB:    1 BC:    1 CA:    1	 *MESH_SMOOTHING 1 	*MESH_MTLID 0
			*MESH_FACE    20:    A:    12 B:    6 C:    2 AB:    1 BC:    1 CA:    1	 *MESH_SMOOTHING 1 	*MESH_MTLID 0
			*MESH_FACE    21:    A:    12 B:    2 C:    6 AB:    1 BC:    1 CA:    1	 *MESH_SMOOTHING 1 	*MESH_MTLID 0
			*MESH_FACE    22:    A:    13 B:    12 C:    0 AB:    1 BC:    1 CA:    1	 *MESH_SMOOTHING 1 	*MESH_MTLID 0
			*MESH_FACE    23:    A:    13 B:    0 C:    12 AB:    1 BC:    1 CA:    1	 *MESH_SMOOTHING 1 	*MESH_MTLID 0
			*MESH_FACE    24:    A:    14 B:    30 C:    8 AB:    1 BC:    1 CA:    1	 *MESH_SMOOTHING 1 	*MESH_MTLID 0
			*MESH_FACE    25:    A:    8 B:    15 C:    14 AB:    1 BC:    1 CA:    1	 *MESH_SMOOTHING 1 	*MESH_MTLID 0
			*MESH_FACE    26:    A:    4 B:    32 C:    15 AB:    1 BC:    1 CA:    1	 *MESH_SMOOTHING 1 	*MESH_MTLID 0
			*MESH_FACE    27:    A:    15 B:    8 C:    4 AB:    1 BC:    1 CA:    1	 *MESH_SMOOTHING 1 	*MESH_MTLID 0
			*MESH_FACE    28:    A:    30 B:    14 C:    33 AB:    1 BC:    1 CA:    1	 *MESH_SMOOTHING 1 	*MESH_MTLID 0
			*MESH_FACE    29:    A:    24 B:    17 C:    29 AB:    1 BC:    1 CA:    1	 *MESH_SMOOTHING 1 	*MESH_MTLID 0
			*MESH_FACE    30:    A:    18 B:    17 C:    10 AB:    1 BC:    1 CA:    1	 *MESH_SMOOTHING 1 	*MESH_MTLID 0
			*MESH_FACE    31:    A:    17 B:    18 C:    5 AB:    1 BC:    1 CA:    1	 *MESH_SMOOTHING 1 	*MESH_MTLID 0
			*MESH_FACE    32:    A:    19 B:    3 C:    36 AB:    1 BC:    1 CA:    1	 *MESH_SMOOTHING 1 	*MESH_MTLID 0
			*MESH_FACE    33:    A:    24 B:    37 C:    22 AB:    1 BC:    1 CA:    1	 *MESH_SMOOTHING 1 	*MESH_MTLID 0
			*MESH_FACE    34:    A:    14 B:    11 C:    20 AB:    1 BC:    1 CA:    1	 *MESH_SMOOTHING 1 	*MESH_MTLID 0
			*MESH_FACE    35:    A:    26 B:    8 C:    25 AB:    1 BC:    1 CA:    1	 *MESH_SMOOTHING 1 	*MESH_MTLID 0
			*MESH_FACE    36:    A:    20 B:    7 C:    21 AB:    1 BC:    1 CA:    1	 *MESH_SMOOTHING 1 	*MESH_MTLID 0
			*MESH_FACE    37:    A:    7 B:    22 C:    21 AB:    1 BC:    1 CA:    1	 *MESH_SMOOTHING 1 	*MESH_MTLID 0
			*MESH_FACE    38:    A:    22 B:    7 C:    3 AB:    1 BC:    1 CA:    1	 *MESH_SMOOTHING 1 	*MESH_MTLID 0
			*MESH_FACE    39:    A:    3 B:    24 C:    22 AB:    1 BC:    1 CA:    1	 *MESH_SMOOTHING 1 	*MESH_MTLID 0
			*MESH_FACE    40:    A:    19 B:    10 C:    23 AB:    1 BC:    1 CA:    1	 *MESH_SMOOTHING 1 	*MESH_MTLID 0
			*MESH_FACE    41:    A:    17 B:    24 C:    27 AB:    1 BC:    1 CA:    1	 *MESH_SMOOTHING 1 	*MESH_MTLID 0
			*MESH_FACE    42:    A:    24 B:    3 C:    19 AB:    1 BC:    1 CA:    1	 *MESH_SMOOTHING 1 	*MESH_MTLID 0
			*MESH_FACE    43:    A:    19 B:    27 C:    24 AB:    1 BC:    1 CA:    1	 *MESH_SMOOTHING 1 	*MESH_MTLID 0
			*MESH_FACE    44:    A:    7 B:    20 C:    25 AB:    1 BC:    1 CA:    1	 *MESH_SMOOTHING 1 	*MESH_MTLID 0
			*MESH_FACE    45:    A:    11 B:    25 C:    20 AB:    1 BC:    1 CA:    1	 *MESH_SMOOTHING 1 	*MESH_MTLID 0
			*MESH_FACE    46:    A:    11 B:    23 C:    26 AB:    1 BC:    1 CA:    1	 *MESH_SMOOTHING 1 	*MESH_MTLID 0
			*MESH_FACE    47:    A:    25 B:    11 C:    26 AB:    1 BC:    1 CA:    1	 *MESH_SMOOTHING 1 	*MESH_MTLID 0
			*MESH_FACE    48:    A:    23 B:    11 C:    27 AB:    1 BC:    1 CA:    1	 *MESH_SMOOTHING 1 	*MESH_MTLID 0
			*MESH_FACE    49:    A:    27 B:    19 C:    23 AB:    1 BC:    1 CA:    1	 *MESH_SMOOTHING 1 	*MESH_MTLID 0
			*MESH_FACE    50:    A:    10 B:    28 C:    18 AB:    1 BC:    1 CA:    1	 *MESH_SMOOTHING 1 	*MESH_MTLID 0
			*MESH_FACE    51:    A:    29 B:    17 C:    5 AB:    1 BC:    1 CA:    1	 *MESH_SMOOTHING 1 	*MESH_MTLID 0
			*MESH_FACE    52:    A:    30 B:    31 C:    7 AB:    1 BC:    1 CA:    1	 *MESH_SMOOTHING 1 	*MESH_MTLID 0
			*MESH_FACE    53:    A:    33 B:    16 C:    30 AB:    1 BC:    1 CA:    1	 *MESH_SMOOTHING 1 	*MESH_MTLID 0
			*MESH_FACE    54:    A:    31 B:    30 C:    16 AB:    1 BC:    1 CA:    1	 *MESH_SMOOTHING 1 	*MESH_MTLID 0
			*MESH_FACE    55:    A:    27 B:    32 C:    17 AB:    1 BC:    1 CA:    1	 *MESH_SMOOTHING 1 	*MESH_MTLID 0
			*MESH_FACE    56:    A:    35 B:    17 C:    32 AB:    1 BC:    1 CA:    1	 *MESH_SMOOTHING 1 	*MESH_MTLID 0
			*MESH_FACE    57:    A:    34 B:    33 C:    21 AB:    1 BC:    1 CA:    1	 *MESH_SMOOTHING 1 	*MESH_MTLID 0
			*MESH_FACE    58:    A:    16 B:    33 C:    9 AB:    1 BC:    1 CA:    1	 *MESH_SMOOTHING 1 	*MESH_MTLID 0
			*MESH_FACE    59:    A:    33 B:    34 C:    9 AB:    1 BC:    1 CA:    1	 *MESH_SMOOTHING 1 	*MESH_MTLID 0
			*MESH_FACE    60:    A:    23 B:    10 C:    35 AB:    1 BC:    1 CA:    1	 *MESH_SMOOTHING 1 	*MESH_MTLID 0
			*MESH_FACE    61:    A:    17 B:    35 C:    10 AB:    1 BC:    1 CA:    1	 *MESH_SMOOTHING 1 	*MESH_MTLID 0
			*MESH_FACE    62:    A:    19 B:    36 C:    28 AB:    1 BC:    1 CA:    1	 *MESH_SMOOTHING 1 	*MESH_MTLID 0
			*MESH_FACE    63:    A:    24 B:    29 C:    37 AB:    1 BC:    1 CA:    1	 *MESH_SMOOTHING 1 	*MESH_MTLID 0
			*MESH_FACE    64:    A:    44 B:    38 C:    39 AB:    1 BC:    1 CA:    1	 *MESH_SMOOTHING 1 	*MESH_MTLID 0
			*MESH_FACE    65:    A:    40 B:    39 C:    41 AB:    1 BC:    1 CA:    1	 *MESH_SMOOTHING 1 	*MESH_MTLID 0
			*MESH_FACE    66:    A:    41 B:    42 C:    40 AB:    1 BC:    1 CA:    1	 *MESH_SMOOTHING 1 	*MESH_MTLID 0
			*MESH_FACE    67:    A:    42 B:    41 C:    47 AB:    1 BC:    1 CA:    1	 *MESH_SMOOTHING 1 	*MESH_MTLID 0
			*MESH_FACE    68:    A:    39 B:    40 C:    44 AB:    1 BC:    1 CA:    1	 *MESH_SMOOTHING 1 	*MESH_MTLID 0
			*MESH_FACE    69:    A:    46 B:    45 C:    38 AB:    1 BC:    1 CA:    1	 *MESH_SMOOTHING 1 	*MESH_MTLID 0
			*MESH_FACE    70:    A:    38 B:    44 C:    46 AB:    1 BC:    1 CA:    1	 *MESH_SMOOTHING 1 	*MESH_MTLID 0
			*MESH_FACE    71:    A:    47 B:    43 C:    42 AB:    1 BC:    1 CA:    1	 *MESH_SMOOTHING 1 	*MESH_MTLID 0
		}
		*MESH_NUMTVERTEX 30
		*MESH_TVERTLIST {
			*MESH_TVERT 0	0.145095	0.861587	0
			*MESH_TVERT 1	11.6381	0.932212	0
			*MESH_TVERT 2	19.8635	0.042151	0
			*MESH_TVERT 3	0.149234	1	0
			*MESH_TVERT 4	0.396825	1	0
			*MESH_TVERT 5	0.396825	-4.64522	0
			*MESH_TVERT 6	19.9105	1.00043	0
			*MESH_TVERT 7	0.396825	1.54572	0
			*MESH_TVERT 8	0.396825	0.015873	0
			*MESH_TVERT 9	0.124247	1.54572	0
			*MESH_TVERT 10	0.984127	0.984127	0
			*MESH_TVERT 11	0.428571	0.444444	0
			*MESH_TVERT 12	0.984127	0.444444	0
			*MESH_TVERT 13	0.124247	0.015873	0
			*MESH_TVERT 14	0.428571	0.984127	0
			*MESH_TVERT 15	0.430735	0.321391	0
			*MESH_TVERT 16	0.931316	0.00738102	0
			*MESH_TVERT 17	1.12383	0.178567	0
			*MESH_TVERT 18	0.149234	-4.64522	0
			*MESH_TVERT 19	0.931335	0.972476	0
			*MESH_TVERT 20	16.0662	-0.00204694	0
			*MESH_TVERT 21	1.12483	0.320756	0
			*MESH_TVERT 22	0.482509	0.186363	0
			*MESH_TVERT 23	0.428571	0.460317	0
			*MESH_TVERT 24	0.984127	0.460317	0
			*MESH_TVERT 25	0.433436	0.00533098	0
			*MESH_TVERT 26	589.615	1747.18	0
			*MESH_TVERT 27	-0	1524	0
			*MESH_TVERT 28	-589.615	1747.18	0
			*MESH_TVERT 29	736.6	1879.6	0
		}
		*MESH_NUMTVFACES 72
		*MESH_TFACELIST {
			*MESH_TFACE 0	0	1	2
			*MESH_TFACE 1	0	2	1
			*MESH_TFACE 2	3	4	5
			*MESH_TFACE 3	3	5	4
			*MESH_TFACE 4	1	2	6
			*MESH_TFACE 5	1	6	2
			*MESH_TFACE 6	7	8	9
			*MESH_TFACE 7	9	8	7
			*MESH_TFACE 8	10	11	12
			*MESH_TFACE 9	11	10	12
			*MESH_TFACE 10	8	9	13
			*MESH_TFACE 11	10	11	14
			*MESH_TFACE 12	11	10	14
			*MESH_TFACE 13	9	8	13
			*MESH_TFACE 14	15	16	17
			*MESH_TFACE 15	3	18	3
			*MESH_TFACE 16	14	12	10
			*MESH_TFACE 17	3	5	18
			*MESH_TFACE 18	3	18	5
			*MESH_TFACE 19	12	14	10
			*MESH_TFACE 20	0	1	19
			*MESH_TFACE 21	0	19	1
			*MESH_TFACE 22	2	0	20
			*MESH_TFACE 23	2	20	0
			*MESH_TFACE 24	12	10	12
			*MESH_TFACE 25	12	10	12
			*MESH_TFACE 26	18	3	18
			*MESH_TFACE 27	10	12	10
			*MESH_TFACE 28	10	12	10
			*MESH_TFACE 29	16	15	17
			*MESH_TFACE 30	21	15	15
			*MESH_TFACE 31	15	21	21
			*MESH_TFACE 32	8	7	9
			*MESH_TFACE 33	8	9	7
			*MESH_TFACE 34	12	14	11
			*MESH_TFACE 35	14	12	11
			*MESH_TFACE 36	11	14	14
			*MESH_TFACE 37	8	7	8
			*MESH_TFACE 38	7	8	7
			*MESH_TFACE 39	7	8	7
			*MESH_TFACE 40	16	15	22
			*MESH_TFACE 41	15	16	22
			*MESH_TFACE 42	8	7	8
			*MESH_TFACE 43	16	22	16
			*MESH_TFACE 44	14	11	11
			*MESH_TFACE 45	14	11	11
			*MESH_TFACE 46	5	4	5
			*MESH_TFACE 47	11	14	14
			*MESH_TFACE 48	4	5	4
			*MESH_TFACE 49	22	16	22
			*MESH_TFACE 50	15	17	21
			*MESH_TFACE 51	17	15	21
			*MESH_TFACE 52	10	23	14
			*MESH_TFACE 53	10	24	10
			*MESH_TFACE 54	23	10	24
			*MESH_TFACE 55	22	25	15
			*MESH_TFACE 56	25	15	25
			*MESH_TFACE 57	23	10	14
			*MESH_TFACE 58	24	10	24
			*MESH_TFACE 59	10	23	24
			*MESH_TFACE 60	22	15	25
			*MESH_TFACE 61	15	25	15
			*MESH_TFACE 62	8	9	13
			*MESH_TFACE 63	8	13	9
			*MESH_TFACE 64	26	26	27
			*MESH_TFACE 65	27	27	28
			*MESH_TFACE 66	28	28	27
			*MESH_TFACE 67	17	17	21
			*MESH_TFACE 68	27	27	26
			*MESH_TFACE 69	29	29	26
			*MESH_TFACE 70	26	26	29
			*MESH_TFACE 71	21	21	17
		}
	}
}
*HELPEROBJECT {
	*NODE_NAME "Dummy"
	*NODE_PARENT "Bip01 L Finger0"
	*NODE_TM {
		*NODE_NAME "Dummy"
		*TM_ROW0 -1	-0	0
		*TM_ROW1 -0	-1	0
		*TM_ROW2 -0	-0	1
		*TM_ROW3 29.4428	-14.9691	72.9478
		*TM_POS 29.4428	-14.9691	72.9478
		*TM_ROTAXIS 0	0	-1
		*TM_ROTANGLE 3.14159
		*TM_SCALE 1	1	1
		*TM_SCALEAXIS 0	0	0
		*TM_SCALEAXISANG 0	0	0
	}
}
*HELPEROBJECT {
	*NODE_NAME "Dummy1"
	*NODE_PARENT "Bip01 R Finger0"
	*NODE_TM {
		*NODE_NAME "Dummy1"
		*TM_ROW0 -1	-0	0
		*TM_ROW1 -0	-1	0
		*TM_ROW2 -0	-0	1
		*TM_ROW3 -29.4428	-14.9692	72.9478
		*TM_POS -29.4428	-14.9692	72.9478
		*TM_ROTAXIS 0	0	-1
		*TM_ROTANGLE 3.14159
		*TM_SCALE 1	1	1
		*TM_SCALEAXIS 0	0	0
		*TM_SCALEAXISANG 0	0	0
	}
}
*HELPEROBJECT {
	*NODE_NAME "Dummy2"
	*NODE_PARENT "Bip01 L Toe0"
	*NODE_TM {
		*NODE_NAME "Dummy2"
		*TM_ROW0 -1	-0	0
		*TM_ROW1 -0	-1	0
		*TM_ROW2 -0	-0	1
		*TM_ROW3 19.5916	-33.209	-6.31335
		*TM_POS 19.5916	-33.209	-6.31335
		*TM_ROTAXIS 0	0	-1
		*TM_ROTANGLE 3.14159
		*TM_SCALE 1	1	1
		*TM_SCALEAXIS 0	0	0
		*TM_SCALEAXISANG 0	0	0
	}
}
*HELPEROBJECT {
	*NODE_NAME "Dummy3"
	*NODE_PARENT "Bip01 R Toe0"
	*NODE_TM {
		*NODE_NAME "Dummy3"
		*TM_ROW0 -1	-0	0
		*TM_ROW1 -0	-1	0
		*TM_ROW2 -0	-0	1
		*TM_ROW3 -19.5915	-33.2091	-6.31333
		*TM_POS -19.5915	-33.2091	-6.31333
		*TM_ROTAXIS 0	0	-1
		*TM_ROTANGLE 3.14159
		*TM_SCALE 1	1	1
		*TM_SCALEAXIS 0	0	0
		*TM_SCALEAXISANG 0	0	0
	}
}
*GEOMOBJECT {
	*NODE_NAME "zm_Skin"
	*NODE_PARENT "Bip01"
	*NODE_TM {
		*NODE_NAME "zm_Skin"
		*TM_ROW0 -1	-0	0
		*TM_ROW1 -0	-1	0
		*TM_ROW2 -0	-0	1
		*TM_ROW3 -0	-0	0
		*TM_POS -0	-0	0
		*TM_ROTAXIS 0	0	-1
		*TM_ROTANGLE 3.14159
		*TM_SCALE 1	1	1
		*TM_SCALEAXIS 0	0	0
		*TM_SCALEAXISANG 0	0	0
	}
	*MATERIAL_REF 1
	*MESH_SOFTSKIN {
		*TIMEVALUE 0
		*MESH_NUMVERTEX 272
		*MESH_NUMFACES 531
		*MESH_VERTEX_LIST {
			*MESH_VERTEX 0	7.88946	-19.0913	59.2601
			*MESH_VERTEX 1	0.481284	0.704234	167.668
			*MESH_VERTEX 2	-23.4929	-8.22677	135.783
			*MESH_VERTEX 3	22.5402	0.800805	148.34
			*MESH_VERTEX 4	15.4601	-6.93723	14.4811
			*MESH_VERTEX 5	10.5293	7.80396	-0.727013
			*MESH_VERTEX 6	-15.2098	9.07832	-0.279517
			*MESH_VERTEX 7	-14.8364	-22.3077	-0.90252
			*MESH_VERTEX 8	-8.23927	-19.2257	58.9721
			*MESH_VERTEX 9	-16.5792	-6.39291	14.4822
			*MESH_VERTEX 10	23.5454	-17.2367	-1.08906
			*MESH_VERTEX 11	26.9428	-5.20093	118.266
			*MESH_VERTEX 12	15.6175	-5.41368	137.078
			*MESH_VERTEX 13	14.6807	-3.47347	61.6078
			*MESH_VERTEX 14	-15.8775	-4.0798	61.4027
			*MESH_VERTEX 15	1.29155	-8.10673	91.897
			*MESH_VERTEX 16	-23.3046	-3.06402	116.492
			*MESH_VERTEX 17	-22.5852	3.81978	136.835
			*MESH_VERTEX 18	10.3393	-13.881	4.86225
			*MESH_VERTEX 19	16.2096	-22.2804	3.55582
			*MESH_VERTEX 20	15.5079	-3.34568	89.8378
			*MESH_VERTEX 21	16.498	-11.0267	100.701
			*MESH_VERTEX 22	6.52662	-22.5786	90.4215
			*MESH_VERTEX 23	21.014	-11.1728	139.549
			*MESH_VERTEX 24	33.7757	-9.94778	79.5645
			*MESH_VERTEX 25	31.6929	1.02938	117.142
			*MESH_VERTEX 26	-34.2444	-10.7477	78.5582
			*MESH_VERTEX 27	-29.6706	-18.4418	79.5144
			*MESH_VERTEX 28	29.2306	-17.6652	80.384
			*MESH_VERTEX 29	-23.691	1.60158	115.493
			*MESH_VERTEX 30	-7.84162	4.8878	99.7242
			*MESH_VERTEX 31	2.68134	-21.7342	98.5882
			*MESH_VERTEX 32	3.68757	-30.9085	82.8395
			*MESH_VERTEX 33	-4.27891	-20.4878	97.6055
			*MESH_VERTEX 34	23.519	1.64859	139.723
			*MESH_VERTEX 35	-5.30797	-21.9053	92.4427
			*MESH_VERTEX 36	5.55206	-3.83476	61.8666
			*MESH_VERTEX 37	-14.5824	-4.86271	133.738
			*MESH_VERTEX 38	-22.5536	-10.8179	139.256
			*MESH_VERTEX 39	5.65774	-24.1521	96.8095
			*MESH_VERTEX 40	-7.16595	-3.88719	61.0843
			*MESH_VERTEX 41	-25.3236	-17.3268	-1.39597
			*MESH_VERTEX 42	-21.5082	-12.5943	145.434
			*MESH_VERTEX 43	-30.7175	-0.964585	115.329
			*MESH_VERTEX 44	-2.13792	2.1087	88.4169
			*MESH_VERTEX 45	24.1619	1.97489	115.822
			*MESH_VERTEX 46	-29.9317	-4.51761	117.83
			*MESH_VERTEX 47	34.3045	0.683355	107.712
			*MESH_VERTEX 48	22.5766	-7.12066	136.76
			*MESH_VERTEX 49	7.03303	2.43931	155.694
			*MESH_VERTEX 50	0.279479	-10.7642	150.614
			*MESH_VERTEX 51	-7.17014	2.49477	156.836
			*MESH_VERTEX 52	2.74901	-10.2425	164.885
			*MESH_VERTEX 53	-2.44253	-10.0775	164.8
			*MESH_VERTEX 54	24.0864	-14.6696	80.8957
			*MESH_VERTEX 55	-1.7096	-21.4592	93.5837
			*MESH_VERTEX 56	19.8976	2.52987	137.137
			*MESH_VERTEX 57	11.3137	-21.7206	102.613
			*MESH_VERTEX 58	13.9489	-22.0254	88.0136
			*MESH_VERTEX 59	29.2855	-7.50531	79.37
			*MESH_VERTEX 60	-24.5565	-15.4393	80.017
			*MESH_VERTEX 61	-29.7279	-8.2876	78.37
			*MESH_VERTEX 62	-11.5184	2.26809	49.1228
			*MESH_VERTEX 63	-16.6487	-19.9565	141.34
			*MESH_VERTEX 64	2.71105	-2.115	48.5151
			*MESH_VERTEX 65	9.6059	-2.19503	12.7954
			*MESH_VERTEX 66	-17.936	-9.74012	129.499
			*MESH_VERTEX 67	14.3245	-14.0678	55.5881
			*MESH_VERTEX 68	-12.1915	-13.3434	4.46118
			*MESH_VERTEX 69	-12.1475	-2.18815	12.4164
			*MESH_VERTEX 70	-3.4345	-8.24178	49.0406
			*MESH_VERTEX 71	13.1427	-22.3826	-0.679716
			*MESH_VERTEX 72	29.9693	-4.71021	120.423
			*MESH_VERTEX 73	26.5251	-8.73108	121.191
			*MESH_VERTEX 74	17.6757	-10.8256	136.569
			*MESH_VERTEX 75	-19.8403	-0.629795	13.5083
			*MESH_VERTEX 76	14.9452	-19.0191	59.9754
			*MESH_VERTEX 77	28.6004	-7.08104	89.7882
			*MESH_VERTEX 78	-15.3761	-14.9527	55.4654
			*MESH_VERTEX 79	-15.0213	-19.7417	59.563
			*MESH_VERTEX 80	21.7969	-11.2847	140.323
			*MESH_VERTEX 81	17.144	-19.2243	140.773
			*MESH_VERTEX 82	17.4242	-9.65187	149.291
			*MESH_VERTEX 83	13.9702	0.503652	101.845
			*MESH_VERTEX 84	-19.4514	-10.9776	124.159
			*MESH_VERTEX 85	-21.2045	6.25638	139.153
			*MESH_VERTEX 86	-17.1088	5.44846	135.979
			*MESH_VERTEX 87	23.2586	-3.46844	117.503
			*MESH_VERTEX 88	29.2704	-13.3971	92.0112
			*MESH_VERTEX 89	-23.4285	2.52872	115.168
			*MESH_VERTEX 90	18.4857	-1.55312	48.2202
			*MESH_VERTEX 91	-26.065	-8.83607	121.584
			*MESH_VERTEX 92	-19.3313	-8.1898	85.2503
			*MESH_VERTEX 93	-12.5281	-22.3524	110.316
			*MESH_VERTEX 94	0.42461	-23.3712	133.924
			*MESH_VERTEX 95	-12.2103	-22.0263	123.695
			*MESH_VERTEX 96	-4.31703	-5.89801	166.742
			*MESH_VERTEX 97	-23.2496	-11.5466	4.76342
			*MESH_VERTEX 98	-17.9055	-22.1333	3.35296
			*MESH_VERTEX 99	-10.7743	4.00348	-3.4028
			*MESH_VERTEX 100	4.8057	-6.2278	166.908
			*MESH_VERTEX 101	22.233	-6.23785	148.851
			*MESH_VERTEX 102	21.3264	-11.6694	4.86708
			*MESH_VERTEX 103	6.79669	2.80895	-2.70895
			*MESH_VERTEX 104	11.0289	2.79677	124.261
			*MESH_VERTEX 105	-16.2437	4.37718	132.329
			*MESH_VERTEX 106	10.1417	2.43665	49.4081
			*MESH_VERTEX 107	3.29924	-8.31219	60.1209
			*MESH_VERTEX 108	-14.7213	3.24497	14.8183
			*MESH_VERTEX 109	-3.56057	-2.10746	48.3014
			*MESH_VERTEX 110	19.3638	-9.50137	124.411
			*MESH_VERTEX 111	28.1798	1.46768	116.127
			*MESH_VERTEX 112	17.5812	-1.18546	12.6989
			*MESH_VERTEX 113	-21.4516	-0.516182	119.167
			*MESH_VERTEX 114	-34.0726	0.216028	106.865
			*MESH_VERTEX 115	-28.9281	-7.58895	88.685
			*MESH_VERTEX 116	6.42966	-2.02527	85.1099
			*MESH_VERTEX 117	-21.8101	5.28195	143.359
			*MESH_VERTEX 118	-22.1966	2.02357	148.303
			*MESH_VERTEX 119	30.8373	-7.47905	90.38
			*MESH_VERTEX 120	-24.6877	-16.8683	84.5043
			*MESH_VERTEX 121	19.0784	-9.69116	85.5915
			*MESH_VERTEX 122	16.8383	4.48219	-2.92602
			*MESH_VERTEX 123	-13.3424	2.13391	103.168
			*MESH_VERTEX 124	-31.2246	-7.98662	89.4397
			*MESH_VERTEX 125	-30.3352	1.96496	106.042
			*MESH_VERTEX 126	-21.813	-1.67914	107.126
			*MESH_VERTEX 127	-5.53753	-8.31256	59.9571
			*MESH_VERTEX 128	-9.53049	-14.4353	55.2104
			*MESH_VERTEX 129	16.4032	-23.4661	-0.583985
			*MESH_VERTEX 130	-18.0966	-23.3898	-0.807255
			*MESH_VERTEX 131	23.9368	2.95628	139.333
			*MESH_VERTEX 132	15.1726	5.18746	131.657
			*MESH_VERTEX 133	22.825	3.18269	142.47
			*MESH_VERTEX 134	-0.654991	3.09853	112.514
			*MESH_VERTEX 135	-20.8328	5.01677	-2.30575
			*MESH_VERTEX 136	-29.6242	-6.82672	83.9333
			*MESH_VERTEX 137	24.1949	4.01282	117.019
			*MESH_VERTEX 138	-9.28718	0.263725	84.5012
			*MESH_VERTEX 139	-0.617574	-1.36707	85.5549
			*MESH_VERTEX 140	1.50377	-20.3854	95.2321
			*MESH_VERTEX 141	22.3065	-1.60974	107.876
			*MESH_VERTEX 142	24.1179	-16.0044	85.3829
			*MESH_VERTEX 143	-6.65156	-2.87465	156.613
			*MESH_VERTEX 144	24.699	-12.3142	86.6838
			*MESH_VERTEX 145	6.94227	-2.62854	155.726
			*MESH_VERTEX 146	-18.0375	-8.98643	101.07
			*MESH_VERTEX 147	9.12037	-14.0644	55.4307
			*MESH_VERTEX 148	-27.9713	1.68714	114.181
			*MESH_VERTEX 149	-26.9909	-4.70858	117.502
			*MESH_VERTEX 150	27.7765	-0.191935	137.992
			*MESH_VERTEX 151	28.9016	3.88478	116.854
			*MESH_VERTEX 152	9.96449	1.95749	110.15
			*MESH_VERTEX 153	-0.482172	1.30902	124.262
			*MESH_VERTEX 154	-12.1833	2.29391	124.428
			*MESH_VERTEX 155	-22.2694	-11.8739	136.71
			*MESH_VERTEX 156	21.9417	-0.501257	118.838
			*MESH_VERTEX 157	22.0664	-3.75536	120.875
			*MESH_VERTEX 158	-31.8843	-7.83165	109.767
			*MESH_VERTEX 159	0.943117	-24.5428	109.594
			*MESH_VERTEX 160	13.8493	-21.1364	111.057
			*MESH_VERTEX 161	0.268143	-24.4347	124.231
			*MESH_VERTEX 162	13.0862	3.40007	14.5935
			*MESH_VERTEX 163	-30.6831	-3.78762	118.661
			*MESH_VERTEX 164	-19.9938	-1.83533	47.7209
			*MESH_VERTEX 165	27.1609	-13.0134	91.3263
			*MESH_VERTEX 166	22.2411	-7.07571	110.059
			*MESH_VERTEX 167	34.7167	-10.5494	82.0073
			*MESH_VERTEX 168	30.108	-17.9726	83.2114
			*MESH_VERTEX 169	31.1826	-10.7295	91.5066
			*MESH_VERTEX 170	-22.9774	-6.69017	148.047
