*3DSMAX_ASCIIEXPORT	110
*COMMENT "[ GothicSourcer v3.14 ] - June 2007"
*SCENE {
	*SCENE_FILENAME "BAB_LOOK_M01.MAX"
	*SCENE_FIRSTFRAME 0
	*SCENE_LASTFRAME 8
	*SCENE_FRAMESPEED 1
	*SCENE_TICKSPERFRAME 4800
	*SCENE_BACKGROUND_STATIC 0	0	0
	*SCENE_AMBIENT_STATIC 0.2	0.2	0.2
}
*HELPEROBJECT {
	*NODE_NAME "Bip01"
	*NODE_TM {
		*NODE_NAME "Bip01"
		*TM_ROW0 1.26759e-006	-1	0
		*TM_ROW1 1	1.26759e-006	0
		*TM_ROW2 -0	-0	1
		*TM_ROW3 -2.16791	-7.38058	96.4601
		*TM_POS -2.16791	-7.38058	96.4601
		*TM_ROTAXIS 0	0	1
		*TM_ROTANGLE 1.5708
		*TM_SCALE 1	1	1
		*TM_SCALEAXIS 0	0	0
		*TM_SCALEAXISANG 0	0	0
	}
}
*HELPEROBJECT {
	*NODE_NAME "Bip01 Pelvis"
	*NODE_PARENT "Bip01"
	*NODE_TM {
		*NODE_NAME "Bip01 Pelvis"
		*TM_ROW0 -1.19209e-006	-1.64892e-007	1
		*TM_ROW1 2.99332e-006	-1	-1.64887e-007
		*TM_ROW2 1	2.99332e-006	1.66893e-006
		*TM_ROW3 -2.16791	-10.12	96.4601
		*TM_POS -2.16791	-10.12	96.4601
		*TM_ROTAXIS -0.707106	-1e-006	-0.707107
		*TM_ROTANGLE 3.14159
		*TM_SCALE 1	1	1
		*TM_SCALEAXIS 0	0	0
		*TM_SCALEAXISANG 0	0	0
	}
}
*HELPEROBJECT {
	*NODE_NAME "Bip01 Spine"
	*NODE_PARENT "Bip01 Pelvis"
	*NODE_TM {
		*NODE_NAME "Bip01 Spine"
		*TM_ROW0 2.38419e-007	0.0404747	0.999181
		*TM_ROW1 -1.05053e-006	-0.999181	0.0404747
		*TM_ROW2 1	-1.05053e-006	2.38419e-007
		*TM_ROW3 -2.16791	-10.1153	99.6762
		*TM_POS -2.16791	-10.1153	99.6762
		*TM_ROTAXIS 0.707034	0.014314	0.707034
		*TM_ROTANGLE 3.17022
		*TM_SCALE 1	1	1
		*TM_SCALEAXIS 0	0	0
		*TM_SCALEAXISANG 0	0	0
	}
}
*HELPEROBJECT {
	*NODE_NAME "Bip01 Spine1"
	*NODE_PARENT "Bip01 Spine"
	*NODE_TM {
		*NODE_NAME "Bip01 Spine1"
		*TM_ROW0 5.96048e-008	0.00576543	0.999984
		*TM_ROW1 -1.12411e-006	-0.999983	0.00576542
		*TM_ROW2 1	-1.12411e-006	5.96048e-008
		*TM_ROW3 -2.16791	-9.63573	111.348
		*TM_POS -2.16791	-9.63573	111.348
		*TM_ROTAXIS 0.707105	0.002038	0.707105
		*TM_ROTANGLE 3.14567
		*TM_SCALE 1	1	1
		*TM_SCALEAXIS 0	0	0
		*TM_SCALEAXISANG 0	0	0
	}
}
*HELPEROBJECT {
	*NODE_NAME "Bip01 Spine2"
	*NODE_PARENT "Bip01 Spine1"
	*NODE_TM {
		*NODE_NAME "Bip01 Spine2"
		*TM_ROW0 5.96048e-008	0.0148669	0.99989
		*TM_ROW1 -1.2666e-006	-0.999889	0.0148669
		*TM_ROW2 1	-1.2666e-006	5.96048e-008
		*TM_ROW3 -2.16791	-9.58096	119.809
		*TM_POS -2.16791	-9.58096	119.809
		*TM_ROTAXIS 0.707097	0.005256	0.707097
		*TM_ROTANGLE 3.15211
		*TM_SCALE 1	1	1
		*TM_SCALEAXIS 0	0	0
		*TM_SCALEAXISANG 0	0	0
	}
}
*HELPEROBJECT {
	*NODE_NAME "Bip01 Spine3"
	*NODE_PARENT "Bip01 Spine2"
	*NODE_TM {
		*NODE_NAME "Bip01 Spine3"
		*TM_ROW0 -5.96045e-008	0.0415975	0.999134
		*TM_ROW1 -1.96695e-006	-0.999134	0.0415975
		*TM_ROW2 1	-1.96695e-006	-5.96046e-008
		*TM_ROW3 -2.16791	-9.4545	127.323
		*TM_POS -2.16791	-9.4545	127.323
		*TM_ROTAXIS 0.70703	0.014711	0.70703
		*TM_ROTANGLE 3.17102
		*TM_SCALE 1	1	1
		*TM_SCALEAXIS 0	0	0
		*TM_SCALEAXISANG 0	0	0
	}
}
*HELPEROBJECT {
	*NODE_NAME "Bip01 Neck"
	*NODE_PARENT "Bip01 Spine3"
	*NODE_TM {
		*NODE_NAME "Bip01 Neck"
		*TM_ROW0 2.3191e-013	-0.123878	0.992298
		*TM_ROW1 -2.31341e-006	-0.992297	-0.123878
		*TM_ROW2 1	-2.31341e-006	9.18571e-014
		*TM_ROW3 -2.16792	-8.67976	145.832
		*TM_POS -2.16792	-8.67976	145.832
		*TM_ROTAXIS 0.706424	-0.043925	0.706424
		*TM_ROTANGLE 3.0538
		*TM_SCALE 1	1	1
		*TM_SCALEAXIS 0	0	0
		*TM_SCALEAXISANG 0	0	0
	}
}
*HELPEROBJECT {
	*NODE_NAME "Bip01 Head"
	*NODE_PARENT "Bip01 Neck"
	*NODE_TM {
		*NODE_NAME "Bip01 Head"
		*TM_ROW0 1.19209e-007	1.12376e-006	1
		*TM_ROW1 -1.11829e-006	-1	1.11632e-006
		*TM_ROW2 1	-1.11829e-006	1.19209e-007
		*TM_ROW3 -2.16791	-9.33386	151.071
		*TM_POS -2.16791	-9.33386	151.071
		*TM_ROTAXIS 0.707107	1.93102e-009	0.707107
		*TM_ROTANGLE 3.14159
		*TM_SCALE 1	1	1
		*TM_SCALEAXIS 0	0	0
		*TM_SCALEAXISANG 0	0	0
	}
	*TM_ANIMATION {
		*NODE_NAME  "Bip01 Head"
		*CONTROL_POS_TRACK {
			*CONTROL_POS_SAMPLE 0	-2.16792	-9.33386	151.071
			*CONTROL_POS_SAMPLE 4800	-2.16792	-10.4526	150.806
			*CONTROL_POS_SAMPLE 9600	-2.16792	-9.56179	151.038
			*CONTROL_POS_SAMPLE 14400	-2.16792	-10.4526	150.806
			*CONTROL_POS_SAMPLE 19200	-2.16792	-10.4526	150.806
			*CONTROL_POS_SAMPLE 24000	-2.16792	-10.4526	150.806
			*CONTROL_POS_SAMPLE 28800	-2.16792	-10.4526	150.806
			*CONTROL_POS_SAMPLE 33600	-2.16792	-10.4526	150.806
			*CONTROL_POS_SAMPLE 38400	-2.16792	-10.4526	150.806
		}
		*CONTROL_ROT_TRACK {
			*CONTROL_ROT_SAMPLE 0	0.394159	0.656527	0.643127	2.35008
			*CONTROL_ROT_SAMPLE 4800	0.702957	0.108187	0.702956	3.35713
			*CONTROL_ROT_SAMPLE 9600	-0.760204	0.500687	-0.414009	2.01512
			*CONTROL_ROT_SAMPLE 14400	0.53058	0.530553	0.661059	1.97341
			*CONTROL_ROT_SAMPLE 19200	-0.704997	0.077194	-0.704997	3.29567
			*CONTROL_ROT_SAMPLE 24000	0.614976	-0.614956	0.493593	4.05857
			*CONTROL_ROT_SAMPLE 28800	0.662411	0.347079	0.663888	1.5812
			*CONTROL_ROT_SAMPLE 33600	-0.681804	0.265117	-0.681804	3.6599
			*CONTROL_ROT_SAMPLE 38400	-0.478039	0.750535	-0.456263	2.60092
		}
		*CONTROL_SCALE_TRACK {
			*CONTROL_SCALE_SAMPLE	0	1	1	1	0	0	0	0
		}
	}
}
*HELPEROBJECT {
	*NODE_NAME "Bip01 L Clavicle"
	*NODE_PARENT "Bip01 Neck"
	*NODE_TM {
		*NODE_NAME "Bip01 L Clavicle"
		*TM_ROW0 0.853944	-0.179141	-0.488557
		*TM_ROW1 0.182234	0.982371	-0.0416837
		*TM_ROW2 0.487412	-0.0534363	0.871536
		*TM_ROW3 3.73557	-7.41703	143.38
		*TM_POS 3.73557	-7.41703	143.38
		*TM_ROTAXIS -0.011292	-0.937719	0.347212
		*TM_ROTANGLE 0.547314
		*TM_SCALE 1	1	1
		*TM_SCALEAXIS 0	0	0
		*TM_SCALEAXISANG 0	0	0
	}
}
*HELPEROBJECT {
	*NODE_NAME "Bip01 L UpperArm"
	*NODE_PARENT "Bip01 L Clavicle"
	*NODE_TM {
		*NODE_NAME "Bip01 L UpperArm"
		*TM_ROW0 0.24623	0.0988965	-0.964153
		*TM_ROW1 0.412786	0.889348	0.196643
		*TM_ROW2 0.876914	-0.446408	0.178161
		*TM_ROW3 10.4828	-8.83247	139.519
		*TM_POS 10.4828	-8.83247	139.519
		*TM_ROTAXIS -0.325556	-0.932073	0.158912
		*TM_ROTANGLE 1.41328
		*TM_SCALE 1	1	1
		*TM_SCALEAXIS 0	0	0
		*TM_SCALEAXISANG 0	0	0
	}
}
*HELPEROBJECT {
	*NODE_NAME "Bip01 L Forearm"
	*NODE_PARENT "Bip01 L UpperArm"
	*NODE_TM {
		*NODE_NAME "Bip01 L Forearm"
		*TM_ROW0 0.0455129	-0.291883	-0.955371
		*TM_ROW1 0.478487	0.845887	-0.235639
		*TM_ROW2 0.876914	-0.446407	0.178161
		*TM_ROW3 16.2957	-6.49779	116.758
		*TM_POS 16.2957	-6.49779	116.758
		*TM_ROTAXIS -0.105448	-0.916697	0.385418
		*TM_ROTANGLE 1.53601
		*TM_SCALE 1	1	1
		*TM_SCALEAXIS 0	0	0
		*TM_SCALEAXISANG 0	0	0
	}
}
*HELPEROBJECT {
	*NODE_NAME "Bip01 L Hand"
	*NODE_PARENT "Bip01 L Forearm"
	*NODE_TM {
		*NODE_NAME "Bip01 L Hand"
		*TM_ROW0 0.0455136	-0.291883	-0.955371
		*TM_ROW1 -0.876533	0.447081	-0.178349
		*TM_ROW2 0.479185	0.845531	-0.235497
		*TM_ROW3 17.4384	-13.8263	92.771
		*TM_POS 17.4384	-13.8263	92.771
		*TM_ROTAXIS 0.551391	-0.772552	-0.314852
		*TM_ROTANGLE 1.95137
		*TM_SCALE 1	1	1
		*TM_SCALEAXIS 0	0	0
		*TM_SCALEAXISANG 0	0	0
	}
}
*HELPEROBJECT {
	*NODE_NAME "Bip01 L Finger0"
	*NODE_PARENT "Bip01 L Hand"
	*NODE_TM {
		*NODE_NAME "Bip01 L Finger0"
		*TM_ROW0 0.0455124	-0.291883	-0.955371
		*TM_ROW1 -0.876915	0.446407	-0.17816
		*TM_ROW2 0.478486	0.845887	-0.235639
		*TM_ROW3 18.1161	-18.1727	78.5449
		*TM_POS 18.1161	-18.1727	78.5449
		*TM_ROTAXIS 0.551578	-0.772312	-0.315113
		*TM_ROTANGLE 1.95181
		*TM_SCALE 1	1	1
		*TM_SCALEAXIS 0	0	0
		*TM_SCALEAXISANG 0	0	0
	}
}
*HELPEROBJECT {
	*NODE_NAME "Bip01 R Clavicle"
	*NODE_PARENT "Bip01 Neck"
	*NODE_TM {
		*NODE_NAME "Bip01 R Clavicle"
		*TM_ROW0 -0.853943	-0.179144	-0.488557
		*TM_ROW1 -0.182238	0.982371	-0.0416841
		*TM_ROW2 0.487411	0.0534378	-0.871536
		*TM_ROW3 -8.25714	-7.41706	143.38
		*TM_POS -8.25714	-7.41706	143.38
		*TM_ROTAXIS -0.097004	0.995279	0.003155
		*TM_ROTANGLE 3.65403
		*TM_SCALE 1	1	1
		*TM_SCALEAXIS 0	0	0
		*TM_SCALEAXISANG 0	0	0
	}
}
*HELPEROBJECT {
	*NODE_NAME "Bip01 R UpperArm"
	*NODE_PARENT "Bip01 R Clavicle"
	*NODE_TM {
		*NODE_NAME "Bip01 R UpperArm"
		*TM_ROW0 -0.24623	0.0988957	-0.964153
		*TM_ROW1 -0.412789	0.889347	0.196643
		*TM_ROW2 0.876913	0.446411	-0.178161
		*TM_ROW3 -15.0044	-8.83252	139.519
		*TM_POS -15.0044	-8.83252	139.519
		*TM_ROTAXIS 0.129608	-0.955354	-0.26552
		*TM_ROTANGLE 1.84162
		*TM_SCALE 1	1	1
		*TM_SCALEAXIS 0	0	0
		*TM_SCALEAXISANG 0	0	0
	}
}
*HELPEROBJECT {
	*NODE_NAME "Bip01 R Forearm"
	*NODE_PARENT "Bip01 R UpperArm"
	*NODE_TM {
		*NODE_NAME "Bip01 R Forearm"
		*TM_ROW0 -0.0455118	-0.291884	-0.95537
		*TM_ROW1 -0.478489	0.845885	-0.23564
		*TM_ROW2 0.876913	0.44641	-0.178161
		*TM_ROW3 -20.8172	-6.49785	116.758
		*TM_POS -20.8172	-6.49785	116.758
		*TM_ROTAXIS 0.347277	-0.932937	-0.095013
		*TM_ROTANGLE 1.76083
		*TM_SCALE 1	1	1
		*TM_SCALEAXIS 0	0	0
		*TM_SCALEAXISANG 0	0	0
	}
}
*HELPEROBJECT {
	*NODE_NAME "Bip01 R Hand"
	*NODE_PARENT "Bip01 R Forearm"
	*NODE_TM {
		*NODE_NAME "Bip01 R Hand"
		*TM_ROW0 -0.0455119	-0.291883	-0.955371
		*TM_ROW1 0.876532	0.447083	-0.178348
		*TM_ROW2 0.479187	-0.84553	0.235497
		*TM_ROW3 -21.9599	-13.8264	92.771
		*TM_POS -21.9599	-13.8264	92.771
		*TM_ROTAXIS -0.339223	-0.729389	0.594071
		*TM_ROTANGLE 1.75327
		*TM_SCALE 1	1	1
		*TM_SCALEAXIS 0	0	0
		*TM_SCALEAXISANG 0	0	0
	}
}
*HELPEROBJECT {
	*NODE_NAME "Bip01 R Finger0"
	*NODE_PARENT "Bip01 R Hand"
	*NODE_TM {
		*NODE_NAME "Bip01 R Finger0"
		*TM_ROW0 -0.0455117	-0.291883	-0.955371
		*TM_ROW1 0.876913	0.44641	-0.17816
		*TM_ROW2 0.478489	-0.845886	0.235639
		*TM_ROW3 -22.6376	-18.1728	78.5448
		*TM_POS -22.6376	-18.1728	78.5448
		*TM_ROTAXIS -0.339516	-0.72907	0.594294
		*TM_ROTANGLE 1.75354
		*TM_SCALE 1	1	1
		*TM_SCALEAXIS 0	0	0
		*TM_SCALEAXISANG 0	0	0
	}
}
*HELPEROBJECT {
	*NODE_NAME "ZS_RIGHTHAND"
	*NODE_PARENT "Bip01 R Hand"
	*NODE_TM {
		*NODE_NAME "ZS_RIGHTHAND"
		*TM_ROW0 0.452066	-0.88952	0.0662575
		*TM_ROW1 0.238449	0.192092	0.951968
		*TM_ROW2 -0.859522	-0.414553	0.298944
		*TM_ROW3 -14.5539	-27.6691	87.0916
		*TM_POS -14.5539	-27.6691	87.0916
		*TM_ROTAXIS -0.683537	0.463077	0.564213
		*TM_ROTANGLE 1.59925
		*TM_SCALE 1	1	1
		*TM_SCALEAXIS 0	0	0
		*TM_SCALEAXISANG 0	0	0
	}
}
*HELPEROBJECT {
	*NODE_NAME "Bip01 L Thigh"
	*NODE_PARENT "Bip01 Spine"
	*NODE_TM {
		*NODE_NAME "Bip01 L Thigh"
		*TM_ROW0 0.0785347	-0.0351007	-0.996293
		*TM_ROW1 -0.00357736	-0.999383	0.0349275
		*TM_ROW2 -0.996905	0.000821074	-0.0786116
		*TM_ROW3 5.94359	-10.12	96.4601
		*TM_POS 5.94359	-10.12	96.4601
		*TM_ROTAXIS 0.734306	-0.01317	-0.678691
		*TM_ROTANGLE 3.16482
		*TM_SCALE 1	1	1
		*TM_SCALEAXIS 0	0	0
		*TM_SCALEAXISANG 0	0	0
	}
}
*HELPEROBJECT {
	*NODE_NAME "Bip01 L Calf"
	*NODE_PARENT "Bip01 L Thigh"
	*NODE_TM {
		*NODE_NAME "Bip01 L Calf"
		*TM_ROW0 0.0774848	0.179259	-0.980746
		*TM_ROW1 0.0132873	-0.983801	-0.178768
		*TM_ROW2 -0.996905	0.000820332	-0.0786117
		*TM_ROW3 8.94398	-11.461	58.3968
		*TM_POS 8.94398	-11.461	58.3968
		*TM_ROTAXIS 0.732801	0.065937	-0.67724
		*TM_ROTANGLE 3.01875
		*TM_SCALE 1	1	1
		*TM_SCALEAXIS 0	0	0
		*TM_SCALEAXISANG 0	0	0
	}
}
*HELPEROBJECT {
	*NODE_NAME "Bip01 L Foot"
	*NODE_PARENT "Bip01 L Calf"
	*NODE_TM {
		*NODE_NAME "Bip01 L Foot"
		*TM_ROW0 1.46959e-006	-1.4773e-006	-1
		*TM_ROW1 0.17365	-0.984807	1.67873e-006
		*TM_ROW2 -0.984807	-0.17365	-1.1901e-006
		*TM_ROW3 12.6066	-2.98753	12.0377
		*TM_POS 12.6066	-2.98753	12.0377
		*TM_ROTAXIS 0.705758	0.061746	-0.705757
		*TM_ROTANGLE 3.26493
		*TM_SCALE 1	1	1
		*TM_SCALEAXIS 0	0	0
		*TM_SCALEAXISANG 0	0	0
	}
}
*HELPEROBJECT {
	*NODE_NAME "Bip01 L Toe0"
	*NODE_PARENT "Bip01 L Foot"
	*NODE_TM {
		*NODE_NAME "Bip01 L Toe0"
		*TM_ROW0 0.17365	-0.984807	2.63985e-006
		*TM_ROW1 -9.62955e-007	2.58744e-006	1
		*TM_ROW2 -0.984808	-0.17365	-5.64253e-007
		*TM_ROW3 15.4629	-19.1863	9.318e-005
		*TM_POS 15.4629	-19.1863	9.318e-005
		*TM_ROTAXIS -0.644401	0.540717	0.540715
		*TM_ROTANGLE 1.99673
		*TM_SCALE 1	1	1
		*TM_SCALEAXIS 0	0	0
		*TM_SCALEAXISANG 0	0	0
	}
}
*HELPEROBJECT {
	*NODE_NAME "Bip01 R Thigh"
	*NODE_PARENT "Bip01 Spine"
	*NODE_TM {
		*NODE_NAME "Bip01 R Thigh"
		*TM_ROW0 -0.0276992	-0.0599434	-0.997818
		*TM_ROW1 0.000854907	-0.998201	0.0599427
		*TM_ROW2 -0.999616	0.00080733	0.0277008
		*TM_ROW3 -10.2794	-10.12	96.4601
		*TM_POS -10.2794	-10.12	96.4601
		*TM_ROTAXIS 0.697079	-0.021201	-0.716681
		*TM_ROTANGLE 3.18402
		*TM_SCALE 1	1	1
		*TM_SCALEAXIS 0	0	0
		*TM_SCALEAXISANG 0	0	0
	}
}
*HELPEROBJECT {
	*NODE_NAME "Bip01 R Calf"
	*NODE_PARENT "Bip01 R Thigh"
	*NODE_TM {
		*NODE_NAME "Bip01 R Calf"
		*TM_ROW0 -0.0269824	0.199558	-0.979515
		*TM_ROW1 -0.00631815	-0.979886	-0.199459
		*TM_ROW2 -0.999616	0.000806823	0.0277007
		*TM_ROW3 -11.3377	-12.4101	58.3385
		*TM_POS -11.3377	-12.4101	58.3385
		*TM_ROTAXIS 0.695572	0.069817	-0.715056
		*TM_ROTANGLE 2.99713
		*TM_SCALE 1	1	1
		*TM_SCALEAXIS 0	0	0
		*TM_SCALEAXISANG 0	0	0
	}
}
*HELPEROBJECT {
	*NODE_NAME "Bip01 R Foot"
	*NODE_PARENT "Bip01 R Calf"
	*NODE_TM {
		*NODE_NAME "Bip01 R Foot"
		*TM_ROW0 1.24936e-006	-1.57441e-006	-1
		*TM_ROW1 -0.173647	-0.984808	1.35824e-006
		*TM_ROW2 -0.984808	0.173647	-1.42962e-006
		*TM_ROW3 -12.6132	-2.97715	12.0376
		*TM_POS -12.6132	-2.97715	12.0376
		*TM_ROTAXIS 0.705758	-0.061746	-0.705757
		*TM_ROTANGLE 3.01826
		*TM_SCALE 1	1	1
		*TM_SCALEAXIS 0	0	0
		*TM_SCALEAXISANG 0	0	0
	}
}
*HELPEROBJECT {
	*NODE_NAME "Bip01 R Toe0"
	*NODE_PARENT "Bip01 R Foot"
	*NODE_TM {
		*NODE_NAME "Bip01 R Toe0"
		*TM_ROW0 -0.173647	-0.984808	1.04532e-006
		*TM_ROW1 -4.74499e-007	1.32854e-006	1
		*TM_ROW2 -0.984808	0.173647	-4.7595e-007
		*TM_ROW3 -15.4694	-19.1759	3.13966e-005
		*TM_POS -15.4694	-19.1759	3.13966e-005
		*TM_ROTAXIS -0.510274	0.608121	0.60812
		*TM_ROTANGLE 2.19793
		*TM_SCALE 1	1	1
		*TM_SCALEAXIS 0	0	0
		*TM_SCALEAXISANG 0	0	0
	}
}
