*3DSMAX_ASCIIEXPORT	110
*COMMENT "[ GothicSourcer v3.14 ] - June 2007"
*SCENE {
	*SCENE_FILENAME "GOLEM_LOOK_A01.MAX"
	*SCENE_FIRSTFRAME 1
	*SCENE_LASTFRAME 4
	*SCENE_FRAMESPEED 25
	*SCENE_TICKSPERFRAME 192
	*SCENE_BACKGROUND_STATIC 0	0	0
	*SCENE_AMBIENT_STATIC 0.2	0.2	0.2
}
*HELPEROBJECT {
	*NODE_NAME "Bip01"
	*NODE_TM {
		*NODE_NAME "Bip01"
		*TM_ROW0 1.26759e-006	-1	0
		*TM_ROW1 1	1.26759e-006	0
		*TM_ROW2 -0	-0	1
		*TM_ROW3 0	0	87.068
		*TM_POS 0	0	87.068
		*TM_ROTAXIS 0	0	1
		*TM_ROTANGLE 1.5708
		*TM_SCALE 1	1	1
		*TM_SCALEAXIS 0	0	0
		*TM_SCALEAXISANG 0	0	0
	}
}
*HELPEROBJECT {
	*NODE_NAME "Bip01 Pelvis"
	*NODE_PARENT "Bip01"
	*NODE_TM {
		*NODE_NAME "Bip01 Pelvis"
		*TM_ROW0 -1.19209e-006	-1.64892e-007	1
		*TM_ROW1 2.99332e-006	-1	-1.64887e-007
		*TM_ROW2 1	2.99332e-006	1.66893e-006
		*TM_ROW3 -0	-0	87.068
		*TM_POS -0	-0	87.068
		*TM_ROTAXIS -0.707106	-1e-006	-0.707107
		*TM_ROTANGLE 3.14159
		*TM_SCALE 1	1	1
		*TM_SCALEAXIS 0	0	0
		*TM_SCALEAXISANG 0	0	0
	}
}
*HELPEROBJECT {
	*NODE_NAME "Bip01 Spine"
	*NODE_PARENT "Bip01 Pelvis"
	*NODE_TM {
		*NODE_NAME "Bip01 Spine"
		*TM_ROW0 5.96047e-008	-0.000796399	1
		*TM_ROW1 -1.21718e-006	-1	-0.000796399
		*TM_ROW2 1	-1.21718e-006	5.96046e-008
		*TM_ROW3 3.9157e-012	0.018015	93.391
		*TM_POS 3.9157e-012	0.018015	93.391
		*TM_ROTAXIS 0.707107	-0.000282	0.707107
		*TM_ROTANGLE 3.14103
		*TM_SCALE 1	1	1
		*TM_SCALEAXIS 0	0	0
		*TM_SCALEAXISANG 0	0	0
	}
}
*HELPEROBJECT {
	*NODE_NAME "Bip01 Spine1"
	*NODE_PARENT "Bip01 Spine"
	*NODE_TM {
		*NODE_NAME "Bip01 Spine1"
		*TM_ROW0 5.96047e-008	-0.000796399	1
		*TM_ROW1 -1.21718e-006	-1	-0.000796399
		*TM_ROW2 1	-1.21718e-006	5.96046e-008
		*TM_ROW3 5.41228e-012	0.040673	116.02
		*TM_POS 5.41228e-012	0.040673	116.02
		*TM_ROTAXIS 0.707107	-0.000282	0.707107
		*TM_ROTANGLE 3.14103
		*TM_SCALE 1	1	1
		*TM_SCALEAXIS 0	0	0
		*TM_SCALEAXISANG 0	0	0
	}
}
*HELPEROBJECT {
	*NODE_NAME "Bip01 Neck"
	*NODE_PARENT "Bip01 Spine1"
	*NODE_TM {
		*NODE_NAME "Bip01 Neck"
		*TM_ROW0 -7.87675e-005	-0.9657	-0.259661
		*TM_ROW1 1.7792e-005	0.259661	-0.9657
		*TM_ROW2 1	-8.06749e-005	-3.30806e-006
		*TM_ROW3 -9.99991e-007	-0.012132	167.151
		*TM_POS -9.99991e-007	-0.012132	167.151
		*TM_ROTAXIS 0.519738	-0.678004	0.519791
		*TM_ROTANGLE 1.95003
		*TM_SCALE 1	1	1
		*TM_SCALEAXIS 0	0	0
		*TM_SCALEAXISANG 0	0	0
	}
}
*HELPEROBJECT {
	*NODE_NAME "Bip01 Head"
	*NODE_PARENT "Bip01 Neck"
	*NODE_TM {
		*NODE_NAME "Bip01 Head"
		*TM_ROW0 1.19207e-007	1.09607e-006	1
		*TM_ROW1 -1.11829e-006	-1	1.11103e-006
		*TM_ROW2 1	-1.11829e-006	1.19211e-007
		*TM_ROW3 -0.004619	-56.7295	151.901
		*TM_POS -0.004619	-56.7295	151.901
		*TM_ROTAXIS -0.707107	2.56673e-009	-0.707107
		*TM_ROTANGLE 3.14159
		*TM_SCALE 1	1	1
		*TM_SCALEAXIS 0	0	0
		*TM_SCALEAXISANG 0	0	0
	}
	*TM_ANIMATION {
		*NODE_NAME  "Bip01 Head"
		*CONTROL_POS_TRACK {
			*CONTROL_POS_SAMPLE 1	-0.00461872	-56.7286	151.901
			*CONTROL_POS_SAMPLE 193	-0.00461872	-56.7286	151.901
			*CONTROL_POS_SAMPLE 385	-0.00461872	-56.7286	151.901
			*CONTROL_POS_SAMPLE 577	-0.00461872	-56.7286	151.901
		}
		*CONTROL_ROT_TRACK {
			*CONTROL_ROT_SAMPLE 1	-0.648752	-0.286089	-0.705176	3.28953
			*CONTROL_ROT_SAMPLE 193	-0.688581	0.127113	-0.713931	2.50175
			*CONTROL_ROT_SAMPLE 385	0.766163	0.114875	0.632296	2.83936
			*CONTROL_ROT_SAMPLE 577	-0.608458	0.282541	-0.741586	2.8699
		}
		*CONTROL_SCALE_TRACK {
			*CONTROL_SCALE_SAMPLE	1	1	1	1	0	0	0	0
		}
	}
}
*HELPEROBJECT {
	*NODE_NAME "Bip01 L Clavicle"
	*NODE_PARENT "Bip01 Neck"
	*NODE_TM {
		*NODE_NAME "Bip01 L Clavicle"
		*TM_ROW0 0.980067	1.37505e-006	-0.198669
		*TM_ROW1 -1.41063e-006	1	-5.51147e-008
		*TM_ROW2 0.198669	3.32738e-007	0.980067
		*TM_ROW3 42.4169	9.30685e-005	181.172
		*TM_POS 42.4169	9.30685e-005	181.172
		*TM_ROTAXIS 9.76127e-007	-1	-7.01084e-006
		*TM_ROTANGLE 0.2
		*TM_SCALE 1	1	1
		*TM_SCALEAXIS 0	0	0
		*TM_SCALEAXISANG 0	0	0
	}
}
*HELPEROBJECT {
	*NODE_NAME "Bip01 L UpperArm"
	*NODE_PARENT "Bip01 L Clavicle"
	*NODE_TM {
		*NODE_NAME "Bip01 L UpperArm"
		*TM_ROW0 0.471941	0.174653	-0.864157
		*TM_ROW1 -0.063278	0.984364	0.16439
		*TM_ROW2 0.879356	-0.0229003	0.475613
		*TM_ROW3 68.9244	0.000129185	175.798
		*TM_POS 68.9244	0.000129185	175.798
		*TM_ROTAXIS -0.105837	-0.985252	-0.134454
		*TM_ROTANGLE 1.08608
		*TM_SCALE 1	1	1
		*TM_SCALEAXIS 0	0	0
		*TM_SCALEAXISANG 0	0	0
	}
}
*HELPEROBJECT {
	*NODE_NAME "Bip01 L Forearm"
	*NODE_PARENT "Bip01 L UpperArm"
	*NODE_TM {
		*NODE_NAME "Bip01 L Forearm"
		*TM_ROW0 0.460364	-0.214288	-0.861479
		*TM_ROW1 0.121646	0.976502	-0.177893
		*TM_ROW2 0.879356	-0.0228996	0.475614
		*TM_ROW3 90.8812	8.12582	135.594
		*TM_POS 90.8812	8.12582	135.594
		*TM_ROTAXIS 0.0870891	-0.978155	0.188757
		*TM_ROTANGLE 1.09703
		*TM_SCALE 1	1	1
		*TM_SCALEAXIS 0	0	0
		*TM_SCALEAXISANG 0	0	0
	}
}
*HELPEROBJECT {
	*NODE_NAME "Bip01 L Hand"
	*NODE_PARENT "Bip01 L Forearm"
	*NODE_TM {
		*NODE_NAME "Bip01 L Hand"
		*TM_ROW0 0.217083	-0.201059	-0.955223
		*TM_ROW1 -0.968447	0.0783597	-0.236582
		*TM_ROW2 0.122418	0.97644	-0.177705
		*TM_ROW3 112.56	-1.96504	95.0266
		*TM_POS 112.56	-1.96504	95.0266
		*TM_ROTAXIS 0.675821	-0.600395	-0.427541
		*TM_ROTANGLE 2.02765
		*TM_SCALE 1	1	1
		*TM_SCALEAXIS 0	0	0
		*TM_SCALEAXISANG 0	0	0
	}
}
*HELPEROBJECT {
	*NODE_NAME "Bip01 L Finger0"
	*NODE_PARENT "Bip01 L Hand"
	*NODE_TM {
		*NODE_NAME "Bip01 L Finger0"
		*TM_ROW0 -0.425353	-0.578433	-0.696053
		*TM_ROW1 -0.519736	0.785751	-0.335367
		*TM_ROW2 0.740911	0.219114	-0.634854
		*TM_ROW3 112.117	-25.2909	79.7612
		*TM_POS 112.117	-25.2909	79.7612
		*TM_ROTAXIS -0.359737	0.932276	-0.038082
		*TM_ROTANGLE 4.02149
		*TM_SCALE 1	1	1
		*TM_SCALEAXIS 0	0	0
		*TM_SCALEAXISANG 0	0	0
	}
}
*HELPEROBJECT {
	*NODE_NAME "Bip01 L Finger1"
	*NODE_PARENT "Bip01 L Hand"
	*NODE_TM {
		*NODE_NAME "Bip01 L Finger1"
		*TM_ROW0 -0.137818	-0.108733	-0.984471
		*TM_ROW1 -0.981541	0.148063	0.121055
		*TM_ROW2 0.132601	0.982983	-0.127132
		*TM_ROW3 120.611	-17.8793	61.9666
		*TM_POS 120.611	-17.8793	61.9666
		*TM_ROTAXIS -0.51952	0.673306	0.526078
		*TM_ROTANGLE 4.11988
		*TM_SCALE 1	1	1
		*TM_SCALEAXIS 0	0	0
		*TM_SCALEAXISANG 0	0	0
	}
}
*HELPEROBJECT {
	*NODE_NAME "Bip01 L Finger2"
	*NODE_PARENT "Bip01 L Hand"
	*NODE_TM {
		*NODE_NAME "Bip01 L Finger2"
		*TM_ROW0 -0.112722	-0.0508529	-0.992325
		*TM_ROW1 -0.984376	0.141675	0.104558
		*TM_ROW2 0.13527	0.988606	-0.0660282
		*TM_ROW3 122.976	4.53673	60.9002
		*TM_POS 122.976	4.53673	60.9002
		*TM_ROTAXIS -0.516954	0.65937	0.545885
		*TM_ROTANGLE 4.16725
		*TM_SCALE 1	1	1
		*TM_SCALEAXIS 0	0	0
		*TM_SCALEAXISANG 0	0	0
	}
}
*HELPEROBJECT {
	*NODE_NAME "Bip01 R Clavicle"
	*NODE_PARENT "Bip01 Neck"
	*NODE_TM {
		*NODE_NAME "Bip01 R Clavicle"
		*TM_ROW0 -0.980067	-1.97695e-006	-0.198669
		*TM_ROW1 -1.98008e-006	1	-1.8571e-007
		*TM_ROW2 0.198669	2.37369e-007	-0.980067
		*TM_ROW3 -42.4169	-2.38111e-005	181.172
		*TM_POS -42.4169	-2.38111e-005	181.172
		*TM_ROTAXIS -9.99216e-007	1	1.30446e-008
		*TM_ROTANGLE 3.34159
		*TM_SCALE 1	1	1
		*TM_SCALEAXIS 0	0	0
		*TM_SCALEAXISANG 0	0	0
	}
}
*HELPEROBJECT {
	*NODE_NAME "Bip01 R UpperArm"
	*NODE_PARENT "Bip01 R Clavicle"
	*NODE_TM {
		*NODE_NAME "Bip01 R UpperArm"
		*TM_ROW0 -0.471942	0.174653	-0.864157
		*TM_ROW1 0.0632759	0.984364	0.164391
		*TM_ROW2 0.879356	0.0229027	-0.475614
		*TM_ROW3 -68.9244	-5.9727e-005	175.798
		*TM_POS -68.9244	-5.9727e-005	175.798
		*TM_ROTAXIS -0.080722	-0.994709	-0.063543
		*TM_ROTANGLE 2.07327
		*TM_SCALE 1	1	1
		*TM_SCALEAXIS 0	0	0
		*TM_SCALEAXISANG 0	0	0
	}
}
*HELPEROBJECT {
	*NODE_NAME "Bip01 R Forearm"
	*NODE_PARENT "Bip01 R UpperArm"
	*NODE_TM {
		*NODE_NAME "Bip01 R Forearm"
		*TM_ROW0 -0.460363	-0.21429	-0.861479
		*TM_ROW1 -0.121649	0.976502	-0.177894
		*TM_ROW2 0.879356	0.0229023	-0.475614
		*TM_ROW3 -90.8813	8.12557	135.594
		*TM_POS -90.8813	8.12557	135.594
		*TM_ROTAXIS 0.114425	-0.992028	0.052792
		*TM_ROTANGLE 2.07115
		*TM_SCALE 1	1	1
		*TM_SCALEAXIS 0	0	0
		*TM_SCALEAXISANG 0	0	0
	}
}
*HELPEROBJECT {
	*NODE_NAME "Bip01 R Hand"
	*NODE_PARENT "Bip01 R Forearm"
	*NODE_TM {
		*NODE_NAME "Bip01 R Hand"
		*TM_ROW0 -0.217083	-0.201061	-0.955222
		*TM_ROW1 0.968446	0.0783616	-0.236582
		*TM_ROW2 0.12242	-0.976439	0.177706
		*TM_ROW3 -112.56	-1.96534	95.0265
		*TM_POS -112.56	-1.96534	95.0265
		*TM_ROTAXIS -0.421816	-0.614398	0.666773
		*TM_ROTANGLE 2.07203
		*TM_SCALE 1	1	1
		*TM_SCALEAXIS 0	0	0
		*TM_SCALEAXISANG 0	0	0
	}
}
*HELPEROBJECT {
	*NODE_NAME "Bip01 R Finger0"
	*NODE_PARENT "Bip01 R Hand"
	*NODE_TM {
		*NODE_NAME "Bip01 R Finger0"
		*TM_ROW0 0.425355	-0.578431	-0.696053
		*TM_ROW1 0.519733	0.785752	-0.335366
		*TM_ROW2 0.740912	-0.219112	0.634854
		*TM_ROW3 -112.117	-25.2911	79.7612
		*TM_POS -112.117	-25.2911	79.7612
		*TM_ROTAXIS 0.064148	-0.792906	0.605959
		*TM_ROTANGLE 1.13406
		*TM_SCALE 1	1	1
		*TM_SCALEAXIS 0	0	0
		*TM_SCALEAXISANG 0	0	0
	}
}
*HELPEROBJECT {
	*NODE_NAME "Bip01 R Finger1"
	*NODE_PARENT "Bip01 R Hand"
	*NODE_TM {
		*NODE_NAME "Bip01 R Finger1"
		*TM_ROW0 0.13782	-0.108732	-0.984471
		*TM_ROW1 0.981541	0.148065	0.121056
		*TM_ROW2 0.132603	-0.982982	0.127131
		*TM_ROW3 -120.611	-17.8796	61.9666
		*TM_POS -120.611	-17.8796	61.9666
		*TM_ROTAXIS -0.577449	-0.584267	0.570249
		*TM_ROTANGLE 1.86867
		*TM_SCALE 1	1	1
		*TM_SCALEAXIS 0	0	0
		*TM_SCALEAXISANG 0	0	0
	}
}
*HELPEROBJECT {
	*NODE_NAME "Bip01 R Finger2"
	*NODE_PARENT "Bip01 R Hand"
	*NODE_TM {
		*NODE_NAME "Bip01 R Finger2"
		*TM_ROW0 0.112722	-0.0508525	-0.992324
		*TM_ROW1 0.984376	0.141677	0.104559
		*TM_ROW2 0.135272	-0.988606	0.0660283
		*TM_ROW3 -122.976	4.53641	60.9002
		*TM_POS -122.976	4.53641	60.9002
		*TM_ROTAXIS -0.58116	-0.599465	0.550359
		*TM_ROTANGLE 1.91749
		*TM_SCALE 1	1	1
		*TM_SCALEAXIS 0	0	0
		*TM_SCALEAXISANG 0	0	0
	}
}
*HELPEROBJECT {
	*NODE_NAME "ZS_RIGHTHAND"
	*NODE_PARENT "Bip01 R Hand"
	*NODE_TM {
		*NODE_NAME "ZS_RIGHTHAND"
		*TM_ROW0 0.914324	0.383129	-0.131242
		*TM_ROW1 0.370717	-0.922254	-0.109622
		*TM_ROW2 -0.163038	0.051577	-0.985271
		*TM_ROW3 -111.694	-10.0949	59.4117
		*TM_POS -111.694	-10.0949	59.4117
		*TM_ROTAXIS 0.978309	0.192968	-0.075329
		*TM_ROTANGLE 3.05911
		*TM_SCALE 1	1	1
		*TM_SCALEAXIS 0	0	0
		*TM_SCALEAXISANG 0	0	0
	}
}
*HELPEROBJECT {
	*NODE_NAME "Bip01 L Thigh"
	*NODE_PARENT "Bip01 Pelvis"
	*NODE_TM {
		*NODE_NAME "Bip01 L Thigh"
		*TM_ROW0 0.0665897	-0.0272107	-0.997409
		*TM_ROW1 -0.00294024	-0.999629	0.0270749
		*TM_ROW2 -0.997776	0.00112971	-0.066645
		*TM_ROW3 25.6642	3.1e-005	87.068
		*TM_POS 25.6642	3.1e-005	87.068
		*TM_ROTAXIS 0.730245	-0.010323	-0.683107
		*TM_ROTANGLE 3.15936
		*TM_SCALE 1	1	1
		*TM_SCALEAXIS 0	0	0
		*TM_SCALEAXISANG 0	0	0
	}
}
*HELPEROBJECT {
	*NODE_NAME "Bip01 L Calf"
	*NODE_PARENT "Bip01 L Thigh"
	*NODE_TM {
		*NODE_NAME "Bip01 L Calf"
		*TM_ROW0 0.0665938	-0.0259674	-0.997442
		*TM_ROW1 -0.00285788	-0.999662	0.0258343
		*TM_ROW2 -0.997776	0.00113017	-0.0666453
		*TM_ROW3 27.6456	-0.809661	57.3895
		*TM_POS 27.6456	-0.809661	57.3895
		*TM_ROTAXIS 0.730249	-0.009869	-0.68311
		*TM_ROTANGLE 3.15851
		*TM_SCALE 1	1	1
		*TM_SCALEAXIS 0	0	0
		*TM_SCALEAXISANG 0	0	0
	}
}
*HELPEROBJECT {
	*NODE_NAME "Bip01 L Foot"
	*NODE_PARENT "Bip01 L Calf"
	*NODE_TM {
		*NODE_NAME "Bip01 L Foot"
		*TM_ROW0 1.09851e-007	-1.79295e-006	-1
		*TM_ROW1 1.79283e-006	-1	1.79238e-006
		*TM_ROW2 -1	-1.79197e-006	1.20695e-007
		*TM_ROW3 30.4197	-1.89138	15.8382
		*TM_POS 30.4197	-1.89138	15.8382
		*TM_ROTAXIS 0.707107	-1.47473e-010	-0.707107
		*TM_ROTANGLE 3.1416
		*TM_SCALE 1	1	1
		*TM_SCALEAXIS 0	0	0
		*TM_SCALEAXISANG 0	0	0
	}
}
*HELPEROBJECT {
	*NODE_NAME "Bip01 L Toe0"
	*NODE_PARENT "Bip01 L Foot"
	*NODE_TM {
		*NODE_NAME "Bip01 L Toe0"
		*TM_ROW0 2.41417e-006	-1	6.55391e-007
		*TM_ROW1 -1.09333e-006	7.75162e-007	1
		*TM_ROW2 -1	-2.2941e-006	-1.01179e-006
		*TM_ROW3 30.4198	-39.7516	0.167249
		*TM_POS 30.4198	-39.7516	0.167249
		*TM_ROTAXIS -0.577351	0.57735	0.577349
		*TM_ROTANGLE 2.09439
		*TM_SCALE 1	1	1
		*TM_SCALEAXIS 0	0	0
		*TM_SCALEAXISANG 0	0	0
	}
}
*HELPEROBJECT {
	*NODE_NAME "Bip01 R Thigh"
	*NODE_PARENT "Bip01 Pelvis"
	*NODE_TM {
		*NODE_NAME "Bip01 R Thigh"
		*TM_ROW0 -0.0667921	-0.0688445	-0.995389
		*TM_ROW1 0.00573213	-0.997627	0.0686146
		*TM_ROW2 -0.997751	-0.00112277	0.0670287
		*TM_ROW3 -25.6642	-3.9e-005	87.068
		*TM_POS -25.6642	-3.9e-005	87.068
		*TM_ROTAXIS 0.682829	-0.023122	-0.730212
		*TM_ROTANGLE 3.19268
		*TM_SCALE 1	1	1
		*TM_SCALEAXIS 0	0	0
		*TM_SCALEAXISANG 0	0	0
	}
}
*HELPEROBJECT {
	*NODE_NAME "Bip01 R Calf"
	*NODE_PARENT "Bip01 R Thigh"
	*NODE_TM {
		*NODE_NAME "Bip01 R Calf"
		*TM_ROW0 -0.0669135	0.077698	-0.994729
		*TM_ROW1 -0.00409168	-0.996976	-0.0775983
		*TM_ROW2 -0.99775	-0.00112226	0.0670291
		*TM_ROW3 -27.6516	-2.04854	57.4496
		*TM_POS -27.6516	-2.04854	57.4496
		*TM_ROTAXIS 0.682733	0.026974	-0.73017
		*TM_ROTANGLE 3.08556
		*TM_SCALE 1	1	1
		*TM_SCALEAXIS 0	0	0
		*TM_SCALEAXISANG 0	0	0
	}
}
*HELPEROBJECT {
	*NODE_NAME "Bip01 R Foot"
	*NODE_PARENT "Bip01 R Calf"
	*NODE_TM {
		*NODE_NAME "Bip01 R Foot"
		*TM_ROW0 1.13679e-007	-8.99746e-007	-1
		*TM_ROW1 9.05033e-007	-1	9.00564e-007
		*TM_ROW2 -1	-9.04057e-007	1.14135e-007
		*TM_ROW3 -30.4391	1.18821	16.0114
		*TM_POS -30.4391	1.18821	16.0114
		*TM_ROTAXIS 0.707107	1.23517e-009	-0.707107
		*TM_ROTANGLE 3.14159
		*TM_SCALE 1	1	1
		*TM_SCALEAXIS 0	0	0
		*TM_SCALEAXISANG 0	0	0
	}
}
*HELPEROBJECT {
	*NODE_NAME "Bip01 R Toe0"
	*NODE_PARENT "Bip01 R Foot"
	*NODE_TM {
		*NODE_NAME "Bip01 R Toe0"
		*TM_ROW0 1.81822e-006	-1	8.52164e-008
		*TM_ROW1 9.49377e-008	1.44003e-007	1
		*TM_ROW2 -1	-1.72784e-006	1.43937e-007
		*TM_ROW3 -30.4391	-36.672	0.34038
		*TM_POS -30.4391	-36.672	0.34038
		*TM_ROTAXIS -0.577351	0.57735	0.57735
		*TM_ROTANGLE 2.09439
		*TM_SCALE 1	1	1
		*TM_SCALEAXIS 0	0	0
		*TM_SCALEAXISANG 0	0	0
	}
}
