*3DSMAX_ASCIIEXPORT	110
*COMMENT "[ GothicSourcer v3.14 ] - June 2007"
*SCENE {
	*SCENE_FILENAME "HUM_1HRUN_2_SNEAK.MAX"
	*SCENE_FIRSTFRAME 17
	*SCENE_LASTFRAME 23
	*SCENE_FRAMESPEED 25
	*SCENE_TICKSPERFRAME 192
	*SCENE_BACKGROUND_STATIC 0	0	0
	*SCENE_AMBIENT_STATIC 0.2	0.2	0.2
}
*HELPEROBJECT {
	*NODE_NAME "Bip01"
	*NODE_TM {
		*NODE_NAME "Bip01"
		*TM_ROW0 6.27438e-006	-1	0
		*TM_ROW1 1	6.27438e-006	0
		*TM_ROW2 -0	-0	1
		*TM_ROW3 0	-7.37745	99.9496
		*TM_POS 0	-7.37745	99.9496
		*TM_ROTAXIS 0	0	1
		*TM_ROTANGLE 1.57079
		*TM_SCALE 1	1	1
		*TM_SCALEAXIS 0	0	0
		*TM_SCALEAXISANG 0	0	0
	}
	*TM_ANIMATION {
		*NODE_NAME  "Bip01"
		*CONTROL_POS_TRACK {
			*CONTROL_POS_SAMPLE 17	0.147501	30.4425	89.6001
			*CONTROL_POS_SAMPLE 209	2.50494	30.3326	88.7392
			*CONTROL_POS_SAMPLE 401	5.78191	30.2044	87.4643
			*CONTROL_POS_SAMPLE 593	9.44172	30.0982	85.933
			*CONTROL_POS_SAMPLE 785	12.9513	30.0615	84.42
			*CONTROL_POS_SAMPLE 977	15.7759	30.1385	83.3557
			*CONTROL_POS_SAMPLE 1169	17.3804	30.3711	83.233
		}
		*CONTROL_ROT_TRACK {
			*CONTROL_ROT_SAMPLE 17	0.0119172	0.0224453	-0.999677	4.14579
			*CONTROL_ROT_SAMPLE 209	0.0216184	0.0460298	-0.998706	4.11695
			*CONTROL_ROT_SAMPLE 401	0.0350347	0.0780825	-0.996331	4.08071
			*CONTROL_ROT_SAMPLE 593	0.0500693	0.113039	-0.992328	4.04736
			*CONTROL_ROT_SAMPLE 785	0.064795	0.145833	-0.987185	4.02731
			*CONTROL_ROT_SAMPLE 977	0.0775385	0.171905	-0.982057	4.03178
			*CONTROL_ROT_SAMPLE 1169	0.0867348	0.186844	-0.978553	4.07217
		}
		*CONTROL_SCALE_TRACK {
			*CONTROL_SCALE_SAMPLE	17	1	1	1	0	0	0	0
		}
	}
}
*HELPEROBJECT {
	*NODE_NAME "Bip01 Pelvis"
	*NODE_PARENT "Bip01"
	*NODE_TM {
		*NODE_NAME "Bip01 Pelvis"
		*TM_ROW0 -5.96046e-008	1.79264e-006	1
		*TM_ROW1 -1.79264e-006	-1	1.79264e-006
		*TM_ROW2 1	-1.79264e-006	-5.96046e-008
		*TM_ROW3 1e-005	-8.0113	99.9496
		*TM_POS 1e-005	-8.0113	99.9496
		*TM_ROTAXIS 0.707107	0	0.707107
		*TM_ROTANGLE 3.1416
		*TM_SCALE 1	1	1
		*TM_SCALEAXIS 0	0	0
		*TM_SCALEAXISANG 0	0	0
	}
	*TM_ANIMATION {
		*NODE_NAME  "Bip01 Pelvis"
		*CONTROL_POS_TRACK {
			*CONTROL_POS_SAMPLE 17	0.214016	30.5966	89.606
			*CONTROL_POS_SAMPLE 209	2.9933	31.2429	88.818
			*CONTROL_POS_SAMPLE 401	7.05669	32.3198	87.779
			*CONTROL_POS_SAMPLE 593	11.8169	33.6612	86.7176
			*CONTROL_POS_SAMPLE 785	16.4716	34.9858	85.8533
			*CONTROL_POS_SAMPLE 977	20.0394	36.0517	85.4163
			*CONTROL_POS_SAMPLE 1169	21.5619	36.7187	85.6303
		}
		*CONTROL_ROT_TRACK {
			*CONTROL_ROT_SAMPLE 17	0.725464	-0.224345	0.65067	3.48753
			*CONTROL_ROT_SAMPLE 209	0.722628	-0.247155	0.645541	3.47767
			*CONTROL_ROT_SAMPLE 401	0.718392	-0.276959	0.638127	3.46151
			*CONTROL_ROT_SAMPLE 593	0.713541	-0.307068	0.629737	3.43871
			*CONTROL_ROT_SAMPLE 785	0.709341	-0.331166	0.622225	3.40894
			*CONTROL_ROT_SAMPLE 977	0.707354	-0.343054	0.618032	3.37084
			*CONTROL_ROT_SAMPLE 1169	0.709224	-0.336556	0.619461	3.32312
		}
		*CONTROL_SCALE_TRACK {
			*CONTROL_SCALE_SAMPLE	17	1	1	1	0	0	0	0
		}
	}
}
*HELPEROBJECT {
	*NODE_NAME "Bip01 Spine"
	*NODE_PARENT "Bip01 Pelvis"
	*NODE_TM {
		*NODE_NAME "Bip01 Spine"
		*TM_ROW0 5.96047e-008	-0.0205947	0.999788
		*TM_ROW1 5.48642e-006	-0.999788	-0.0205947
		*TM_ROW2 1	5.48642e-006	5.96047e-008
		*TM_ROW3 1e-005	-7.92216	102.35
		*TM_POS 1e-005	-7.92216	102.35
		*TM_ROTAXIS 0.707088	-0.00727998	0.707088
		*TM_ROTANGLE 3.12703
		*TM_SCALE 1	1	1
		*TM_SCALEAXIS 0	0	0
		*TM_SCALEAXISANG 0	0	0
	}
	*TM_ANIMATION {
		*NODE_NAME  "Bip01 Spine"
		*CONTROL_POS_TRACK {
			*CONTROL_POS_SAMPLE 17	0.262267	30.5673	92.0075
			*CONTROL_POS_SAMPLE 209	3.05324	31.1033	91.216
			*CONTROL_POS_SAMPLE 401	7.12709	32.0279	90.1632
			*CONTROL_POS_SAMPLE 593	11.8921	33.2018	89.0744
			*CONTROL_POS_SAMPLE 785	16.5481	34.3694	88.1742
			*CONTROL_POS_SAMPLE 977	20.1178	35.3143	87.7012
			*CONTROL_POS_SAMPLE 1169	21.6482	35.9199	87.8941
		}
		*CONTROL_ROT_TRACK {
			*CONTROL_ROT_SAMPLE 17	-0.657247	0.27176	-0.702974	2.93375
			*CONTROL_ROT_SAMPLE 209	-0.659378	0.291971	-0.692802	2.92887
			*CONTROL_ROT_SAMPLE 401	-0.663024	0.317899	-0.677746	2.92554
			*CONTROL_ROT_SAMPLE 593	0.668369	-0.343256	0.659892	3.35519
			*CONTROL_ROT_SAMPLE 785	0.675686	-0.362129	0.642114	3.34384
			*CONTROL_ROT_SAMPLE 977	0.685302	-0.368798	0.627972	3.32088
			*CONTROL_ROT_SAMPLE 1169	0.697388	-0.357767	0.621009	3.28475
		}
		*CONTROL_SCALE_TRACK {
			*CONTROL_SCALE_SAMPLE	17	1	1	1	0	0	0	0
		}
	}
}
*HELPEROBJECT {
	*NODE_NAME "Bip01 Spine1"
	*NODE_PARENT "Bip01 Spine"
	*NODE_TM {
		*NODE_NAME "Bip01 Spine1"
		*TM_ROW0 5.96047e-008	-0.00276992	0.999996
		*TM_ROW1 -1.92621e-006	-0.999996	-0.00276991
		*TM_ROW2 1	-1.92621e-006	5.96047e-008
		*TM_ROW3 1e-005	-8.11442	112.175
		*TM_POS 1e-005	-8.11442	112.175
		*TM_ROTAXIS 0.707106	-0.000979995	0.707107
		*TM_ROTANGLE 3.13964
		*TM_SCALE 1	1	1
		*TM_SCALEAXIS 0	0	0
		*TM_SCALEAXISANG 0	0	0
	}
	*TM_ANIMATION {
		*NODE_NAME  "Bip01 Spine1"
		*CONTROL_POS_TRACK {
			*CONTROL_POS_SAMPLE 17	-0.948695	28.5282	101.543
			*CONTROL_POS_SAMPLE 209	1.90252	28.807	100.703
			*CONTROL_POS_SAMPLE 401	6.07431	29.3684	99.5659
			*CONTROL_POS_SAMPLE 593	10.9748	30.1247	98.3651
			*CONTROL_POS_SAMPLE 785	15.8081	30.883	97.3373
			*CONTROL_POS_SAMPLE 977	19.6087	31.4919	96.7452
			*CONTROL_POS_SAMPLE 1169	21.4355	31.9159	96.8731
		}
		*CONTROL_ROT_TRACK {
			*CONTROL_ROT_SAMPLE 17	-0.640108	0.323381	-0.696912	2.86166
			*CONTROL_ROT_SAMPLE 209	-0.630938	0.371685	-0.681004	2.93839
			*CONTROL_ROT_SAMPLE 401	-0.615274	0.43429	-0.657899	3.04757
			*CONTROL_ROT_SAMPLE 593	-0.595389	0.4976	-0.630799	3.17404
			*CONTROL_ROT_SAMPLE 785	-0.577184	0.549748	-0.603851	3.30275
			*CONTROL_ROT_SAMPLE 977	-0.570032	0.579891	-0.582057	3.42064
			*CONTROL_ROT_SAMPLE 1169	0.584477	-0.576745	0.570746	2.76754
		}
		*CONTROL_SCALE_TRACK {
			*CONTROL_SCALE_SAMPLE	17	1	1	1	0	0	0	0
		}
	}
}
*HELPEROBJECT {
	*NODE_NAME "Bip01 Spine2"
	*NODE_PARENT "Bip01 Spine1"
	*NODE_TM {
		*NODE_NAME "Bip01 Spine2"
		*TM_ROW0 5.96048e-008	0.180243	0.983622
		*TM_ROW1 1.67638e-006	-0.983622	0.180243
		*TM_ROW2 1	1.67638e-006	5.96047e-008
		*TM_ROW3 1e-005	-8.1264	124.961
		*TM_POS 1e-005	-8.1264	124.961
		*TM_ROTAXIS 0.705652	0.0641202	0.705652
		*TM_ROTANGLE 3.26966
		*TM_SCALE 1	1	1
		*TM_SCALEAXIS 0	0	0
		*TM_SCALEAXISANG 0	0	0
	}
	*TM_ANIMATION {
		*NODE_NAME  "Bip01 Spine2"
		*CONTROL_POS_TRACK {
			*CONTROL_POS_SAMPLE 17	-2.94852	25.8167	113.884
			*CONTROL_POS_SAMPLE 209	-0.530896	24.644	112.551
			*CONTROL_POS_SAMPLE 401	3.01702	23.3542	110.432
			*CONTROL_POS_SAMPLE 593	7.27006	22.3029	107.777
			*CONTROL_POS_SAMPLE 785	11.6632	21.5948	105.083
			*CONTROL_POS_SAMPLE 977	15.4761	21.1626	103.044
			*CONTROL_POS_SAMPLE 1169	17.9768	20.9384	102.435
		}
		*CONTROL_ROT_TRACK {
			*CONTROL_ROT_SAMPLE 17	0.663022	-0.418484	0.620704	3.29459
			*CONTROL_ROT_SAMPLE 209	0.656826	-0.430248	0.619246	3.2466
			*CONTROL_ROT_SAMPLE 401	0.644573	-0.446276	0.620776	3.18163
			*CONTROL_ROT_SAMPLE 593	-0.626314	0.463693	-0.626674	3.17128
			*CONTROL_ROT_SAMPLE 785	-0.604854	0.478794	-0.636324	3.23573
			*CONTROL_ROT_SAMPLE 977	-0.585637	0.486538	-0.648313	3.2908
			*CONTROL_ROT_SAMPLE 1169	-0.575365	0.480406	-0.661941	3.33761
		}
		*CONTROL_SCALE_TRACK {
			*CONTROL_SCALE_SAMPLE	17	1	1	1	0	0	0	0
		}
	}
}
*HELPEROBJECT {
	*NODE_NAME "Bip01 Neck"
	*NODE_PARENT "Bip01 Spine2"
	*NODE_TM {
		*NODE_NAME "Bip01 Neck"
		*TM_ROW0 5.96046e-007	-0.167043	0.98595
		*TM_ROW1 4.70132e-006	-0.98595	-0.167043
		*TM_ROW2 1	4.70132e-006	5.96047e-007
		*TM_ROW3 1.03264e-011	-2.71656	154.454
		*TM_POS 1.03264e-011	-2.71656	154.454
		*TM_ROTAXIS -0.70586	0.05937	-0.705859
		*TM_ROTANGLE 3.2602
		*TM_SCALE 1	1	1
		*TM_SCALEAXIS 0	0	0
		*TM_SCALEAXISANG 0	0	0
	}
	*TM_ANIMATION {
		*NODE_NAME  "Bip01 Neck"
		*CONTROL_POS_TRACK {
			*CONTROL_POS_SAMPLE 17	-6.37245	12.1168	140.335
			*CONTROL_POS_SAMPLE 209	-4.54769	9.69549	138.231
			*CONTROL_POS_SAMPLE 401	-2.03617	6.86105	134.958
			*CONTROL_POS_SAMPLE 593	0.820405	4.33719	130.901
			*CONTROL_POS_SAMPLE 785	3.70495	2.47677	126.768
			*CONTROL_POS_SAMPLE 977	6.28039	1.28439	123.522
			*CONTROL_POS_SAMPLE 1169	8.23067	0.659429	122.255
		}
		*CONTROL_ROT_TRACK {
			*CONTROL_ROT_SAMPLE 17	0.666819	-0.397494	0.630358	3.02244
			*CONTROL_ROT_SAMPLE 209	0.644937	-0.431698	0.630629	2.9674
			*CONTROL_ROT_SAMPLE 401	-0.611287	0.476917	-0.631568	3.38734
			*CONTROL_ROT_SAMPLE 593	-0.570019	0.52384	-0.632985	3.45965
			*CONTROL_ROT_SAMPLE 785	-0.528701	0.563361	-0.634901	3.51901
			*CONTROL_ROT_SAMPLE 977	-0.498499	0.586443	-0.638422	3.55626
			*CONTROL_ROT_SAMPLE 1169	-0.491951	0.583352	-0.646285	3.56625
		}
		*CONTROL_SCALE_TRACK {
			*CONTROL_SCALE_SAMPLE	17	1	1	1	0	0	0	0
		}
	}
}
*HELPEROBJECT {
	*NODE_NAME "Bip01 Head"
	*NODE_PARENT "Bip01 Neck"
	*NODE_TM {
		*NODE_NAME "Bip01 Head"
		*TM_ROW0 -5.96047e-008	1.76447e-006	1
		*TM_ROW1 -1.79264e-006	-1	1.80855e-006
		*TM_ROW2 1	-1.79264e-006	-5.96046e-008
		*TM_ROW3 2.27758e-011	-3.85901	161.198
		*TM_POS 2.27758e-011	-3.85901	161.198
		*TM_ROTAXIS -0.707107	-5.62215e-009	-0.707107
		*TM_ROTANGLE 3.14159
		*TM_SCALE 1	1	1
		*TM_SCALEAXIS 0	0	0
		*TM_SCALEAXISANG 0	0	0
	}
	*TM_ANIMATION {
		*NODE_NAME  "Bip01 Head"
		*CONTROL_POS_TRACK {
			*CONTROL_POS_SAMPLE 17	-7.10302	7.99302	145.741
			*CONTROL_POS_SAMPLE 209	-5.63734	5.1698	143.241
			*CONTROL_POS_SAMPLE 401	-3.63577	1.88369	139.366
			*CONTROL_POS_SAMPLE 593	-1.34313	-0.997327	134.593
			*CONTROL_POS_SAMPLE 785	1.0357	-3.05302	129.779
			*CONTROL_POS_SAMPLE 977	3.27557	-4.30293	126.076
			*CONTROL_POS_SAMPLE 1169	5.16196	-4.91165	124.768
		}
		*CONTROL_ROT_TRACK {
			*CONTROL_ROT_SAMPLE 17	-0.660975	0.0250202	-0.749991	3.16084
			*CONTROL_ROT_SAMPLE 209	-0.66903	0.0378892	-0.742269	3.1715
			*CONTROL_ROT_SAMPLE 401	-0.679978	0.0556248	-0.731119	3.18813
			*CONTROL_ROT_SAMPLE 593	-0.692136	0.0749076	-0.71787	3.20971
			*CONTROL_ROT_SAMPLE 785	0.704227	-0.0925901	0.703911	3.0498
			*CONTROL_ROT_SAMPLE 977	0.715353	-0.10541	0.690767	3.02846
			*CONTROL_ROT_SAMPLE 1169	0.724865	-0.11047	0.679976	3.01442
		}
		*CONTROL_SCALE_TRACK {
			*CONTROL_SCALE_SAMPLE	17	1	1	1	0	0	0	0
		}
	}
}
*HELPEROBJECT {
	*NODE_NAME "ZS_HELMET"
	*NODE_PARENT "Bip01 Head"
	*NODE_TM {
		*NODE_NAME "ZS_HELMET"
		*TM_ROW0 1	7.87298e-013	7.61567e-014
		*TM_ROW1 -1.53811e-013	0.996917	-0.0784593
		*TM_ROW2 -5.53111e-014	0.0784593	0.996918
		*TM_ROW3 1e-005	-7.06248	173.704
		*TM_POS 1e-005	-7.06248	173.704
		*TM_ROTAXIS 1	8.37809e-013	-5.99744e-012
		*TM_ROTANGLE 0.078541
		*TM_SCALE 1	1	1
		*TM_SCALEAXIS 0	0	0
		*TM_SCALEAXISANG 0	0	0
	}
}
*HELPEROBJECT {
	*NODE_NAME "Bip01 L Clavicle"
	*NODE_PARENT "Bip01 Neck"
	*NODE_TM {
		*NODE_NAME "Bip01 L Clavicle"
		*TM_ROW0 0.935229	-0.203893	-0.289439
		*TM_ROW1 0.156435	0.971369	-0.178803
		*TM_ROW2 0.317608	0.121943	0.940348
		*TM_ROW3 7.96399	-1.25804	148.729
		*TM_POS 7.96399	-1.25804	148.729
		*TM_ROTAXIS 0.391939	-0.791119	0.469589
		*TM_ROTANGLE 0.39376
		*TM_SCALE 1	1	1
		*TM_SCALEAXIS 0	0	0
		*TM_SCALEAXISANG 0	0	0
	}
	*TM_ANIMATION {
		*NODE_NAME  "Bip01 L Clavicle"
		*CONTROL_POS_TRACK {
			*CONTROL_POS_SAMPLE 17	1.55479	11.0386	134.408
			*CONTROL_POS_SAMPLE 209	3.54919	8.96141	132.482
			*CONTROL_POS_SAMPLE 401	6.32576	6.5336	129.563
			*CONTROL_POS_SAMPLE 593	9.5025	4.36221	126.025
			*CONTROL_POS_SAMPLE 785	12.6998	2.74643	122.505
			*CONTROL_POS_SAMPLE 977	15.528	1.74487	119.86
			*CONTROL_POS_SAMPLE 1169	17.6427	1.38425	119.089
		}
		*CONTROL_ROT_TRACK {
			*CONTROL_ROT_SAMPLE 17	-0.590501	-0.118547	0.798282	0.870009
			*CONTROL_ROT_SAMPLE 209	-0.641059	-0.0942952	0.761677	0.878291
			*CONTROL_ROT_SAMPLE 401	-0.704268	-0.0526305	0.70798	0.896689
			*CONTROL_ROT_SAMPLE 593	-0.762917	-0.00117047	0.646495	0.926628
			*CONTROL_ROT_SAMPLE 785	-0.80866	0.0451756	0.586539	0.961759
			*CONTROL_ROT_SAMPLE 977	-0.844424	0.0691723	0.531191	0.98863
			*CONTROL_ROT_SAMPLE 1169	-0.877547	0.0546871	0.476362	0.990668
		}
		*CONTROL_SCALE_TRACK {
			*CONTROL_SCALE_SAMPLE	17	1	1	1	0	0	0	0
		}
	}
}
*HELPEROBJECT {
	*NODE_NAME "Bip01 L UpperArm"
	*NODE_PARENT "Bip01 L Clavicle"
	*NODE_TM {
		*NODE_NAME "Bip01 L UpperArm"
		*TM_ROW0 0.246229	0.0989027	-0.964152
		*TM_ROW1 0.412789	0.889345	0.196649
		*TM_ROW2 0.876913	-0.446412	0.178157
		*TM_ROW3 20.4269	-3.97508	144.872
		*TM_POS 20.4269	-3.97508	144.872
		*TM_ROTAXIS -0.325561	-0.932072	0.15891
		*TM_ROTANGLE 1.41328
		*TM_SCALE 1	1	1
		*TM_SCALEAXIS 0	0	0
		*TM_SCALEAXISANG 0	0	0
	}
	*TM_ANIMATION {
		*NODE_NAME  "Bip01 L UpperArm"
		*CONTROL_POS_TRACK {
			*CONTROL_POS_SAMPLE 17	11.7967	3.23951	130.968
			*CONTROL_POS_SAMPLE 209	14.036	1.44113	129.162
			*CONTROL_POS_SAMPLE 401	17.1264	-0.651119	126.517
			*CONTROL_POS_SAMPLE 593	20.6024	-2.52116	123.386
			*CONTROL_POS_SAMPLE 785	24.0512	-3.87212	120.293
			*CONTROL_POS_SAMPLE 977	27.1315	-4.51749	117.938
			*CONTROL_POS_SAMPLE 1169	29.5832	-4.21351	117.18
		}
		*CONTROL_ROT_TRACK {
			*CONTROL_ROT_SAMPLE 17	-0.578134	-0.811997	0.0801396	1.45663
			*CONTROL_ROT_SAMPLE 209	-0.569372	-0.821184	0.0383642	1.41888
			*CONTROL_ROT_SAMPLE 401	-0.536911	-0.843634	0.00286482	1.37791
			*CONTROL_ROT_SAMPLE 593	-0.486651	-0.873402	-0.0184261	1.34253
			*CONTROL_ROT_SAMPLE 785	-0.436866	-0.898932	-0.0326863	1.31182
			*CONTROL_ROT_SAMPLE 977	-0.401719	-0.914731	-0.0434568	1.2851
			*CONTROL_ROT_SAMPLE 1169	-0.386377	-0.921445	-0.040638	1.27102
		}
		*CONTROL_SCALE_TRACK {
			*CONTROL_SCALE_SAMPLE	17	1	1	1	0	0	0	0
		}
	}
}
*HELPEROBJECT {
	*NODE_NAME "Bip01 L Forearm"
	*NODE_PARENT "Bip01 L UpperArm"
	*NODE_TM {
		*NODE_NAME "Bip01 L Forearm"
		*TM_ROW0 0.0455122	-0.291882	-0.955371
		*TM_ROW1 0.478489	0.845886	-0.235638
		*TM_ROW2 0.876913	-0.44641	0.17816
		*TM_ROW3 27.2982	-1.21526	117.966
		*TM_POS 27.2982	-1.21526	117.966
		*TM_ROTAXIS -0.10545	-0.916697	0.385419
		*TM_ROTANGLE 1.53601
		*TM_SCALE 1	1	1
		*TM_SCALEAXIS 0	0	0
		*TM_SCALEAXISANG 0	0	0
	}
	*TM_ANIMATION {
		*NODE_NAME  "Bip01 L Forearm"
		*CONTROL_POS_TRACK {
			*CONTROL_POS_SAMPLE 17	23.2391	12.6253	107.311
			*CONTROL_POS_SAMPLE 209	25.9353	11.4557	105.992
			*CONTROL_POS_SAMPLE 401	28.977	9.48714	103.376
			*CONTROL_POS_SAMPLE 593	32.0293	7.15635	99.8382
			*CONTROL_POS_SAMPLE 785	35.1585	5.1615	96.3403
			*CONTROL_POS_SAMPLE 977	38.229	4.00995	93.7959
			*CONTROL_POS_SAMPLE 1169	40.7584	3.87063	92.9216
		}
		*CONTROL_ROT_TRACK {
			*CONTROL_ROT_SAMPLE 17	-0.157106	-0.8619	0.482126	1.71833
			*CONTROL_ROT_SAMPLE 209	-0.106554	-0.860196	0.498707	1.69909
			*CONTROL_ROT_SAMPLE 401	-0.0444172	-0.856162	0.514795	1.67071
			*CONTROL_ROT_SAMPLE 593	0.0174834	-0.84993	0.526605	1.6411
			*CONTROL_ROT_SAMPLE 785	0.071072	-0.840541	0.537066	1.61515
			*CONTROL_ROT_SAMPLE 977	0.110061	-0.828449	0.549144	1.59712
			*CONTROL_ROT_SAMPLE 1169	0.125755	-0.819764	0.558724	1.59363
		}
		*CONTROL_SCALE_TRACK {
			*CONTROL_SCALE_SAMPLE	17	1	1	1	0	0	0	0
		}
	}
}
*HELPEROBJECT {
	*NODE_NAME "Bip01 L Hand"
	*NODE_PARENT "Bip01 L Forearm"
	*NODE_TM {
		*NODE_NAME "Bip01 L Hand"
		*TM_ROW0 0.0455132	-0.291886	-0.95537
		*TM_ROW1 -0.876533	0.44708	-0.17835
		*TM_ROW2 0.479185	0.845531	-0.2355
		*TM_ROW3 28.5642	-9.33438	91.391
		*TM_POS 28.5642	-9.33438	91.391
		*TM_ROTAXIS 0.551391	-0.772552	-0.314851
		*TM_ROTANGLE 1.95137
		*TM_SCALE 1	1	1
		*TM_SCALEAXIS 0	0	0
		*TM_SCALEAXISANG 0	0	0
	}
	*TM_ANIMATION {
		*NODE_NAME  "Bip01 L Hand"
		*CONTROL_POS_TRACK {
			*CONTROL_POS_SAMPLE 17	19.9362	3.68045	81.1802
			*CONTROL_POS_SAMPLE 209	22.7314	0.5734	80.5948
			*CONTROL_POS_SAMPLE 401	26.2614	-3.59773	78.9809
			*CONTROL_POS_SAMPLE 593	30.0832	-7.89797	76.5295
			*CONTROL_POS_SAMPLE 785	34.0706	-11.4983	74.0921
			*CONTROL_POS_SAMPLE 977	37.8415	-13.8629	72.4856
			*CONTROL_POS_SAMPLE 1169	40.5718	-14.5999	72.1245
		}
		*CONTROL_ROT_TRACK {
			*CONTROL_ROT_SAMPLE 17	0.539582	-0.77538	-0.328081	2.08831
			*CONTROL_ROT_SAMPLE 209	-0.571645	0.769808	0.283932	4.12566
			*CONTROL_ROT_SAMPLE 401	-0.611457	0.757819	0.227664	4.04454
			*CONTROL_ROT_SAMPLE 593	-0.648597	0.742087	0.169199	3.96686
			*CONTROL_ROT_SAMPLE 785	-0.676096	0.728163	0.112567	3.9009
			*CONTROL_ROT_SAMPLE 977	-0.688517	0.722525	0.0624654	3.85025
			*CONTROL_ROT_SAMPLE 1169	-0.680165	0.732419	0.0306286	3.81948
		}
		*CONTROL_SCALE_TRACK {
			*CONTROL_SCALE_SAMPLE	17	1	1	1	0	0	0	0
		}
	}
}
*HELPEROBJECT {
	*NODE_NAME "Bip01 L Finger0"
	*NODE_PARENT "Bip01 L Hand"
	*NODE_TM {
		*NODE_NAME "Bip01 L Finger0"
		*TM_ROW0 0.0455153	-0.291888	-0.955369
		*TM_ROW1 -0.876915	0.446405	-0.178165
		*TM_ROW2 0.478485	0.845886	-0.235643
		*TM_ROW3 29.15	-13.0909	79.0956
		*TM_POS 29.15	-13.0909	79.0956
		*TM_ROTAXIS 0.551581	-0.772311	-0.31511
		*TM_ROTANGLE 1.95181
		*TM_SCALE 1	1	1
		*TM_SCALEAXIS 0	0	0
		*TM_SCALEAXISANG 0	0	0
	}
	*TM_ANIMATION {
		*NODE_NAME  "Bip01 L Finger0"
		*CONTROL_POS_TRACK {
			*CONTROL_POS_SAMPLE 17	19.1705	-0.699257	69.1039
			*CONTROL_POS_SAMPLE 209	22.1407	-5.18321	69.1006
			*CONTROL_POS_SAMPLE 401	26.0834	-10.9544	68.4237
			*CONTROL_POS_SAMPLE 593	30.4401	-16.6947	67.1436
			*CONTROL_POS_SAMPLE 785	34.8862	-21.4324	65.9524
			*CONTROL_POS_SAMPLE 977	38.8038	-24.6028	65.4617
			*CONTROL_POS_SAMPLE 1169	41.1393	-25.7575	65.7376
		}
		*CONTROL_ROT_TRACK {
			*CONTROL_ROT_SAMPLE 17	0.53974	-0.775161	-0.328339	2.08872
			*CONTROL_ROT_SAMPLE 209	-0.571784	0.769608	0.284194	4.12522
			*CONTROL_ROT_SAMPLE 401	-0.611573	0.757645	0.22793	4.04407
			*CONTROL_ROT_SAMPLE 593	-0.648694	0.741941	0.169466	3.96636
			*CONTROL_ROT_SAMPLE 785	-0.67618	0.728045	0.112836	3.90038
			*CONTROL_ROT_SAMPLE 977	-0.688592	0.72243	0.0627371	3.84972
			*CONTROL_ROT_SAMPLE 1169	-0.680238	0.73234	0.0309074	3.81896
		}
		*CONTROL_SCALE_TRACK {
			*CONTROL_SCALE_SAMPLE	17	1	1	1	0	0	0	0
		}
	}
}
*HELPEROBJECT {
	*NODE_NAME "ZS_LEFTHAND"
	*NODE_PARENT "Bip01 L Hand"
	*NODE_TM {
		*NODE_NAME "ZS_LEFTHAND"
		*TM_ROW0 0.435606	0.890062	-0.134303
		*TM_ROW1 0.180312	-0.232461	-0.955745
		*TM_ROW2 -0.881893	0.392112	-0.261751
		*TM_ROW3 26.7605	-11.5467	82.7857
		*TM_POS 26.7605	-11.5467	82.7857
		*TM_ROTAXIS 0.794322	0.440571	-0.418271
		*TM_ROTANGLE 2.12858
		*TM_SCALE 1	1	1
		*TM_SCALEAXIS 0	0	0
		*TM_SCALEAXISANG 0	0	0
	}
}
*HELPEROBJECT {
	*NODE_NAME "ZS_LEFTARM"
	*NODE_PARENT "Bip01 L Forearm"
	*NODE_TM {
		*NODE_NAME "ZS_LEFTARM"
		*TM_ROW0 0.0759923	-0.150176	-0.985735
		*TM_ROW1 0.524499	0.846792	-0.0885737
		*TM_ROW2 0.848013	-0.510286	0.143117
		*TM_ROW3 26.9101	-7.67833	110.055
		*TM_POS 26.9101	-7.67833	110.055
		*TM_ROTAXIS -0.21097	-0.917372	0.337521
		*TM_ROTANGLE 1.53784
		*TM_SCALE 1	1	1
		*TM_SCALEAXIS 0	0	0
		*TM_SCALEAXISANG 0	0	0
	}
}
*HELPEROBJECT {
	*NODE_NAME "Bip01 R Clavicle"
	*NODE_PARENT "Bip01 Neck"
	*NODE_TM {
		*NODE_NAME "Bip01 R Clavicle"
		*TM_ROW0 -0.935227	-0.203899	-0.28944
		*TM_ROW1 -0.156442	0.971369	-0.178799
		*TM_ROW2 0.317609	-0.121937	-0.940349
		*TM_ROW3 -7.96398	-1.25806	148.729
		*TM_POS -7.96398	-1.25806	148.729
		*TM_ROTAXIS -0.0929799	0.992639	-0.0776
		*TM_ROTANGLE 3.45235
		*TM_SCALE 1	1	1
		*TM_SCALEAXIS 0	0	0
		*TM_SCALEAXISANG 0	0	0
	}
	*TM_ANIMATION {
		*NODE_NAME  "Bip01 R Clavicle"
		*CONTROL_POS_TRACK {
			*CONTROL_POS_SAMPLE 17	-10.4626	20.8747	137.948
			*CONTROL_POS_SAMPLE 209	-8.65367	18.5225	136.141
			*CONTROL_POS_SAMPLE 401	-6.13144	15.7667	133.207
			*CONTROL_POS_SAMPLE 593	-3.21868	13.3205	129.439
			*CONTROL_POS_SAMPLE 785	-0.251264	11.5251	125.492
			*CONTROL_POS_SAMPLE 977	2.34863	10.351	122.296
			*CONTROL_POS_SAMPLE 1169	4.13535	9.63298	120.888
		}
		*CONTROL_ROT_TRACK {
			*CONTROL_ROT_SAMPLE 17	0.547934	0.829033	0.111679	3.3776
			*CONTROL_ROT_SAMPLE 209	0.535769	0.829604	0.15719	3.32331
			*CONTROL_ROT_SAMPLE 401	0.513561	0.829408	0.219858	3.25892
			*CONTROL_ROT_SAMPLE 593	0.481133	0.827599	0.28912	3.20123
			*CONTROL_ROT_SAMPLE 785	0.435742	0.829331	0.34977	3.16261
			*CONTROL_ROT_SAMPLE 977	0.383215	0.833728	0.397547	3.14341
			*CONTROL_ROT_SAMPLE 1169	0.319951	0.84878	0.420956	3.14592
		}
		*CONTROL_SCALE_TRACK {
			*CONTROL_SCALE_SAMPLE	17	1	1	1	0	0	0	0
		}
	}
}
*HELPEROBJECT {
	*NODE_NAME "Bip01 R UpperArm"
	*NODE_PARENT "Bip01 R Clavicle"
	*NODE_TM {
		*NODE_NAME "Bip01 R UpperArm"
		*TM_ROW0 -0.246232	0.0988932	-0.964153
		*TM_ROW1 -0.412793	0.889345	0.196642
		*TM_ROW2 0.876911	0.446415	-0.178163
		*TM_ROW3 -20.4269	-3.97513	144.872
		*TM_POS -20.4269	-3.97513	144.872
		*TM_ROTAXIS 0.12961	-0.955353	-0.265521
		*TM_ROTANGLE 1.84162
		*TM_SCALE 1	1	1
		*TM_SCALEAXIS 0	0	0
		*TM_SCALEAXISANG 0	0	0
	}
	*TM_ANIMATION {
		*NODE_NAME  "Bip01 R UpperArm"
		*CONTROL_POS_TRACK {
			*CONTROL_POS_SAMPLE 17	-15.529	33.1602	136.973
			*CONTROL_POS_SAMPLE 209	-14.1735	30.6481	136.37
			*CONTROL_POS_SAMPLE 401	-12.3612	27.4215	134.912
			*CONTROL_POS_SAMPLE 593	-10.3573	24.1515	132.486
			*CONTROL_POS_SAMPLE 785	-8.51476	21.2516	129.321
			*CONTROL_POS_SAMPLE 977	-7.06354	18.8741	126.335
			*CONTROL_POS_SAMPLE 1169	-6.46211	16.8933	124.428
		}
		*CONTROL_ROT_TRACK {
			*CONTROL_ROT_SAMPLE 17	-0.295007	-0.952634	-0.0738858	1.74137
			*CONTROL_ROT_SAMPLE 209	-0.354759	-0.92908	-0.104671	1.76569
			*CONTROL_ROT_SAMPLE 401	-0.42872	-0.891709	-0.145101	1.80655
			*CONTROL_ROT_SAMPLE 593	-0.49907	-0.846002	-0.187641	1.86158
			*CONTROL_ROT_SAMPLE 785	-0.545243	-0.807378	-0.225499	1.91949
			*CONTROL_ROT_SAMPLE 977	-0.565685	-0.783784	-0.256288	1.97379
			*CONTROL_ROT_SAMPLE 1169	-0.544713	-0.791683	-0.276633	2.00777
		}
		*CONTROL_SCALE_TRACK {
			*CONTROL_SCALE_SAMPLE	17	1	1	1	0	0	0	0
		}
	}
}
*HELPEROBJECT {
	*NODE_NAME "Bip01 R Forearm"
	*NODE_PARENT "Bip01 R UpperArm"
	*NODE_TM {
		*NODE_NAME "Bip01 R Forearm"
		*TM_ROW0 -0.0455087	-0.291889	-0.955369
		*TM_ROW1 -0.478487	0.845885	-0.235646
		*TM_ROW2 0.876914	0.446408	-0.17816
		*TM_ROW3 -27.2982	-1.21534	117.966
		*TM_POS -27.2982	-1.21534	117.966
		*TM_ROTAXIS 0.347279	-0.932937	-0.0950097
		*TM_ROTANGLE 1.76083
		*TM_SCALE 1	1	1
		*TM_SCALEAXIS 0	0	0
		*TM_SCALEAXISANG 0	0	0
	}
	*TM_ANIMATION {
		*NODE_NAME  "Bip01 R Forearm"
		*CONTROL_POS_TRACK {
			*CONTROL_POS_SAMPLE 17	-17.4262	44.3651	111.487
			*CONTROL_POS_SAMPLE 209	-15.3867	44.492	112.17
			*CONTROL_POS_SAMPLE 401	-12.5534	44.518	112.858
			*CONTROL_POS_SAMPLE 593	-9.41605	44.3276	113.231
			*CONTROL_POS_SAMPLE 785	-6.91989	43.647	112.75
			*CONTROL_POS_SAMPLE 977	-5.57688	42.6776	111.847
			*CONTROL_POS_SAMPLE 1169	-6.48907	41.0141	110.396
		}
		*CONTROL_ROT_TRACK {
			*CONTROL_ROT_SAMPLE 17	-0.201948	-0.979363	0.0080391	1.73497
			*CONTROL_ROT_SAMPLE 209	-0.236889	-0.971536	-0.000899969	1.75237
			*CONTROL_ROT_SAMPLE 401	-0.275529	-0.961235	-0.0105663	1.78006
			*CONTROL_ROT_SAMPLE 593	-0.304376	-0.952379	-0.0181648	1.81503
			*CONTROL_ROT_SAMPLE 785	-0.303106	-0.952763	-0.0192381	1.84826
			*CONTROL_ROT_SAMPLE 977	-0.269346	-0.962957	-0.0128868	1.87648
			*CONTROL_ROT_SAMPLE 1169	-0.182123	-0.983251	0.0069243	1.89057
		}
		*CONTROL_SCALE_TRACK {
			*CONTROL_SCALE_SAMPLE	17	1	1	1	0	0	0	0
		}
	}
}
*HELPEROBJECT {
	*NODE_NAME "Bip01 R Hand"
	*NODE_PARENT "Bip01 R Forearm"
	*NODE_TM {
		*NODE_NAME "Bip01 R Hand"
		*TM_ROW0 -0.0455115	-0.291885	-0.95537
		*TM_ROW1 0.87653	0.447088	-0.17835
		*TM_ROW2 0.479192	-0.845527	0.235499
		*TM_ROW3 -28.5642	-9.33445	91.391
		*TM_POS -28.5642	-9.33445	91.391
		*TM_ROTAXIS -0.33922	-0.72939	0.59407
		*TM_ROTANGLE 1.75327
		*TM_SCALE 1	1	1
		*TM_SCALEAXIS 0	0	0
		*TM_SCALEAXISANG 0	0	0
	}
	*TM_ANIMATION {
		*NODE_NAME  "Bip01 R Hand"
		*CONTROL_POS_TRACK {
			*CONTROL_POS_SAMPLE 17	-20.6536	50.5443	84.5587
			*CONTROL_POS_SAMPLE 209	-18.5681	52.0737	85.5977
			*CONTROL_POS_SAMPLE 401	-15.7826	53.7022	86.8014
			*CONTROL_POS_SAMPLE 593	-12.9433	54.8303	87.7166
			*CONTROL_POS_SAMPLE 785	-11.2848	54.3942	87.468
			*CONTROL_POS_SAMPLE 977	-11.3239	52.4046	86.4295
			*CONTROL_POS_SAMPLE 1169	-14.0216	47.3774	84.3862
		}
		*CONTROL_ROT_TRACK {
			*CONTROL_ROT_SAMPLE 17	0.767989	0.565647	-0.300395	2.96085
			*CONTROL_ROT_SAMPLE 209	0.759213	0.567514	-0.318627	3.00585
			*CONTROL_ROT_SAMPLE 401	0.742581	0.570521	-0.350826	3.07914
			*CONTROL_ROT_SAMPLE 593	0.715629	0.575017	-0.396522	3.17762
			*CONTROL_ROT_SAMPLE 785	0.67283	0.581663	-0.457129	3.31178
			*CONTROL_ROT_SAMPLE 977	0.614922	0.58696	-0.526639	3.46975
			*CONTROL_ROT_SAMPLE 1169	0.538744	0.585579	-0.605683	3.66701
		}
		*CONTROL_SCALE_TRACK {
			*CONTROL_SCALE_SAMPLE	17	1	1	1	0	0	0	0
		}
	}
}
*HELPEROBJECT {
	*NODE_NAME "Bip01 R Finger0"
	*NODE_PARENT "Bip01 R Hand"
	*NODE_TM {
		*NODE_NAME "Bip01 R Finger0"
		*TM_ROW0 -0.0455056	-0.291877	-0.955373
		*TM_ROW1 0.876914	0.446413	-0.178152
		*TM_ROW2 0.478489	-0.845886	0.235636
		*TM_ROW3 -29.1499	-13.0909	79.0956
		*TM_POS -29.1499	-13.0909	79.0956
		*TM_ROTAXIS -0.33952	-0.729071	0.594291
		*TM_ROTANGLE 1.75354
		*TM_SCALE 1	1	1
		*TM_SCALEAXIS 0	0	0
		*TM_SCALEAXISANG 0	0	0
	}
	*TM_ANIMATION {
		*NODE_NAME  "Bip01 R Finger0"
		*CONTROL_POS_TRACK {
			*CONTROL_POS_SAMPLE 17	-18.2564	62.3293	79.9791
			*CONTROL_POS_SAMPLE 209	-16.5517	63.6675	80.3898
			*CONTROL_POS_SAMPLE 401	-14.448	64.878	80.5622
			*CONTROL_POS_SAMPLE 593	-12.6275	65.2349	80.1501
			*CONTROL_POS_SAMPLE 785	-12.4007	63.3987	78.3422
			*CONTROL_POS_SAMPLE 977	-14.034	59.2631	75.8833
			*CONTROL_POS_SAMPLE 1169	-18.1887	51.041	72.7751
		}
		*CONTROL_ROT_TRACK {
			*CONTROL_ROT_SAMPLE 17	0.767975	0.565546	-0.30062	2.96026
			*CONTROL_ROT_SAMPLE 209	0.759202	0.567403	-0.318852	3.00527
			*CONTROL_ROT_SAMPLE 401	0.742576	0.570391	-0.351049	3.07857
			*CONTROL_ROT_SAMPLE 593	0.715633	0.574862	-0.396742	3.17707
			*CONTROL_ROT_SAMPLE 785	0.672848	0.581475	-0.457343	3.31127
			*CONTROL_ROT_SAMPLE 977	0.614962	0.586735	-0.526844	3.46927
			*CONTROL_ROT_SAMPLE 1169	0.538817	0.585313	-0.605875	3.66659
		}
		*CONTROL_SCALE_TRACK {
			*CONTROL_SCALE_SAMPLE	17	1	1	1	0	0	0	0
		}
	}
}
*HELPEROBJECT {
	*NODE_NAME "ZS_RIGHTHAND"
	*NODE_PARENT "Bip01 R Hand"
	*NODE_TM {
		*NODE_NAME "ZS_RIGHTHAND"
		*TM_ROW0 -0.464344	0.856417	-0.225687
		*TM_ROW1 0.177861	0.339806	0.923525
		*TM_ROW2 0.867612	0.388692	-0.31011
		*TM_ROW3 -20.9389	-19.9852	85.8932
		*TM_POS -20.9389	-19.9852	85.8932
		*TM_ROTAXIS 0.383811	0.784581	0.486951
		*TM_ROTANGLE 3.91244
		*TM_SCALE 1	1	1
		*TM_SCALEAXIS 0	0	0
		*TM_SCALEAXISANG 0	0	0
	}
	*TM_ANIMATION {
		*NODE_NAME  "ZS_RIGHTHAND"
		*CONTROL_POS_TRACK {
			*CONTROL_POS_SAMPLE 17	-20.8408	56.3514	77.224
			*CONTROL_POS_SAMPLE 209	-18.9753	57.4802	77.9715
			*CONTROL_POS_SAMPLE 401	-16.5839	58.389	78.7406
			*CONTROL_POS_SAMPLE 593	-14.3073	58.4349	79.1883
			*CONTROL_POS_SAMPLE 785	-13.3372	56.3942	78.5589
			*CONTROL_POS_SAMPLE 977	-13.9865	52.3697	77.4593
			*CONTROL_POS_SAMPLE 1169	-16.939	44.8091	75.8746
		}
		*CONTROL_ROT_TRACK {
			*CONTROL_ROT_SAMPLE 17	0.888625	0.0216346	0.458124	3.45803
			*CONTROL_ROT_SAMPLE 209	0.887827	0.0474418	0.457726	3.49078
			*CONTROL_ROT_SAMPLE 401	0.886145	0.0921744	0.454148	3.54428
			*CONTROL_ROT_SAMPLE 593	0.881702	0.156693	0.445027	3.61337
			*CONTROL_ROT_SAMPLE 785	0.868587	0.248162	0.42892	3.69841
			*CONTROL_ROT_SAMPLE 977	0.841829	0.357942	0.403983	3.79001
			*CONTROL_ROT_SAMPLE 1169	0.79043	0.488333	0.369798	3.8971
		}
		*CONTROL_SCALE_TRACK {
			*CONTROL_SCALE_SAMPLE	17	1	1	1	0	0	0	0
		}
	}
}
*HELPEROBJECT {
	*NODE_NAME "ZS_CROSSBOW"
	*NODE_PARENT "Bip01 Spine2"
	*NODE_TM {
		*NODE_NAME "ZS_CROSSBOW"
		*TM_ROW0 -0.382687	-0.111464	0.91713
		*TM_ROW1 -0.923878	0.0461715	-0.379891
		*TM_ROW2 -1.2517e-006	-0.992695	-0.120648
		*TM_ROW3 -14.434	10.5915	165.98
		*TM_POS -14.434	10.5915	165.98
		*TM_ROTAXIS -0.447329	0.669479	-0.593039
		*TM_ROTANGLE 2.38705
		*TM_SCALE 1	1	1
		*TM_SCALEAXIS 0	0	0
		*TM_SCALEAXISANG 0	0	0
	}
}
*HELPEROBJECT {
	*NODE_NAME "ZS_LONGSWORD"
	*NODE_PARENT "Bip01 Spine2"
	*NODE_TM {
		*NODE_NAME "ZS_LONGSWORD"
		*TM_ROW0 -0.499829	-0.0915011	0.861277
		*TM_ROW1 -0.865729	0.0828188	-0.493614
		*TM_ROW2 -0.0261636	-0.992355	-0.12061
		*TM_ROW3 -18.1593	6.92629	157.64
		*TM_POS -18.1593	6.92629	157.64
		*TM_ROTAXIS -0.38996	0.69388	-0.60536
		*TM_ROTANGLE 2.44778
		*TM_SCALE 1	1	1
		*TM_SCALEAXIS 0	0	0
		*TM_SCALEAXISANG 0	0	0
	}
}
*HELPEROBJECT {
	*NODE_NAME "ZS_SHIELD"
	*NODE_PARENT "Bip01 Spine2"
	*NODE_TM {
		*NODE_NAME "ZS_SHIELD"
		*TM_ROW0 -0.0138681	0.114196	-0.993362
		*TM_ROW1 -0.908393	0.413755	0.0602465
		*TM_ROW2 0.417888	0.903198	0.0979964
		*TM_ROW3 8.76511	9.5282	131.875
		*TM_POS 8.76511	9.5282	131.875
		*TM_ROTAXIS 0.435421	-0.728972	-0.528212
		*TM_ROTANGLE 1.82457
		*TM_SCALE 1	1	1
		*TM_SCALEAXIS 0	0	0
		*TM_SCALEAXISANG 0	0	0
	}
}
*HELPEROBJECT {
	*NODE_NAME "ZS_BOW"
	*NODE_PARENT "Bip01 Spine2"
	*NODE_TM {
		*NODE_NAME "ZS_BOW"
		*TM_ROW0 -0.341816	-0.0868229	0.935748
		*TM_ROW1 0.0119438	0.995242	0.0967059
		*TM_ROW2 -0.939691	0.044232	-0.339153
		*TM_ROW3 0.5012	12.4143	124.55
		*TM_POS 0.5012	12.4143	124.55
		*TM_ROTAXIS -0.0279299	0.998227	0.0525698
		*TM_ROTANGLE 1.92076
		*TM_SCALE 1	1	1
		*TM_SCALEAXIS 0	0	0
		*TM_SCALEAXISANG 0	0	0
	}
}
*HELPEROBJECT {
	*NODE_NAME "ZS_SWORD"
	*NODE_PARENT "Bip01 Spine"
	*NODE_TM {
		*NODE_NAME "ZS_SWORD"
		*TM_ROW0 5.79282e-007	-0.347172	0.937802
		*TM_ROW1 1.04309e-007	0.937802	0.347172
		*TM_ROW2 -1	-1.04308e-007	5.79283e-007
		*TM_ROW3 17.5015	-4.36211	106.367
		*TM_POS 17.5015	-4.36211	106.367
		*TM_ROTAXIS -0.17367	0.96937	0.17367
		*TM_ROTANGLE 1.6019
		*TM_SCALE 1	1	1
		*TM_SCALEAXIS 0	0	0
		*TM_SCALEAXISANG 0	0	0
	}
	*TM_ANIMATION {
		*NODE_NAME  "ZS_SWORD"
		*CONTROL_POS_TRACK {
			*CONTROL_POS_SAMPLE 17	17.1641	24.7199	97.5583
			*CONTROL_POS_SAMPLE 209	19.8366	24.5748	96.3513
			*CONTROL_POS_SAMPLE 401	23.7492	24.6719	94.6652
			*CONTROL_POS_SAMPLE 593	28.367	25.1177	92.8028
			*CONTROL_POS_SAMPLE 785	32.9718	25.8648	91.1081
			*CONTROL_POS_SAMPLE 977	36.6812	26.8786	89.9744
			*CONTROL_POS_SAMPLE 1169	38.6052	28.2059	89.7984
		}
		*CONTROL_ROT_TRACK {
			*CONTROL_ROT_SAMPLE 17	-0.0786073	0.855621	0.511599	1.92866
			*CONTROL_ROT_SAMPLE 209	-0.070835	0.841142	0.536156	1.93622
			*CONTROL_ROT_SAMPLE 401	-0.0718455	0.826067	0.558974	1.94044
			*CONTROL_ROT_SAMPLE 593	-0.0605999	0.800027	0.596896	1.94477
			*CONTROL_ROT_SAMPLE 785	-0.0700025	0.784553	0.616098	1.93534
			*CONTROL_ROT_SAMPLE 977	-0.0784523	0.769812	0.633431	1.91565
			*CONTROL_ROT_SAMPLE 1169	-0.0950237	0.765051	0.63692	1.87931
		}
		*CONTROL_SCALE_TRACK {
			*CONTROL_SCALE_SAMPLE	17	1	1	1	0	0	0	0
		}
	}
}
*HELPEROBJECT {
	*NODE_NAME "Bip01 L Thigh"
	*NODE_PARENT "Bip01 Pelvis"
	*NODE_TM {
		*NODE_NAME "Bip01 L Thigh"
		*TM_ROW0 0.0534878	-0.0367886	-0.997891
		*TM_ROW1 -0.00216181	-0.999323	0.0367256
		*TM_ROW2 -0.998566	0.000192882	-0.0535313
		*TM_ROW3 9.01023	-8.01129	99.9496
		*TM_POS 9.01023	-8.01129	99.9496
		*TM_ROTAXIS 0.72572	-0.01342	-0.68786
		*TM_ROTANGLE 3.16677
		*TM_SCALE 1	1	1
		*TM_SCALEAXIS 0	0	0
		*TM_SCALEAXISANG 0	0	0
	}
	*TM_ANIMATION {
		*NODE_NAME  "Bip01 L Thigh"
		*CONTROL_POS_TRACK {
			*CONTROL_POS_SAMPLE 17	7.78265	25.829	88.5321
			*CONTROL_POS_SAMPLE 209	10.4298	26.3023	87.6106
			*CONTROL_POS_SAMPLE 401	14.3232	27.1816	86.3771
			*CONTROL_POS_SAMPLE 593	18.9267	28.3721	85.0914
			*CONTROL_POS_SAMPLE 785	23.4956	29.6516	84.0156
			*CONTROL_POS_SAMPLE 977	27.1117	30.8342	83.4345
			*CONTROL_POS_SAMPLE 1169	28.8662	31.8405	83.6259
		}
		*CONTROL_ROT_TRACK {
			*CONTROL_ROT_SAMPLE 17	0.718653	-0.30358	-0.625601	3.41392
			*CONTROL_ROT_SAMPLE 209	0.700223	-0.330879	-0.632618	3.41389
			*CONTROL_ROT_SAMPLE 401	0.672827	-0.365797	-0.643036	3.41711
			*CONTROL_ROT_SAMPLE 593	0.639391	-0.402484	-0.655123	3.43023
			*CONTROL_ROT_SAMPLE 785	0.606349	-0.433842	-0.666425	3.45257
			*CONTROL_ROT_SAMPLE 977	0.583499	-0.450926	-0.675422	3.47407
			*CONTROL_ROT_SAMPLE 1169	0.579975	-0.445472	-0.682044	3.48263
		}
		*CONTROL_SCALE_TRACK {
			*CONTROL_SCALE_SAMPLE	17	1	1	1	0	0	0	0
		}
	}
}
*HELPEROBJECT {
	*NODE_NAME "Bip01 L Calf"
	*NODE_PARENT "Bip01 L Thigh"
	*NODE_TM {
		*NODE_NAME "Bip01 L Calf"
		*TM_ROW0 0.0525131	0.197552	-0.978885
		*TM_ROW1 0.0103904	-0.980292	-0.197278
		*TM_ROW2 -0.998566	0.000188708	-0.0535307
		*TM_ROW3 11.1149	-9.45845	60.6877
		*TM_POS 11.1149	-9.45845	60.6877
		*TM_ROTAXIS 0.723901	0.0721501	-0.686121
		*TM_ROTANGLE 3.00478
		*TM_SCALE 1	1	1
		*TM_SCALEAXIS 0	0	0
		*TM_SCALEAXISANG 0	0	0
	}
	*TM_ANIMATION {
		*NODE_NAME  "Bip01 L Calf"
		*CONTROL_POS_TRACK {
			*CONTROL_POS_SAMPLE 17	9.8602	1.41903	55.7581
			*CONTROL_POS_SAMPLE 209	10.4066	0.729813	55.6678
			*CONTROL_POS_SAMPLE 401	11.2979	0.262431	55.7096
			*CONTROL_POS_SAMPLE 593	12.4668	0.117494	56.2082
			*CONTROL_POS_SAMPLE 785	13.9076	0.296353	57.171
			*CONTROL_POS_SAMPLE 977	15.5355	0.871351	58.0866
			*CONTROL_POS_SAMPLE 1169	17.0404	1.97181	58.2821
		}
		*CONTROL_ROT_TRACK {
			*CONTROL_ROT_SAMPLE 17	0.778262	0.00100862	-0.627939	2.90715
			*CONTROL_ROT_SAMPLE 209	0.774761	-0.0077211	-0.632207	2.86304
			*CONTROL_ROT_SAMPLE 401	0.768624	-0.0239444	-0.639253	2.81204
			*CONTROL_ROT_SAMPLE 593	0.759536	-0.0456598	-0.64886	2.76795
			*CONTROL_ROT_SAMPLE 785	0.748329	-0.0692296	-0.659706	2.74205
			*CONTROL_ROT_SAMPLE 977	0.73684	-0.0886894	-0.670224	2.74025
			*CONTROL_ROT_SAMPLE 1169	0.727146	-0.0979343	-0.679462	2.76446
		}
		*CONTROL_SCALE_TRACK {
			*CONTROL_SCALE_SAMPLE	17	1	1	1	0	0	0	0
		}
	}
}
*HELPEROBJECT {
	*NODE_NAME "Bip01 L Foot"
	*NODE_PARENT "Bip01 L Calf"
	*NODE_TM {
		*NODE_NAME "Bip01 L Foot"
		*TM_ROW0 -5.93318e-007	7.27489e-006	-1
		*TM_ROW1 0.173652	-0.984807	-7.26412e-006
		*TM_ROW2 -0.984807	-0.173652	-5.97767e-007
		*TM_ROW3 13.6935	0.240668	12.6267
		*TM_POS 13.6935	0.240668	12.6267
		*TM_ROTAXIS 0.705757	0.0617498	-0.705757
		*TM_ROTANGLE 3.26493
		*TM_SCALE 1	1	1
		*TM_SCALEAXIS 0	0	0
		*TM_SCALEAXISANG 0	0	0
	}
	*TM_ANIMATION {
		*NODE_NAME  "Bip01 L Foot"
		*CONTROL_POS_TRACK {
			*CONTROL_POS_SAMPLE 17	19.8473	8.04591	12.4377
			*CONTROL_POS_SAMPLE 209	20.1128	8.01674	12.3895
			*CONTROL_POS_SAMPLE 401	20.4498	7.95175	12.3802
			*CONTROL_POS_SAMPLE 593	20.6927	7.75334	12.6841
			*CONTROL_POS_SAMPLE 785	20.8598	7.35782	13.329
			*CONTROL_POS_SAMPLE 977	21.0288	6.99903	13.8985
			*CONTROL_POS_SAMPLE 1169	21.114	7.04221	13.8072
		}
		*CONTROL_ROT_TRACK {
			*CONTROL_ROT_SAMPLE 17	0.700182	-0.068629	-0.710658	3.00055
			*CONTROL_ROT_SAMPLE 209	0.703631	-0.0715823	-0.706951	3.00048
			*CONTROL_ROT_SAMPLE 401	0.708926	-0.0737868	-0.701413	3.00122
			*CONTROL_ROT_SAMPLE 593	0.715898	-0.0696748	-0.69472	2.99642
			*CONTROL_ROT_SAMPLE 785	0.723082	-0.0590425	-0.688234	2.98395
			*CONTROL_ROT_SAMPLE 977	0.728063	-0.0479878	-0.683829	2.97496
			*CONTROL_ROT_SAMPLE 1169	0.729735	-0.0433171	-0.682357	2.99083
		}
		*CONTROL_SCALE_TRACK {
			*CONTROL_SCALE_SAMPLE	17	1	1	1	0	0	0	0
		}
	}
}
*HELPEROBJECT {
	*NODE_NAME "Bip01 L Toe0"
	*NODE_PARENT "Bip01 L Foot"
	*NODE_TM {
		*NODE_NAME "Bip01 L Toe0"
		*TM_ROW0 0.173646	-0.984808	5.05914e-006
		*TM_ROW1 5.06367e-006	5.91264e-006	1
		*TM_ROW2 -0.984808	-0.173646	5.92894e-006
		*TM_ROW3 17.6256	-22.0591	5.26591e-006
		*TM_POS 17.6256	-22.0591	5.26591e-006
		*TM_ROTAXIS -0.644398	0.540718	0.540718
		*TM_ROTANGLE 1.99673
		*TM_SCALE 1	1	1
		*TM_SCALEAXIS 0	0	0
		*TM_SCALEAXISANG 0	0	0
	}
	*TM_ANIMATION {
		*NODE_NAME  "Bip01 L Toe0"
		*CONTROL_POS_TRACK {
			*CONTROL_POS_SAMPLE 17	15.2387	-14.1062	-0.217117
			*CONTROL_POS_SAMPLE 209	15.5323	-14.1806	-0.195986
			*CONTROL_POS_SAMPLE 401	15.9983	-14.2987	-0.157677
			*CONTROL_POS_SAMPLE 593	16.5517	-14.417	-0.0997765
			*CONTROL_POS_SAMPLE 785	17.1446	-14.5549	-0.0174572
			*CONTROL_POS_SAMPLE 977	17.7319	-14.671	0.0551473
			*CONTROL_POS_SAMPLE 1169	18.2588	-14.7593	0.0725063
		}
		*CONTROL_ROT_TRACK {
			*CONTROL_ROT_SAMPLE 17	0.499247	-0.607707	-0.617612	4.0783
			*CONTROL_ROT_SAMPLE 209	0.498894	-0.611853	-0.613792	4.07238
			*CONTROL_ROT_SAMPLE 401	-0.500331	0.616537	0.607907	2.21892
			*CONTROL_ROT_SAMPLE 593	-0.507161	0.61648	0.602279	2.23341
			*CONTROL_ROT_SAMPLE 785	-0.51834	0.610472	0.598872	2.25383
			*CONTROL_ROT_SAMPLE 977	-0.528883	0.603478	0.596739	2.26809
			*CONTROL_ROT_SAMPLE 1169	-0.535502	0.603045	0.591248	2.25735
		}
		*CONTROL_SCALE_TRACK {
			*CONTROL_SCALE_SAMPLE	17	1	1	1	0	0	0	0
		}
	}
}
*HELPEROBJECT {
	*NODE_NAME "Bip01 R Thigh"
	*NODE_PARENT "Bip01 Pelvis"
	*NODE_TM {
		*NODE_NAME "Bip01 R Thigh"
		*TM_ROW0 -0.0535034	-0.0367749	-0.99789
		*TM_ROW1 0.00205776	-0.999324	0.0367174
		*TM_ROW2 -0.998566	-8.89041e-005	0.0535432
		*TM_ROW3 -9.01021	-8.01132	99.9496
		*TM_POS -9.01021	-8.01132	99.9496
		*TM_ROTAXIS 0.687862	-0.01262	-0.725732
		*TM_ROTANGLE 3.16835
		*TM_SCALE 1	1	1
		*TM_SCALEAXIS 0	0	0
		*TM_SCALEAXISANG 0	0	0
	}
	*TM_ANIMATION {
		*NODE_NAME  "Bip01 R Thigh"
		*CONTROL_POS_TRACK {
			*CONTROL_POS_SAMPLE 17	-7.35536	35.3671	90.6783
			*CONTROL_POS_SAMPLE 209	-4.44383	36.1863	90.0239
			*CONTROL_POS_SAMPLE 401	-0.210305	37.461	89.1795
			*CONTROL_POS_SAMPLE 593	4.70673	38.9533	88.3427
			*CONTROL_POS_SAMPLE 785	9.44724	40.3232	87.69
			*CONTROL_POS_SAMPLE 977	12.9667	41.2723	87.3972
			*CONTROL_POS_SAMPLE 1169	14.257	41.6	87.6338
		}
		*CONTROL_ROT_TRACK {
			*CONTROL_ROT_SAMPLE 17	0.50757	-0.3936	-0.766454	2.61666
			*CONTROL_ROT_SAMPLE 209	0.507161	-0.397643	-0.764635	2.65216
			*CONTROL_ROT_SAMPLE 401	0.49005	-0.423577	-0.761862	2.70499
			*CONTROL_ROT_SAMPLE 593	0.467681	-0.453438	-0.758728	2.77704
			*CONTROL_ROT_SAMPLE 785	0.454182	-0.465478	-0.759637	2.84583
			*CONTROL_ROT_SAMPLE 977	0.486182	-0.432076	-0.759564	2.91758
			*CONTROL_ROT_SAMPLE 1169	0.504717	-0.3758	-0.777197	2.86838
		}
		*CONTROL_SCALE_TRACK {
			*CONTROL_SCALE_SAMPLE	17	1	1	1	0	0	0	0
		}
	}
}
*HELPEROBJECT {
	*NODE_NAME "Bip01 R Calf"
	*NODE_PARENT "Bip01 R Thigh"
	*NODE_TM {
		*NODE_NAME "Bip01 R Calf"
		*TM_ROW0 -0.0525025	0.197539	-0.978888
		*TM_ROW1 -0.0104967	-0.980295	-0.19726
		*TM_ROW2 -0.998566	-8.16064e-005	0.0535415
		*TM_ROW3 -11.1154	-9.45856	60.6878
		*TM_POS -11.1154	-9.45856	60.6878
		*TM_ROTAXIS 0.686298	0.0684898	-0.724088
		*TM_ROTANGLE 2.99744
		*TM_SCALE 1	1	1
		*TM_SCALEAXIS 0	0	0
		*TM_SCALEAXISANG 0	0	0
	}
	*TM_ANIMATION {
		*NODE_NAME  "Bip01 R Calf"
		*CONTROL_POS_TRACK {
			*CONTROL_POS_SAMPLE 17	-23.099	35.8355	52.913
			*CONTROL_POS_SAMPLE 209	-20.7432	35.36	52.5014
			*CONTROL_POS_SAMPLE 401	-18.5577	34.4528	52.7293
			*CONTROL_POS_SAMPLE 593	-16.2097	33.2375	53.6422
			*CONTROL_POS_SAMPLE 785	-13.1783	32.457	54.5162
			*CONTROL_POS_SAMPLE 977	-7.82569	31.2001	53.6256
			*CONTROL_POS_SAMPLE 1169	-4.6819	34.9467	51.9779
		}
		*CONTROL_ROT_TRACK {
			*CONTROL_ROT_SAMPLE 17	0.665899	-0.235927	-0.707755	2.14353
			*CONTROL_ROT_SAMPLE 209	0.686797	-0.210766	-0.69562	2.11179
			*CONTROL_ROT_SAMPLE 401	0.712384	-0.194452	-0.674313	2.05631
			*CONTROL_ROT_SAMPLE 593	0.738225	-0.176632	-0.651019	2.00924
			*CONTROL_ROT_SAMPLE 785	0.747274	-0.158832	-0.645255	2.00191
			*CONTROL_ROT_SAMPLE 977	0.735597	-0.120472	-0.66662	2.09883
			*CONTROL_ROT_SAMPLE 1169	0.695508	-0.120569	-0.70833	2.16505
		}
		*CONTROL_SCALE_TRACK {
			*CONTROL_SCALE_SAMPLE	17	1	1	1	0	0	0	0
		}
	}
}
*HELPEROBJECT {
	*NODE_NAME "Bip01 R Foot"
	*NODE_PARENT "Bip01 R Calf"
	*NODE_TM {
		*NODE_NAME "Bip01 R Foot"
		*TM_ROW0 -5.86373e-007	-7.29557e-006	-1
		*TM_ROW1 -0.173652	-0.984807	7.26572e-006
		*TM_ROW2 -0.984807	0.173652	-5.93781e-007
		*TM_ROW3 -13.6935	0.24065	12.6267
		*TM_POS -13.6935	0.24065	12.6267
		*TM_ROTAXIS 0.705757	-0.0617498	-0.705757
		*TM_ROTANGLE 3.01826
		*TM_SCALE 1	1	1
		*TM_SCALEAXIS 0	0	0
		*TM_SCALEAXISANG 0	0	0
	}
	*TM_ANIMATION {
		*NODE_NAME  "Bip01 R Foot"
		*CONTROL_POS_TRACK {
			*CONTROL_POS_SAMPLE 17	-16.7243	51.6826	11.3372
			*CONTROL_POS_SAMPLE 209	-11.7696	52.3042	11.8482
			*CONTROL_POS_SAMPLE 401	-6.07649	52.1267	13.3317
			*CONTROL_POS_SAMPLE 593	-0.395561	51.3822	15.6817
			*CONTROL_POS_SAMPLE 785	3.62852	51.2415	17.3008
			*CONTROL_POS_SAMPLE 977	6.10483	51.092	15.8027
			*CONTROL_POS_SAMPLE 1169	4.06989	55.447	12.9464
		}
		*CONTROL_ROT_TRACK {
			*CONTROL_ROT_SAMPLE 17	0.582582	-0.350024	-0.73354	2.39601
			*CONTROL_ROT_SAMPLE 209	0.555147	-0.306587	-0.773186	2.38462
			*CONTROL_ROT_SAMPLE 401	0.565782	-0.259987	-0.782495	2.37496
			*CONTROL_ROT_SAMPLE 593	0.597472	-0.207174	-0.774665	2.3535
			*CONTROL_ROT_SAMPLE 785	0.624306	-0.172853	-0.761816	2.34959
