*3DSMAX_ASCIIEXPORT	110
*COMMENT "[ GothicSourcer v3.14 ] - June 2007"
*SCENE {
	*SCENE_FILENAME "HUM_BOWAUTOAIMT2.MAX"
	*SCENE_FIRSTFRAME 0
	*SCENE_LASTFRAME 8
	*SCENE_FRAMESPEED 1
	*SCENE_TICKSPERFRAME 4800
	*SCENE_BACKGROUND_STATIC 0	0	0
	*SCENE_AMBIENT_STATIC 0.2	0.2	0.2
}
*HELPEROBJECT {
	*NODE_NAME "Bip01"
	*NODE_TM {
		*NODE_NAME "Bip01"
		*TM_ROW0 6.27438e-006	-1	0
		*TM_ROW1 1	6.27438e-006	0
		*TM_ROW2 -0	-0	1
		*TM_ROW3 0	-7.37745	99.9496
		*TM_POS 0	-7.37745	99.9496
		*TM_ROTAXIS 0	0	1
		*TM_ROTANGLE 1.57079
		*TM_SCALE 1	1	1
		*TM_SCALEAXIS 0	0	0
		*TM_SCALEAXISANG 0	0	0
	}
}
*HELPEROBJECT {
	*NODE_NAME "Bip01 Pelvis"
	*NODE_PARENT "Bip01"
	*NODE_TM {
		*NODE_NAME "Bip01 Pelvis"
		*TM_ROW0 -5.96046e-008	1.79264e-006	1
		*TM_ROW1 -1.79264e-006	-1	1.79264e-006
		*TM_ROW2 1	-1.79264e-006	-5.96046e-008
		*TM_ROW3 1e-005	-8.0113	99.9496
		*TM_POS 1e-005	-8.0113	99.9496
		*TM_ROTAXIS 0.707107	0	0.707107
		*TM_ROTANGLE 3.1416
		*TM_SCALE 1	1	1
		*TM_SCALEAXIS 0	0	0
		*TM_SCALEAXISANG 0	0	0
	}
}
*HELPEROBJECT {
	*NODE_NAME "Bip01 Spine"
	*NODE_PARENT "Bip01 Pelvis"
	*NODE_TM {
		*NODE_NAME "Bip01 Spine"
		*TM_ROW0 5.96047e-008	-0.0205947	0.999788
		*TM_ROW1 5.48642e-006	-0.999788	-0.0205947
		*TM_ROW2 1	5.48642e-006	5.96047e-008
		*TM_ROW3 1e-005	-7.92216	102.35
		*TM_POS 1e-005	-7.92216	102.35
		*TM_ROTAXIS 0.707088	-0.00727998	0.707088
		*TM_ROTANGLE 3.12703
		*TM_SCALE 1	1	1
		*TM_SCALEAXIS 0	0	0
		*TM_SCALEAXISANG 0	0	0
	}
}
*HELPEROBJECT {
	*NODE_NAME "Bip01 Spine1"
	*NODE_PARENT "Bip01 Spine"
	*NODE_TM {
		*NODE_NAME "Bip01 Spine1"
		*TM_ROW0 5.96047e-008	-0.00276992	0.999996
		*TM_ROW1 -1.92621e-006	-0.999996	-0.00276991
		*TM_ROW2 1	-1.92621e-006	5.96047e-008
		*TM_ROW3 1e-005	-8.11442	112.175
		*TM_POS 1e-005	-8.11442	112.175
		*TM_ROTAXIS 0.707106	-0.000979995	0.707107
		*TM_ROTANGLE 3.13964
		*TM_SCALE 1	1	1
		*TM_SCALEAXIS 0	0	0
		*TM_SCALEAXISANG 0	0	0
	}
	*TM_ANIMATION {
		*NODE_NAME  "Bip01 Spine1"
		*CONTROL_POS_TRACK {
			*CONTROL_POS_SAMPLE 0	0.00133496	-8.1141	112.173
			*CONTROL_POS_SAMPLE 4800	0.00130272	-8.11408	112.173
			*CONTROL_POS_SAMPLE 9600	0.00423646	-8.11541	112.173
			*CONTROL_POS_SAMPLE 14400	0.000862032	-8.11361	112.175
			*CONTROL_POS_SAMPLE 19200	0.00176539	-8.11367	112.175
			*CONTROL_POS_SAMPLE 24000	0.00295874	-8.11411	112.175
			*CONTROL_POS_SAMPLE 28800	1.05588e-005	-8.1137	112.176
			*CONTROL_POS_SAMPLE 33600	0.00133743	-8.11417	112.176
			*CONTROL_POS_SAMPLE 38400	0.00361206	-8.11492	112.176
		}
		*CONTROL_ROT_TRACK {
			*CONTROL_ROT_SAMPLE 0	0.71369	-0.00960633	0.700396	3.373
			*CONTROL_ROT_SAMPLE 4800	0.71369	-0.00960633	0.700396	3.373
			*CONTROL_ROT_SAMPLE 9600	0.705308	-0.118261	0.698967	3.58766
			*CONTROL_ROT_SAMPLE 14400	0.706332	-0.0558848	0.705671	3.2197
			*CONTROL_ROT_SAMPLE 19200	0.706449	-0.0713809	0.704155	3.25038
			*CONTROL_ROT_SAMPLE 24000	0.705315	-0.133457	0.696219	3.37303
			*CONTROL_ROT_SAMPLE 28800	-0.696777	0.0705915	-0.713806	3.21655
			*CONTROL_ROT_SAMPLE 33600	-0.699289	0.117254	-0.705157	3.125
			*CONTROL_ROT_SAMPLE 38400	0.699888	-0.194595	0.687234	3.31042
		}
		*CONTROL_SCALE_TRACK {
			*CONTROL_SCALE_SAMPLE	0	1	1	1	0	0	0	0
		}
	}
}
*HELPEROBJECT {
	*NODE_NAME "Bip01 Spine2"
	*NODE_PARENT "Bip01 Spine1"
	*NODE_TM {
		*NODE_NAME "Bip01 Spine2"
		*TM_ROW0 5.96048e-008	0.180243	0.983622
		*TM_ROW1 1.67638e-006	-0.983622	0.180243
		*TM_ROW2 1	1.67638e-006	5.96047e-008
		*TM_ROW3 1e-005	-8.1264	124.961
		*TM_POS 1e-005	-8.1264	124.961
		*TM_ROTAXIS 0.705652	0.0641202	0.705652
		*TM_ROTANGLE 3.26966
		*TM_SCALE 1	1	1
		*TM_SCALEAXIS 0	0	0
		*TM_SCALEAXISANG 0	0	0
	}
	*TM_ANIMATION {
		*NODE_NAME  "Bip01 Spine2"
		*CONTROL_POS_TRACK {
			*CONTROL_POS_SAMPLE 0	0.410537	-6.20977	124.809
			*CONTROL_POS_SAMPLE 4800	0.415851	-6.21047	124.811
			*CONTROL_POS_SAMPLE 9600	0.585298	-6.27213	124.814
			*CONTROL_POS_SAMPLE 14400	-0.00348401	-8.3933	124.96
			*CONTROL_POS_SAMPLE 19200	0.0244159	-8.39958	124.961
			*CONTROL_POS_SAMPLE 24000	0.124448	-8.4283	124.96
			*CONTROL_POS_SAMPLE 28800	-0.352265	-10.0296	124.817
			*CONTROL_POS_SAMPLE 33600	-0.270809	-10.0391	124.817
			*CONTROL_POS_SAMPLE 38400	-0.146696	-10.0801	124.811
		}
		*CONTROL_ROT_TRACK {
			*CONTROL_ROT_SAMPLE 0	-0.619245	-0.0913937	-0.77986	2.84892
			*CONTROL_ROT_SAMPLE 4800	-0.617859	0.0131995	-0.786178	2.68743
			*CONTROL_ROT_SAMPLE 9600	-0.604137	0.185957	-0.77488	2.3454
			*CONTROL_ROT_SAMPLE 14400	-0.66996	0.0628008	-0.739736	2.99231
			*CONTROL_ROT_SAMPLE 19200	-0.672904	0.12732	-0.72869	2.8734
			*CONTROL_ROT_SAMPLE 24000	-0.668739	0.238056	-0.704356	2.66145
			*CONTROL_ROT_SAMPLE 28800	0.745683	-0.063353	0.663282	3.02798
			*CONTROL_ROT_SAMPLE 33600	0.75558	-0.18481	0.628446	3.27346
			*CONTROL_ROT_SAMPLE 38400	0.749574	-0.338699	0.568703	3.56645
		}
		*CONTROL_SCALE_TRACK {
			*CONTROL_SCALE_SAMPLE	0	1	1	1	0	0	0	0
		}
	}
}
*HELPEROBJECT {
	*NODE_NAME "Bip01 Neck"
	*NODE_PARENT "Bip01 Spine2"
	*NODE_TM {
		*NODE_NAME "Bip01 Neck"
		*TM_ROW0 5.96046e-007	-0.167043	0.98595
		*TM_ROW1 4.70132e-006	-0.98595	-0.167043
		*TM_ROW2 1	4.70132e-006	5.96047e-007
		*TM_ROW3 1.03264e-011	-2.71656	154.454
		*TM_POS 1.03264e-011	-2.71656	154.454
		*TM_ROTAXIS -0.70586	0.05937	-0.705859
		*TM_ROTANGLE 3.2602
		*TM_SCALE 1	1	1
		*TM_SCALEAXIS 0	0	0
		*TM_SCALEAXISANG 0	0	0
	}
	*TM_ANIMATION {
		*NODE_NAME  "Bip01 Neck"
		*CONTROL_POS_TRACK {
			*CONTROL_POS_SAMPLE 0	-5.7952	3.86232	152.361
			*CONTROL_POS_SAMPLE 4800	-4.79822	3.6725	152.635
			*CONTROL_POS_SAMPLE 9600	-1.78839	4.61441	152.653
			*CONTROL_POS_SAMPLE 14400	-2.89016	-7.59825	154.797
			*CONTROL_POS_SAMPLE 19200	-2.22142	-7.65007	154.853
			*CONTROL_POS_SAMPLE 24000	-1.16708	-7.6748	154.909
			*CONTROL_POS_SAMPLE 28800	3.09115	-15.104	154.169
			*CONTROL_POS_SAMPLE 33600	4.09151	-15.8946	153.9
			*CONTROL_POS_SAMPLE 38400	4.73203	-17.5944	153.428
		}
		*CONTROL_ROT_TRACK {
			*CONTROL_ROT_SAMPLE 0	-0.47799	-0.342707	-0.808751	3.45848
			*CONTROL_ROT_SAMPLE 4800	-0.569823	-0.218027	-0.792317	3.22966
			*CONTROL_ROT_SAMPLE 9600	-0.552281	0.0743806	-0.830333	3.11942
			*CONTROL_ROT_SAMPLE 14400	0.717852	0.0341217	0.695359	2.49383
			*CONTROL_ROT_SAMPLE 19200	0.709053	-0.0366347	0.704203	2.60445
			*CONTROL_ROT_SAMPLE 24000	-0.685226	0.150423	-0.712628	3.47186
			*CONTROL_ROT_SAMPLE 28800	0.783856	0.000665043	0.620942	2.21473
			*CONTROL_ROT_SAMPLE 33600	0.766312	-0.142059	0.626566	2.44832
			*CONTROL_ROT_SAMPLE 38400	0.72516	-0.30393	0.617875	2.74687
		}
		*CONTROL_SCALE_TRACK {
			*CONTROL_SCALE_SAMPLE	0	1	1	1	0	0	0	0
		}
	}
}
*HELPEROBJECT {
	*NODE_NAME "Bip01 Head"
	*NODE_PARENT "Bip01 Neck"
	*NODE_TM {
		*NODE_NAME "Bip01 Head"
		*TM_ROW0 -5.96047e-008	1.76447e-006	1
		*TM_ROW1 -1.79264e-006	-1	1.80855e-006
		*TM_ROW2 1	-1.79264e-006	-5.96046e-008
		*TM_ROW3 2.27758e-011	-3.85901	161.198
		*TM_POS 2.27758e-011	-3.85901	161.198
		*TM_ROTAXIS -0.707107	-5.62215e-009	-0.707107
		*TM_ROTANGLE 3.14159
		*TM_SCALE 1	1	1
		*TM_SCALEAXIS 0	0	0
		*TM_SCALEAXISANG 0	0	0
	}
	*TM_ANIMATION {
		*NODE_NAME  "Bip01 Head"
		*CONTROL_POS_TRACK {
			*CONTROL_POS_SAMPLE 0	-9.24691	4.32358	158.246
			*CONTROL_POS_SAMPLE 4800	-7.17863	4.89215	158.929
			*CONTROL_POS_SAMPLE 9600	-4.45445	4.17873	158.936
			*CONTROL_POS_SAMPLE 14400	-2.00937	-10.1666	161.073
			*CONTROL_POS_SAMPLE 19200	-1.70489	-10.4446	161.074
			*CONTROL_POS_SAMPLE 24000	-1.38836	-10.6265	161.074
			*CONTROL_POS_SAMPLE 28800	5.71019	-18.4945	159.5
			*CONTROL_POS_SAMPLE 33600	5.93566	-19.9496	159.089
			*CONTROL_POS_SAMPLE 38400	5.33435	-22.117	158.521
		}
		*CONTROL_ROT_TRACK {
			*CONTROL_ROT_SAMPLE 0	0.345312	0.705823	0.618526	2.69695
			*CONTROL_ROT_SAMPLE 4800	-0.380438	-0.547192	-0.745552	3.42733
			*CONTROL_ROT_SAMPLE 9600	-0.402555	-0.237288	-0.884106	3.1341
			*CONTROL_ROT_SAMPLE 14400	0.433756	0.62847	0.645663	2.02941
			*CONTROL_ROT_SAMPLE 19200	-0.566943	-0.338061	-0.751192	3.89973
			*CONTROL_ROT_SAMPLE 24000	-0.627917	-0.0643486	-0.775616	3.32175
			*CONTROL_ROT_SAMPLE 28800	0.689006	0.313288	0.653545	1.4686
			*CONTROL_ROT_SAMPLE 33600	0.743617	0.141976	0.653358	1.88845
			*CONTROL_ROT_SAMPLE 38400	0.821686	-0.101336	0.56086	2.50866
		}
		*CONTROL_SCALE_TRACK {
			*CONTROL_SCALE_SAMPLE	0	1	1	1	0	0	0	0
		}
	}
}
*HELPEROBJECT {
	*NODE_NAME "ZS_HELMET"
	*NODE_PARENT "Bip01 Head"
	*NODE_TM {
		*NODE_NAME "ZS_HELMET"
		*TM_ROW0 1	7.87298e-013	7.61567e-014
		*TM_ROW1 -1.53811e-013	0.996917	-0.0784593
		*TM_ROW2 -5.53111e-014	0.0784593	0.996918
		*TM_ROW3 1e-005	-7.06248	173.704
		*TM_POS 1e-005	-7.06248	173.704
		*TM_ROTAXIS 1	8.37809e-013	-5.99744e-012
		*TM_ROTANGLE 0.078541
		*TM_SCALE 1	1	1
		*TM_SCALEAXIS 0	0	0
		*TM_SCALEAXISANG 0	0	0
	}
}
*HELPEROBJECT {
	*NODE_NAME "Bip01 L Clavicle"
	*NODE_PARENT "Bip01 Neck"
	*NODE_TM {
		*NODE_NAME "Bip01 L Clavicle"
		*TM_ROW0 0.935229	-0.203893	-0.289439
		*TM_ROW1 0.156435	0.971369	-0.178803
		*TM_ROW2 0.317608	0.121943	0.940348
		*TM_ROW3 7.96399	-1.25804	148.729
		*TM_POS 7.96399	-1.25804	148.729
		*TM_ROTAXIS 0.391939	-0.791119	0.469589
		*TM_ROTANGLE 0.39376
		*TM_SCALE 1	1	1
		*TM_SCALEAXIS 0	0	0
		*TM_SCALEAXISANG 0	0	0
	}
	*TM_ANIMATION {
		*NODE_NAME  "Bip01 L Clavicle"
		*CONTROL_POS_TRACK {
			*CONTROL_POS_SAMPLE 0	3.33826	3.51093	148.407
			*CONTROL_POS_SAMPLE 4800	4.19393	1.26827	149.094
			*CONTROL_POS_SAMPLE 9600	5.40572	-1.56063	149.602
			*CONTROL_POS_SAMPLE 14400	5.81265	-7.3424	149.961
			*CONTROL_POS_SAMPLE 19200	6.31797	-8.82388	149.863
			*CONTROL_POS_SAMPLE 24000	6.51413	-11.2597	149.681
			*CONTROL_POS_SAMPLE 28800	10.3924	-12.1992	148.05
			*CONTROL_POS_SAMPLE 33600	11.321	-15.606	147.056
			*CONTROL_POS_SAMPLE 38400	10.6107	-20.2095	145.826
		}
		*CONTROL_ROT_TRACK {
			*CONTROL_ROT_SAMPLE 0	0.51097	0.748882	0.422002	0.681786
			*CONTROL_ROT_SAMPLE 4800	0.419812	0.615882	0.666669	0.830334
			*CONTROL_ROT_SAMPLE 9600	0.348384	0.405691	0.845011	1.21853
			*CONTROL_ROT_SAMPLE 14400	0.0632964	0.434862	0.89827	0.494352
			*CONTROL_ROT_SAMPLE 19200	0.0581312	0.296459	0.953275	0.649856
			*CONTROL_ROT_SAMPLE 24000	0.0616157	0.169155	0.983662	0.940837
			*CONTROL_ROT_SAMPLE 28800	-0.418373	-0.682603	0.599181	0.412467
			*CONTROL_ROT_SAMPLE 33600	-0.266385	-0.481531	0.834966	0.712986
			*CONTROL_ROT_SAMPLE 38400	-0.194205	-0.366964	0.909737	1.13119
		}
		*CONTROL_SCALE_TRACK {
			*CONTROL_SCALE_SAMPLE	0	1	1	1	0	0	0	0
		}
	}
}
*HELPEROBJECT {
	*NODE_NAME "Bip01 L UpperArm"
	*NODE_PARENT "Bip01 L Clavicle"
	*NODE_TM {
		*NODE_NAME "Bip01 L UpperArm"
		*TM_ROW0 0.246229	0.0989027	-0.964152
		*TM_ROW1 0.412789	0.889345	0.196649
		*TM_ROW2 0.876913	-0.446412	0.178157
		*TM_ROW3 20.4269	-3.97508	144.872
		*TM_POS 20.4269	-3.97508	144.872
		*TM_ROTAXIS -0.325561	-0.932072	0.15891
		*TM_ROTANGLE 1.41328
		*TM_SCALE 1	1	1
		*TM_SCALEAXIS 0	0	0
		*TM_SCALEAXISANG 0	0	0
	}
	*TM_ANIMATION {
		*NODE_NAME  "Bip01 L UpperArm"
		*CONTROL_POS_TRACK {
			*CONTROL_POS_SAMPLE 0	14.4624	1.10653	155.337
			*CONTROL_POS_SAMPLE 4800	13.948	-4.16903	156.366
			*CONTROL_POS_SAMPLE 9600	11.0627	-10.8964	157.246
			*CONTROL_POS_SAMPLE 14400	17.5489	-12.9777	152.801
			*CONTROL_POS_SAMPLE 19200	16.9364	-16.4632	152.404
			*CONTROL_POS_SAMPLE 24000	14.3846	-21.7947	151.833
			*CONTROL_POS_SAMPLE 28800	22.7963	-15.0809	144.124
			*CONTROL_POS_SAMPLE 33600	21.6306	-22.4677	142.137
			*CONTROL_POS_SAMPLE 38400	16.5698	-30.6344	140.048
		}
		*CONTROL_ROT_TRACK {
			*CONTROL_ROT_SAMPLE 0	0.706931	0.639898	0.301296	1.01222
			*CONTROL_ROT_SAMPLE 4800	0.39482	0.528462	0.751562	1.19902
			*CONTROL_ROT_SAMPLE 9600	0.151412	0.36819	0.917339	1.62929
			*CONTROL_ROT_SAMPLE 14400	0.55993	-0.0586584	-0.826461	0.491444
			*CONTROL_ROT_SAMPLE 19200	0.395537	-0.172719	0.902063	0.702612
			*CONTROL_ROT_SAMPLE 24000	0.165778	-0.155839	0.973772	1.48028
			*CONTROL_ROT_SAMPLE 28800	-0.214607	-0.976597	0.0142544	0.689824
			*CONTROL_ROT_SAMPLE 33600	0.0245787	-0.832115	0.554058	1.01306
			*CONTROL_ROT_SAMPLE 38400	0.149886	-0.646283	0.748233	1.55567
		}
		*CONTROL_SCALE_TRACK {
			*CONTROL_SCALE_SAMPLE	0	1	1	1	0	0	0	0
		}
	}
}
*HELPEROBJECT {
	*NODE_NAME "Bip01 L Forearm"
	*NODE_PARENT "Bip01 L UpperArm"
	*NODE_TM {
		*NODE_NAME "Bip01 L Forearm"
		*TM_ROW0 0.0455122	-0.291882	-0.955371
		*TM_ROW1 0.478489	0.845886	-0.235638
		*TM_ROW2 0.876913	-0.44641	0.17816
		*TM_ROW3 27.2982	-1.21526	117.966
		*TM_POS 27.2982	-1.21526	117.966
		*TM_ROTAXIS -0.10545	-0.916697	0.385419
		*TM_ROTANGLE 1.53601
		*TM_SCALE 1	1	1
		*TM_SCALEAXIS 0	0	0
		*TM_SCALEAXISANG 0	0	0
	}
	*TM_ANIMATION {
		*NODE_NAME  "Bip01 L Forearm"
		*CONTROL_POS_TRACK {
			*CONTROL_POS_SAMPLE 0	35.8066	-0.0908042	173.274
			*CONTROL_POS_SAMPLE 4800	26.8548	-20.0022	175.377
			*CONTROL_POS_SAMPLE 9600	10.1082	-34.8051	171.605
			*CONTROL_POS_SAMPLE 14400	43.1872	-2.2029	150.5
			*CONTROL_POS_SAMPLE 19200	39.2672	-33.182	151.648
			*CONTROL_POS_SAMPLE 24000	17.604	-49.5131	151.599
			*CONTROL_POS_SAMPLE 28800	44.6148	-13.9966	126.76
			*CONTROL_POS_SAMPLE 33600	36.4075	-35.8548	122.614
			*CONTROL_POS_SAMPLE 38400	17.6082	-54.1741	125.097
		}
		*CONTROL_ROT_TRACK {
			*CONTROL_ROT_SAMPLE 0	0.706208	0.640151	0.302452	1.01265
			*CONTROL_ROT_SAMPLE 4800	0.394142	0.52833	0.75201	1.20008
			*CONTROL_ROT_SAMPLE 9600	0.151061	0.368073	0.917444	1.63059
			*CONTROL_ROT_SAMPLE 14400	0.981325	0.0737715	-0.177648	0.279238
			*CONTROL_ROT_SAMPLE 19200	0.369132	-0.145854	0.917861	0.767091
			*CONTROL_ROT_SAMPLE 24000	0.165764	-0.155606	0.973812	1.48165
			*CONTROL_ROT_SAMPLE 28800	-0.213912	-0.976718	0.0162161	0.689846
			*CONTROL_ROT_SAMPLE 33600	0.0251476	-0.831512	0.554938	1.01384
			*CONTROL_ROT_SAMPLE 38400	0.150261	-0.645832	0.748547	1.55673
		}
		*CONTROL_SCALE_TRACK {
			*CONTROL_SCALE_SAMPLE	0	1	1	1	0	0	0	0
		}
	}
}
*HELPEROBJECT {
	*NODE_NAME "Bip01 L Hand"
	*NODE_PARENT "Bip01 L Forearm"
	*NODE_TM {
		*NODE_NAME "Bip01 L Hand"
		*TM_ROW0 0.0455132	-0.291886	-0.95537
		*TM_ROW1 -0.876533	0.44708	-0.17835
		*TM_ROW2 0.479185	0.845531	-0.2355
		*TM_ROW3 28.5642	-9.33438	91.391
		*TM_POS 28.5642	-9.33438	91.391
		*TM_ROTAXIS 0.551391	-0.772552	-0.314851
		*TM_ROTANGLE 1.95137
		*TM_SCALE 1	1	1
		*TM_SCALEAXIS 0	0	0
		*TM_SCALEAXISANG 0	0	0
	}
	*TM_ANIMATION {
		*NODE_NAME  "Bip01 L Hand"
		*CONTROL_POS_TRACK {
			*CONTROL_POS_SAMPLE 0	57.0641	-1.31264	191.173
			*CONTROL_POS_SAMPLE 4800	39.6876	-35.806	194.332
			*CONTROL_POS_SAMPLE 9600	9.1186	-58.6404	185.91
			*CONTROL_POS_SAMPLE 14400	70.9631	-0.763005	150.877
			*CONTROL_POS_SAMPLE 19200	60.3543	-51.3212	151.471
			*CONTROL_POS_SAMPLE 24000	20.7759	-77.1463	151.378
			*CONTROL_POS_SAMPLE 28800	66.3616	-12.9557	109.447
			*CONTROL_POS_SAMPLE 33600	51.119	-49.2326	103.163
			*CONTROL_POS_SAMPLE 38400	18.6176	-77.6553	110.219
		}
		*CONTROL_ROT_TRACK {
			*CONTROL_ROT_SAMPLE 0	0.9301	0.146455	0.336845	2.52255
			*CONTROL_ROT_SAMPLE 4800	0.839484	-0.0860031	0.536535	2.40469
			*CONTROL_ROT_SAMPLE 9600	-0.657977	0.310006	-0.686267	3.8604
			*CONTROL_ROT_SAMPLE 14400	0.997726	0.0561883	0.0372273	2.05494
			*CONTROL_ROT_SAMPLE 19200	0.916218	-0.316879	0.245218	2.14598
			*CONTROL_ROT_SAMPLE 24000	0.70361	-0.597218	0.385049	2.4247
			*CONTROL_ROT_SAMPLE 28800	0.923356	-0.262617	-0.280081	1.71904
			*CONTROL_ROT_SAMPLE 33600	0.838417	-0.529929	-0.127405	2.01197
			*CONTROL_ROT_SAMPLE 38400	-0.691241	0.722593	-0.00669382	3.85876
		}
		*CONTROL_SCALE_TRACK {
			*CONTROL_SCALE_SAMPLE	0	1	1	1	0	0	0	0
		}
	}
}
*HELPEROBJECT {
	*NODE_NAME "Bip01 L Finger0"
	*NODE_PARENT "Bip01 L Hand"
	*NODE_TM {
		*NODE_NAME "Bip01 L Finger0"
		*TM_ROW0 0.0455153	-0.291888	-0.955369
		*TM_ROW1 -0.876915	0.446405	-0.178165
		*TM_ROW2 0.478485	0.845886	-0.235643
		*TM_ROW3 29.15	-13.0909	79.0956
		*TM_POS 29.15	-13.0909	79.0956
		*TM_ROTAXIS 0.551581	-0.772311	-0.31511
		*TM_ROTANGLE 1.95181
		*TM_SCALE 1	1	1
		*TM_SCALEAXIS 0	0	0
		*TM_SCALEAXISANG 0	0	0
	}
	*TM_ANIMATION {
		*NODE_NAME  "Bip01 L Finger0"
		*CONTROL_POS_TRACK {
			*CONTROL_POS_SAMPLE 0	66.7826	-0.647206	199.582
			*CONTROL_POS_SAMPLE 4800	45.9424	-42.063	203.678
			*CONTROL_POS_SAMPLE 9600	9.1977	-69.0568	193.468
			*CONTROL_POS_SAMPLE 14400	83.7468	-0.129793	152.218
			*CONTROL_POS_SAMPLE 19200	70.0333	-59.7379	152.514
			*CONTROL_POS_SAMPLE 24000	22.2482	-89.8867	152.444
			*CONTROL_POS_SAMPLE 28800	77.0537	-12.9733	102.285
			*CONTROL_POS_SAMPLE 33600	58.5332	-55.9098	95.0349
			*CONTROL_POS_SAMPLE 38400	19.7022	-88.9849	104.213
		}
		*CONTROL_ROT_TRACK {
			*CONTROL_ROT_SAMPLE 0	0.930117	0.146308	0.336863	2.52327
			*CONTROL_ROT_SAMPLE 4800	0.839528	-0.0861986	0.536435	2.40533
			*CONTROL_ROT_SAMPLE 9600	-0.658059	0.310241	-0.686083	3.8599
			*CONTROL_ROT_SAMPLE 14400	0.997727	0.0561609	0.0372403	2.05571
			*CONTROL_ROT_SAMPLE 19200	0.916252	-0.316912	0.245049	2.14668
			*CONTROL_ROT_SAMPLE 24000	0.703683	-0.597306	0.384781	2.42525
			*CONTROL_ROT_SAMPLE 28800	0.923405	-0.262429	-0.280097	1.71975
			*CONTROL_ROT_SAMPLE 33600	0.83849	-0.529772	-0.127583	2.01262
			*CONTROL_ROT_SAMPLE 38400	-0.691316	0.722524	-0.00641532	3.85823
		}
		*CONTROL_SCALE_TRACK {
			*CONTROL_SCALE_SAMPLE	0	1	1	1	0	0	0	0
		}
	}
}
*HELPEROBJECT {
	*NODE_NAME "ZS_LEFTHAND"
	*NODE_PARENT "Bip01 L Hand"
	*NODE_TM {
		*NODE_NAME "ZS_LEFTHAND"
		*TM_ROW0 0.435606	0.890062	-0.134303
		*TM_ROW1 0.180312	-0.232461	-0.955745
		*TM_ROW2 -0.881893	0.392112	-0.261751
		*TM_ROW3 26.7605	-11.5467	82.7857
		*TM_POS 26.7605	-11.5467	82.7857
		*TM_ROTAXIS 0.794322	0.440571	-0.418271
		*TM_ROTANGLE 2.12858
		*TM_SCALE 1	1	1
		*TM_SCALEAXIS 0	0	0
		*TM_SCALEAXISANG 0	0	0
	}
	*TM_ANIMATION {
		*NODE_NAME  "ZS_LEFTHAND"
		*CONTROL_POS_TRACK {
			*CONTROL_POS_SAMPLE 0	66.3232	-0.305364	192.897
			*CONTROL_POS_SAMPLE 4800	47.6748	-39.6633	197.656
			*CONTROL_POS_SAMPLE 9600	13.4516	-66.4936	188.957
			*CONTROL_POS_SAMPLE 14400	79.3921	2.06713	147.611
			*CONTROL_POS_SAMPLE 19200	68.3729	-55.0195	148.042
			*CONTROL_POS_SAMPLE 24000	24.0039	-85.3229	147.85
			*CONTROL_POS_SAMPLE 28800	71.5894	-9.08901	102.559
			*CONTROL_POS_SAMPLE 33600	55.2496	-50.069	94.6801
			*CONTROL_POS_SAMPLE 38400	19.0529	-82.627	102.168
		}
		*CONTROL_ROT_TRACK {
			*CONTROL_ROT_SAMPLE 0	-0.758294	-0.645086	0.0940936	1.9606
			*CONTROL_ROT_SAMPLE 4800	0.930897	0.363998	-0.0305884	4.11021
			*CONTROL_ROT_SAMPLE 9600	0.997591	0.0684244	0.0114386	3.86662
			*CONTROL_ROT_SAMPLE 14400	0.643616	0.755394	-0.123037	3.63537
			*CONTROL_ROT_SAMPLE 19200	0.866188	0.45704	-0.202073	3.48174
			*CONTROL_ROT_SAMPLE 24000	0.956051	0.110888	-0.271423	3.31403
			*CONTROL_ROT_SAMPLE 28800	0.640805	0.741231	-0.199864	2.83746
			*CONTROL_ROT_SAMPLE 33600	0.777284	0.523022	-0.349682	2.80734
			*CONTROL_ROT_SAMPLE 38400	0.842091	0.234279	-0.485795	2.79624
		}
		*CONTROL_SCALE_TRACK {
			*CONTROL_SCALE_SAMPLE	0	1	1	1	0	0	0	0
		}
	}
}
*HELPEROBJECT {
	*NODE_NAME "ZS_LEFTARM"
	*NODE_PARENT "Bip01 L Forearm"
	*NODE_TM {
		*NODE_NAME "ZS_LEFTARM"
		*TM_ROW0 0.0759923	-0.150176	-0.985735
		*TM_ROW1 0.524499	0.846792	-0.0885737
		*TM_ROW2 0.848013	-0.510286	0.143117
		*TM_ROW3 26.9101	-7.67833	110.055
		*TM_POS 26.9101	-7.67833	110.055
		*TM_ROTAXIS -0.21097	-0.917372	0.337521
		*TM_ROTANGLE 1.53784
		*TM_SCALE 1	1	1
		*TM_SCALEAXIS 0	0	0
		*TM_SCALEAXISANG 0	0	0
	}
}
*HELPEROBJECT {
	*NODE_NAME "Bip01 R Clavicle"
	*NODE_PARENT "Bip01 Neck"
	*NODE_TM {
		*NODE_NAME "Bip01 R Clavicle"
		*TM_ROW0 -0.935227	-0.203899	-0.28944
		*TM_ROW1 -0.156442	0.971369	-0.178799
		*TM_ROW2 0.317609	-0.121937	-0.940349
		*TM_ROW3 -7.96398	-1.25806	148.729
		*TM_POS -7.96398	-1.25806	148.729
		*TM_ROTAXIS -0.0929799	0.992639	-0.0776
		*TM_ROTANGLE 3.45235
		*TM_SCALE 1	1	1
		*TM_SCALEAXIS 0	0	0
		*TM_SCALEAXISANG 0	0	0
	}
	*TM_ANIMATION {
		*NODE_NAME  "Bip01 R Clavicle"
		*CONTROL_POS_TRACK {
			*CONTROL_POS_SAMPLE 0	-12.1393	4.1358	144.695
			*CONTROL_POS_SAMPLE 4800	-10.4034	5.89988	144.716
			*CONTROL_POS_SAMPLE 9600	-5.14938	9.21758	144.49
			*CONTROL_POS_SAMPLE 14400	-9.73829	-4.28313	148.375
			*CONTROL_POS_SAMPLE 19200	-8.48592	-3.08101	148.608
			*CONTROL_POS_SAMPLE 24000	-5.89067	-1.29944	148.895
			*CONTROL_POS_SAMPLE 28800	-5.42715	-12.2103	149.905
			*CONTROL_POS_SAMPLE 33600	-3.35249	-10.3386	150.319
			*CONTROL_POS_SAMPLE 38400	-0.141643	-9.4248	150.492
		}
		*CONTROL_ROT_TRACK {
			*CONTROL_ROT_SAMPLE 0	-0.111775	0.976563	-0.18393	3.30081
			*CONTROL_ROT_SAMPLE 4800	0.0178968	0.9858	-0.166966	3.31304
			*CONTROL_ROT_SAMPLE 9600	0.25319	0.952698	-0.16811	3.30308
			*CONTROL_ROT_SAMPLE 14400	-0.05802	0.998172	-0.0169471	3.22499
			*CONTROL_ROT_SAMPLE 19200	0.0295441	0.999494	-0.0117844	3.20584
			*CONTROL_ROT_SAMPLE 24000	0.181676	0.983326	-0.00795991	3.17712
			*CONTROL_ROT_SAMPLE 28800	-0.150251	0.984405	0.0914912	3.04194
			*CONTROL_ROT_SAMPLE 33600	0.0231049	0.995064	0.0965044	2.97886
			*CONTROL_ROT_SAMPLE 38400	0.238411	0.965493	0.104801	2.9092
		}
		*CONTROL_SCALE_TRACK {
			*CONTROL_SCALE_SAMPLE	0	1	1	1	0	0	0	0
		}
	}
}
*HELPEROBJECT {
	*NODE_NAME "Bip01 R UpperArm"
	*NODE_PARENT "Bip01 R Clavicle"
	*NODE_TM {
		*NODE_NAME "Bip01 R UpperArm"
		*TM_ROW0 -0.246232	0.0988932	-0.964153
		*TM_ROW1 -0.412793	0.889345	0.196642
		*TM_ROW2 0.876911	0.446415	-0.178163
		*TM_ROW3 -20.4269	-3.97513	144.872
		*TM_POS -20.4269	-3.97513	144.872
		*TM_ROTAXIS 0.12961	-0.955353	-0.265521
		*TM_ROTANGLE 1.84162
		*TM_SCALE 1	1	1
		*TM_SCALEAXIS 0	0	0
		*TM_SCALEAXISANG 0	0	0
	}
	*TM_ANIMATION {
		*NODE_NAME  "Bip01 R UpperArm"
		*CONTROL_POS_TRACK {
			*CONTROL_POS_SAMPLE 0	-24.9651	0.856308	143.177
			*CONTROL_POS_SAMPLE 4800	-23.5255	5.98672	142.396
			*CONTROL_POS_SAMPLE 9600	-16.6047	15.2443	141.322
			*CONTROL_POS_SAMPLE 14400	-22.9276	-5.84274	147.293
			*CONTROL_POS_SAMPLE 19200	-21.7605	-2.30498	147.744
			*CONTROL_POS_SAMPLE 24000	-18.3285	3.45577	148.392
			*CONTROL_POS_SAMPLE 28800	-18.0864	-16.2646	150.844
			*CONTROL_POS_SAMPLE 33600	-16.4879	-9.93887	152.526
			*CONTROL_POS_SAMPLE 38400	-11.6151	-3.69497	154.112
		}
		*CONTROL_ROT_TRACK {
			*CONTROL_ROT_SAMPLE 0	0.750306	-0.640342	0.164325	3.00763
			*CONTROL_ROT_SAMPLE 4800	-0.59322	0.802788	-0.0601793	3.3011
			*CONTROL_ROT_SAMPLE 9600	-0.40657	0.913478	0.0160946	3.35414
			*CONTROL_ROT_SAMPLE 14400	0.752458	-0.656257	0.0559791	3.03207
			*CONTROL_ROT_SAMPLE 19200	-0.619309	0.780126	-0.0886577	3.37593
			*CONTROL_ROT_SAMPLE 24000	-0.502367	0.855775	-0.123597	3.34754
			*CONTROL_ROT_SAMPLE 28800	0.751131	-0.653032	-0.0967019	3.00117
			*CONTROL_ROT_SAMPLE 33600	-0.559309	0.815301	0.149858	3.28273
			*CONTROL_ROT_SAMPLE 38400	-0.372426	0.923325	0.0936489	3.20235
		}
		*CONTROL_SCALE_TRACK {
			*CONTROL_SCALE_SAMPLE	0	1	1	1	0	0	0	0
		}
	}
}
*HELPEROBJECT {
	*NODE_NAME "Bip01 R Forearm"
	*NODE_PARENT "Bip01 R UpperArm"
	*NODE_TM {
		*NODE_NAME "Bip01 R Forearm"
		*TM_ROW0 -0.0455087	-0.291889	-0.955369
		*TM_ROW1 -0.478487	0.845885	-0.235646
		*TM_ROW2 0.876914	0.446408	-0.17816
		*TM_ROW3 -27.2982	-1.21534	117.966
		*TM_POS -27.2982	-1.21534	117.966
		*TM_ROTAXIS 0.347279	-0.932937	-0.0950097
		*TM_ROTANGLE 1.76083
		*TM_SCALE 1	1	1
		*TM_SCALEAXIS 0	0	0
		*TM_SCALEAXISANG 0	0	0
	}
	*TM_ANIMATION {
		*NODE_NAME  "Bip01 R Forearm"
		*CONTROL_POS_TRACK {
			*CONTROL_POS_SAMPLE 0	-21.3417	-26.4506	147.641
			*CONTROL_POS_SAMPLE 4800	-31.5606	-20.6903	140.819
			*CONTROL_POS_SAMPLE 9600	-34.7606	-5.156	135.584
			*CONTROL_POS_SAMPLE 14400	-19.1607	-33.4907	147.636
			*CONTROL_POS_SAMPLE 19200	-27.7901	-29.4761	145.711
			*CONTROL_POS_SAMPLE 24000	-31.7077	-20.9903	146.938
			*CONTROL_POS_SAMPLE 28800	-14.3837	-43.1284	144.26
			*CONTROL_POS_SAMPLE 33600	-26.7431	-34.6744	144.672
			*CONTROL_POS_SAMPLE 38400	-31.7345	-22.711	150.604
		}
		*CONTROL_ROT_TRACK {
			*CONTROL_ROT_SAMPLE 0	0.985556	0.0297231	0.166718	3.2628
			*CONTROL_ROT_SAMPLE 4800	0.994887	-0.0159861	0.099726	3.14018
			*CONTROL_ROT_SAMPLE 9600	0.982482	-0.168527	0.0795426	2.99706
			*CONTROL_ROT_SAMPLE 14400	0.979785	0.184391	0.077593	3.16161
			*CONTROL_ROT_SAMPLE 19200	0.982562	0.115448	0.145749	3.16835
			*CONTROL_ROT_SAMPLE 24000	0.98289	0.1149	0.143961	3.28399
			*CONTROL_ROT_SAMPLE 28800	0.984892	0.173055	-0.00629637	2.9028
			*CONTROL_ROT_SAMPLE 33600	0.999218	0.0333266	-0.0212553	2.81222
			*CONTROL_ROT_SAMPLE 38400	0.993595	-0.111579	-0.0178431	2.9477
		}
		*CONTROL_SCALE_TRACK {
			*CONTROL_SCALE_SAMPLE	0	1	1	1	0	0	0	0
		}
	}
}
*HELPEROBJECT {
	*NODE_NAME "Bip01 R Hand"
	*NODE_PARENT "Bip01 R Forearm"
	*NODE_TM {
		*NODE_NAME "Bip01 R Hand"
		*TM_ROW0 -0.0455115	-0.291885	-0.95537
		*TM_ROW1 0.87653	0.447088	-0.17835
		*TM_ROW2 0.479192	-0.845527	0.235499
		*TM_ROW3 -28.5642	-9.33445	91.391
		*TM_POS -28.5642	-9.33445	91.391
		*TM_ROTAXIS -0.33922	-0.72939	0.59407
		*TM_ROTANGLE 1.75327
		*TM_SCALE 1	1	1
		*TM_SCALEAXIS 0	0	0
		*TM_SCALEAXISANG 0	0	0
	}
	*TM_ANIMATION {
		*NODE_NAME  "Bip01 R Hand"
		*CONTROL_POS_TRACK {
			*CONTROL_POS_SAMPLE 0	4.88481	-24.2656	156.649
			*CONTROL_POS_SAMPLE 4800	-4.31197	-21.5785	146.338
			*CONTROL_POS_SAMPLE 9600	-8.86637	-14.6378	139.234
			*CONTROL_POS_SAMPLE 14400	6.4288	-23.3979	151.762
			*CONTROL_POS_SAMPLE 19200	-1.897	-23.0581	153.591
			*CONTROL_POS_SAMPLE 24000	-5.77027	-14.1705	154.317
			*CONTROL_POS_SAMPLE 28800	11.7877	-33.7395	145.059
			*CONTROL_POS_SAMPLE 33600	0.988437	-32.6801	143.822
			*CONTROL_POS_SAMPLE 38400	-4.62183	-28.7246	149.03
		}
		*CONTROL_ROT_TRACK {
			*CONTROL_ROT_SAMPLE 0	0.860619	0.487997	0.14558	1.4349
			*CONTROL_ROT_SAMPLE 4800	0.714258	0.390776	0.580629	1.41776
			*CONTROL_ROT_SAMPLE 9600	0.469392	0.228674	0.852865	1.66137
			*CONTROL_ROT_SAMPLE 14400	0.950069	0.238001	-0.201802	0.845256
			*CONTROL_ROT_SAMPLE 19200	0.822461	-0.130309	0.553694	0.980786
			*CONTROL_ROT_SAMPLE 24000	0.511466	-0.307652	0.802342	1.53165
			*CONTROL_ROT_SAMPLE 28800	0.527083	-0.751115	-0.397504	0.62519
			*CONTROL_ROT_SAMPLE 33600	0.527034	-0.817799	0.231172	0.968925
			*CONTROL_ROT_SAMPLE 38400	0.451884	-0.744344	0.491684	1.52813
		}
		*CONTROL_SCALE_TRACK {
			*CONTROL_SCALE_SAMPLE	0	1	1	1	0	0	0	0
		}
	}
}
*HELPEROBJECT {
	*NODE_NAME "Bip01 R Finger0"
	*NODE_PARENT "Bip01 R Hand"
	*NODE_TM {
		*NODE_NAME "Bip01 R Finger0"
		*TM_ROW0 -0.0455056	-0.291877	-0.955373
		*TM_ROW1 0.876914	0.446413	-0.178152
		*TM_ROW2 0.478489	-0.845886	0.235636
		*TM_ROW3 -29.1499	-13.0909	79.0956
		*TM_POS -29.1499	-13.0909	79.0956
		*TM_ROTAXIS -0.33952	-0.729071	0.594291
		*TM_ROTANGLE 1.75354
		*TM_SCALE 1	1	1
		*TM_SCALEAXIS 0	0	0
		*TM_SCALEAXISANG 0	0	0
	}
	*TM_ANIMATION {
		*NODE_NAME  "Bip01 R Finger0"
		*CONTROL_POS_TRACK {
			*CONTROL_POS_SAMPLE 0	14.8687	-21.4498	164.266
			*CONTROL_POS_SAMPLE 4800	3.21391	-25.9195	155.832
			*CONTROL_POS_SAMPLE 9600	-6.93862	-24.0627	147.783
			*CONTROL_POS_SAMPLE 14400	18.8766	-20.4759	153.223
			*CONTROL_POS_SAMPLE 19200	9.12475	-29.5909	154.797
			*CONTROL_POS_SAMPLE 24000	-2.03256	-26.4343	155.435
			*CONTROL_POS_SAMPLE 28800	22.8992	-31.7093	138.891
			*CONTROL_POS_SAMPLE 33600	9.82525	-37.5392	135.827
			*CONTROL_POS_SAMPLE 38400	-1.55809	-39.191	142.197
		}
		*CONTROL_ROT_TRACK {
			*CONTROL_ROT_SAMPLE 0	0.860505	0.488238	0.145447	1.43424
			*CONTROL_ROT_SAMPLE 4800	0.714038	0.391124	0.580665	1.41721
			*CONTROL_ROT_SAMPLE 9600	0.469118	0.229039	0.852918	1.66101
			*CONTROL_ROT_SAMPLE 14400	0.949986	0.238117	-0.202058	0.844525
			*CONTROL_ROT_SAMPLE 19200	0.822228	-0.130173	0.554072	0.980154
			*CONTROL_ROT_SAMPLE 24000	0.51117	-0.307406	0.802625	1.53125
			*CONTROL_ROT_SAMPLE 28800	0.526223	-0.751739	-0.397464	0.624785
			*CONTROL_ROT_SAMPLE 33600	0.526506	-0.818024	0.231575	0.96852
			*CONTROL_ROT_SAMPLE 38400	0.451564	-0.744289	0.49206	1.52779
		}
		*CONTROL_SCALE_TRACK {
			*CONTROL_SCALE_SAMPLE	0	1	1	1	0	0	0	0
		}
	}
}
*HELPEROBJECT {
	*NODE_NAME "ZS_RIGHTHAND"
	*NODE_PARENT "Bip01 R Hand"
	*NODE_TM {
		*NODE_NAME "ZS_RIGHTHAND"
		*TM_ROW0 -0.464344	0.856417	-0.225687
		*TM_ROW1 0.177861	0.339806	0.923525
		*TM_ROW2 0.867612	0.388692	-0.31011
		*TM_ROW3 -20.9389	-19.9852	85.8932
		*TM_POS -20.9389	-19.9852	85.8932
		*TM_ROTAXIS 0.383811	0.784581	0.486951
		*TM_ROTANGLE 3.91244
		*TM_SCALE 1	1	1
		*TM_SCALEAXIS 0	0	0
		*TM_SCALEAXISANG 0	0	0
	}
	*TM_ANIMATION {
		*NODE_NAME  "ZS_RIGHTHAND"
		*CONTROL_POS_TRACK {
			*CONTROL_POS_SAMPLE 0	35.1704	-16.5145	179.55
			*CONTROL_POS_SAMPLE 4800	18.2843	-35.356	174.646
			*CONTROL_POS_SAMPLE 9600	-3.32703	-43.5215	164.469
			*CONTROL_POS_SAMPLE 14400	44.096	-15.2004	155.731
			*CONTROL_POS_SAMPLE 19200	31.0066	-43.2806	156.78
			*CONTROL_POS_SAMPLE 24000	4.88267	-51.3129	157.27
			*CONTROL_POS_SAMPLE 28800	44.9722	-28.0042	125.884
			*CONTROL_POS_SAMPLE 33600	27.0446	-47.6682	119.364
			*CONTROL_POS_SAMPLE 38400	3.8639	-60.3736	128.339
		}
		*CONTROL_ROT_TRACK {
			*CONTROL_ROT_SAMPLE 0	0.315044	-0.137706	-0.939034	3.2326
			*CONTROL_ROT_SAMPLE 4800	0.399109	-0.040767	-0.915997	2.67299
			*CONTROL_ROT_SAMPLE 9600	0.496411	0.0345695	-0.867399	2.11601
			*CONTROL_ROT_SAMPLE 14400	0.0282288	0.0862538	-0.995873	3.34249
			*CONTROL_ROT_SAMPLE 19200	0.0528665	0.0840592	-0.995057	2.57995
			*CONTROL_ROT_SAMPLE 24000	0.0754957	0.0496243	-0.995911	1.83784
			*CONTROL_ROT_SAMPLE 28800	-0.283396	0.300835	-0.910596	3.11218
			*CONTROL_ROT_SAMPLE 33600	-0.318108	0.209108	-0.924706	2.55427
			*CONTROL_ROT_SAMPLE 38400	-0.371358	0.0825951	-0.924809	1.95834
		}
		*CONTROL_SCALE_TRACK {
			*CONTROL_SCALE_SAMPLE	0	1	1	1	0	0	0	0
		}
	}
}
*HELPEROBJECT {
	*NODE_NAME "ZS_CROSSBOW"
	*NODE_PARENT "Bip01 Spine2"
	*NODE_TM {
		*NODE_NAME "ZS_CROSSBOW"
		*TM_ROW0 -0.382687	-0.111464	0.91713
		*TM_ROW1 -0.923878	0.0461715	-0.379891
		*TM_ROW2 -1.2517e-006	-0.992695	-0.120648
		*TM_ROW3 -14.434	10.5915	165.98
		*TM_POS -14.434	10.5915	165.98
		*TM_ROTAXIS -0.447329	0.669479	-0.593039
		*TM_ROTANGLE 2.38705
		*TM_SCALE 1	1	1
		*TM_SCALEAXIS 0	0	0
		*TM_SCALEAXISANG 0	0	0
	}
}
*HELPEROBJECT {
	*NODE_NAME "ZS_LONGSWORD"
	*NODE_PARENT "Bip01 Spine2"
	*NODE_TM {
		*NODE_NAME "ZS_LONGSWORD"
		*TM_ROW0 -0.499829	-0.0915011	0.861277
		*TM_ROW1 -0.865729	0.0828188	-0.493614
		*TM_ROW2 -0.0261636	-0.992355	-0.12061
		*TM_ROW3 -18.1593	6.92629	157.64
		*TM_POS -18.1593	6.92629	157.64
		*TM_ROTAXIS -0.38996	0.69388	-0.60536
		*TM_ROTANGLE 2.44778
		*TM_SCALE 1	1	1
		*TM_SCALEAXIS 0	0	0
		*TM_SCALEAXISANG 0	0	0
	}
}
*HELPEROBJECT {
	*NODE_NAME "ZS_SHIELD"
	*NODE_PARENT "Bip01 Spine2"
	*NODE_TM {
		*NODE_NAME "ZS_SHIELD"
		*TM_ROW0 -0.0138681	0.114196	-0.993362
		*TM_ROW1 -0.908393	0.413755	0.0602465
		*TM_ROW2 0.417888	0.903198	0.0979964
		*TM_ROW3 8.76511	9.5282	131.875
		*TM_POS 8.76511	9.5282	131.875
		*TM_ROTAXIS 0.435421	-0.728972	-0.528212
		*TM_ROTANGLE 1.82457
		*TM_SCALE 1	1	1
		*TM_SCALEAXIS 0	0	0
		*TM_SCALEAXISANG 0	0	0
	}
}
*HELPEROBJECT {
	*NODE_NAME "ZS_BOW"
	*NODE_PARENT "Bip01 Spine2"
	*NODE_TM {
		*NODE_NAME "ZS_BOW"
		*TM_ROW0 -0.341816	-0.0868229	0.935748
		*TM_ROW1 0.0119438	0.995242	0.0967059
		*TM_ROW2 -0.939691	0.044232	-0.339153
		*TM_ROW3 0.5012	12.4143	124.55
		*TM_POS 0.5012	12.4143	124.55
		*TM_ROTAXIS -0.0279299	0.998227	0.0525698
		*TM_ROTANGLE 1.92076
		*TM_SCALE 1	1	1
		*TM_SCALEAXIS 0	0	0
		*TM_SCALEAXISANG 0	0	0
	}
	*TM_ANIMATION {
		*NODE_NAME  "ZS_BOW"
		*CONTROL_POS_TRACK {
			*CONTROL_POS_SAMPLE 0	4.47078	13.6514	120.844
			*CONTROL_POS_SAMPLE 4800	4.46917	13.6517	120.842
			*CONTROL_POS_SAMPLE 9600	10.4789	11.4412	120.931
			*CONTROL_POS_SAMPLE 14400	3.25359	12.0006	124.574
			*CONTROL_POS_SAMPLE 19200	4.16307	11.8341	124.57
			*CONTROL_POS_SAMPLE 24000	7.70738	10.7818	124.523
			*CONTROL_POS_SAMPLE 28800	1.09752	10.4471	127.114
			*CONTROL_POS_SAMPLE 33600	3.86003	10.0682	127.123
			*CONTROL_POS_SAMPLE 38400	8.28063	8.65574	126.978
		}
		*CONTROL_ROT_TRACK {
			*CONTROL_ROT_SAMPLE 0	0.159772	0.986791	-0.0267654	1.91127
			*CONTROL_ROT_SAMPLE 4800	0.159487	0.986826	-0.0271757	1.91116
			*CONTROL_ROT_SAMPLE 9600	0.304807	0.949272	0.0772969	1.95159
			*CONTROL_ROT_SAMPLE 14400	0.0767343	0.996063	0.0443823	1.92002
			*CONTROL_ROT_SAMPLE 19200	0.0988801	0.993274	0.0602501	1.91951
			*CONTROL_ROT_SAMPLE 24000	0.184668	0.975351	0.120777	1.92372
			*CONTROL_ROT_SAMPLE 28800	-0.0101002	0.996786	0.0794667	1.94507
			*CONTROL_ROT_SAMPLE 33600	0.0529743	0.99076	0.124852	1.93278
			*CONTROL_ROT_SAMPLE 38400	0.160033	0.966433	0.20099	1.92566
		}
		*CONTROL_SCALE_TRACK {
			*CONTROL_SCALE_SAMPLE	0	1	1	1	0	0	0	0
		}
	}
}
*HELPEROBJECT {
	*NODE_NAME "ZS_SWORD"
	*NODE_PARENT "Bip01 Spine"
	*NODE_TM {
		*NODE_NAME "ZS_SWORD"
		*TM_ROW0 5.79282e-007	-0.347172	0.937802
		*TM_ROW1 1.04309e-007	0.937802	0.347172
		*TM_ROW2 -1	-1.04308e-007	5.79283e-007
		*TM_ROW3 17.5015	-4.36211	106.367
		*TM_POS 17.5015	-4.36211	106.367
		*TM_ROTAXIS -0.17367	0.96937	0.17367
		*TM_ROTANGLE 1.6019
		*TM_SCALE 1	1	1
		*TM_SCALEAXIS 0	0	0
		*TM_SCALEAXISANG 0	0	0
	}
}
*HELPEROBJECT {
	*NODE_NAME "Bip01 L Thigh"
	*NODE_PARENT "Bip01 Pelvis"
	*NODE_TM {
		*NODE_NAME "Bip01 L Thigh"
		*TM_ROW0 0.0534878	-0.0367886	-0.997891
		*TM_ROW1 -0.00216181	-0.999323	0.0367256
		*TM_ROW2 -0.998566	0.000192882	-0.0535313
		*TM_ROW3 9.01023	-8.01129	99.9496
		*TM_POS 9.01023	-8.01129	99.9496
		*TM_ROTAXIS 0.72572	-0.01342	-0.68786
		*TM_ROTANGLE 3.16677
		*TM_SCALE 1	1	1
		*TM_SCALEAXIS 0	0	0
		*TM_SCALEAXISANG 0	0	0
	}
}
*HELPEROBJECT {
	*NODE_NAME "Bip01 L Calf"
	*NODE_PARENT "Bip01 L Thigh"
	*NODE_TM {
		*NODE_NAME "Bip01 L Calf"
		*TM_ROW0 0.0525131	0.197552	-0.978885
		*TM_ROW1 0.0103904	-0.980292	-0.197278
		*TM_ROW2 -0.998566	0.000188708	-0.0535307
		*TM_ROW3 11.1149	-9.45845	60.6877
		*TM_POS 11.1149	-9.45845	60.6877
		*TM_ROTAXIS 0.723901	0.0721501	-0.686121
		*TM_ROTANGLE 3.00478
		*TM_SCALE 1	1	1
		*TM_SCALEAXIS 0	0	0
		*TM_SCALEAXISANG 0	0	0
	}
}
*HELPEROBJECT {
	*NODE_NAME "Bip01 L Foot"
	*NODE_PARENT "Bip01 L Calf"
	*NODE_TM {
		*NODE_NAME "Bip01 L Foot"
		*TM_ROW0 -5.93318e-007	7.27489e-006	-1
		*TM_ROW1 0.173652	-0.984807	-7.26412e-006
		*TM_ROW2 -0.984807	-0.173652	-5.97767e-007
		*TM_ROW3 13.6935	0.240668	12.6267
		*TM_POS 13.6935	0.240668	12.6267
		*TM_ROTAXIS 0.705757	0.0617498	-0.705757
		*TM_ROTANGLE 3.26493
		*TM_SCALE 1	1	1
		*TM_SCALEAXIS 0	0	0
		*TM_SCALEAXISANG 0	0	0
	}
}
*HELPEROBJECT {
	*NODE_NAME "Bip01 L Toe0"
	*NODE_PARENT "Bip01 L Foot"
	*NODE_TM {
		*NODE_NAME "Bip01 L Toe0"
		*TM_ROW0 0.173646	-0.984808	5.05914e-006
		*TM_ROW1 5.06367e-006	5.91264e-006	1
		*TM_ROW2 -0.984808	-0.173646	5.92894e-006
		*TM_ROW3 17.6256	-22.0591	5.26591e-006
		*TM_POS 17.6256	-22.0591	5.26591e-006
		*TM_ROTAXIS -0.644398	0.540718	0.540718
		*TM_ROTANGLE 1.99673
		*TM_SCALE 1	1	1
		*TM_SCALEAXIS 0	0	0
		*TM_SCALEAXISANG 0	0	0
	}
}
*HELPEROBJECT {
	*NODE_NAME "Bip01 R Thigh"
	*NODE_PARENT "Bip01 Pelvis"
	*NODE_TM {
		*NODE_NAME "Bip01 R Thigh"
		*TM_ROW0 -0.0535034	-0.0367749	-0.99789
		*TM_ROW1 0.00205776	-0.999324	0.0367174
		*TM_ROW2 -0.998566	-8.89041e-005	0.0535432
		*TM_ROW3 -9.01021	-8.01132	99.9496
		*TM_POS -9.01021	-8.01132	99.9496
		*TM_ROTAXIS 0.687862	-0.01262	-0.725732
		*TM_ROTANGLE 3.16835
		*TM_SCALE 1	1	1
		*TM_SCALEAXIS 0	0	0
		*TM_SCALEAXISANG 0	0	0
	}
}
*HELPEROBJECT {
	*NODE_NAME "Bip01 R Calf"
	*NODE_PARENT "Bip01 R Thigh"
	*NODE_TM {
		*NODE_NAME "Bip01 R Calf"
		*TM_ROW0 -0.0525025	0.197539	-0.978888
		*TM_ROW1 -0.0104967	-0.980295	-0.19726
		*TM_ROW2 -0.998566	-8.16064e-005	0.0535415
		*TM_ROW3 -11.1154	-9.45856	60.6878
		*TM_POS -11.1154	-9.45856	60.6878
		*TM_ROTAXIS 0.686298	0.0684898	-0.724088
		*TM_ROTANGLE 2.99744
		*TM_SCALE 1	1	1
		*TM_SCALEAXIS 0	0	0
		*TM_SCALEAXISANG 0	0	0
	}
}
*HELPEROBJECT {
	*NODE_NAME "Bip01 R Foot"
	*NODE_PARENT "Bip01 R Calf"
	*NODE_TM {
		*NODE_NAME "Bip01 R Foot"
		*TM_ROW0 -5.86373e-007	-7.29557e-006	-1
		*TM_ROW1 -0.173652	-0.984807	7.26572e-006
		*TM_ROW2 -0.984807	0.173652	-5.93781e-007
		*TM_ROW3 -13.6935	0.24065	12.6267
		*TM_POS -13.6935	0.24065	12.6267
		*TM_ROTAXIS 0.705757	-0.0617498	-0.705757
		*TM_ROTANGLE 3.01826
		*TM_SCALE 1	1	1
		*TM_SCALEAXIS 0	0	0
		*TM_SCALEAXISANG 0	0	0
	}
}
*HELPEROBJECT {
	*NODE_NAME "Bip01 R Toe0"
	*NODE_PARENT "Bip01 R Foot"
	*NODE_TM {
		*NODE_NAME "Bip01 R Toe0"
		*TM_ROW0 -0.173651	-0.984807	3.52553e-006
		*TM_ROW1 3.507e-006	3.07854e-006	1
		*TM_ROW2 -0.984807	0.173651	3.0421e-006
		*TM_ROW3 -17.6255	-22.0592	2.91014e-005
		*TM_POS -17.6255	-22.0592	2.91014e-005
		*TM_ROTAXIS -0.510271	0.608121	0.608121
		*TM_ROTANGLE 2.19793
		*TM_SCALE 1	1	1
		*TM_SCALEAXIS 0	0	0
		*TM_SCALEAXISANG 0	0	0
	}
}
