*3DSMAX_ASCIIEXPORT	110
*COMMENT "[ GothicSourcer v3.14 ] - June 2007"
*SCENE {
	*SCENE_FILENAME "SCA_LOOK_KS_01.MAX"
	*SCENE_FIRSTFRAME 0
	*SCENE_LASTFRAME 8
	*SCENE_FRAMESPEED 25
	*SCENE_TICKSPERFRAME 192
	*SCENE_BACKGROUND_STATIC 0	0	0
	*SCENE_AMBIENT_STATIC 0.2	0.2	0.2
}
*HELPEROBJECT {
	*NODE_NAME "Bip01"
	*NODE_TM {
		*NODE_NAME "Bip01"
		*TM_ROW0 6.27438e-006	-1	0
		*TM_ROW1 1	6.27438e-006	0
		*TM_ROW2 -0	-0	1
		*TM_ROW3 0.0491	78.3824	90.5595
		*TM_POS 0.0491	78.3824	90.5595
		*TM_ROTAXIS 0	0	1
		*TM_ROTANGLE 1.57079
		*TM_SCALE 1	1	1
		*TM_SCALEAXIS 0	0	0
		*TM_SCALEAXISANG 0	0	0
	}
}
*HELPEROBJECT {
	*NODE_NAME "Bip01 Pelvis"
	*NODE_PARENT "Bip01"
	*NODE_TM {
		*NODE_NAME "Bip01 Pelvis"
		*TM_ROW0 -5.96046e-008	1.79264e-006	1
		*TM_ROW1 -1.79264e-006	-1	1.79264e-006
		*TM_ROW2 1	-1.79264e-006	-5.96046e-008
		*TM_ROW3 0.04912	59.7716	90.5595
		*TM_POS 0.04912	59.7716	90.5595
		*TM_ROTAXIS 0.707107	0	0.707107
		*TM_ROTANGLE 3.1416
		*TM_SCALE 1	1	1
		*TM_SCALEAXIS 0	0	0
		*TM_SCALEAXISANG 0	0	0
	}
}
*HELPEROBJECT {
	*NODE_NAME "Bip01 Spine"
	*NODE_PARENT "Bip01 Pelvis"
	*NODE_TM {
		*NODE_NAME "Bip01 Spine"
		*TM_ROW0 1.40667e-005	-0.710742	0.703453
		*TM_ROW1 -1.90735e-006	-0.703453	-0.710742
		*TM_ROW2 1	8.58307e-006	-1.10269e-005
		*TM_ROW3 0.04912	59.7769	96.6362
		*TM_POS 0.04912	59.7769	96.6362
		*TM_ROTAXIS 0.678211	-0.282971	0.678201
		*TM_ROTANGLE 2.59007
		*TM_SCALE 1	1	1
		*TM_SCALEAXIS 0	0	0
		*TM_SCALEAXISANG 0	0	0
	}
}
*HELPEROBJECT {
	*NODE_NAME "Bip01 Spine1"
	*NODE_PARENT "Bip01 Spine"
	*NODE_TM {
		*NODE_NAME "Bip01 Spine1"
		*TM_ROW0 5.96046e-006	-0.996631	0.082016
		*TM_ROW1 -1.19805e-005	-0.0820159	-0.996631
		*TM_ROW2 1	4.82798e-006	-1.23382e-005
		*TM_ROW3 0.04913	53.178	103.179
		*TM_POS 0.04913	53.178	103.179
		*TM_ROTAXIS 0.592519	-0.545759	0.59251
		*TM_ROTANGLE 2.14244
		*TM_SCALE 1	1	1
		*TM_SCALEAXIS 0	0	0
		*TM_SCALEAXISANG 0	0	0
	}
}
*HELPEROBJECT {
	*NODE_NAME "Bip01 Spine2"
	*NODE_PARENT "Bip01 Spine1"
	*NODE_TM {
		*NODE_NAME "Bip01 Spine2"
		*TM_ROW0 -5.90086e-006	-0.997191	-0.0749037
		*TM_ROW1 -5.48363e-006	0.0749038	-0.997191
		*TM_ROW2 1	-5.48363e-006	-5.90086e-006
		*TM_ROW3 0.04915	39.9434	104.278
		*TM_POS 0.04915	39.9434	104.278
		*TM_ROTAXIS 0.56237	-0.6062	0.56237
		*TM_ROTANGLE 2.05167
		*TM_SCALE 1	1	1
		*TM_SCALEAXIS 0	0	0
		*TM_SCALEAXISANG 0	0	0
	}
}
*HELPEROBJECT {
	*NODE_NAME "Bip01 Spine3"
	*NODE_PARENT "Bip01 Spine2"
	*NODE_TM {
		*NODE_NAME "Bip01 Spine3"
		*TM_ROW0 -4.20213e-006	-0.911434	-0.411445
		*TM_ROW1 -2.71201e-006	0.411445	-0.911434
		*TM_ROW2 1	-2.71201e-006	-4.20213e-006
		*TM_ROW3 0.04917	26.6978	103.293
		*TM_POS 0.04917	26.6978	103.293
		*TM_ROTAXIS 0.476831	-0.738421	0.47683
		*TM_ROTANGLE 1.8695
		*TM_SCALE 1	1	1
		*TM_SCALEAXIS 0	0	0
		*TM_SCALEAXISANG 0	0	0
	}
}
*HELPEROBJECT {
	*NODE_NAME "Bip01 Neck"
	*NODE_PARENT "Bip01 Spine3"
	*NODE_TM {
		*NODE_NAME "Bip01 Neck"
		*TM_ROW0 -4.55976e-006	-0.972311	-0.233691
		*TM_ROW1 -3.54648e-006	0.233691	-0.972311
		*TM_ROW2 1	-3.54647e-006	-4.55975e-006
		*TM_ROW3 0.04918	14.591	97.8476
		*TM_POS 0.04918	14.591	97.8476
		*TM_ROTAXIS 0.526321	-0.667812	0.526321
		*TM_ROTANGLE 1.96401
		*TM_SCALE 1	1	1
		*TM_SCALEAXIS 0	0	0
		*TM_SCALEAXISANG 0	0	0
	}
}
*HELPEROBJECT {
	*NODE_NAME "Bip01 Neck1"
	*NODE_PARENT "Bip01 Neck"
	*NODE_TM {
		*NODE_NAME "Bip01 Neck1"
		*TM_ROW0 -1.19211e-007	-0.469215	0.883084
		*TM_ROW1 -9.68574e-007	-0.883084	-0.469215
		*TM_ROW2 1	-9.68574e-007	-1.19208e-007
		*TM_ROW3 0.04921	-7.56936	92.525
		*TM_POS 0.04921	-7.56936	92.525
		*TM_ROTAXIS -0.69638	0.17352	-0.69638
		*TM_ROTANGLE 3.48521
		*TM_SCALE 1	1	1
		*TM_SCALEAXIS 0	0	0
		*TM_SCALEAXISANG 0	0	0
	}
}
*HELPEROBJECT {
	*NODE_NAME "Bip01 Head"
	*NODE_PARENT "Bip01 Neck1"
	*NODE_TM {
		*NODE_NAME "Bip01 Head"
		*TM_ROW0 -5.96068e-008	1.8736e-006	1
		*TM_ROW1 -1.79264e-006	-1	1.84398e-006
		*TM_ROW2 1	-1.79264e-006	-5.96037e-008
		*TM_ROW3 0.04922	-15.5424	107.531
		*TM_POS 0.04922	-15.5424	107.531
		*TM_ROTAXIS -0.707107	-1.81505e-008	-0.707107
		*TM_ROTANGLE 3.14159
		*TM_SCALE 1	1	1
		*TM_SCALEAXIS 0	0	0
		*TM_SCALEAXISANG 0	0	0
	}
	*TM_ANIMATION {
		*NODE_NAME  "Bip01 Head"
		*CONTROL_POS_TRACK {
			*CONTROL_POS_SAMPLE 0	0.0491997	-15.5424	107.531
			*CONTROL_POS_SAMPLE 192	0.0491997	-15.5424	107.531
			*CONTROL_POS_SAMPLE 384	0.0491997	-15.5424	107.531
			*CONTROL_POS_SAMPLE 576	0.0491997	-15.5424	107.531
			*CONTROL_POS_SAMPLE 768	0.0491997	-15.5424	107.531
			*CONTROL_POS_SAMPLE 960	0.0491997	-15.5424	107.531
			*CONTROL_POS_SAMPLE 1152	0.0491997	-15.5424	107.531
			*CONTROL_POS_SAMPLE 1344	0.0491997	-15.5424	107.531
			*CONTROL_POS_SAMPLE 1536	0.0491997	-15.5424	107.531
		}
		*CONTROL_ROT_TRACK {
			*CONTROL_ROT_SAMPLE 0	-0.300669	-0.476835	-0.82597	3.48533
			*CONTROL_ROT_SAMPLE 192	0.671549	0.313122	0.671548	3.7485
			*CONTROL_ROT_SAMPLE 384	-0.913833	0.232921	-0.332652	2.0032
			*CONTROL_ROT_SAMPLE 576	-0.644715	-0.410708	-0.644718	3.92106
			*CONTROL_ROT_SAMPLE 768	0.707107	-7.20391e-006	0.707107	3.14158
			*CONTROL_ROT_SAMPLE 960	0.644709	-0.410737	0.644706	3.92099
			*CONTROL_ROT_SAMPLE 1152	0.791325	0.258353	0.554128	2.4346
			*CONTROL_ROT_SAMPLE 1344	-0.694747	0.186153	-0.694747	3.50968
			*CONTROL_ROT_SAMPLE 1536	-0.491997	0.402009	-0.772223	2.64023
		}
		*CONTROL_SCALE_TRACK {
			*CONTROL_SCALE_SAMPLE	0	1	1	1	0	0	0	0
		}
	}
}
*HELPEROBJECT {
	*NODE_NAME "Bip01 Ponytail1"
	*NODE_PARENT "Bip01 Head"
	*NODE_TM {
		*NODE_NAME "Bip01 Ponytail1"
		*TM_ROW0 5.36444e-007	-0.870519	-0.492134
		*TM_ROW1 2.98025e-007	0.492134	-0.870519
		*TM_ROW2 1	2.98025e-007	5.36443e-007
		*TM_ROW3 0.04922	-25.2099	104.364
		*TM_POS 0.04922	-25.2099	104.364
		*TM_ROTAXIS 0.45001	-0.771351	0.45001
		*TM_ROTANGLE 1.82754
		*TM_SCALE 1	1	1
		*TM_SCALEAXIS 0	0	0
		*TM_SCALEAXISANG 0	0	0
	}
}
*HELPEROBJECT {
	*NODE_NAME "Bip01 L Thigh"
	*NODE_PARENT "Bip01 Spine"
	*NODE_TM {
		*NODE_NAME "Bip01 L Thigh"
		*TM_ROW0 0.0850697	-0.413995	-0.906295
		*TM_ROW1 -0.0594633	-0.910081	0.410143
		*TM_ROW2 -0.994599	0.0190006	-0.102038
		*TM_ROW3 22.4062	59.7717	90.5595
		*TM_POS 22.4062	59.7717	90.5595
		*TM_ROTAXIS 0.730778	-0.16498	-0.662378
		*TM_ROTANGLE 3.41252
		*TM_SCALE 1	1	1
		*TM_SCALEAXIS 0	0	0
		*TM_SCALEAXISANG 0	0	0
	}
}
*HELPEROBJECT {
	*NODE_NAME "Bip01 L Calf"
	*NODE_PARENT "Bip01 L Thigh"
	*NODE_TM {
		*NODE_NAME "Bip01 L Calf"
		*TM_ROW0 0.0531318	0.937706	-0.343343
		*TM_ROW1 0.0891703	-0.34691	-0.93365
		*TM_ROW2 -0.994598	0.0189906	-0.102047
		*TM_ROW3 23.9161	52.4243	74.4751
		*TM_POS 23.9161	52.4243	74.4751
		*TM_ROTAXIS 0.665082	0.454671	-0.592402
		*TM_ROTANGLE 2.34328
		*TM_SCALE 1	1	1
		*TM_SCALEAXIS 0	0	0
		*TM_SCALEAXISANG 0	0	0
	}
}
*HELPEROBJECT {
	*NODE_NAME "Bip01 L HorseLink"
	*NODE_PARENT "Bip01 L Calf"
	*NODE_TM {
		*NODE_NAME "Bip01 L HorseLink"
		*TM_ROW0 0.0892536	-0.345313	-0.934234
		*TM_ROW1 -0.0529845	-0.938295	0.341752
		*TM_ROW2 -0.994599	0.0189973	-0.102042
		*TM_ROW3 25.1516	74.2284	66.4912
		*TM_POS 25.1516	74.2284	66.4912
		*TM_ROTAXIS 0.734159	-0.13731	-0.664949
		*TM_ROTANGLE 3.36322
		*TM_SCALE 1	1	1
		*TM_SCALEAXIS 0	0	0
		*TM_SCALEAXISANG 0	0	0
	}
}
*HELPEROBJECT {
	*NODE_NAME "Bip01 L Foot"
	*NODE_PARENT "Bip01 L HorseLink"
	*NODE_TM {
		*NODE_NAME "Bip01 L Foot"
		*TM_ROW0 -4.85986e-008	0.515032	-0.857171
		*TM_ROW1 3.63292e-007	-0.857171	-0.515031
		*TM_ROW2 -1	-3.65482e-007	-4.98213e-008
		*TM_ROW3 27.9411	63.4362	37.2936
		*TM_POS 27.9411	63.4362	37.2936
		*TM_ROTAXIS 0.693891	0.19243	-0.693891
		*TM_ROTANGLE 2.76138
		*TM_SCALE 1	1	1
		*TM_SCALEAXIS 0	0	0
		*TM_SCALEAXISANG 0	0	0
	}
}
*HELPEROBJECT {
	*NODE_NAME "Bip01 L Toe0"
	*NODE_PARENT "Bip01 L Foot"
	*NODE_TM {
		*NODE_NAME "Bip01 L Toe0"
		*TM_ROW0 0.497693	-0.867338	0.00521267
		*TM_ROW1 -0.047923	-0.0214976	0.99862
		*TM_ROW2 -0.866028	-0.497256	-0.0522645
		*TM_ROW3 37.1779	42.5995	12.8813
		*TM_POS 37.1779	42.5995	12.8813
		*TM_ROTAXIS -0.781038	0.454899	0.427839
		*TM_ROTANGLE 1.86297
		*TM_SCALE 1	1	1
		*TM_SCALEAXIS 0	0	0
		*TM_SCALEAXISANG 0	0	0
	}
}
*HELPEROBJECT {
	*NODE_NAME "Bip01 L Toe01"
	*NODE_PARENT "Bip01 L Toe0"
	*NODE_TM {
		*NODE_NAME "Bip01 L Toe01"
		*TM_ROW0 0.497693	-0.867338	0.00521267
		*TM_ROW1 -0.047923	-0.0214976	0.99862
		*TM_ROW2 -0.866028	-0.497256	-0.0522645
		*TM_ROW3 44.5612	29.7327	12.9587
		*TM_POS 44.5612	29.7327	12.9587
		*TM_ROTAXIS -0.781038	0.454899	0.427839
		*TM_ROTANGLE 1.86297
		*TM_SCALE 1	1	1
		*TM_SCALEAXIS 0	0	0
		*TM_SCALEAXISANG 0	0	0
	}
}
*HELPEROBJECT {
	*NODE_NAME "Bip01 L Toe1"
	*NODE_PARENT "Bip01 L Foot"
	*NODE_TM {
		*NODE_NAME "Bip01 L Toe1"
		*TM_ROW0 -0.421316	-0.906765	-0.0164187
		*TM_ROW1 0.0331572	-0.033493	0.998889
		*TM_ROW2 -0.906307	0.420304	0.0441769
		*TM_ROW3 22.6181	43.7987	13.1591
		*TM_POS 22.6181	43.7987	13.1591
		*TM_ROTAXIS 0.408091	-0.627661	-0.662951
		*TM_ROTANGLE 3.92952
		*TM_SCALE 1	1	1
		*TM_SCALEAXIS 0	0	0
		*TM_SCALEAXISANG 0	0	0
	}
}
*HELPEROBJECT {
	*NODE_NAME "Bip01 L Toe11"
	*NODE_PARENT "Bip01 L Toe1"
	*NODE_TM {
		*NODE_NAME "Bip01 L Toe11"
		*TM_ROW0 -0.421316	-0.906765	-0.0164187
		*TM_ROW1 0.0331572	-0.033493	0.998889
		*TM_ROW2 -0.906307	0.420304	0.0441769
		*TM_ROW3 16.1735	29.9285	12.908
		*TM_POS 16.1735	29.9285	12.908
		*TM_ROTAXIS 0.408091	-0.627661	-0.662951
		*TM_ROTANGLE 3.92952
		*TM_SCALE 1	1	1
		*TM_SCALEAXIS 0	0	0
		*TM_SCALEAXISANG 0	0	0
	}
}
*HELPEROBJECT {
	*NODE_NAME "Bip01 R Thigh"
	*NODE_PARENT "Bip01 Spine"
	*NODE_TM {
		*NODE_NAME "Bip01 R Thigh"
		*TM_ROW0 -0.0853806	-0.408961	-0.908549
		*TM_ROW1 0.0589773	-0.912354	0.405132
		*TM_ROW2 -0.994601	-0.0189933	0.102017
		*TM_ROW3 -22.308	59.7716	90.5595
		*TM_POS -22.308	59.7716	90.5595
		*TM_ROTAXIS 0.665419	-0.13501	-0.734159
		*TM_ROTANGLE 3.46594
		*TM_SCALE 1	1	1
		*TM_SCALEAXIS 0	0	0
		*TM_SCALEAXISANG 0	0	0
	}
}
*HELPEROBJECT {
	*NODE_NAME "Bip01 R Calf"
	*NODE_PARENT "Bip01 R Thigh"
	*NODE_TM {
		*NODE_NAME "Bip01 R Calf"
		*TM_ROW0 -0.0529631	0.938344	-0.341621
		*TM_ROW1 -0.0892285	-0.34518	-0.934285
		*TM_ROW2 -0.994602	-0.0190004	0.102009
		*TM_ROW3 -23.8231	52.5135	74.4351
		*TM_POS -23.8231	52.5135	74.4351
		*TM_ROTAXIS 0.600909	0.4287	-0.674629
		*TM_ROTANGLE 2.27584
		*TM_SCALE 1	1	1
		*TM_SCALEAXIS 0	0	0
		*TM_SCALEAXISANG 0	0	0
	}
}
*HELPEROBJECT {
	*NODE_NAME "Bip01 R HorseLink"
	*NODE_PARENT "Bip01 R Calf"
	*NODE_TM {
		*NODE_NAME "Bip01 R HorseLink"
		*TM_ROW0 -0.0892204	-0.345313	-0.934237
		*TM_ROW1 0.0529746	-0.938295	0.341754
		*TM_ROW2 -0.994602	-0.0189994	0.102008
		*TM_ROW3 -25.0545	74.3325	66.4913
		*TM_POS -25.0545	74.3325	66.4913
		*TM_ROTAXIS 0.667124	-0.111631	-0.736535
		*TM_ROTANGLE 3.41538
		*TM_SCALE 1	1	1
		*TM_SCALEAXIS 0	0	0
		*TM_SCALEAXISANG 0	0	0
	}
}
*HELPEROBJECT {
	*NODE_NAME "Bip01 R Foot"
	*NODE_PARENT "Bip01 R HorseLink"
	*NODE_TM {
		*NODE_NAME "Bip01 R Foot"
		*TM_ROW0 -5.78426e-008	0.515032	-0.857171
		*TM_ROW1 3.44719e-007	-0.857171	-0.515031
		*TM_ROW2 -1	-3.54911e-007	-6.07412e-008
		*TM_ROW3 -27.8429	63.5404	37.2936
		*TM_POS -27.8429	63.5404	37.2936
		*TM_ROTAXIS 0.693891	0.19243	-0.693891
		*TM_ROTANGLE 2.76138
		*TM_SCALE 1	1	1
		*TM_SCALEAXIS 0	0	0
		*TM_SCALEAXISANG 0	0	0
	}
}
*HELPEROBJECT {
	*NODE_NAME "Bip01 R Toe0"
	*NODE_PARENT "Bip01 R Foot"
	*NODE_TM {
		*NODE_NAME "Bip01 R Toe0"
		*TM_ROW0 -0.497702	-0.867332	0.00521335
		*TM_ROW1 0.0479233	-0.0214975	0.99862
		*TM_ROW2 -0.866023	0.497265	0.0522647
		*TM_ROW3 -37.0796	42.7037	12.8813
		*TM_POS -37.0796	42.7037	12.8813
		*TM_ROTAXIS 0.368793	-0.640875	-0.673255
		*TM_ROTANGLE 3.88898
		*TM_SCALE 1	1	1
		*TM_SCALEAXIS 0	0	0
		*TM_SCALEAXISANG 0	0	0
	}
}
*HELPEROBJECT {
	*NODE_NAME "Bip01 R Toe01"
	*NODE_PARENT "Bip01 R Toe0"
	*NODE_TM {
		*NODE_NAME "Bip01 R Toe01"
		*TM_ROW0 -0.497702	-0.867332	0.00521334
		*TM_ROW1 0.0479233	-0.0214975	0.99862
		*TM_ROW2 -0.866023	0.497265	0.0522647
		*TM_ROW3 -44.4628	29.8369	12.9586
		*TM_POS -44.4628	29.8369	12.9586
		*TM_ROTAXIS 0.368793	-0.640875	-0.673255
		*TM_ROTANGLE 3.88898
		*TM_SCALE 1	1	1
		*TM_SCALEAXIS 0	0	0
		*TM_SCALEAXISANG 0	0	0
	}
}
*HELPEROBJECT {
	*NODE_NAME "Bip01 R Toe1"
	*NODE_PARENT "Bip01 R Foot"
	*NODE_TM {
		*NODE_NAME "Bip01 R Toe1"
		*TM_ROW0 0.42132	-0.906764	-0.0164179
		*TM_ROW1 -0.0331611	-0.033494	0.998889
		*TM_ROW2 -0.906306	-0.420307	-0.0441808
		*TM_ROW3 -22.5198	43.9029	13.1591
		*TM_POS -22.5198	43.9029	13.1591
		*TM_ROTAXIS -0.751202	0.471032	0.462411
		*TM_ROTANGLE 1.90517
		*TM_SCALE 1	1	1
		*TM_SCALEAXIS 0	0	0
		*TM_SCALEAXISANG 0	0	0
	}
}
*HELPEROBJECT {
	*NODE_NAME "Bip01 R Toe11"
	*NODE_PARENT "Bip01 R Toe1"
	*NODE_TM {
		*NODE_NAME "Bip01 R Toe11"
		*TM_ROW0 0.42132	-0.906763	-0.0164179
		*TM_ROW1 -0.0331611	-0.033494	0.998889
		*TM_ROW2 -0.906306	-0.420307	-0.0441808
		*TM_ROW3 -16.0752	30.0327	12.908
		*TM_POS -16.0752	30.0327	12.908
		*TM_ROTAXIS -0.751202	0.471032	0.462411
		*TM_ROTANGLE 1.90517
		*TM_SCALE 1	1	1
		*TM_SCALEAXIS 0	0	0
		*TM_SCALEAXISANG 0	0	0
	}
}
*HELPEROBJECT {
	*NODE_NAME "Bip01 Tail"
	*NODE_PARENT "Bip01 Spine"
	*NODE_TM {
		*NODE_NAME "Bip01 Tail"
		*TM_ROW0 2.11597e-006	0.923748	-0.383
		*TM_ROW1 -1.46031e-006	0.383	0.923748
		*TM_ROW2 1	-1.46031e-006	2.11596e-006
		*TM_ROW3 0.04911	68.3593	88.8501
		*TM_POS 0.04911	68.3593	88.8501
		*TM_ROTAXIS -0.485558	-0.726957	-0.485558
		*TM_ROTANGLE 1.88441
		*TM_SCALE 1	1	1
		*TM_SCALEAXIS 0	0	0
		*TM_SCALEAXISANG 0	0	0
	}
}
*HELPEROBJECT {
	*NODE_NAME "Bip01 Tail1"
	*NODE_PARENT "Bip01 Tail"
	*NODE_TM {
		*NODE_NAME "Bip01 Tail1"
		*TM_ROW0 4.14252e-006	0.818312	-0.574775
		*TM_ROW1 -2.17557e-006	0.574775	0.818312
		*TM_ROW2 1	-2.17557e-006	4.14252e-006
		*TM_ROW3 0.0491	76.9307	85.2849
		*TM_POS 0.0491	76.9307	85.2849
		*TM_ROTAXIS -0.41873	-0.80581	-0.41873
		*TM_ROTANGLE 1.78504
		*TM_SCALE 1	1	1
		*TM_SCALEAXIS 0	0	0
		*TM_SCALEAXISANG 0	0	0
	}
}
*HELPEROBJECT {
	*NODE_NAME "Bip01 Tail2"
	*NODE_PARENT "Bip01 Tail1"
	*NODE_TM {
		*NODE_NAME "Bip01 Tail2"
		*TM_ROW0 4.12762e-006	0.673672	-0.739031
		*TM_ROW1 -1.49012e-006	0.739031	0.673672
		*TM_ROW2 1	-1.49011e-006	4.12762e-006
		*TM_ROW3 0.04909	88.0155	77.4842
		*TM_POS 0.04909	88.0155	77.4842
		*TM_ROTAXIS -0.339741	-0.877013	-0.339741
		*TM_ROTANGLE 1.70165
		*TM_SCALE 1	1	1
		*TM_SCALEAXIS 0	0	0
		*TM_SCALEAXISANG 0	0	0
	}
}
*HELPEROBJECT {
	*NODE_NAME "Bip01 Tail3"
	*NODE_PARENT "Bip01 Tail2"
	*NODE_TM {
		*NODE_NAME "Bip01 Tail3"
		*TM_ROW0 -5.0664e-007	0.704461	-0.709743
		*TM_ROW1 2.68221e-007	0.709743	0.704461
		*TM_ROW2 1	2.68222e-007	-5.0664e-007
		*TM_ROW3 0.04907	98.4702	65.9954
		*TM_POS 0.04907	98.4702	65.9954
		*TM_ROTAXIS -0.355999	-0.864019	-0.356
		*TM_ROTANGLE 1.71644
		*TM_SCALE 1	1	1
		*TM_SCALEAXIS 0	0	0
		*TM_SCALEAXISANG 0	0	0
	}
}
