*3DSMAX_ASCIIEXPORT	110
*COMMENT "[ GothicSourcer v3.14 ] - June 2007"
*SCENE {
	*SCENE_FILENAME "CRW_ATTACKMOVE_M01.MAX"
	*SCENE_FIRSTFRAME 1
	*SCENE_LASTFRAME 29
	*SCENE_FRAMESPEED 25
	*SCENE_TICKSPERFRAME 192
	*SCENE_BACKGROUND_STATIC 0	0	0
	*SCENE_AMBIENT_STATIC 0.2	0.2	0.2
}
*HELPEROBJECT {
	*NODE_NAME "Bip01"
	*NODE_TM {
		*NODE_NAME "Bip01"
		*TM_ROW0 1.26759e-006	-1	0
		*TM_ROW1 1	1.26759e-006	0
		*TM_ROW2 -0	-0	1
		*TM_ROW3 0.138162	28.5923	71.7112
		*TM_POS 0.138162	28.5923	71.7112
		*TM_ROTAXIS 0	0	1
		*TM_ROTANGLE 1.5708
		*TM_SCALE 1	1	1
		*TM_SCALEAXIS 0	0	0
		*TM_SCALEAXISANG 0	0	0
	}
}
*HELPEROBJECT {
	*NODE_NAME "Bip01 Pelvis"
	*NODE_PARENT "Bip01"
	*NODE_TM {
		*NODE_NAME "Bip01 Pelvis"
		*TM_ROW0 -1.19209e-006	-1.64892e-007	1
		*TM_ROW1 2.99332e-006	-1	-1.64887e-007
		*TM_ROW2 1	2.99332e-006	1.66893e-006
		*TM_ROW3 0.138205	28.5052	71.7112
		*TM_POS 0.138205	28.5052	71.7112
		*TM_ROTAXIS -0.707106	-1e-006	-0.707107
		*TM_ROTANGLE 3.14159
		*TM_SCALE 1	1	1
		*TM_SCALEAXIS 0	0	0
		*TM_SCALEAXISANG 0	0	0
	}
}
*HELPEROBJECT {
	*NODE_NAME "Bip01 Spine"
	*NODE_PARENT "Bip01 Pelvis"
	*NODE_TM {
		*NODE_NAME "Bip01 Spine"
		*TM_ROW0 1.46031e-006	-1	-0.000796169
		*TM_ROW1 -2.20537e-006	0.000796258	-1
		*TM_ROW2 1	1.2815e-006	-2.08616e-006
		*TM_ROW3 0.138185	18.8606	79.0297
		*TM_POS 0.138185	18.8606	79.0297
		*TM_ROTAXIS 0.577198	-0.577657	0.577196
		*TM_ROTANGLE 2.09394
		*TM_SCALE 1	1	1
		*TM_SCALEAXIS 0	0	0
		*TM_SCALEAXISANG 0	0	0
	}
}
*HELPEROBJECT {
	*NODE_NAME "Bip01 Spine1"
	*NODE_PARENT "Bip01 Spine"
	*NODE_TM {
		*NODE_NAME "Bip01 Spine1"
		*TM_ROW0 2.38419e-006	-0.996264	0.0863627
		*TM_ROW1 -3.12924e-006	-0.0863625	-0.996264
		*TM_ROW2 1	1.90735e-006	-3.09944e-006
		*TM_ROW3 0.138213	-1.6097	79.0269
		*TM_POS 0.138213	-1.6097	79.0269
		*TM_ROTAXIS 0.593287	-0.544081	0.593284
		*TM_ROTANGLE 2.14502
		*TM_SCALE 1	1	1
		*TM_SCALEAXIS 0	0	0
		*TM_SCALEAXISANG 0	0	0
	}
}
*HELPEROBJECT {
	*NODE_NAME "Bip01 Spine2"
	*NODE_PARENT "Bip01 Spine1"
	*NODE_TM {
		*NODE_NAME "Bip01 Spine2"
		*TM_ROW0 1.72853e-006	-0.906644	0.421897
		*TM_ROW1 -2.35438e-006	-0.421897	-0.906644
		*TM_ROW2 1	4.17232e-007	-2.74181e-006
		*TM_ROW3 0.138236	-18.6087	80.5302
		*TM_POS 0.138236	-18.6087	80.5302
		*TM_ROTAXIS 0.644616	-0.411026	0.644614
		*TM_ROTANGLE 2.36164
		*TM_SCALE 1	1	1
		*TM_SCALEAXIS 0	0	0
		*TM_SCALEAXISANG 0	0	0
	}
}
*HELPEROBJECT {
	*NODE_NAME "Bip01 L Claw"
	*NODE_PARENT "Bip01 Spine2"
	*NODE_TM {
		*NODE_NAME "Bip01 L Claw"
		*TM_ROW0 0.893131	0.445028	0.0653226
		*TM_ROW1 -0.417043	0.764911	0.490904
		*TM_ROW2 0.1685	-0.465684	0.868761
		*TM_ROW3 22.4855	-51.1352	103.972
		*TM_POS 22.4855	-51.1352	103.972
		*TM_ROTAXIS -0.74048	-0.079868	-0.667316
		*TM_ROTANGLE 0.702233
		*TM_SCALE 1	1	1
		*TM_SCALEAXIS 0	0	0
		*TM_SCALEAXISANG 0	0	0
	}
	*TM_ANIMATION {
		*NODE_NAME  "Bip01 L Claw"
		*CONTROL_POS_TRACK {
			*CONTROL_POS_SAMPLE 1	22.4842	-51.1336	103.972
			*CONTROL_POS_SAMPLE 193	22.4842	-51.1336	103.972
			*CONTROL_POS_SAMPLE 385	22.4842	-51.1336	103.972
			*CONTROL_POS_SAMPLE 577	22.4842	-51.1336	103.972
			*CONTROL_POS_SAMPLE 769	22.4842	-51.1336	103.972
			*CONTROL_POS_SAMPLE 961	22.4842	-51.1336	103.972
			*CONTROL_POS_SAMPLE 1153	22.4842	-51.1336	103.972
			*CONTROL_POS_SAMPLE 1345	22.4842	-51.1336	103.972
			*CONTROL_POS_SAMPLE 1537	22.4842	-51.1336	103.972
			*CONTROL_POS_SAMPLE 1729	22.4842	-51.1336	103.972
			*CONTROL_POS_SAMPLE 1921	22.4842	-51.1336	103.972
			*CONTROL_POS_SAMPLE 2113	22.4842	-51.1336	103.972
			*CONTROL_POS_SAMPLE 2305	22.4842	-51.1336	103.972
			*CONTROL_POS_SAMPLE 2497	22.4842	-51.1336	103.972
			*CONTROL_POS_SAMPLE 2689	22.4842	-51.1336	103.972
			*CONTROL_POS_SAMPLE 2881	22.4842	-51.1336	103.972
			*CONTROL_POS_SAMPLE 3073	22.4842	-51.1336	103.972
			*CONTROL_POS_SAMPLE 3265	22.4842	-51.1336	103.972
			*CONTROL_POS_SAMPLE 3457	22.4842	-51.1336	103.972
			*CONTROL_POS_SAMPLE 3649	22.4842	-51.1336	103.972
			*CONTROL_POS_SAMPLE 3841	22.4842	-51.1336	103.972
			*CONTROL_POS_SAMPLE 4033	22.4842	-51.1336	103.972
			*CONTROL_POS_SAMPLE 4225	22.4842	-51.1336	103.972
			*CONTROL_POS_SAMPLE 4417	22.4842	-51.1336	103.972
			*CONTROL_POS_SAMPLE 4609	22.4842	-51.1336	103.972
			*CONTROL_POS_SAMPLE 4801	22.4842	-51.1336	103.972
			*CONTROL_POS_SAMPLE 4993	22.4842	-51.1336	103.972
			*CONTROL_POS_SAMPLE 5185	22.4842	-51.1336	103.972
			*CONTROL_POS_SAMPLE 5377	22.4842	-51.1336	103.972
		}
		*CONTROL_ROT_TRACK {
			*CONTROL_ROT_SAMPLE 1	-0.195972	-0.396632	-0.896815	0.472089
			*CONTROL_ROT_SAMPLE 193	-0.400226	-0.399583	-0.824713	0.496221
			*CONTROL_ROT_SAMPLE 385	-0.567713	-0.385495	-0.72739	0.541125
			*CONTROL_ROT_SAMPLE 577	-0.674697	-0.3701	-0.6386	0.595671
			*CONTROL_ROT_SAMPLE 769	-0.725359	-0.368318	-0.581547	0.641989
			*CONTROL_ROT_SAMPLE 961	-0.72558	-0.389467	-0.567317	0.664592
			*CONTROL_ROT_SAMPLE 1153	-0.652849	-0.447393	-0.611251	0.653109
			*CONTROL_ROT_SAMPLE 1345	-0.412725	-0.554072	-0.722954	0.6268
			*CONTROL_ROT_SAMPLE 1537	-0.0318583	-0.618479	-0.785155	0.662552
			*CONTROL_ROT_SAMPLE 1729	0.298911	-0.597221	-0.744298	0.778613
			*CONTROL_ROT_SAMPLE 1921	0.490064	-0.550972	-0.675476	0.911296
			*CONTROL_ROT_SAMPLE 2113	0.573832	-0.523849	-0.629523	0.980396
			*CONTROL_ROT_SAMPLE 2305	0.589447	-0.530593	-0.609117	0.938585
			*CONTROL_ROT_SAMPLE 2497	0.570186	-0.569054	-0.592508	0.812897
			*CONTROL_ROT_SAMPLE 2689	0.501936	-0.643874	-0.577483	0.639647
			*CONTROL_ROT_SAMPLE 2881	0.332521	-0.761263	-0.556693	0.460713
			*CONTROL_ROT_SAMPLE 3073	-0.038772	-0.866912	-0.496952	0.329287
			*CONTROL_ROT_SAMPLE 3265	-0.513722	-0.768487	-0.381469	0.291133
			*CONTROL_ROT_SAMPLE 3457	-0.739237	-0.548081	-0.391326	0.314294
			*CONTROL_ROT_SAMPLE 3649	-0.707853	-0.305483	-0.636886	0.385781
			*CONTROL_ROT_SAMPLE 3841	-0.539957	-0.119892	-0.83311	0.525483
			*CONTROL_ROT_SAMPLE 4033	-0.392582	-0.0242522	-0.919397	0.69262
			*CONTROL_ROT_SAMPLE 4225	-0.303717	0.0139291	-0.952661	0.81924
			*CONTROL_ROT_SAMPLE 4417	-0.266939	0.0174726	-0.963555	0.8522
			*CONTROL_ROT_SAMPLE 4609	-0.240591	-0.000402549	-0.970626	0.828031
			*CONTROL_ROT_SAMPLE 4801	-0.213648	-0.0365198	-0.976228	0.769413
			*CONTROL_ROT_SAMPLE 4993	-0.18148	-0.0927873	-0.979007	0.689771
			*CONTROL_ROT_SAMPLE 5185	-0.139209	-0.170865	-0.975411	0.603438
			*CONTROL_ROT_SAMPLE 5377	-0.0829163	-0.268787	-0.959624	0.524802
		}
		*CONTROL_SCALE_TRACK {
			*CONTROL_SCALE_SAMPLE	1	1	1	1	0	0	0	0
		}
	}
}
*HELPEROBJECT {
	*NODE_NAME "Bip01 L Claw1"
	*NODE_PARENT "Bip01 L Claw"
	*NODE_TM {
		*NODE_NAME "Bip01 L Claw1"
		*TM_ROW0 0.992257	0.1235	0.0131851
		*TM_ROW1 -0.110226	0.924548	-0.364775
		*TM_ROW2 -0.0572401	0.360497	0.931002
		*TM_ROW3 52.9415	-106.871	67.2726
		*TM_POS 52.9415	-106.871	67.2726
		*TM_ROTAXIS 0.947759	0.092029	-0.305424
		*TM_ROTANGLE 0.392636
		*TM_SCALE 1	1	1
		*TM_SCALEAXIS 0	0	0
		*TM_SCALEAXISANG 0	0	0
	}
	*TM_ANIMATION {
		*NODE_NAME  "Bip01 L Claw1"
		*CONTROL_POS_TRACK {
			*CONTROL_POS_SAMPLE 1	51.6144	-117.683	93.8009
			*CONTROL_POS_SAMPLE 193	49.6859	-116.93	86.3129
			*CONTROL_POS_SAMPLE 385	47.467	-115.361	78.8398
			*CONTROL_POS_SAMPLE 577	45.3849	-113.312	72.5035
			*CONTROL_POS_SAMPLE 769	43.881	-111.549	68.2928
			*CONTROL_POS_SAMPLE 961	43.4743	-110.922	67.0166
			*CONTROL_POS_SAMPLE 1153	45.0363	-112.139	70.0504
			*CONTROL_POS_SAMPLE 1345	50.0946	-114.689	79.9046
			*CONTROL_POS_SAMPLE 1537	57.296	-114.968	94.2659
			*CONTROL_POS_SAMPLE 1729	64.3138	-111.159	109.281
			*CONTROL_POS_SAMPLE 1921	69.0649	-105.125	121.179
			*CONTROL_POS_SAMPLE 2113	70.3975	-101.388	127.631
			*CONTROL_POS_SAMPLE 2305	67.6869	-103.411	128.562
			*CONTROL_POS_SAMPLE 2497	61.2423	-109.394	125.981
			*CONTROL_POS_SAMPLE 2689	52.1931	-116.293	119.865
			*CONTROL_POS_SAMPLE 2881	42.3186	-121.422	110.835
			*CONTROL_POS_SAMPLE 3073	33.9135	-123.513	100.589
			*CONTROL_POS_SAMPLE 3265	29.1136	-123.112	91.4823
			*CONTROL_POS_SAMPLE 3457	29.7545	-121.796	85.6741
			*CONTROL_POS_SAMPLE 3649	38.7776	-119.395	82.6233
			*CONTROL_POS_SAMPLE 3841	52.4003	-114.525	82.3512
			*CONTROL_POS_SAMPLE 4033	65.3066	-107.397	84.438
			*CONTROL_POS_SAMPLE 4225	73.5715	-101.04	87.2296
			*CONTROL_POS_SAMPLE 4417	75.7415	-99.2658	88.8771
			*CONTROL_POS_SAMPLE 4609	74.8635	-100.602	90.1807
			*CONTROL_POS_SAMPLE 4801	72.0728	-103.74	91.5455
			*CONTROL_POS_SAMPLE 4993	67.8188	-107.785	93.1876
			*CONTROL_POS_SAMPLE 5185	62.6797	-111.869	95.2277
			*CONTROL_POS_SAMPLE 5377	57.415	-115.321	97.5895
		}
		*CONTROL_ROT_TRACK {
			*CONTROL_ROT_SAMPLE 1	0.988585	-0.0377195	-0.145867	0.945713
			*CONTROL_ROT_SAMPLE 193	0.985129	-0.0799449	-0.152087	0.978301
			*CONTROL_ROT_SAMPLE 385	0.97952	-0.118786	-0.162574	1.01117
			*CONTROL_ROT_SAMPLE 577	0.972652	-0.149693	-0.177594	1.05254
			*CONTROL_ROT_SAMPLE 769	0.966203	-0.168701	-0.194917	1.11064
			*CONTROL_ROT_SAMPLE 961	0.961911	-0.172696	-0.211906	1.1932
			*CONTROL_ROT_SAMPLE 1153	0.960838	-0.158567	-0.227259	1.31806
			*CONTROL_ROT_SAMPLE 1345	0.962028	-0.122953	-0.243688	1.52873
			*CONTROL_ROT_SAMPLE 1537	0.963114	-0.083604	-0.255778	1.78502
			*CONTROL_ROT_SAMPLE 1729	0.963788	-0.0516229	-0.261626	2.03451
			*CONTROL_ROT_SAMPLE 1921	0.96486	-0.031726	-0.260844	2.22287
			*CONTROL_ROT_SAMPLE 2113	0.96722	-0.0273375	-0.252466	2.2957
			*CONTROL_ROT_SAMPLE 2305	0.971862	-0.0441405	-0.231376	2.21526
			*CONTROL_ROT_SAMPLE 2497	0.978312	-0.080757	-0.190745	2.01452
			*CONTROL_ROT_SAMPLE 2689	0.983288	-0.129172	-0.128296	1.74389
			*CONTROL_ROT_SAMPLE 2881	0.982237	-0.183026	-0.041384	1.45468
			*CONTROL_ROT_SAMPLE 3073	0.970005	-0.234066	0.0655997	1.19583
			*CONTROL_ROT_SAMPLE 3265	0.949446	-0.266862	0.16534	1.00735
			*CONTROL_ROT_SAMPLE 3457	0.947427	-0.254972	0.193317	0.917526
			*CONTROL_ROT_SAMPLE 3649	0.984951	-0.154498	0.0774762	0.95243
			*CONTROL_ROT_SAMPLE 3841	0.99724	-0.00351931	-0.0741635	1.10834
			*CONTROL_ROT_SAMPLE 4033	0.977412	0.129096	-0.167331	1.32175
			*CONTROL_ROT_SAMPLE 4225	0.955426	0.210899	-0.206597	1.48652
			*CONTROL_ROT_SAMPLE 4417	0.946445	0.234025	-0.222427	1.51454
			*CONTROL_ROT_SAMPLE 4609	0.945895	0.225304	-0.233495	1.46911
			*CONTROL_ROT_SAMPLE 4801	0.950953	0.196056	-0.239272	1.37998
			*CONTROL_ROT_SAMPLE 4993	0.960194	0.151427	-0.234729	1.26267
			*CONTROL_ROT_SAMPLE 5185	0.971726	0.0975898	-0.214999	1.13345
			*CONTROL_ROT_SAMPLE 5377	0.982922	0.0417262	-0.179229	1.00891
		}
		*CONTROL_SCALE_TRACK {
			*CONTROL_SCALE_SAMPLE	1	1	1	1	0	0	0	0
		}
	}
}
*HELPEROBJECT {
	*NODE_NAME "Bip01 L Claw2"
	*NODE_PARENT "Bip01 L Claw1"
	*NODE_TM {
		*NODE_NAME "Bip01 L Claw2"
		*TM_ROW0 0.992257	0.1235	0.0131848
		*TM_ROW1 -0.0686327	0.456736	0.886951
		*TM_ROW2 0.103517	-0.880988	0.461675
		*TM_ROW3 56.6018	-137.612	79.7626
		*TM_POS 56.6018	-137.612	79.7626
		*TM_ROTAXIS -0.992867	-0.05073	-0.107901
		*TM_ROTANGLE 1.09805
		*TM_SCALE 1	1	1
		*TM_SCALEAXIS 0	0	0
		*TM_SCALEAXISANG 0	0	0
	}
	*TM_ANIMATION {
		*NODE_NAME  "Bip01 L Claw2"
		*CONTROL_POS_TRACK {
			*CONTROL_POS_SAMPLE 1	56.0685	-136.968	120.684
			*CONTROL_POS_SAMPLE 193	55.0573	-135.39	113.604
			*CONTROL_POS_SAMPLE 385	53.8959	-133.022	106.429
			*CONTROL_POS_SAMPLE 577	53.0008	-129.939	100.432
			*CONTROL_POS_SAMPLE 769	52.7502	-126.606	96.7372
			*CONTROL_POS_SAMPLE 961	53.5602	-123.551	96.2268
			*CONTROL_POS_SAMPLE 1153	56.1913	-120.795	100.301
			*CONTROL_POS_SAMPLE 1345	61.9695	-116.246	111.066
			*CONTROL_POS_SAMPLE 1537	68.8248	-107.831	124.772
			*CONTROL_POS_SAMPLE 1729	74.4211	-96.062	137.288
			*CONTROL_POS_SAMPLE 1921	77.4998	-84.6608	146.17
			*CONTROL_POS_SAMPLE 2113	78.0441	-79.0493	151.231
			*CONTROL_POS_SAMPLE 2305	76.0441	-83.1952	153.78
			*CONTROL_POS_SAMPLE 2497	70.6968	-95.0716	154.615
			*CONTROL_POS_SAMPLE 2689	61.374	-110.866	151.499
			*CONTROL_POS_SAMPLE 2881	49.0444	-125.949	143.219
			*CONTROL_POS_SAMPLE 3073	36.7645	-136.599	131.169
			*CONTROL_POS_SAMPLE 3265	28.4869	-141.787	119.147
			*CONTROL_POS_SAMPLE 3457	27.8835	-142.691	111.643
			*CONTROL_POS_SAMPLE 3649	38.857	-138.815	109.777
			*CONTROL_POS_SAMPLE 3841	54.6671	-129.12	112.29
			*CONTROL_POS_SAMPLE 4033	67.462	-115.733	116.692
			*CONTROL_POS_SAMPLE 4225	74.1515	-104.905	120.384
			*CONTROL_POS_SAMPLE 4417	76.031	-102.569	122.095
			*CONTROL_POS_SAMPLE 4609	76.0833	-105.215	123.221
			*CONTROL_POS_SAMPLE 4801	74.7447	-110.812	124.062
			*CONTROL_POS_SAMPLE 4993	71.8019	-118.145	124.672
			*CONTROL_POS_SAMPLE 5185	67.2854	-125.9	125.167
			*CONTROL_POS_SAMPLE 5377	61.798	-132.856	125.656
		}
		*CONTROL_ROT_TRACK {
			*CONTROL_ROT_SAMPLE 1	-0.980693	-0.17186	-0.0933024	0.717038
			*CONTROL_ROT_SAMPLE 193	-0.982467	-0.183968	-0.0302333	0.895715
			*CONTROL_ROT_SAMPLE 385	-0.981897	-0.188653	0.0169955	1.0816
			*CONTROL_ROT_SAMPLE 577	-0.979612	-0.194463	0.0504425	1.23928
			*CONTROL_ROT_SAMPLE 769	-0.975543	-0.207426	0.0727323	1.33316
			*CONTROL_ROT_SAMPLE 961	-0.968471	-0.234825	0.0831945	1.32857
			*CONTROL_ROT_SAMPLE 1153	-0.95212	-0.296657	0.0739117	1.17681
			*CONTROL_ROT_SAMPLE 1345	-0.880572	-0.473901	0.00334056	0.819982
			*CONTROL_ROT_SAMPLE 1537	-0.396486	-0.880198	-0.260864	0.460531
			*CONTROL_ROT_SAMPLE 1729	0.641701	-0.645081	-0.414838	0.600537
			*CONTROL_ROT_SAMPLE 1921	0.870616	-0.344185	-0.351519	0.998456
			*CONTROL_ROT_SAMPLE 2113	0.919472	-0.238776	-0.312341	1.25962
			*CONTROL_ROT_SAMPLE 2305	0.936542	-0.217937	-0.274577	1.28985
			*CONTROL_ROT_SAMPLE 2497	0.948651	-0.234535	-0.21226	1.17328
			*CONTROL_ROT_SAMPLE 2689	0.953547	-0.279739	-0.111776	0.96204
			*CONTROL_ROT_SAMPLE 2881	0.9336	-0.353608	0.0578925	0.711287
			*CONTROL_ROT_SAMPLE 3073	0.820724	-0.452281	0.349075	0.48372
			*CONTROL_ROT_SAMPLE 3265	0.46757	-0.51017	0.721876	0.344519
			*CONTROL_ROT_SAMPLE 3457	-0.0201129	-0.463033	0.886113	0.284408
			*CONTROL_ROT_SAMPLE 3649	-0.677305	-0.392459	0.622281	0.215807
			*CONTROL_ROT_SAMPLE 3841	-0.959771	-0.188167	-0.208406	0.279209
			*CONTROL_ROT_SAMPLE 4033	-0.810062	-0.101777	-0.577443	0.446174
			*CONTROL_ROT_SAMPLE 4225	-0.72556	-0.0970873	-0.681276	0.589102
			*CONTROL_ROT_SAMPLE 4417	-0.725715	-0.110518	-0.67906	0.656464
			*CONTROL_ROT_SAMPLE 4609	-0.754305	-0.129343	-0.643657	0.675273
			*CONTROL_ROT_SAMPLE 4801	-0.797505	-0.147902	-0.584903	0.664916
			*CONTROL_ROT_SAMPLE 4993	-0.850606	-0.1619	-0.500257	0.637873
			*CONTROL_ROT_SAMPLE 5185	-0.905616	-0.166753	-0.389939	0.607068
			*CONTROL_ROT_SAMPLE 5377	-0.95116	-0.160615	-0.263623	0.584534
		}
		*CONTROL_SCALE_TRACK {
			*CONTROL_SCALE_SAMPLE	1	1	1	1	0	0	0	0
		}
	}
}
*HELPEROBJECT {
	*NODE_NAME "Bip01 R Claw"
	*NODE_PARENT "Bip01 Spine2"
	*NODE_TM {
		*NODE_NAME "Bip01 R Claw"
		*TM_ROW0 0.893131	-0.445029	-0.0653228
		*TM_ROW1 -0.417043	-0.764911	-0.490903
		*TM_ROW2 0.1685	0.465683	-0.868762
		*TM_ROW3 -22.4856	-51.1352	103.972
		*TM_POS -22.4856	-51.1352	103.972
		*TM_ROTAXIS 0.971009	-0.237348	0.028407
		*TM_ROTANGLE 2.62655
		*TM_SCALE 1	1	1
		*TM_SCALEAXIS 0	0	0
		*TM_SCALEAXISANG 0	0	0
	}
	*TM_ANIMATION {
		*NODE_NAME  "Bip01 R Claw"
		*CONTROL_POS_TRACK {
			*CONTROL_POS_SAMPLE 1	-22.4874	-51.1336	103.972
			*CONTROL_POS_SAMPLE 193	-22.4874	-51.1336	103.972
			*CONTROL_POS_SAMPLE 385	-22.4874	-51.1336	103.972
			*CONTROL_POS_SAMPLE 577	-22.4874	-51.1336	103.972
			*CONTROL_POS_SAMPLE 769	-22.4874	-51.1336	103.972
			*CONTROL_POS_SAMPLE 961	-22.4874	-51.1336	103.972
			*CONTROL_POS_SAMPLE 1153	-22.4874	-51.1336	103.972
			*CONTROL_POS_SAMPLE 1345	-22.4874	-51.1336	103.972
			*CONTROL_POS_SAMPLE 1537	-22.4874	-51.1336	103.972
			*CONTROL_POS_SAMPLE 1729	-22.4874	-51.1336	103.972
			*CONTROL_POS_SAMPLE 1921	-22.4874	-51.1336	103.972
			*CONTROL_POS_SAMPLE 2113	-22.4874	-51.1336	103.972
			*CONTROL_POS_SAMPLE 2305	-22.4874	-51.1336	103.972
			*CONTROL_POS_SAMPLE 2497	-22.4874	-51.1336	103.972
			*CONTROL_POS_SAMPLE 2689	-22.4874	-51.1336	103.972
			*CONTROL_POS_SAMPLE 2881	-22.4874	-51.1336	103.972
			*CONTROL_POS_SAMPLE 3073	-22.4874	-51.1336	103.972
			*CONTROL_POS_SAMPLE 3265	-22.4874	-51.1336	103.972
			*CONTROL_POS_SAMPLE 3457	-22.4874	-51.1336	103.972
			*CONTROL_POS_SAMPLE 3649	-22.4874	-51.1336	103.972
			*CONTROL_POS_SAMPLE 3841	-22.4874	-51.1336	103.972
			*CONTROL_POS_SAMPLE 4033	-22.4874	-51.1336	103.972
			*CONTROL_POS_SAMPLE 4225	-22.4874	-51.1336	103.972
			*CONTROL_POS_SAMPLE 4417	-22.4874	-51.1336	103.972
			*CONTROL_POS_SAMPLE 4609	-22.4874	-51.1336	103.972
			*CONTROL_POS_SAMPLE 4801	-22.4874	-51.1336	103.972
			*CONTROL_POS_SAMPLE 4993	-22.4874	-51.1336	103.972
			*CONTROL_POS_SAMPLE 5185	-22.4874	-51.1336	103.972
			*CONTROL_POS_SAMPLE 5377	-22.4874	-51.1336	103.972
		}
		*CONTROL_ROT_TRACK {
			*CONTROL_ROT_SAMPLE 1	0.965466	-0.237982	0.106015	3.23812
			*CONTROL_ROT_SAMPLE 193	0.955535	-0.264923	0.129493	3.35842
			*CONTROL_ROT_SAMPLE 385	0.943166	-0.293933	0.155055	3.4884
			*CONTROL_ROT_SAMPLE 577	0.928687	-0.32351	0.181332	3.61968
			*CONTROL_ROT_SAMPLE 769	0.912793	-0.352159	0.206863	3.74426
			*CONTROL_ROT_SAMPLE 961	0.896643	-0.378243	0.230137	3.85397
			*CONTROL_ROT_SAMPLE 1153	0.881975	-0.399953	0.249315	3.9414
			*CONTROL_ROT_SAMPLE 1345	0.871017	-0.41529	0.262419	3.99917
			*CONTROL_ROT_SAMPLE 1537	0.866162	-0.422187	0.267434	4.02009
			*CONTROL_ROT_SAMPLE 1729	0.872703	-0.414203	0.258507	3.97641
			*CONTROL_ROT_SAMPLE 1921	0.926224	-0.330578	0.181183	3.57195
			*CONTROL_ROT_SAMPLE 2113	0.973993	-0.214014	0.0744084	3.00524
			*CONTROL_ROT_SAMPLE 2305	0.990756	-0.135649	-0.00139669	2.6779
			*CONTROL_ROT_SAMPLE 2497	0.993114	-0.113553	-0.0288242	2.67241
			*CONTROL_ROT_SAMPLE 2689	0.993078	-0.110733	-0.0391673	2.792
			*CONTROL_ROT_SAMPLE 2881	0.991563	-0.123675	-0.0388298	2.96902
			*CONTROL_ROT_SAMPLE 3073	0.988366	-0.148028	-0.0349188	3.1364
			*CONTROL_ROT_SAMPLE 3265	0.983088	-0.17989	-0.0343053	3.22872
			*CONTROL_ROT_SAMPLE 3457	0.972248	-0.231157	-0.0360643	3.26365
			*CONTROL_ROT_SAMPLE 3649	0.9536	-0.298834	-0.0366893	3.27552
			*CONTROL_ROT_SAMPLE 3841	0.928876	-0.368694	-0.0354201	3.27088
			*CONTROL_ROT_SAMPLE 4033	0.903399	-0.427636	-0.0315836	3.25705
			*CONTROL_ROT_SAMPLE 4225	0.88545	-0.464072	-0.0248013	3.24246
			*CONTROL_ROT_SAMPLE 4417	0.882973	-0.469193	-0.0147071	3.23337
			*CONTROL_ROT_SAMPLE 4609	0.892637	-0.450775	-0.00118409	3.22179
			*CONTROL_ROT_SAMPLE 4801	0.909499	-0.415436	0.0149759	3.2068
			*CONTROL_ROT_SAMPLE 4993	0.929138	-0.368281	0.0327429	3.18943
			*CONTROL_ROT_SAMPLE 5185	0.947737	-0.314936	0.0510952	3.17098
			*CONTROL_ROT_SAMPLE 5377	0.962718	-0.261521	0.0691461	3.15257
		}
		*CONTROL_SCALE_TRACK {
			*CONTROL_SCALE_SAMPLE	1	1	1	1	0	0	0	0
		}
	}
}
*HELPEROBJECT {
	*NODE_NAME "Bip01 R Claw1"
	*NODE_PARENT "Bip01 R Claw"
	*NODE_TM {
		*NODE_NAME "Bip01 R Claw1"
		*TM_ROW0 0.992257	-0.123501	-0.0131851
		*TM_ROW1 -0.110226	-0.924548	0.364775
		*TM_ROW2 -0.0572403	-0.360497	-0.931002
		*TM_ROW3 -52.9417	-106.871	67.2726
		*TM_POS -52.9417	-106.871	67.2726
		*TM_ROTAXIS 0.997994	-0.060621	-0.018266
		*TM_ROTANGLE 3.51347
		*TM_SCALE 1	1	1
		*TM_SCALEAXIS 0	0	0
		*TM_SCALEAXISANG 0	0	0
	}
	*TM_ANIMATION {
		*NODE_NAME  "Bip01 R Claw1"
		*CONTROL_POS_TRACK {
			*CONTROL_POS_SAMPLE 1	-56.7205	-115.965	106.331
			*CONTROL_POS_SAMPLE 193	-61.0828	-112.806	113.326
			*CONTROL_POS_SAMPLE 385	-65.6665	-108.145	120.288
			*CONTROL_POS_SAMPLE 577	-70.0769	-102.194	126.532
			*CONTROL_POS_SAMPLE 769	-73.9752	-95.4866	131.584
			*CONTROL_POS_SAMPLE 961	-77.1321	-88.7964	135.214
			*CONTROL_POS_SAMPLE 1153	-79.4383	-82.9743	137.489
			*CONTROL_POS_SAMPLE 1345	-80.8844	-78.8639	138.634
			*CONTROL_POS_SAMPLE 1537	-81.4874	-77.211	138.894
			*CONTROL_POS_SAMPLE 1729	-80.7982	-79.9983	137.844
			*CONTROL_POS_SAMPLE 1921	-70.7563	-102.891	123.256
			*CONTROL_POS_SAMPLE 2113	-52.0451	-117.033	91.1568
			*CONTROL_POS_SAMPLE 2305	-41.1625	-113.827	70.7853
			*CONTROL_POS_SAMPLE 2497	-39.0959	-114.404	70.7816
			*CONTROL_POS_SAMPLE 2689	-39.146	-118.023	78.8956
			*CONTROL_POS_SAMPLE 2881	-40.8774	-121.022	91.401
			*CONTROL_POS_SAMPLE 3073	-44.0185	-121.254	103.56
			*CONTROL_POS_SAMPLE 3265	-48.2292	-119.523	110.36
			*CONTROL_POS_SAMPLE 3457	-55.0904	-116.207	113.086
			*CONTROL_POS_SAMPLE 3649	-63.8327	-110.867	114.126
			*CONTROL_POS_SAMPLE 3841	-72.2742	-104.087	113.877
			*CONTROL_POS_SAMPLE 4033	-78.7895	-97.3165	112.792
			*CONTROL_POS_SAMPLE 4225	-82.503	-92.6481	111.406
			*CONTROL_POS_SAMPLE 4417	-83.09	-91.9995	110.126
			*CONTROL_POS_SAMPLE 4609	-81.444	-94.5407	108.503
			*CONTROL_POS_SAMPLE 4801	-77.9282	-99.0911	106.614
			*CONTROL_POS_SAMPLE 4993	-72.737	-104.566	104.67
			*CONTROL_POS_SAMPLE 5185	-66.3046	-109.95	102.864
			*CONTROL_POS_SAMPLE 5377	-59.373	-114.481	101.307
		}
		*CONTROL_ROT_TRACK {
			*CONTROL_ROT_SAMPLE 1	0.995005	-0.0997955	-0.0025482	4.12336
			*CONTROL_ROT_SAMPLE 193	-0.990482	0.137602	0.00319588	2.05923
			*CONTROL_ROT_SAMPLE 385	-0.983508	0.180822	0.00380963	1.95281
			*CONTROL_ROT_SAMPLE 577	-0.973802	0.227358	0.00421851	1.84785
			*CONTROL_ROT_SAMPLE 769	-0.961632	0.274309	0.00440832	1.75115
			*CONTROL_ROT_SAMPLE 961	-0.948061	0.318062	0.00418703	1.66899
			*CONTROL_ROT_SAMPLE 1153	-0.935173	0.354172	0.00374117	1.60665
			*CONTROL_ROT_SAMPLE 1345	-0.925917	0.377714	0.00328896	1.56939
			*CONTROL_ROT_SAMPLE 1537	-0.923393	0.383844	0.00294196	1.56198
			*CONTROL_ROT_SAMPLE 1729	-0.933314	0.359054	0.00215373	1.60899
			*CONTROL_ROT_SAMPLE 1921	-0.981452	0.191633	-0.0054405	1.99639
			*CONTROL_ROT_SAMPLE 2113	0.999897	-0.00934959	0.0108441	3.72568
			*CONTROL_ROT_SAMPLE 2305	0.995788	0.0913495	0.00781666	3.39883
			*CONTROL_ROT_SAMPLE 2497	0.992641	0.121056	-0.00310555	3.41363
			*CONTROL_ROT_SAMPLE 2689	0.991224	0.131052	-0.01731	3.57478
			*CONTROL_ROT_SAMPLE 2881	0.991388	0.126529	-0.0337774	3.81013
			*CONTROL_ROT_SAMPLE 3073	0.99243	0.111168	-0.052196	4.04735
			*CONTROL_ROT_SAMPLE 3265	-0.993673	-0.0869469	0.0710867	2.06823
			*CONTROL_ROT_SAMPLE 3457	-0.994114	-0.0400577	0.100665	1.95876
			*CONTROL_ROT_SAMPLE 3649	-0.989189	0.0280108	0.143945	1.88057
			*CONTROL_ROT_SAMPLE 3841	-0.97596	0.102578	0.1923	1.83353
			*CONTROL_ROT_SAMPLE 4033	-0.957422	0.168857	0.234159	1.81244
			*CONTROL_ROT_SAMPLE 4225	-0.942179	0.214388	0.257559	1.8056
			*CONTROL_ROT_SAMPLE 4417	-0.939491	0.231118	0.252864	1.80447
			*CONTROL_ROT_SAMPLE 4609	-0.94753	0.228983	0.223055	1.83362
			*CONTROL_ROT_SAMPLE 4801	-0.961028	0.211968	0.177469	1.89215
			*CONTROL_ROT_SAMPLE 4993	-0.97511	0.182563	0.125825	1.97319
			*CONTROL_ROT_SAMPLE 5185	-0.986475	0.144951	0.0765259	2.06723
			*CONTROL_ROT_SAMPLE 5377	0.993889	-0.104833	-0.0345559	4.12028
		}
		*CONTROL_SCALE_TRACK {
			*CONTROL_SCALE_SAMPLE	1	1	1	1	0	0	0	0
		}
	}
}
*HELPEROBJECT {
	*NODE_NAME "Bip01 R Claw2"
	*NODE_PARENT "Bip01 R Claw1"
	*NODE_TM {
		*NODE_NAME "Bip01 R Claw2"
		*TM_ROW0 0.992257	-0.1235	-0.0131856
		*TM_ROW1 -0.0686332	-0.456736	-0.886951
		*TM_ROW2 0.103516	0.880988	-0.461675
		*TM_ROW3 -56.602	-137.612	79.7626
		*TM_POS -56.602	-137.612	79.7626
		*TM_ROTAXIS 0.99735	-0.065835	0.030952
		*TM_ROTANGLE 2.05226
		*TM_SCALE 1	1	1
		*TM_SCALEAXIS 0	0	0
		*TM_SCALEAXISANG 0	0	0
	}
	*TM_ANIMATION {
		*NODE_NAME  "Bip01 R Claw2"
		*CONTROL_POS_TRACK {
			*CONTROL_POS_SAMPLE 1	-61.7775	-133.713	134.147
			*CONTROL_POS_SAMPLE 193	-67.6313	-127.246	142.701
			*CONTROL_POS_SAMPLE 385	-73.6405	-118.783	150.908
			*CONTROL_POS_SAMPLE 577	-79.2788	-108.812	157.93
			*CONTROL_POS_SAMPLE 769	-84.1233	-98.1935	163.27
			*CONTROL_POS_SAMPLE 961	-87.938	-88.0433	166.789
			*CONTROL_POS_SAMPLE 1153	-90.646	-79.519	168.742
			*CONTROL_POS_SAMPLE 1345	-92.3047	-73.7497	169.581
			*CONTROL_POS_SAMPLE 1537	-92.9866	-71.731	169.75
			*CONTROL_POS_SAMPLE 1729	-92.2187	-76.4909	169.014
			*CONTROL_POS_SAMPLE 1921	-79.7364	-114.639	153.183
			*CONTROL_POS_SAMPLE 2113	-52.8232	-144.687	109.836
			*CONTROL_POS_SAMPLE 2305	-35.2701	-145.475	79.6144
			*CONTROL_POS_SAMPLE 2497	-31.2034	-145.506	79.9842
			*CONTROL_POS_SAMPLE 2689	-30.6405	-147.085	92.9454
			*CONTROL_POS_SAMPLE 2881	-32.713	-146.052	111.922
			*CONTROL_POS_SAMPLE 3073	-36.6947	-140.919	129.521
			*CONTROL_POS_SAMPLE 3265	-41.8756	-134.781	139.362
			*CONTROL_POS_SAMPLE 3457	-50.1149	-128.449	143.74
			*CONTROL_POS_SAMPLE 3649	-60.3929	-120.692	145.843
			*CONTROL_POS_SAMPLE 3841	-70.1732	-112.004	146.238
			*CONTROL_POS_SAMPLE 4033	-77.7404	-103.828	145.515
			*CONTROL_POS_SAMPLE 4225	-82.2826	-98.2363	144.315
			*CONTROL_POS_SAMPLE 4417	-83.6317	-97.2485	143.088
			*CONTROL_POS_SAMPLE 4609	-83.2148	-100.721	141.259
			*CONTROL_POS_SAMPLE 4801	-81.1126	-107.37	138.795
			*CONTROL_POS_SAMPLE 4993	-77.0286	-115.798	135.811
			*CONTROL_POS_SAMPLE 5185	-71.0254	-124.526	132.521
			*CONTROL_POS_SAMPLE 5377	-63.7886	-132.263	129.21
		}
		*CONTROL_ROT_TRACK {
			*CONTROL_ROT_SAMPLE 1	0.995943	-0.0701659	0.0563374	2.72509
			*CONTROL_ROT_SAMPLE 193	0.992903	-0.094688	0.0719524	2.88817
			*CONTROL_ROT_SAMPLE 385	0.98869	-0.121755	0.087568	3.05767
			*CONTROL_ROT_SAMPLE 577	0.983368	-0.15014	0.102201	3.2271
			*CONTROL_ROT_SAMPLE 769	0.977203	-0.178575	0.114826	3.38988
			*CONTROL_ROT_SAMPLE 961	0.970665	-0.205625	0.124615	3.53968
			*CONTROL_ROT_SAMPLE 1153	0.964499	-0.229617	0.130449	3.6706
			*CONTROL_ROT_SAMPLE 1345	0.959723	-0.248423	0.131217	3.77658
			*CONTROL_ROT_SAMPLE 1537	0.957559	-0.259269	0.125939	3.85234
			*CONTROL_ROT_SAMPLE 1729	0.960826	-0.253715	0.111545	3.87561
			*CONTROL_ROT_SAMPLE 1921	0.986209	-0.153944	0.0607745	3.60246
			*CONTROL_ROT_SAMPLE 2113	0.999906	-0.00585408	0.0124029	3.18466
			*CONTROL_ROT_SAMPLE 2305	0.995809	0.0904018	-0.013851	2.92602
			*CONTROL_ROT_SAMPLE 2497	0.99268	0.116126	-0.033171	2.91212
			*CONTROL_ROT_SAMPLE 2689	0.991591	0.118185	-0.052721	3.00312
			*CONTROL_ROT_SAMPLE 2881	0.992318	0.102134	-0.0698093	3.13813
			*CONTROL_ROT_SAMPLE 3073	0.993863	0.0740716	-0.0821512	3.25643
			*CONTROL_ROT_SAMPLE 3265	0.995303	0.0398587	-0.0882272	3.29762
			*CONTROL_ROT_SAMPLE 3457	0.995936	-0.0145339	-0.0888876	3.24787
			*CONTROL_ROT_SAMPLE 3649	0.99296	-0.0872481	-0.0801116	3.14134
			*CONTROL_ROT_SAMPLE 3841	0.98486	-0.162965	-0.0590967	3.00949
			*CONTROL_ROT_SAMPLE 4033	0.973388	-0.227307	-0.0291262	2.883
			*CONTROL_ROT_SAMPLE 4225	0.963638	-0.267211	0.000815502	2.78954
			*CONTROL_ROT_SAMPLE 4417	0.961677	-0.273422	0.0204479	2.74531
			*CONTROL_ROT_SAMPLE 4609	0.965699	-0.257477	0.0336257	2.71242
			*CONTROL_ROT_SAMPLE 4801	0.97312	-0.226465	0.0418369	2.68178
			*CONTROL_ROT_SAMPLE 4993	0.981665	-0.185098	0.0455245	2.65284
			*CONTROL_ROT_SAMPLE 5185	0.989338	-0.138341	0.0455238	2.62596
			*CONTROL_ROT_SAMPLE 5377	0.994875	-0.0912409	0.043566	2.60025
		}
		*CONTROL_SCALE_TRACK {
			*CONTROL_SCALE_SAMPLE	1	1	1	1	0	0	0	0
		}
	}
}
*HELPEROBJECT {
	*NODE_NAME "Bip01 Neck"
	*NODE_PARENT "Bip01 Spine2"
	*NODE_TM {
		*NODE_NAME "Bip01 Neck"
		*TM_ROW0 1.90735e-006	-0.860426	0.509575
		*TM_ROW1 -2.05636e-006	-0.509575	-0.860426
		*TM_ROW2 1	5.36441e-007	-2.563e-006
		*TM_ROW3 0.138286	-54.504	97.2505
		*TM_POS 0.138286	-54.504	97.2505
		*TM_ROTAXIS 0.655844	-0.373817	0.655842
		*TM_ROTANGLE 2.42613
		*TM_SCALE 1	1	1
		*TM_SCALEAXIS 0	0	0
		*TM_SCALEAXISANG 0	0	0
	}
}
*HELPEROBJECT {
	*NODE_NAME "Bip01 Neck1"
	*NODE_PARENT "Bip01 Neck"
	*NODE_TM {
		*NODE_NAME "Bip01 Neck1"
		*TM_ROW0 2.98023e-007	-0.875324	0.483536
		*TM_ROW1 -2.08616e-006	-0.483536	-0.875324
		*TM_ROW2 1	-7.15256e-007	-2.08616e-006
		*TM_ROW3 0.138308	-71.0246	107.059
		*TM_POS 0.138308	-71.0246	107.059
		*TM_ROTAXIS 0.652588	-0.385044	0.652587
		*TM_ROTANGLE 2.4065
		*TM_SCALE 1	1	1
		*TM_SCALEAXIS 0	0	0
		*TM_SCALEAXISANG 0	0	0
	}
}
*HELPEROBJECT {
	*NODE_NAME "Bip01 Head"
	*NODE_PARENT "Bip01 Neck1"
	*NODE_TM {
		*NODE_NAME "Bip01 Head"
		*TM_ROW0 1.19209e-007	1.10237e-006	1
		*TM_ROW1 -1.11829e-006	-1	1.07628e-006
		*TM_ROW2 1	-1.1183e-006	1.19209e-007
		*TM_ROW3 0.13834	-93.988	119.744
		*TM_POS 0.13834	-93.988	119.744
		*TM_ROTAXIS -0.707107	1.48545e-008	-0.707107
		*TM_ROTANGLE 3.14159
		*TM_SCALE 1	1	1
		*TM_SCALEAXIS 0	0	0
		*TM_SCALEAXISANG 0	0	0
	}
}
*HELPEROBJECT {
	*NODE_NAME "Bip01 L J1"
	*NODE_PARENT "Bip01 Head"
	*NODE_TM {
		*NODE_NAME "Bip01 L J1"
		*TM_ROW0 1	-6.96502e-006	-2.67816e-006
		*TM_ROW1 7.43426e-006	0.960896	0.276909
		*TM_ROW2 6.44753e-007	-0.276909	0.960896
		*TM_ROW3 20.9662	-92.9609	105.923
		*TM_POS 20.9662	-92.9609	105.923
		*TM_ROTAXIS -1	-6e-006	2.6e-005
		*TM_ROTANGLE 0.280576
		*TM_SCALE 1	1	1
		*TM_SCALEAXIS 0	0	0
		*TM_SCALEAXISANG 0	0	0
	}
}
*HELPEROBJECT {
	*NODE_NAME "Bip01 L J"
	*NODE_PARENT "Bip01 Head"
	*NODE_TM {
		*NODE_NAME "Bip01 L J"
		*TM_ROW0 1	-6.96502e-006	-2.67816e-006
		*TM_ROW1 7.43426e-006	0.960896	0.276909
		*TM_ROW2 6.44753e-007	-0.276909	0.960896
		*TM_ROW3 20.9662	-92.9609	114.925
		*TM_POS 20.9662	-92.9609	114.925
		*TM_ROTAXIS -1	-6e-006	2.6e-005
		*TM_ROTANGLE 0.280576
		*TM_SCALE 1	1	1
		*TM_SCALEAXIS 0	0	0
		*TM_SCALEAXISANG 0	0	0
	}
}
*HELPEROBJECT {
	*NODE_NAME "Bip01 R J1"
	*NODE_PARENT "Bip01 Head"
	*NODE_TM {
		*NODE_NAME "Bip01 R J1"
		*TM_ROW0 1	-7.8434e-006	-1.10828e-006
		*TM_ROW1 -7.8434e-006	-0.96085	-0.27707
		*TM_ROW2 1.10828e-006	0.27707	-0.96085
		*TM_ROW3 -20.9664	-92.9609	105.923
		*TM_POS -20.9664	-92.9609	105.923
		*TM_ROTAXIS 1	-4e-006	-5.79784e-014
		*TM_ROTANGLE 2.86085
		*TM_SCALE 1	1	1
		*TM_SCALEAXIS 0	0	0
		*TM_SCALEAXISANG 0	0	0
	}
}
*HELPEROBJECT {
	*NODE_NAME "Bip01 R J"
	*NODE_PARENT "Bip01 Head"
	*NODE_TM {
		*NODE_NAME "Bip01 R J"
		*TM_ROW0 1	-7.8434e-006	-1.10828e-006
		*TM_ROW1 -7.8434e-006	-0.96085	-0.277069
		*TM_ROW2 1.10828e-006	0.277069	-0.96085
		*TM_ROW3 -20.9664	-92.9609	114.925
		*TM_POS -20.9664	-92.9609	114.925
		*TM_ROTAXIS 1	-4e-006	-8.69675e-014
		*TM_ROTANGLE 2.86085
		*TM_SCALE 1	1	1
		*TM_SCALEAXIS 0	0	0
		*TM_SCALEAXISANG 0	0	0
	}
}
*HELPEROBJECT {
	*NODE_NAME "Bip01 L Clavicle"
	*NODE_PARENT "Bip01 Neck"
	*NODE_TM {
		*NODE_NAME "Bip01 L Clavicle"
		*TM_ROW0 0.999676	0.0230802	-0.0107617
		*TM_ROW1 -7.20844e-007	0.422619	0.906308
		*TM_ROW2 0.0254659	-0.906014	0.422482
		*TM_ROW3 17.3398	-19.2114	82.4134
		*TM_POS 17.3398	-19.2114	82.4134
		*TM_ROTAXIS -0.999719	-0.019984	-0.012732
		*TM_ROTANGLE 1.13472
		*TM_SCALE 1	1	1
		*TM_SCALEAXIS 0	0	0
		*TM_SCALEAXISANG 0	0	0
	}
}
*HELPEROBJECT {
	*NODE_NAME "Bip01 L UpperArm"
	*NODE_PARENT "Bip01 L Clavicle"
	*NODE_TM {
		*NODE_NAME "Bip01 L UpperArm"
		*TM_ROW0 0.873434	-0.346233	0.342397
		*TM_ROW1 -0.245115	0.294956	0.923536
		*TM_ROW2 -0.420751	-0.890575	0.172758
		*TM_ROW3 29.534	-18.9299	82.2821
		*TM_POS 29.534	-18.9299	82.2821
		*TM_ROTAXIS -0.920546	0.387249	0.0513111
		*TM_ROTANGLE 1.39938
		*TM_SCALE 1	1	1
		*TM_SCALEAXIS 0	0	0
		*TM_SCALEAXISANG 0	0	0
	}
}
*HELPEROBJECT {
	*NODE_NAME "Bip01 L Forearm"
	*NODE_PARENT "Bip01 L UpperArm"
	*NODE_TM {
		*NODE_NAME "Bip01 L Forearm"
		*TM_ROW0 0.331439	-0.328179	-0.88456
		*TM_ROW1 0.844462	-0.314922	0.433253
		*TM_ROW2 -0.420752	-0.890574	0.172757
		*TM_ROW3 79.1939	-38.6153	101.749
		*TM_POS 79.1939	-38.6153	101.749
		*TM_ROTAXIS -0.724071	-0.253681	0.641379
		*TM_ROTANGLE 1.98817
		*TM_SCALE 1	1	1
		*TM_SCALEAXIS 0	0	0
		*TM_SCALEAXISANG 0	0	0
	}
}
*HELPEROBJECT {
	*NODE_NAME "Bip01 L Hand"
	*NODE_PARENT "Bip01 L Forearm"
	*NODE_TM {
		*NODE_NAME "Bip01 L Hand"
		*TM_ROW0 0.331439	-0.328179	-0.88456
		*TM_ROW1 0.1073	0.944583	-0.310243
		*TM_ROW2 0.937355	0.00791312	0.348286
		*TM_ROW3 117.056	-76.1051	0.700955
		*TM_POS 117.056	-76.1051	0.700955
		*TM_ROTAXIS 0.167445	-0.958871	0.229192
		*TM_ROTANGLE 1.25334
		*TM_SCALE 1	1	1
		*TM_SCALEAXIS 0	0	0
		*TM_SCALEAXISANG 0	0	0
	}
}
*HELPEROBJECT {
	*NODE_NAME "Bip01 R Clavicle"
	*NODE_PARENT "Bip01 Neck"
	*NODE_TM {
		*NODE_NAME "Bip01 R Clavicle"
		*TM_ROW0 -0.999676	0.0230764	-0.0107619
		*TM_ROW1 -1.07195e-006	0.422619	0.906308
		*TM_ROW2 0.0254625	0.906014	-0.422482
		*TM_ROW3 -17.0633	-19.2115	82.4134
		*TM_POS -17.0633	-19.2115	82.4134
		*TM_ROTAXIS 0.006841	0.843372	0.537287
		*TM_ROTANGLE 3.16307
		*TM_SCALE 1	1	1
		*TM_SCALEAXIS 0	0	0
		*TM_SCALEAXISANG 0	0	0
	}
}
*HELPEROBJECT {
	*NODE_NAME "Bip01 R UpperArm"
	*NODE_PARENT "Bip01 R Clavicle"
	*NODE_TM {
		*NODE_NAME "Bip01 R UpperArm"
		*TM_ROW0 -0.873433	-0.346237	0.342396
		*TM_ROW1 0.245114	0.294957	0.923537
		*TM_ROW2 -0.420755	0.890573	-0.172757
		*TM_ROW3 -29.2576	-18.93	82.2821
		*TM_POS -29.2576	-18.93	82.2821
		*TM_ROTAXIS -0.034123	0.79	0.612156
		*TM_ROTANGLE 2.63751
		*TM_SCALE 1	1	1
		*TM_SCALEAXIS 0	0	0
		*TM_SCALEAXISANG 0	0	0
	}
}
*HELPEROBJECT {
	*NODE_NAME "Bip01 R Forearm"
	*NODE_PARENT "Bip01 R UpperArm"
	*NODE_TM {
		*NODE_NAME "Bip01 R Forearm"
		*TM_ROW0 -0.331439	-0.32818	-0.88456
		*TM_ROW1 -0.844461	-0.314924	0.433254
		*TM_ROW2 -0.420754	0.890574	-0.172757
		*TM_ROW3 -78.9174	-38.6155	101.749
		*TM_POS -78.9174	-38.6155	101.749
		*TM_ROTAXIS 0.550228	-0.558032	-0.621168
		*TM_ROTANGLE 2.71302
		*TM_SCALE 1	1	1
		*TM_SCALEAXIS 0	0	0
		*TM_SCALEAXISANG 0	0	0
	}
}
*HELPEROBJECT {
	*NODE_NAME "Bip01 R Hand"
	*NODE_PARENT "Bip01 R Forearm"
	*NODE_TM {
		*NODE_NAME "Bip01 R Hand"
		*TM_ROW0 -0.331438	-0.328179	-0.88456
		*TM_ROW1 -0.107303	0.944582	-0.310242
		*TM_ROW2 0.937355	-0.00790976	-0.348286
		*TM_ROW3 -116.78	-76.1055	0.700937
		*TM_POS -116.78	-76.1055	0.700937
		*TM_ROTAXIS 0.162545	-0.979529	0.118751
		*TM_ROTANGLE 1.94719
		*TM_SCALE 1	1	1
		*TM_SCALEAXIS 0	0	0
		*TM_SCALEAXISANG 0	0	0
	}
}
*HELPEROBJECT {
	*NODE_NAME "Bip01 L Thigh"
	*NODE_PARENT "Bip01 Spine"
	*NODE_TM {
		*NODE_NAME "Bip01 L Thigh"
		*TM_ROW0 0.870208	0.434415	0.232427
		*TM_ROW1 -0.187401	-0.144445	0.971605
		*TM_ROW2 0.455653	-0.889055	-0.0442873
		*TM_ROW3 19.1862	28.5052	71.7112
		*TM_POS 19.1862	28.5052	71.7112
		*TM_ROTAXIS -0.942358	-0.113056	-0.314928
		*TM_ROTANGLE 1.73074
		*TM_SCALE 1	1	1
		*TM_SCALEAXIS 0	0	0
		*TM_SCALEAXISANG 0	0	0
	}
}
*HELPEROBJECT {
	*NODE_NAME "Bip01 L Calf"
	*NODE_PARENT "Bip01 L Thigh"
	*NODE_TM {
		*NODE_NAME "Bip01 L Calf"
		*TM_ROW0 0.332405	0.216094	-0.918047
		*TM_ROW1 0.825765	0.403589	0.39399
		*TM_ROW2 0.455652	-0.889055	-0.0442874
		*TM_ROW3 58.5463	48.1541	82.2241
		*TM_POS 58.5463	48.1541	82.2241
		*TM_ROTAXIS -0.649283	-0.695158	0.308523
		*TM_ROTANGLE 1.72556
		*TM_SCALE 1	1	1
		*TM_SCALEAXIS 0	0	0
		*TM_SCALEAXISANG 0	0	0
	}
}
*HELPEROBJECT {
	*NODE_NAME "Bip01 L Foot"
	*NODE_PARENT "Bip01 L Calf"
	*NODE_TM {
		*NODE_NAME "Bip01 L Foot"
		*TM_ROW0 1.19384e-007	-4.5423e-007	-1
		*TM_ROW1 4.15359e-007	-1	4.37621e-007
		*TM_ROW2 -1	-4.23918e-007	1.08158e-007
		*TM_ROW3 84.4	64.9613	10.8204
		*TM_POS 84.4	64.9613	10.8204
		*TM_ROTAXIS 0.707107	-1.37429e-008	-0.707107
		*TM_ROTANGLE 3.14159
		*TM_SCALE 1	1	1
		*TM_SCALEAXIS 0	0	0
		*TM_SCALEAXISANG 0	0	0
	}
}
*HELPEROBJECT {
	*NODE_NAME "Bip01 L Toe0"
	*NODE_PARENT "Bip01 L Foot"
	*NODE_TM {
		*NODE_NAME "Bip01 L Toe0"
		*TM_ROW0 1.78936e-006	-1	8.30834e-008
		*TM_ROW1 8.92327e-008	1.59296e-007	1
		*TM_ROW2 -1	-1.70851e-006	1.3796e-007
		*TM_ROW3 84.4001	56.2818	0.0296977
		*TM_POS 84.4001	56.2818	0.0296977
		*TM_ROTAXIS -0.577351	0.57735	0.57735
		*TM_ROTANGLE 2.09439
		*TM_SCALE 1	1	1
		*TM_SCALEAXIS 0	0	0
		*TM_SCALEAXISANG 0	0	0
	}
}
*HELPEROBJECT {
	*NODE_NAME "Bip01 R Thigh"
	*NODE_PARENT "Bip01 Spine"
	*NODE_TM {
		*NODE_NAME "Bip01 R Thigh"
		*TM_ROW0 -0.870209	0.434413	0.232428
		*TM_ROW1 0.187402	-0.144445	0.971605
		*TM_ROW2 0.45565	0.889057	0.0442873
		*TM_ROW3 -18.9098	28.5051	71.7112
		*TM_POS -18.9098	28.5051	71.7112
		*TM_ROTAXIS -0.240658	-0.650774	-0.720123
		*TM_ROTANGLE 2.96923
		*TM_SCALE 1	1	1
		*TM_SCALEAXIS 0	0	0
		*TM_SCALEAXISANG 0	0	0
	}
}
*HELPEROBJECT {
	*NODE_NAME "Bip01 R Calf"
	*NODE_PARENT "Bip01 R Thigh"
	*NODE_TM {
		*NODE_NAME "Bip01 R Calf"
		*TM_ROW0 -0.332405	0.216092	-0.918047
		*TM_ROW1 -0.825766	0.403586	0.393989
		*TM_ROW2 0.455649	0.889057	0.0442871
		*TM_ROW3 -58.27	48.1539	82.2241
		*TM_POS -58.27	48.1539	82.2241
		*TM_ROTAXIS 0.275993	-0.765816	-0.580821
		*TM_ROTANGLE 2.02892
		*TM_SCALE 1	1	1
		*TM_SCALEAXIS 0	0	0
		*TM_SCALEAXISANG 0	0	0
	}
}
*HELPEROBJECT {
	*NODE_NAME "Bip01 R Foot"
	*NODE_PARENT "Bip01 R Calf"
	*NODE_TM {
		*NODE_NAME "Bip01 R Foot"
		*TM_ROW0 1.23959e-007	-4.51549e-007	-1
		*TM_ROW1 4.18951e-007	-1	4.51777e-007
		*TM_ROW2 -1	-4.9073e-007	1.39644e-007
		*TM_ROW3 -84.1237	64.9611	10.8205
		*TM_POS -84.1237	64.9611	10.8205
		*TM_ROTAXIS 0.707107	1.3772e-008	-0.707107
		*TM_ROTANGLE 3.14159
		*TM_SCALE 1	1	1
		*TM_SCALEAXIS 0	0	0
		*TM_SCALEAXISANG 0	0	0
	}
}
*HELPEROBJECT {
	*NODE_NAME "Bip01 R Toe0"
	*NODE_PARENT "Bip01 R Foot"
	*NODE_TM {
		*NODE_NAME "Bip01 R Toe0"
		*TM_ROW0 1.79295e-006	-1	9.72392e-008
		*TM_ROW1 8.46568e-008	1.56616e-007	1
		*TM_ROW2 -1	-1.77532e-006	1.69447e-007
		*TM_ROW3 -84.1237	56.2816	0.0297134
		*TM_POS -84.1237	56.2816	0.0297134
		*TM_ROTAXIS -0.577351	0.57735	0.57735
		*TM_ROTANGLE 2.09439
		*TM_SCALE 1	1	1
		*TM_SCALEAXIS 0	0	0
		*TM_SCALEAXISANG 0	0	0
	}
}
