*3DSMAX_ASCIIEXPORT	110
*COMMENT "[ GothicSourcer v3.14 ] - June 2007"
*SCENE {
	*SCENE_FILENAME "TRO_LOOK_M01.MAX"
	*SCENE_FIRSTFRAME 0
	*SCENE_LASTFRAME 8
	*SCENE_FRAMESPEED 1
	*SCENE_TICKSPERFRAME 4800
	*SCENE_BACKGROUND_STATIC 0	0	0
	*SCENE_AMBIENT_STATIC 0.2	0.2	0.2
}
*HELPEROBJECT {
	*NODE_NAME "Bip01"
	*NODE_TM {
		*NODE_NAME "Bip01"
		*TM_ROW0 1.26759e-006	-1	0
		*TM_ROW1 1	1.26759e-006	0
		*TM_ROW2 -0	-0	1
		*TM_ROW3 0.075769	73.3744	141.981
		*TM_POS 0.075769	73.3744	141.981
		*TM_ROTAXIS 0	0	1
		*TM_ROTANGLE 1.5708
		*TM_SCALE 1	1	1
		*TM_SCALEAXIS 0	0	0
		*TM_SCALEAXISANG 0	0	0
	}
}
*HELPEROBJECT {
	*NODE_NAME "Bip01 Pelvis"
	*NODE_PARENT "Bip01"
	*NODE_TM {
		*NODE_NAME "Bip01 Pelvis"
		*TM_ROW0 -1.19209e-006	-1.64892e-007	1
		*TM_ROW1 2.99332e-006	-1	-1.64887e-007
		*TM_ROW2 1	2.99332e-006	1.66893e-006
		*TM_ROW3 0.075769	73.3744	141.981
		*TM_POS 0.075769	73.3744	141.981
		*TM_ROTAXIS -0.707106	-1e-006	-0.707107
		*TM_ROTANGLE 3.14159
		*TM_SCALE 1	1	1
		*TM_SCALEAXIS 0	0	0
		*TM_SCALEAXISANG 0	0	0
	}
}
*HELPEROBJECT {
	*NODE_NAME "Bip01 Spine"
	*NODE_PARENT "Bip01 Pelvis"
	*NODE_TM {
		*NODE_NAME "Bip01 Spine"
		*TM_ROW0 9.53674e-007	-0.719892	0.694086
		*TM_ROW1 -1.81794e-006	-0.694086	-0.719892
		*TM_ROW2 1	-7.15256e-007	-1.60933e-006
		*TM_ROW3 0.075769	68.229	147.726
		*TM_POS 0.075769	68.229	147.726
		*TM_ROTAXIS 0.677196	-0.287771	0.677195
		*TM_ROTANGLE 2.58119
		*TM_SCALE 1	1	1
		*TM_SCALEAXIS 0	0	0
		*TM_SCALEAXISANG 0	0	0
	}
}
*HELPEROBJECT {
	*NODE_NAME "Bip01 L Thigh"
	*NODE_PARENT "Bip01 Spine"
	*NODE_TM {
		*NODE_NAME "Bip01 L Thigh"
		*TM_ROW0 0.173061	-0.744945	-0.644288
		*TM_ROW1 -0.115386	-0.664988	0.737887
		*TM_ROW2 -0.978129	-0.0533575	-0.20104
		*TM_ROW3 54.5815	73.3745	141.981
		*TM_POS 54.5815	73.3745	141.981
		*TM_ROTAXIS 0.743071	-0.313516	-0.59123
		*TM_ROTANGLE 3.70304
		*TM_SCALE 1	1	1
		*TM_SCALEAXIS 0	0	0
		*TM_SCALEAXISANG 0	0	0
	}
}
*HELPEROBJECT {
	*NODE_NAME "Bip01 L Calf"
	*NODE_PARENT "Bip01 L Thigh"
	*NODE_TM {
		*NODE_NAME "Bip01 L Calf"
		*TM_ROW0 0.138235	0.555455	-0.819976
		*TM_ROW1 0.155421	-0.829833	-0.535931
		*TM_ROW2 -0.978129	-0.053357	-0.201041
		*TM_ROW3 67.7001	16.905	93.1415
		*TM_POS 67.7001	16.905	93.1415
		*TM_ROTAXIS 0.746481	0.244642	-0.618803
		*TM_ROTANGLE 2.81245
		*TM_SCALE 1	1	1
		*TM_SCALEAXIS 0	0	0
		*TM_SCALEAXISANG 0	0	0
	}
}
*HELPEROBJECT {
	*NODE_NAME "Bip01 L Foot"
	*NODE_PARENT "Bip01 L Calf"
	*NODE_TM {
		*NODE_NAME "Bip01 L Foot"
		*TM_ROW0 5.15275e-008	-8.81078e-007	-1
		*TM_ROW1 0.0610493	-0.998135	8.8172e-007
		*TM_ROW2 -0.998135	-0.0610493	4.5452e-008
		*TM_ROW3 76.8664	53.737	38.7693
		*TM_POS 76.8664	53.737	38.7693
		*TM_ROTAXIS 0.706942	0.021599	-0.706942
		*TM_ROTANGLE 3.18479
		*TM_SCALE 1	1	1
		*TM_SCALEAXIS 0	0	0
		*TM_SCALEAXISANG 0	0	0
	}
}
*HELPEROBJECT {
	*NODE_NAME "Bip01 L Toe0"
	*NODE_PARENT "Bip01 L Foot"
	*NODE_TM {
		*NODE_NAME "Bip01 L Toe0"
		*TM_ROW0 0.0610495	-0.998135	-3.40175e-007
		*TM_ROW1 -3.19748e-007	-3.11015e-007	1
		*TM_ROW2 -0.998135	-0.0610495	-3.12176e-007
		*TM_ROW3 81.5453	-22.76	0.847139
		*TM_POS 81.5453	-22.76	0.847139
		*TM_ROTAXIS -0.600858	0.56523	0.56523
		*TM_ROTANGLE 2.05949
		*TM_SCALE 1	1	1
		*TM_SCALEAXIS 0	0	0
		*TM_SCALEAXISANG 0	0	0
	}
}
*HELPEROBJECT {
	*NODE_NAME "Bip01 R Thigh"
	*NODE_PARENT "Bip01 Spine"
	*NODE_TM {
		*NODE_NAME "Bip01 R Thigh"
		*TM_ROW0 -0.17298	-0.744951	-0.644303
		*TM_ROW1 0.115491	-0.664993	0.737866
		*TM_ROW2 -0.978131	0.0532253	0.201066
		*TM_ROW3 -54.4299	73.3744	141.981
		*TM_POS -54.4299	73.3744	141.981
		*TM_ROTAXIS 0.595783	-0.290501	-0.748767
		*TM_ROTANGLE 3.75367
		*TM_SCALE 1	1	1
		*TM_SCALEAXIS 0	0	0
		*TM_SCALEAXISANG 0	0	0
	}
}
*HELPEROBJECT {
	*NODE_NAME "Bip01 R Calf"
	*NODE_PARENT "Bip01 R Thigh"
	*NODE_TM {
		*NODE_NAME "Bip01 R Calf"
		*TM_ROW0 -0.138326	0.555459	-0.819958
		*TM_ROW1 -0.155327	-0.829839	-0.535949
		*TM_ROW2 -0.978131	0.0532254	0.201066
		*TM_ROW3 -67.5425	16.9045	93.1403
		*TM_POS -67.5425	16.9045	93.1403
		*TM_ROTAXIS 0.629006	0.168866	-0.758839
		*TM_ROTANGLE 2.65418
		*TM_SCALE 1	1	1
		*TM_SCALEAXIS 0	0	0
		*TM_SCALEAXISANG 0	0	0
	}
}
*HELPEROBJECT {
	*NODE_NAME "Bip01 R Foot"
	*NODE_PARENT "Bip01 R Calf"
	*NODE_TM {
		*NODE_NAME "Bip01 R Foot"
		*TM_ROW0 9.26998e-008	-6.07554e-007	-1
		*TM_ROW1 -0.061048	-0.998135	5.06033e-007
		*TM_ROW2 -0.998135	0.061048	5.4458e-008
		*TM_ROW3 -76.7148	53.7367	38.7693
		*TM_POS -76.7148	53.7367	38.7693
		*TM_ROTAXIS 0.706942	-0.0215991	-0.706942
		*TM_ROTANGLE 3.0984
		*TM_SCALE 1	1	1
		*TM_SCALEAXIS 0	0	0
		*TM_SCALEAXISANG 0	0	0
	}
}
*HELPEROBJECT {
	*NODE_NAME "Bip01 R Toe0"
	*NODE_PARENT "Bip01 R Foot"
	*NODE_TM {
		*NODE_NAME "Bip01 R Toe0"
		*TM_ROW0 -0.0610479	-0.998135	-2.46476e-007
		*TM_ROW1 -3.31118e-007	-2.57454e-008	1
		*TM_ROW2 -0.998135	0.061048	-1.83961e-007
		*TM_ROW3 -81.3935	-22.7603	0.84713
		*TM_POS -81.3935	-22.7603	0.84713
		*TM_ROTAXIS -0.553843	0.588752	0.588752
		*TM_ROTANGLE 2.13002
		*TM_SCALE 1	1	1
		*TM_SCALEAXIS 0	0	0
		*TM_SCALEAXISANG 0	0	0
	}
}
*HELPEROBJECT {
	*NODE_NAME "Bip01 Spine1"
	*NODE_PARENT "Bip01 Spine"
	*NODE_TM {
		*NODE_NAME "Bip01 Spine1"
		*TM_ROW0 1.54972e-006	-0.899143	0.437656
		*TM_ROW1 -2.47359e-006	-0.437656	-0.899143
		*TM_ROW2 1	3.57628e-007	-2.92063e-006
		*TM_ROW3 0.075839	17.557	196.643
		*TM_POS 0.075839	17.557	196.643
		*TM_ROTAXIS 0.646691	-0.404455	0.646689
		*TM_ROTANGLE 2.37291
		*TM_SCALE 1	1	1
		*TM_SCALEAXIS 0	0	0
		*TM_SCALEAXISANG 0	0	0
	}
}
*HELPEROBJECT {
	*NODE_NAME "Bip01 Spine2"
	*NODE_PARENT "Bip01 Spine1"
	*NODE_TM {
		*NODE_NAME "Bip01 Spine2"
		*TM_ROW0 1.13249e-006	-0.454699	0.890645
		*TM_ROW1 -1.16229e-006	-0.890645	-0.454699
		*TM_ROW2 1	-5.51343e-007	-1.49012e-006
		*TM_ROW3 0.07591	-34.8453	222.214
		*TM_POS 0.07591	-34.8453	222.214
		*TM_ROTAXIS 0.697099	-0.167652	0.697098
		*TM_ROTANGLE 2.80938
		*TM_SCALE 1	1	1
		*TM_SCALEAXIS 0	0	0
		*TM_SCALEAXISANG 0	0	0
	}
}
*HELPEROBJECT {
	*NODE_NAME "Bip01 Neck"
	*NODE_PARENT "Bip01 Spine2"
	*NODE_TM {
		*NODE_NAME "Bip01 Neck"
		*TM_ROW0 1.87755e-006	-0.989615	-0.143743
		*TM_ROW1 -3.15905e-006	0.143743	-0.989615
		*TM_ROW2 1	2.23517e-006	-2.80142e-006
		*TM_ROW3 0.075967	-76.2899	303.417
		*TM_POS 0.075967	-76.2899	303.417
		*TM_ROTAXIS 0.547526	-0.632799	0.547523
		*TM_ROTANGLE 2.01322
		*TM_SCALE 1	1	1
		*TM_SCALEAXIS 0	0	0
		*TM_SCALEAXISANG 0	0	0
	}
}
*HELPEROBJECT {
	*NODE_NAME "Bip01 Neck1"
	*NODE_PARENT "Bip01 Neck"
	*NODE_TM {
		*NODE_NAME "Bip01 Neck1"
		*TM_ROW0 1.2517e-006	-0.995368	0.0961349
		*TM_ROW1 -2.47359e-006	-0.0961348	-0.995368
		*TM_ROW2 1	9.53674e-007	-2.44379e-006
		*TM_ROW3 0.076023	-116.928	297.546
		*TM_POS 0.076023	-116.928	297.546
		*TM_ROTAXIS 0.595008	-0.540309	0.595006
		*TM_ROTANGLE 2.15085
		*TM_SCALE 1	1	1
		*TM_SCALEAXIS 0	0	0
		*TM_SCALEAXISANG 0	0	0
	}
}
*HELPEROBJECT {
	*NODE_NAME "Bip01 Head"
	*NODE_PARENT "Bip01 Neck1"
	*NODE_TM {
		*NODE_NAME "Bip01 Head"
		*TM_ROW0 1.2219e-006	-0.870452	-0.492255
		*TM_ROW1 -3.18885e-006	0.492255	-0.870452
		*TM_ROW2 1	2.5332e-006	-2.14577e-006
		*TM_ROW3 0.076077	-156.497	301.367
		*TM_POS 0.076077	-156.497	301.367
		*TM_ROTAXIS 0.449969	-0.7714	0.449966
		*TM_ROTANGLE 1.82748
		*TM_SCALE 1	1	1
		*TM_SCALEAXIS 0	0	0
		*TM_SCALEAXISANG 0	0	0
	}
	*TM_ANIMATION {
		*NODE_NAME  "Bip01 Head"
		*CONTROL_POS_TRACK {
			*CONTROL_POS_SAMPLE 0	0.0759498	-156.497	301.368
			*CONTROL_POS_SAMPLE 4800	0.0759498	-156.497	301.368
			*CONTROL_POS_SAMPLE 9600	0.0759498	-156.497	301.368
			*CONTROL_POS_SAMPLE 14400	0.0759498	-156.497	301.368
			*CONTROL_POS_SAMPLE 19200	0.0759498	-156.497	301.368
			*CONTROL_POS_SAMPLE 24000	0.0759498	-156.497	301.368
			*CONTROL_POS_SAMPLE 28800	0.0759498	-156.497	301.368
			*CONTROL_POS_SAMPLE 33600	0.0759498	-156.497	301.368
			*CONTROL_POS_SAMPLE 38400	0.0759498	-156.497	301.368
		}
		*CONTROL_ROT_TRACK {
			*CONTROL_ROT_SAMPLE 0	0.813258	-0.375725	0.444344	1.65469
			*CONTROL_ROT_SAMPLE 4800	0.571594	-0.588695	0.571592	2.07746
			*CONTROL_ROT_SAMPLE 9600	-0.394897	0.671071	-0.62747	3.71312
			*CONTROL_ROT_SAMPLE 14400	0.651865	-0.589341	0.477231	1.46974
			*CONTROL_ROT_SAMPLE 19200	0.484737	-0.728054	0.484735	1.88298
			*CONTROL_ROT_SAMPLE 24000	-0.348348	0.807626	-0.475808	3.95402
			*CONTROL_ROT_SAMPLE 28800	0.464287	-0.874493	0.140358	1.10938
			*CONTROL_ROT_SAMPLE 33600	0.229775	-0.945731	0.229774	1.62657
			*CONTROL_ROT_SAMPLE 38400	0.11986	-0.956839	0.264749	2.02284
		}
		*CONTROL_SCALE_TRACK {
			*CONTROL_SCALE_SAMPLE	0	1	1	1	0	0	0	0
		}
	}
}
*HELPEROBJECT {
	*NODE_NAME "Bip01 Kiefer01"
	*NODE_PARENT "Bip01 Head"
	*NODE_TM {
		*NODE_NAME "Bip01 Kiefer01"
		*TM_ROW0 4.76837e-007	0.976338	0.216253
		*TM_ROW1 -4.17232e-007	-0.216253	0.976338
		*TM_ROW2 1	-4.17233e-007	4.76838e-007
		*TM_ROW3 6.90075e-005	-142.042	272.399
		*TM_POS 6.90075e-005	-142.042	272.399
		*TM_ROTAXIS -0.614946	-0.493643	-0.614946
		*TM_ROTANGLE 2.22449
		*TM_SCALE 1	1	1
		*TM_SCALEAXIS 0	0	0
		*TM_SCALEAXISANG 0	0	0
	}
}
*HELPEROBJECT {
	*NODE_NAME "Bip01 Kiefer02"
	*NODE_PARENT "Bip01 Kiefer01"
	*NODE_TM {
		*NODE_NAME "Bip01 Kiefer02"
		*TM_ROW0 5.96041e-008	0.927256	0.374428
		*TM_ROW1 -2.98019e-008	-0.374428	0.927256
		*TM_ROW2 1	-2.98028e-008	5.96051e-008
		*TM_ROW3 -0.00312399	-144.937	254.838
		*TM_POS -0.00312399	-144.937	254.838
		*TM_ROTAXIS -0.638206	-0.430565	-0.638206
		*TM_ROTANGLE 2.32844
		*TM_SCALE 1	1	1
		*TM_SCALEAXIS 0	0	0
		*TM_SCALEAXISANG 0	0	0
	}
}
*HELPEROBJECT {
	*NODE_NAME "Bip01 L Clavicle"
	*NODE_PARENT "Bip01 Neck"
	*NODE_TM {
		*NODE_NAME "Bip01 L Clavicle"
		*TM_ROW0 0.801569	-0.0230148	-0.597459
		*TM_ROW1 0.342019	0.837273	0.426611
		*TM_ROW2 0.490418	-0.546301	0.679004
		*TM_ROW3 71.7763	-40.3305	271.455
		*TM_POS 71.7763	-40.3305	271.455
		*TM_ROTAXIS -0.646702	-0.72312	0.242641
		*TM_ROTANGLE 0.85141
		*TM_SCALE 1	1	1
		*TM_SCALEAXIS 0	0	0
		*TM_SCALEAXISANG 0	0	0
	}
}
*HELPEROBJECT {
	*NODE_NAME "Bip01 L UpperArm"
	*NODE_PARENT "Bip01 L Clavicle"
	*NODE_TM {
		*NODE_NAME "Bip01 L UpperArm"
		*TM_ROW0 0.780713	-0.205677	-0.590072
		*TM_ROW1 0.52171	0.734293	0.434318
		*TM_ROW2 0.343957	-0.646924	0.680575
		*TM_ROW3 120.591	-41.732	235.071
		*TM_POS 120.591	-41.732	235.071
		*TM_ROTAXIS -0.674384	-0.582565	0.45368
		*TM_ROTANGLE 0.930054
		*TM_SCALE 1	1	1
		*TM_SCALEAXIS 0	0	0
		*TM_SCALEAXISANG 0	0	0
	}
}
*HELPEROBJECT {
	*NODE_NAME "Bip01 L Forearm"
	*NODE_PARENT "Bip01 L UpperArm"
	*NODE_TM {
		*NODE_NAME "Bip01 L Forearm"
		*TM_ROW0 0.00985085	-0.722273	-0.691538
		*TM_ROW1 0.938934	0.244563	-0.242058
		*TM_ROW2 0.343957	-0.646924	0.680576
		*TM_ROW3 209.543	-65.1663	167.84
		*TM_POS 209.543	-65.1663	167.84
		*TM_ROTAXIS -0.20254	-0.518021	0.831043
		*TM_ROTANGLE 1.60331
		*TM_SCALE 1	1	1
		*TM_SCALEAXIS 0	0	0
		*TM_SCALEAXISANG 0	0	0
	}
}
*HELPEROBJECT {
	*NODE_NAME "Bip01 L Hand"
	*NODE_PARENT "Bip01 L Forearm"
	*NODE_TM {
		*NODE_NAME "Bip01 L Hand"
		*TM_ROW0 0.0299404	-0.172345	-0.984582
		*TM_ROW1 -0.489692	0.856187	-0.164761
		*TM_ROW2 0.871381	0.487075	-0.0587613
		*TM_ROW3 210.404	-128.272	107.419
		*TM_POS 210.404	-128.272	107.419
		*TM_ROTAXIS 0.327139	-0.931458	-0.159268
		*TM_ROTANGLE 1.65722
		*TM_SCALE 1	1	1
		*TM_SCALEAXIS 0	0	0
		*TM_SCALEAXISANG 0	0	0
	}
}
*HELPEROBJECT {
	*NODE_NAME "Bip01 L Finger0"
	*NODE_PARENT "Bip01 L Hand"
	*NODE_TM {
		*NODE_NAME "Bip01 L Finger0"
		*TM_ROW0 -0.338796	0.0886514	-0.936674
		*TM_ROW1 -0.938281	-0.1055	0.329393
		*TM_ROW2 -0.0696179	0.99046	0.118923
		*TM_ROW3 181.992	-151.714	84.5867
		*TM_POS 181.992	-151.714	84.5867
		*TM_ROTAXIS 0.441361	-0.578889	-0.68563
		*TM_ROTANGLE 2.2952
		*TM_SCALE 1	1	1
		*TM_SCALEAXIS 0	0	0
		*TM_SCALEAXISANG 0	0	0
	}
}
*HELPEROBJECT {
	*NODE_NAME "Bip01 L Finger01"
	*NODE_PARENT "Bip01 L Finger0"
	*NODE_TM {
		*NODE_NAME "Bip01 L Finger01"
		*TM_ROW0 -0.179289	0.104849	-0.978193
		*TM_ROW1 -0.98133	-0.0894212	0.170279
		*TM_ROW2 -0.0696177	0.99046	0.118923
		*TM_ROW3 171.797	-149.046	56.4002
		*TM_POS 171.797	-149.046	56.4002
		*TM_ROTAXIS 0.501193	-0.555209	-0.663738
		*TM_ROTANGLE 2.18327
		*TM_SCALE 1	1	1
		*TM_SCALEAXIS 0	0	0
		*TM_SCALEAXISANG 0	0	0
	}
}
*HELPEROBJECT {
	*NODE_NAME "Bip01 L Finger02"
	*NODE_PARENT "Bip01 L Finger01"
	*NODE_TM {
		*NODE_NAME "Bip01 L Finger02"
		*TM_ROW0 -0.906694	-0.0131113	-0.421585
		*TM_ROW1 -0.416004	-0.137177	0.898957
		*TM_ROW2 -0.0696182	0.99046	0.118923
		*TM_ROW3 165.965	-145.635	24.5775
		*TM_POS 165.965	-145.635	24.5775
		*TM_ROTAXIS 0.168592	-0.64849	-0.742319
		*TM_ROTANGLE 2.86677
		*TM_SCALE 1	1	1
		*TM_SCALEAXIS 0	0	0
		*TM_SCALEAXISANG 0	0	0
	}
}
*HELPEROBJECT {
	*NODE_NAME "Bip01 L Finger1"
	*NODE_PARENT "Bip01 L Hand"
	*NODE_TM {
		*NODE_NAME "Bip01 L Finger1"
		*TM_ROW0 -0.11057	0.0778131	-0.990818
		*TM_ROW1 -0.478695	0.869505	0.121706
		*TM_ROW2 0.870991	0.487756	-0.0588926
		*TM_ROW3 197.802	-157.7	34.9788
		*TM_POS 197.802	-157.7	34.9788
		*TM_ROTAXIS 0.185119	-0.941554	-0.281437
		*TM_ROTANGLE 1.72134
		*TM_SCALE 1	1	1
		*TM_SCALEAXIS 0	0	0
		*TM_SCALEAXISANG 0	0	0
	}
}
*HELPEROBJECT {
	*NODE_NAME "Bip01 L Finger11"
	*NODE_PARENT "Bip01 L Finger1"
	*NODE_TM {
		*NODE_NAME "Bip01 L Finger11"
		*TM_ROW0 -0.425451	0.808761	0.406074
		*TM_ROW1 0.245695	-0.328631	0.91194
		*TM_ROW2 0.870991	0.487757	-0.0588917
		*TM_ROW3 194.95	-155.693	9.42514
		*TM_POS 194.95	-155.693	9.42514
		*TM_ROTAXIS -0.50231	-0.550545	-0.666772
		*TM_ROTANGLE 2.70569
		*TM_SCALE 1	1	1
		*TM_SCALEAXIS 0	0	0
		*TM_SCALEAXISANG 0	0	0
	}
}
*HELPEROBJECT {
	*NODE_NAME "Bip01 L Finger12"
	*NODE_PARENT "Bip01 L Finger11"
	*NODE_TM {
		*NODE_NAME "Bip01 L Finger12"
		*TM_ROW0 -0.315761	0.647589	0.693487
		*TM_ROW1 0.37639	-0.585425	0.718058
		*TM_ROW2 0.870991	0.487756	-0.0588923
		*TM_ROW3 183.977	-134.834	19.898
		*TM_POS 183.977	-134.834	19.898
		*TM_ROTAXIS -0.579213	-0.446426	-0.682068
		*TM_ROTANGLE 2.94145
		*TM_SCALE 1	1	1
		*TM_SCALEAXIS 0	0	0
		*TM_SCALEAXISANG 0	0	0
	}
}
*HELPEROBJECT {
	*NODE_NAME "Bip01 L Finger2"
	*NODE_PARENT "Bip01 L Hand"
	*NODE_TM {
		*NODE_NAME "Bip01 L Finger2"
		*TM_ROW0 -0.42763	0.693636	-0.579656
		*TM_ROW1 -0.24188	0.53006	0.81273
		*TM_ROW2 0.870992	0.487755	-0.0588929
		*TM_ROW3 234.396	-136.996	34.0635
		*TM_POS 234.396	-136.996	34.0635
		*TM_ROTAXIS -0.185016	-0.825889	-0.532612
		*TM_ROTANGLE 2.06944
		*TM_SCALE 1	1	1
		*TM_SCALEAXIS 0	0	0
		*TM_SCALEAXISANG 0	0	0
	}
}
*HELPEROBJECT {
	*NODE_NAME "Bip01 L Finger21"
	*NODE_PARENT "Bip01 L Finger2"
	*NODE_TM {
		*NODE_NAME "Bip01 L Finger21"
		*TM_ROW0 -0.183994	0.434988	0.881437
		*TM_ROW1 0.455545	-0.756888	0.468615
		*TM_ROW2 0.870991	0.487756	-0.0588935
		*TM_ROW3 222.803	-118.192	18.349
		*TM_POS 222.803	-118.192	18.349
		*TM_ROTAXIS -0.638725	-0.348578	-0.685947
		*TM_ROTANGLE 3.15658
		*TM_SCALE 1	1	1
		*TM_SCALEAXIS 0	0	0
		*TM_SCALEAXISANG 0	0	0
	}
}
*HELPEROBJECT {
	*NODE_NAME "Bip01 L Finger22"
	*NODE_PARENT "Bip01 L Finger21"
	*NODE_TM {
		*NODE_NAME "Bip01 L Finger22"
		*TM_ROW0 0.118907	-0.0929751	0.988543
		*TM_ROW1 0.476693	-0.868015	-0.138978
		*TM_ROW2 0.870991	0.487757	-0.0588926
		*TM_ROW3 218.052	-106.961	41.1069
		*TM_POS 218.052	-106.961	41.1069
		*TM_ROTAXIS 0.732967	0.137477	0.666227
		*TM_ROTANGLE 2.69983
		*TM_SCALE 1	1	1
		*TM_SCALEAXIS 0	0	0
		*TM_SCALEAXISANG 0	0	0
	}
}
*HELPEROBJECT {
	*NODE_NAME "Bip01 R Clavicle"
	*NODE_PARENT "Bip01 Neck"
	*NODE_TM {
		*NODE_NAME "Bip01 R Clavicle"
		*TM_ROW0 -0.801569	-0.0230173	-0.597459
		*TM_ROW1 -0.342022	0.837272	0.426611
		*TM_ROW2 0.490416	0.546303	-0.679003
		*TM_ROW3 -71.6245	-40.3307	271.455
		*TM_POS -71.6245	-40.3307	271.455
		*TM_ROTAXIS -0.104994	0.95429	0.279833
		*TM_ROTANGLE 3.74809
		*TM_SCALE 1	1	1
		*TM_SCALEAXIS 0	0	0
		*TM_SCALEAXISANG 0	0	0
	}
}
*HELPEROBJECT {
	*NODE_NAME "Bip01 R UpperArm"
	*NODE_PARENT "Bip01 R Clavicle"
	*NODE_TM {
		*NODE_NAME "Bip01 R UpperArm"
		*TM_ROW0 -0.780712	-0.205678	-0.590072
		*TM_ROW1 -0.521712	0.734292	0.434318
		*TM_ROW2 0.343955	0.646925	-0.680576
		*TM_ROW3 -120.439	-41.7323	235.071
		*TM_POS -120.439	-41.7323	235.071
		*TM_ROTAXIS -0.210772	0.925967	0.313306
		*TM_ROTANGLE 3.67022
		*TM_SCALE 1	1	1
		*TM_SCALEAXIS 0	0	0
		*TM_SCALEAXISANG 0	0	0
	}
}
*HELPEROBJECT {
	*NODE_NAME "Bip01 R Forearm"
	*NODE_PARENT "Bip01 R UpperArm"
	*NODE_TM {
		*NODE_NAME "Bip01 R Forearm"
		*TM_ROW0 -0.00984704	-0.722273	-0.691537
		*TM_ROW1 -0.938935	0.244559	-0.242059
		*TM_ROW2 0.343954	0.646925	-0.680576
		*TM_ROW3 -209.391	-65.167	167.84
		*TM_POS -209.391	-65.167	167.84
		*TM_ROTAXIS -0.643334	0.749358	0.156792
		*TM_ROTANGLE 3.90435
		*TM_SCALE 1	1	1
		*TM_SCALEAXIS 0	0	0
		*TM_SCALEAXISANG 0	0	0
	}
}
*HELPEROBJECT {
	*NODE_NAME "Bip01 R Hand"
	*NODE_PARENT "Bip01 R Forearm"
	*NODE_TM {
		*NODE_NAME "Bip01 R Hand"
		*TM_ROW0 -0.0299395	-0.172345	-0.984582
		*TM_ROW1 0.489688	0.856189	-0.164761
		*TM_ROW2 0.871383	-0.487071	0.0587611
		*TM_ROW3 -210.252	-128.273	107.419
		*TM_POS -210.252	-128.273	107.419
		*TM_ROTAXIS -0.161422	-0.92952	0.331565
		*TM_ROTANGLE 1.62832
		*TM_SCALE 1	1	1
		*TM_SCALEAXIS 0	0	0
		*TM_SCALEAXISANG 0	0	0
	}
}
*HELPEROBJECT {
	*NODE_NAME "Bip01 R Finger0"
	*NODE_PARENT "Bip01 R Hand"
	*NODE_TM {
		*NODE_NAME "Bip01 R Finger0"
		*TM_ROW0 0.338796	0.0886526	-0.936674
		*TM_ROW1 0.938281	-0.105497	0.329393
		*TM_ROW2 -0.0696152	-0.99046	-0.118923
		*TM_ROW3 -180.869	-148.553	80.0376
		*TM_POS -180.869	-148.553	80.0376
		*TM_ROTAXIS -0.73602	-0.483518	0.473798
		*TM_ROTANGLE 2.02953
		*TM_SCALE 1	1	1
		*TM_SCALEAXIS 0	0	0
		*TM_SCALEAXISANG 0	0	0
	}
}
*HELPEROBJECT {
	*NODE_NAME "Bip01 R Finger01"
	*NODE_PARENT "Bip01 R Finger0"
	*NODE_TM {
		*NODE_NAME "Bip01 R Finger01"
		*TM_ROW0 0.179289	0.104849	-0.978194
		*TM_ROW1 0.98133	-0.0894187	0.170279
		*TM_ROW2 -0.0696151	-0.99046	-0.118924
		*TM_ROW3 -170.674	-145.885	51.8511
		*TM_POS -170.674	-145.885	51.8511
		*TM_ROTAXIS 0.676836	0.529799	-0.511083
		*TM_ROTANGLE 4.17193
		*TM_SCALE 1	1	1
		*TM_SCALEAXIS 0	0	0
		*TM_SCALEAXISANG 0	0	0
	}
}
*HELPEROBJECT {
	*NODE_NAME "Bip01 R Finger02"
	*NODE_PARENT "Bip01 R Finger01"
	*NODE_TM {
		*NODE_NAME "Bip01 R Finger02"
		*TM_ROW0 0.906695	-0.0131087	-0.421584
		*TM_ROW1 0.416003	-0.137175	0.898958
		*TM_ROW2 -0.0696149	-0.99046	-0.118923
		*TM_ROW3 -164.841	-142.474	20.0284
		*TM_POS -164.841	-142.474	20.0284
		*TM_ROTAXIS -0.959464	-0.178733	0.217907
		*TM_ROTANGLE 1.7464
		*TM_SCALE 1	1	1
		*TM_SCALEAXIS 0	0	0
		*TM_SCALEAXISANG 0	0	0
	}
}
*HELPEROBJECT {
	*NODE_NAME "Bip01 R Finger1"
	*NODE_PARENT "Bip01 R Hand"
	*NODE_TM {
		*NODE_NAME "Bip01 R Finger1"
		*TM_ROW0 0.139588	0.13075	-0.98154
		*TM_ROW1 0.471049	0.863135	0.181967
		*TM_ROW2 0.870993	-0.487753	0.0588929
		*TM_ROW3 -195.572	-158.467	36.3032
		*TM_POS -195.572	-158.467	36.3032
		*TM_ROTAXIS -0.335019	-0.926706	0.17023
		*TM_ROTANGLE 1.53998
		*TM_SCALE 1	1	1
		*TM_SCALEAXIS 0	0	0
		*TM_SCALEAXISANG 0	0	0
	}
}
*HELPEROBJECT {
	*NODE_NAME "Bip01 R Finger11"
	*NODE_PARENT "Bip01 R Finger1"
	*NODE_TM {
		*NODE_NAME "Bip01 R Finger11"
		*TM_ROW0 0.450526	0.840767	0.300229
		*TM_ROW1 -0.195953	-0.234965	0.952048
		*TM_ROW2 0.870993	-0.487753	0.0588925
		*TM_ROW3 -191.972	-155.095	10.9889
		*TM_POS -191.972	-155.095	10.9889
		*TM_ROTAXIS -0.772527	-0.306244	-0.556253
		*TM_ROTANGLE 1.94204
		*TM_SCALE 1	1	1
		*TM_SCALEAXIS 0	0	0
		*TM_SCALEAXISANG 0	0	0
	}
}
*HELPEROBJECT {
	*NODE_NAME "Bip01 R Finger12"
	*NODE_PARENT "Bip01 R Finger11"
	*NODE_TM {
		*NODE_NAME "Bip01 R Finger12"
		*TM_ROW0 0.335024	0.677341	0.654957
		*TM_ROW1 -0.359347	-0.550732	0.753368
		*TM_ROW2 0.870993	-0.487753	0.0588923
		*TM_ROW3 -180.352	-133.411	18.7319
		*TM_POS -180.352	-133.411	18.7319
		*TM_ROTAXIS 0.760726	0.132416	0.635422
		*TM_ROTANGLE 4.09561
		*TM_SCALE 1	1	1
		*TM_SCALEAXIS 0	0	0
		*TM_SCALEAXISANG 0	0	0
	}
}
*HELPEROBJECT {
	*NODE_NAME "Bip01 R Finger2"
	*NODE_PARENT "Bip01 R Hand"
	*NODE_TM {
		*NODE_NAME "Bip01 R Finger2"
		*TM_ROW0 0.427628	0.693637	-0.579657
		*TM_ROW1 0.241879	0.530061	0.81273
		*TM_ROW2 0.870993	-0.487753	0.058893
		*TM_ROW3 -234.21	-137.015	34.0641
		*TM_POS -234.21	-137.015	34.0641
		*TM_ROTAXIS -0.650264	-0.72535	-0.225887
		*TM_ROTANGLE 1.56251
		*TM_SCALE 1	1	1
		*TM_SCALEAXIS 0	0	0
		*TM_SCALEAXISANG 0	0	0
	}
}
*HELPEROBJECT {
	*NODE_NAME "Bip01 R Finger21"
	*NODE_PARENT "Bip01 R Finger2"
	*NODE_TM {
		*NODE_NAME "Bip01 R Finger21"
		*TM_ROW0 0.183993	0.434989	0.881438
		*TM_ROW1 -0.455541	-0.75689	0.468615
		*TM_ROW2 0.870993	-0.487753	0.0588933
		*TM_ROW3 -222.617	-118.21	18.3496
		*TM_POS -222.617	-118.21	18.3496
		*TM_ROTAXIS 0.731825	-0.00799196	0.681445
		*TM_ROTANGLE 3.85368
		*TM_SCALE 1	1	1
		*TM_SCALEAXIS 0	0	0
		*TM_SCALEAXISANG 0	0	0
	}
}
*HELPEROBJECT {
	*NODE_NAME "Bip01 R Finger22"
	*NODE_PARENT "Bip01 R Finger21"
	*NODE_TM {
		*NODE_NAME "Bip01 R Finger22"
		*TM_ROW0 -0.118907	-0.0929763	0.988543
		*TM_ROW1 -0.476689	-0.868016	-0.138979
		*TM_ROW2 0.870993	-0.487753	0.0588922
		*TM_ROW3 -217.866	-106.979	41.1075
		*TM_POS -217.866	-106.979	41.1075
		*TM_ROTAXIS -0.65597	0.221086	-0.721682
		*TM_ROTANGLE 2.87251
		*TM_SCALE 1	1	1
		*TM_SCALEAXIS 0	0	0
		*TM_SCALEAXISANG 0	0	0
	}
}
