*3DSMAX_ASCIIEXPORT	110
*COMMENT "[ GothicSourcer v3.14 ] - June 2007"
*SCENE {
	*SCENE_FILENAME "TRO_ATTACKMOVE_A01.MAX"
	*SCENE_FIRSTFRAME 1
	*SCENE_LASTFRAME 29
	*SCENE_FRAMESPEED 25
	*SCENE_TICKSPERFRAME 192
	*SCENE_BACKGROUND_STATIC 0	0	0
	*SCENE_AMBIENT_STATIC 0.2	0.2	0.2
}
*HELPEROBJECT {
	*NODE_NAME "Bip01"
	*NODE_TM {
		*NODE_NAME "Bip01"
		*TM_ROW0 1.26759e-006	-1	0
		*TM_ROW1 1	1.26759e-006	0
		*TM_ROW2 -0	-0	1
		*TM_ROW3 0.075769	73.3744	141.981
		*TM_POS 0.075769	73.3744	141.981
		*TM_ROTAXIS 0	0	1
		*TM_ROTANGLE 1.5708
		*TM_SCALE 1	1	1
		*TM_SCALEAXIS 0	0	0
		*TM_SCALEAXISANG 0	0	0
	}
}
*HELPEROBJECT {
	*NODE_NAME "Bip01 Pelvis"
	*NODE_PARENT "Bip01"
	*NODE_TM {
		*NODE_NAME "Bip01 Pelvis"
		*TM_ROW0 -1.19209e-006	-1.64892e-007	1
		*TM_ROW1 2.99332e-006	-1	-1.64887e-007
		*TM_ROW2 1	2.99332e-006	1.66893e-006
		*TM_ROW3 0.075769	73.3744	141.981
		*TM_POS 0.075769	73.3744	141.981
		*TM_ROTAXIS -0.707106	-1e-006	-0.707107
		*TM_ROTANGLE 3.14159
		*TM_SCALE 1	1	1
		*TM_SCALEAXIS 0	0	0
		*TM_SCALEAXISANG 0	0	0
	}
}
*HELPEROBJECT {
	*NODE_NAME "Bip01 Spine"
	*NODE_PARENT "Bip01 Pelvis"
	*NODE_TM {
		*NODE_NAME "Bip01 Spine"
		*TM_ROW0 9.53674e-007	-0.719892	0.694086
		*TM_ROW1 -1.81794e-006	-0.694086	-0.719892
		*TM_ROW2 1	-7.15256e-007	-1.60933e-006
		*TM_ROW3 0.075769	68.229	147.726
		*TM_POS 0.075769	68.229	147.726
		*TM_ROTAXIS 0.677196	-0.287771	0.677195
		*TM_ROTANGLE 2.58119
		*TM_SCALE 1	1	1
		*TM_SCALEAXIS 0	0	0
		*TM_SCALEAXISANG 0	0	0
	}
}
*HELPEROBJECT {
	*NODE_NAME "Bip01 L Thigh"
	*NODE_PARENT "Bip01 Spine"
	*NODE_TM {
		*NODE_NAME "Bip01 L Thigh"
		*TM_ROW0 0.173061	-0.744945	-0.644288
		*TM_ROW1 -0.115386	-0.664988	0.737887
		*TM_ROW2 -0.978129	-0.0533575	-0.20104
		*TM_ROW3 54.5815	73.3745	141.981
		*TM_POS 54.5815	73.3745	141.981
		*TM_ROTAXIS 0.743071	-0.313516	-0.59123
		*TM_ROTANGLE 3.70304
		*TM_SCALE 1	1	1
		*TM_SCALEAXIS 0	0	0
		*TM_SCALEAXISANG 0	0	0
	}
}
*HELPEROBJECT {
	*NODE_NAME "Bip01 L Calf"
	*NODE_PARENT "Bip01 L Thigh"
	*NODE_TM {
		*NODE_NAME "Bip01 L Calf"
		*TM_ROW0 0.138235	0.555455	-0.819976
		*TM_ROW1 0.155421	-0.829833	-0.535931
		*TM_ROW2 -0.978129	-0.053357	-0.201041
		*TM_ROW3 67.7001	16.905	93.1415
		*TM_POS 67.7001	16.905	93.1415
		*TM_ROTAXIS 0.746481	0.244642	-0.618803
		*TM_ROTANGLE 2.81245
		*TM_SCALE 1	1	1
		*TM_SCALEAXIS 0	0	0
		*TM_SCALEAXISANG 0	0	0
	}
}
*HELPEROBJECT {
	*NODE_NAME "Bip01 L Foot"
	*NODE_PARENT "Bip01 L Calf"
	*NODE_TM {
		*NODE_NAME "Bip01 L Foot"
		*TM_ROW0 5.15275e-008	-8.81078e-007	-1
		*TM_ROW1 0.0610493	-0.998135	8.8172e-007
		*TM_ROW2 -0.998135	-0.0610493	4.5452e-008
		*TM_ROW3 76.8664	53.737	38.7693
		*TM_POS 76.8664	53.737	38.7693
		*TM_ROTAXIS 0.706942	0.021599	-0.706942
		*TM_ROTANGLE 3.18479
		*TM_SCALE 1	1	1
		*TM_SCALEAXIS 0	0	0
		*TM_SCALEAXISANG 0	0	0
	}
}
*HELPEROBJECT {
	*NODE_NAME "Bip01 L Toe0"
	*NODE_PARENT "Bip01 L Foot"
	*NODE_TM {
		*NODE_NAME "Bip01 L Toe0"
		*TM_ROW0 0.0610495	-0.998135	-3.40175e-007
		*TM_ROW1 -3.19748e-007	-3.11015e-007	1
		*TM_ROW2 -0.998135	-0.0610495	-3.12176e-007
		*TM_ROW3 81.5453	-22.76	0.847139
		*TM_POS 81.5453	-22.76	0.847139
		*TM_ROTAXIS -0.600858	0.56523	0.56523
		*TM_ROTANGLE 2.05949
		*TM_SCALE 1	1	1
		*TM_SCALEAXIS 0	0	0
		*TM_SCALEAXISANG 0	0	0
	}
}
*HELPEROBJECT {
	*NODE_NAME "Bip01 R Thigh"
	*NODE_PARENT "Bip01 Spine"
	*NODE_TM {
		*NODE_NAME "Bip01 R Thigh"
		*TM_ROW0 -0.17298	-0.744951	-0.644303
		*TM_ROW1 0.115491	-0.664993	0.737866
		*TM_ROW2 -0.978131	0.0532253	0.201066
		*TM_ROW3 -54.4299	73.3744	141.981
		*TM_POS -54.4299	73.3744	141.981
		*TM_ROTAXIS 0.595783	-0.290501	-0.748767
		*TM_ROTANGLE 3.75367
		*TM_SCALE 1	1	1
		*TM_SCALEAXIS 0	0	0
		*TM_SCALEAXISANG 0	0	0
	}
}
*HELPEROBJECT {
	*NODE_NAME "Bip01 R Calf"
	*NODE_PARENT "Bip01 R Thigh"
	*NODE_TM {
		*NODE_NAME "Bip01 R Calf"
		*TM_ROW0 -0.138326	0.555459	-0.819958
		*TM_ROW1 -0.155327	-0.829839	-0.535949
		*TM_ROW2 -0.978131	0.0532254	0.201066
		*TM_ROW3 -67.5425	16.9045	93.1403
		*TM_POS -67.5425	16.9045	93.1403
		*TM_ROTAXIS 0.629006	0.168866	-0.758839
		*TM_ROTANGLE 2.65418
		*TM_SCALE 1	1	1
		*TM_SCALEAXIS 0	0	0
		*TM_SCALEAXISANG 0	0	0
	}
}
*HELPEROBJECT {
	*NODE_NAME "Bip01 R Foot"
	*NODE_PARENT "Bip01 R Calf"
	*NODE_TM {
		*NODE_NAME "Bip01 R Foot"
		*TM_ROW0 9.26998e-008	-6.07554e-007	-1
		*TM_ROW1 -0.061048	-0.998135	5.06033e-007
		*TM_ROW2 -0.998135	0.061048	5.4458e-008
		*TM_ROW3 -76.7148	53.7367	38.7693
		*TM_POS -76.7148	53.7367	38.7693
		*TM_ROTAXIS 0.706942	-0.0215991	-0.706942
		*TM_ROTANGLE 3.0984
		*TM_SCALE 1	1	1
		*TM_SCALEAXIS 0	0	0
		*TM_SCALEAXISANG 0	0	0
	}
}
*HELPEROBJECT {
	*NODE_NAME "Bip01 R Toe0"
	*NODE_PARENT "Bip01 R Foot"
	*NODE_TM {
		*NODE_NAME "Bip01 R Toe0"
		*TM_ROW0 -0.0610479	-0.998135	-2.46476e-007
		*TM_ROW1 -3.31118e-007	-2.57454e-008	1
		*TM_ROW2 -0.998135	0.061048	-1.83961e-007
		*TM_ROW3 -81.3935	-22.7603	0.84713
		*TM_POS -81.3935	-22.7603	0.84713
		*TM_ROTAXIS -0.553843	0.588752	0.588752
		*TM_ROTANGLE 2.13002
		*TM_SCALE 1	1	1
		*TM_SCALEAXIS 0	0	0
		*TM_SCALEAXISANG 0	0	0
	}
}
*HELPEROBJECT {
	*NODE_NAME "Bip01 Spine1"
	*NODE_PARENT "Bip01 Spine"
	*NODE_TM {
		*NODE_NAME "Bip01 Spine1"
		*TM_ROW0 1.54972e-006	-0.899143	0.437656
		*TM_ROW1 -2.47359e-006	-0.437656	-0.899143
		*TM_ROW2 1	3.57628e-007	-2.92063e-006
		*TM_ROW3 0.075839	17.557	196.643
		*TM_POS 0.075839	17.557	196.643
		*TM_ROTAXIS 0.646691	-0.404455	0.646689
		*TM_ROTANGLE 2.37291
		*TM_SCALE 1	1	1
		*TM_SCALEAXIS 0	0	0
		*TM_SCALEAXISANG 0	0	0
	}
	*TM_ANIMATION {
		*NODE_NAME  "Bip01 Spine1"
		*CONTROL_POS_TRACK {
			*CONTROL_POS_SAMPLE 1	1.12857	17.563	196.636
			*CONTROL_POS_SAMPLE 193	2.17642	17.5733	196.614
			*CONTROL_POS_SAMPLE 385	3.22147	17.5918	196.577
			*CONTROL_POS_SAMPLE 577	4.26372	17.6204	196.53
			*CONTROL_POS_SAMPLE 769	5.30317	17.6572	196.467
			*CONTROL_POS_SAMPLE 961	6.34262	17.7062	196.392
			*CONTROL_POS_SAMPLE 1153	7.38206	17.7671	196.31
			*CONTROL_POS_SAMPLE 1345	8.42151	17.8381	196.218
			*CONTROL_POS_SAMPLE 1537	9.46096	17.9232	196.117
			*CONTROL_POS_SAMPLE 1729	10.5032	18.0262	196.01
			*CONTROL_POS_SAMPLE 1921	11.5511	18.1472	195.897
			*CONTROL_POS_SAMPLE 2113	12.5989	18.2821	195.779
			*CONTROL_POS_SAMPLE 2305	13.6524	18.4428	195.659
			*CONTROL_POS_SAMPLE 2497	14.7114	18.6254	195.533
			*CONTROL_POS_SAMPLE 2689	15.7733	18.8317	195.412
			*CONTROL_POS_SAMPLE 2881	17.2302	19.2121	195.302
			*CONTROL_POS_SAMPLE 3073	19.0822	19.8239	195.222
			*CONTROL_POS_SAMPLE 3265	20.7716	20.498	195.199
			*CONTROL_POS_SAMPLE 3457	21.7634	20.9983	195.258
			*CONTROL_POS_SAMPLE 3649	21.5393	21.0568	195.415
			*CONTROL_POS_SAMPLE 3841	20.3289	20.7457	195.633
			*CONTROL_POS_SAMPLE 4033	18.7459	20.3313	195.866
			*CONTROL_POS_SAMPLE 4225	16.8464	19.8595	196.095
			*CONTROL_POS_SAMPLE 4417	14.689	19.3683	196.3
			*CONTROL_POS_SAMPLE 4609	12.3384	18.8956	196.472
			*CONTROL_POS_SAMPLE 4801	9.86161	18.4712	196.601
			*CONTROL_POS_SAMPLE 4993	7.32603	18.117	196.681
			*CONTROL_POS_SAMPLE 5185	4.80166	17.8469	196.712
			*CONTROL_POS_SAMPLE 5377	2.35853	17.661	196.697
		}
		*CONTROL_ROT_TRACK {
			*CONTROL_ROT_SAMPLE 1	0.650964	-0.409243	0.639348	2.38382
			*CONTROL_ROT_SAMPLE 193	0.655094	-0.414761	0.631526	2.39698
			*CONTROL_ROT_SAMPLE 385	0.65914	-0.420712	0.623326	2.41188
			*CONTROL_ROT_SAMPLE 577	0.663063	-0.426862	0.614928	2.42809
			*CONTROL_ROT_SAMPLE 769	0.666926	-0.432991	0.606406	2.44508
			*CONTROL_ROT_SAMPLE 961	0.670688	-0.438905	0.597947	2.46245
			*CONTROL_ROT_SAMPLE 1153	0.67443	-0.444418	0.589607	2.47952
			*CONTROL_ROT_SAMPLE 1345	0.678147	-0.449321	0.581573	2.49583
			*CONTROL_ROT_SAMPLE 1537	0.681896	-0.453467	0.573921	2.51086
			*CONTROL_ROT_SAMPLE 1729	0.685679	-0.456695	0.56681	2.52395
			*CONTROL_ROT_SAMPLE 1921	0.689576	-0.458894	0.560269	2.53459
			*CONTROL_ROT_SAMPLE 2113	0.693601	-0.459896	0.554448	2.54218
			*CONTROL_ROT_SAMPLE 2305	0.697784	-0.459549	0.549466	2.5461
			*CONTROL_ROT_SAMPLE 2497	0.702154	-0.457729	0.545402	2.54581
			*CONTROL_ROT_SAMPLE 2689	0.706767	-0.454319	0.542287	2.54061
			*CONTROL_ROT_SAMPLE 2881	0.714384	-0.4395	0.544515	2.50162
			*CONTROL_ROT_SAMPLE 3073	0.725109	-0.409831	0.553403	2.41854
			*CONTROL_ROT_SAMPLE 3265	0.735153	-0.374524	0.565051	2.31982
			*CONTROL_ROT_SAMPLE 3457	0.74134	-0.343536	0.57654	2.23474
			*CONTROL_ROT_SAMPLE 3649	0.7412	-0.327858	0.585775	2.1926
			*CONTROL_ROT_SAMPLE 3841	0.736193	-0.325976	0.593093	2.1873
			*CONTROL_ROT_SAMPLE 4033	0.729464	-0.327897	0.600305	2.19213
			*CONTROL_ROT_SAMPLE 4225	0.721258	-0.33309	0.60732	2.20528
			*CONTROL_ROT_SAMPLE 4417	0.711865	-0.340927	0.614017	2.22467
			*CONTROL_ROT_SAMPLE 4609	0.701577	-0.350724	0.620309	2.24864
			*CONTROL_ROT_SAMPLE 4801	0.690641	-0.361796	0.626193	2.27514
			*CONTROL_ROT_SAMPLE 4993	0.679351	-0.37341	0.631702	2.30253
			*CONTROL_ROT_SAMPLE 5185	0.668036	-0.384906	0.636848	2.32904
			*CONTROL_ROT_SAMPLE 5377	0.657035	-0.395514	0.641774	2.35302
		}
		*CONTROL_SCALE_TRACK {
			*CONTROL_SCALE_SAMPLE	1	1	1	1	0	0	0	0
		}
	}
}
*HELPEROBJECT {
	*NODE_NAME "Bip01 Spine2"
	*NODE_PARENT "Bip01 Spine1"
	*NODE_TM {
		*NODE_NAME "Bip01 Spine2"
		*TM_ROW0 1.13249e-006	-0.454699	0.890645
		*TM_ROW1 -1.16229e-006	-0.890645	-0.454699
		*TM_ROW2 1	-5.51343e-007	-1.49012e-006
		*TM_ROW3 0.07591	-34.8453	222.214
		*TM_POS 0.07591	-34.8453	222.214
		*TM_ROTAXIS 0.697099	-0.167652	0.697098
		*TM_ROTANGLE 2.80938
		*TM_SCALE 1	1	1
		*TM_SCALEAXIS 0	0	0
		*TM_SCALEAXISANG 0	0	0
	}
	*TM_ANIMATION {
		*NODE_NAME  "Bip01 Spine2"
		*CONTROL_POS_TRACK {
			*CONTROL_POS_SAMPLE 1	1.43149	-34.8479	222.182
			*CONTROL_POS_SAMPLE 193	2.7249	-34.8464	222.139
			*CONTROL_POS_SAMPLE 385	3.97899	-34.8316	222.089
			*CONTROL_POS_SAMPLE 577	5.20082	-34.7998	222.042
			*CONTROL_POS_SAMPLE 769	6.41165	-34.7532	221.993
			*CONTROL_POS_SAMPLE 961	7.61741	-34.6857	221.948
			*CONTROL_POS_SAMPLE 1153	8.84305	-34.6007	221.906
			*CONTROL_POS_SAMPLE 1345	10.0958	-34.4981	221.865
			*CONTROL_POS_SAMPLE 1537	11.392	-34.3751	221.823
			*CONTROL_POS_SAMPLE 1729	12.7442	-34.2302	221.776
			*CONTROL_POS_SAMPLE 1921	14.1734	-34.0657	221.715
			*CONTROL_POS_SAMPLE 2113	15.683	-33.8851	221.638
			*CONTROL_POS_SAMPLE 2305	17.2905	-33.6767	221.542
			*CONTROL_POS_SAMPLE 2497	19.0066	-33.4435	221.418
			*CONTROL_POS_SAMPLE 2689	20.8462	-33.1841	221.263
			*CONTROL_POS_SAMPLE 2881	24.0972	-32.7108	220.925
			*CONTROL_POS_SAMPLE 3073	29.0128	-31.8182	220.404
			*CONTROL_POS_SAMPLE 3265	34.0349	-30.5898	219.973
			*CONTROL_POS_SAMPLE 3457	37.6158	-29.4528	219.814
			*CONTROL_POS_SAMPLE 3649	38.2526	-29.1054	219.993
			*CONTROL_POS_SAMPLE 3841	36.4741	-29.5302	220.358
			*CONTROL_POS_SAMPLE 4033	33.8759	-30.1713	220.77
			*CONTROL_POS_SAMPLE 4225	30.5835	-30.9474	221.187
			*CONTROL_POS_SAMPLE 4417	26.7304	-31.7825	221.563
			*CONTROL_POS_SAMPLE 4609	22.4589	-32.5964	221.884
			*CONTROL_POS_SAMPLE 4801	17.9188	-33.3295	222.123
			*CONTROL_POS_SAMPLE 4993	13.2509	-33.9349	222.277
			*CONTROL_POS_SAMPLE 5185	8.61566	-34.3888	222.335
			*CONTROL_POS_SAMPLE 5377	4.16892	-34.6884	222.307
		}
		*CONTROL_ROT_TRACK {
			*CONTROL_ROT_SAMPLE 1	0.700919	-0.171617	0.692286	2.81703
			*CONTROL_ROT_SAMPLE 193	0.705143	-0.176425	0.686766	2.82702
			*CONTROL_ROT_SAMPLE 385	0.709716	-0.181786	0.68063	2.83876
			*CONTROL_ROT_SAMPLE 577	0.714443	-0.187391	0.674133	2.85192
			*CONTROL_ROT_SAMPLE 769	0.719246	-0.192997	0.667411	2.86591
			*CONTROL_ROT_SAMPLE 961	0.723966	-0.198394	0.660691	2.88038
			*CONTROL_ROT_SAMPLE 1153	0.728513	-0.203364	0.65415	2.89455
			*CONTROL_ROT_SAMPLE 1345	0.732813	-0.207668	0.647966	2.90804
			*CONTROL_ROT_SAMPLE 1537	0.736772	-0.211095	0.642344	2.92025
			*CONTROL_ROT_SAMPLE 1729	0.740249	-0.213518	0.637528	2.93055
			*CONTROL_ROT_SAMPLE 1921	0.743226	-0.214758	0.633635	2.93826
			*CONTROL_ROT_SAMPLE 2113	0.745598	-0.214656	0.630877	2.94284
			*CONTROL_ROT_SAMPLE 2305	0.747248	-0.212986	0.62949	2.94357
			*CONTROL_ROT_SAMPLE 2497	0.748068	-0.209713	0.629614	2.93988
			*CONTROL_ROT_SAMPLE 2689	0.747988	-0.204662	0.631369	2.93095
			*CONTROL_ROT_SAMPLE 2881	0.741629	-0.186571	0.644343	2.88515
			*CONTROL_ROT_SAMPLE 3073	0.725867	-0.15246	0.670726	2.7907
			*CONTROL_ROT_SAMPLE 3265	0.704664	-0.113894	0.700341	2.679
			*CONTROL_ROT_SAMPLE 3457	-0.684066	0.0815982	-0.724841	3.69936
			*CONTROL_ROT_SAMPLE 3649	-0.672406	0.066013	-0.737233	3.74324
			*CONTROL_ROT_SAMPLE 3841	-0.669625	0.0647265	-0.739874	3.74319
			*CONTROL_ROT_SAMPLE 4033	-0.669301	0.067548	-0.739914	3.73072
			*CONTROL_ROT_SAMPLE 4225	-0.670898	0.0739832	-0.73785	3.70829
			*CONTROL_ROT_SAMPLE 4417	-0.673988	0.0835628	-0.734001	3.67857
			*CONTROL_ROT_SAMPLE 4609	-0.678082	0.0956492	-0.728736	3.64378
			*CONTROL_ROT_SAMPLE 4801	-0.682599	0.109612	-0.722526	3.60655
			*CONTROL_ROT_SAMPLE 4993	-0.687096	0.124662	-0.715792	3.56889
			*CONTROL_ROT_SAMPLE 5185	-0.691258	0.140027	-0.708911	3.53302
			*CONTROL_ROT_SAMPLE 5377	-0.694677	0.154708	-0.702488	3.50083
		}
		*CONTROL_SCALE_TRACK {
			*CONTROL_SCALE_SAMPLE	1	1	1	1	0	0	0	0
		}
	}
}
*HELPEROBJECT {
	*NODE_NAME "Bip01 Neck"
	*NODE_PARENT "Bip01 Spine2"
	*NODE_TM {
		*NODE_NAME "Bip01 Neck"
		*TM_ROW0 1.87755e-006	-0.989615	-0.143743
		*TM_ROW1 -3.15905e-006	0.143743	-0.989615
		*TM_ROW2 1	2.23517e-006	-2.80142e-006
		*TM_ROW3 0.075967	-76.2899	303.417
		*TM_POS 0.075967	-76.2899	303.417
		*TM_ROTAXIS 0.547526	-0.632799	0.547523
		*TM_ROTANGLE 2.01322
		*TM_SCALE 1	1	1
		*TM_SCALEAXIS 0	0	0
		*TM_SCALEAXISANG 0	0	0
	}
}
*HELPEROBJECT {
	*NODE_NAME "Bip01 Neck1"
	*NODE_PARENT "Bip01 Neck"
	*NODE_TM {
		*NODE_NAME "Bip01 Neck1"
		*TM_ROW0 1.2517e-006	-0.995368	0.0961349
		*TM_ROW1 -2.47359e-006	-0.0961348	-0.995368
		*TM_ROW2 1	9.53674e-007	-2.44379e-006
		*TM_ROW3 0.076023	-116.928	297.546
		*TM_POS 0.076023	-116.928	297.546
		*TM_ROTAXIS 0.595008	-0.540309	0.595006
		*TM_ROTANGLE 2.15085
		*TM_SCALE 1	1	1
		*TM_SCALEAXIS 0	0	0
		*TM_SCALEAXISANG 0	0	0
	}
}
*HELPEROBJECT {
	*NODE_NAME "Bip01 Head"
	*NODE_PARENT "Bip01 Neck1"
	*NODE_TM {
		*NODE_NAME "Bip01 Head"
		*TM_ROW0 1.2219e-006	-0.870452	-0.492255
		*TM_ROW1 -3.18885e-006	0.492255	-0.870452
		*TM_ROW2 1	2.5332e-006	-2.14577e-006
		*TM_ROW3 0.076077	-156.497	301.367
		*TM_POS 0.076077	-156.497	301.367
		*TM_ROTAXIS 0.449969	-0.7714	0.449966
		*TM_ROTANGLE 1.82748
		*TM_SCALE 1	1	1
		*TM_SCALEAXIS 0	0	0
		*TM_SCALEAXISANG 0	0	0
	}
}
*HELPEROBJECT {
	*NODE_NAME "Bip01 Kiefer01"
	*NODE_PARENT "Bip01 Head"
	*NODE_TM {
		*NODE_NAME "Bip01 Kiefer01"
		*TM_ROW0 4.76837e-007	0.976338	0.216253
		*TM_ROW1 -4.17232e-007	-0.216253	0.976338
		*TM_ROW2 1	-4.17233e-007	4.76838e-007
		*TM_ROW3 6.90075e-005	-142.042	272.399
		*TM_POS 6.90075e-005	-142.042	272.399
		*TM_ROTAXIS -0.614946	-0.493643	-0.614946
		*TM_ROTANGLE 2.22449
		*TM_SCALE 1	1	1
		*TM_SCALEAXIS 0	0	0
		*TM_SCALEAXISANG 0	0	0
	}
}
*HELPEROBJECT {
	*NODE_NAME "Bip01 Kiefer02"
	*NODE_PARENT "Bip01 Kiefer01"
	*NODE_TM {
		*NODE_NAME "Bip01 Kiefer02"
		*TM_ROW0 5.96041e-008	0.927256	0.374428
		*TM_ROW1 -2.98019e-008	-0.374428	0.927256
		*TM_ROW2 1	-2.98028e-008	5.96051e-008
		*TM_ROW3 -0.00312399	-144.937	254.838
		*TM_POS -0.00312399	-144.937	254.838
		*TM_ROTAXIS -0.638206	-0.430565	-0.638206
		*TM_ROTANGLE 2.32844
		*TM_SCALE 1	1	1
		*TM_SCALEAXIS 0	0	0
		*TM_SCALEAXISANG 0	0	0
	}
}
*HELPEROBJECT {
	*NODE_NAME "Bip01 L Clavicle"
	*NODE_PARENT "Bip01 Neck"
	*NODE_TM {
		*NODE_NAME "Bip01 L Clavicle"
		*TM_ROW0 0.801569	-0.0230148	-0.597459
		*TM_ROW1 0.342019	0.837273	0.426611
		*TM_ROW2 0.490418	-0.546301	0.679004
		*TM_ROW3 71.7763	-40.3305	271.455
		*TM_POS 71.7763	-40.3305	271.455
		*TM_ROTAXIS -0.646702	-0.72312	0.242641
		*TM_ROTANGLE 0.85141
		*TM_SCALE 1	1	1
		*TM_SCALEAXIS 0	0	0
		*TM_SCALEAXISANG 0	0	0
	}
}
*HELPEROBJECT {
	*NODE_NAME "Bip01 L UpperArm"
	*NODE_PARENT "Bip01 L Clavicle"
	*NODE_TM {
		*NODE_NAME "Bip01 L UpperArm"
		*TM_ROW0 0.780713	-0.205677	-0.590072
		*TM_ROW1 0.52171	0.734293	0.434318
		*TM_ROW2 0.343957	-0.646924	0.680575
		*TM_ROW3 120.591	-41.732	235.071
		*TM_POS 120.591	-41.732	235.071
		*TM_ROTAXIS -0.674384	-0.582565	0.45368
		*TM_ROTANGLE 0.930054
		*TM_SCALE 1	1	1
		*TM_SCALEAXIS 0	0	0
		*TM_SCALEAXISANG 0	0	0
	}
}
*HELPEROBJECT {
	*NODE_NAME "Bip01 L Forearm"
	*NODE_PARENT "Bip01 L UpperArm"
	*NODE_TM {
		*NODE_NAME "Bip01 L Forearm"
		*TM_ROW0 0.00985085	-0.722273	-0.691538
		*TM_ROW1 0.938934	0.244563	-0.242058
		*TM_ROW2 0.343957	-0.646924	0.680576
		*TM_ROW3 209.543	-65.1663	167.84
		*TM_POS 209.543	-65.1663	167.84
		*TM_ROTAXIS -0.20254	-0.518021	0.831043
		*TM_ROTANGLE 1.60331
		*TM_SCALE 1	1	1
		*TM_SCALEAXIS 0	0	0
		*TM_SCALEAXISANG 0	0	0
	}
}
*HELPEROBJECT {
	*NODE_NAME "Bip01 L Hand"
	*NODE_PARENT "Bip01 L Forearm"
	*NODE_TM {
		*NODE_NAME "Bip01 L Hand"
		*TM_ROW0 0.0299404	-0.172345	-0.984582
		*TM_ROW1 -0.489692	0.856187	-0.164761
		*TM_ROW2 0.871381	0.487075	-0.0587613
		*TM_ROW3 210.404	-128.272	107.419
		*TM_POS 210.404	-128.272	107.419
		*TM_ROTAXIS 0.327139	-0.931458	-0.159268
		*TM_ROTANGLE 1.65722
		*TM_SCALE 1	1	1
		*TM_SCALEAXIS 0	0	0
		*TM_SCALEAXISANG 0	0	0
	}
}
*HELPEROBJECT {
	*NODE_NAME "Bip01 L Finger0"
	*NODE_PARENT "Bip01 L Hand"
	*NODE_TM {
		*NODE_NAME "Bip01 L Finger0"
		*TM_ROW0 -0.338796	0.0886514	-0.936674
		*TM_ROW1 -0.938281	-0.1055	0.329393
		*TM_ROW2 -0.0696179	0.99046	0.118923
		*TM_ROW3 181.992	-151.714	84.5867
		*TM_POS 181.992	-151.714	84.5867
		*TM_ROTAXIS 0.441361	-0.578889	-0.68563
		*TM_ROTANGLE 2.2952
		*TM_SCALE 1	1	1
		*TM_SCALEAXIS 0	0	0
		*TM_SCALEAXISANG 0	0	0
	}
}
*HELPEROBJECT {
	*NODE_NAME "Bip01 L Finger01"
	*NODE_PARENT "Bip01 L Finger0"
	*NODE_TM {
		*NODE_NAME "Bip01 L Finger01"
		*TM_ROW0 -0.179289	0.104849	-0.978193
		*TM_ROW1 -0.98133	-0.0894212	0.170279
		*TM_ROW2 -0.0696177	0.99046	0.118923
		*TM_ROW3 171.797	-149.046	56.4002
		*TM_POS 171.797	-149.046	56.4002
		*TM_ROTAXIS 0.501193	-0.555209	-0.663738
		*TM_ROTANGLE 2.18327
		*TM_SCALE 1	1	1
		*TM_SCALEAXIS 0	0	0
		*TM_SCALEAXISANG 0	0	0
	}
}
*HELPEROBJECT {
	*NODE_NAME "Bip01 L Finger02"
	*NODE_PARENT "Bip01 L Finger01"
	*NODE_TM {
		*NODE_NAME "Bip01 L Finger02"
		*TM_ROW0 -0.906694	-0.0131113	-0.421585
		*TM_ROW1 -0.416004	-0.137177	0.898957
		*TM_ROW2 -0.0696182	0.99046	0.118923
		*TM_ROW3 165.965	-145.635	24.5775
		*TM_POS 165.965	-145.635	24.5775
		*TM_ROTAXIS 0.168592	-0.64849	-0.742319
		*TM_ROTANGLE 2.86677
		*TM_SCALE 1	1	1
		*TM_SCALEAXIS 0	0	0
		*TM_SCALEAXISANG 0	0	0
	}
}
*HELPEROBJECT {
	*NODE_NAME "Bip01 L Finger1"
	*NODE_PARENT "Bip01 L Hand"
	*NODE_TM {
		*NODE_NAME "Bip01 L Finger1"
		*TM_ROW0 -0.11057	0.0778131	-0.990818
		*TM_ROW1 -0.478695	0.869505	0.121706
		*TM_ROW2 0.870991	0.487756	-0.0588926
		*TM_ROW3 197.802	-157.7	34.9788
		*TM_POS 197.802	-157.7	34.9788
		*TM_ROTAXIS 0.185119	-0.941554	-0.281437
		*TM_ROTANGLE 1.72134
		*TM_SCALE 1	1	1
		*TM_SCALEAXIS 0	0	0
		*TM_SCALEAXISANG 0	0	0
	}
}
*HELPEROBJECT {
	*NODE_NAME "Bip01 L Finger11"
	*NODE_PARENT "Bip01 L Finger1"
	*NODE_TM {
		*NODE_NAME "Bip01 L Finger11"
		*TM_ROW0 -0.425451	0.808761	0.406074
		*TM_ROW1 0.245695	-0.328631	0.91194
		*TM_ROW2 0.870991	0.487757	-0.0588917
		*TM_ROW3 194.95	-155.693	9.42514
		*TM_POS 194.95	-155.693	9.42514
		*TM_ROTAXIS -0.50231	-0.550545	-0.666772
		*TM_ROTANGLE 2.70569
		*TM_SCALE 1	1	1
		*TM_SCALEAXIS 0	0	0
		*TM_SCALEAXISANG 0	0	0
	}
}
*HELPEROBJECT {
	*NODE_NAME "Bip01 L Finger12"
	*NODE_PARENT "Bip01 L Finger11"
	*NODE_TM {
		*NODE_NAME "Bip01 L Finger12"
		*TM_ROW0 -0.315761	0.647589	0.693487
		*TM_ROW1 0.37639	-0.585425	0.718058
		*TM_ROW2 0.870991	0.487756	-0.0588923
		*TM_ROW3 183.977	-134.834	19.898
		*TM_POS 183.977	-134.834	19.898
		*TM_ROTAXIS -0.579213	-0.446426	-0.682068
		*TM_ROTANGLE 2.94145
		*TM_SCALE 1	1	1
		*TM_SCALEAXIS 0	0	0
		*TM_SCALEAXISANG 0	0	0
	}
}
*HELPEROBJECT {
	*NODE_NAME "Bip01 L Finger2"
	*NODE_PARENT "Bip01 L Hand"
	*NODE_TM {
		*NODE_NAME "Bip01 L Finger2"
		*TM_ROW0 -0.42763	0.693636	-0.579656
		*TM_ROW1 -0.24188	0.53006	0.81273
		*TM_ROW2 0.870992	0.487755	-0.0588929
		*TM_ROW3 234.396	-136.996	34.0635
		*TM_POS 234.396	-136.996	34.0635
		*TM_ROTAXIS -0.185016	-0.825889	-0.532612
		*TM_ROTANGLE 2.06944
		*TM_SCALE 1	1	1
		*TM_SCALEAXIS 0	0	0
		*TM_SCALEAXISANG 0	0	0
	}
}
*HELPEROBJECT {
	*NODE_NAME "Bip01 L Finger21"
	*NODE_PARENT "Bip01 L Finger2"
	*NODE_TM {
		*NODE_NAME "Bip01 L Finger21"
		*TM_ROW0 -0.183994	0.434988	0.881437
		*TM_ROW1 0.455545	-0.756888	0.468615
		*TM_ROW2 0.870991	0.487756	-0.0588935
		*TM_ROW3 222.803	-118.192	18.349
		*TM_POS 222.803	-118.192	18.349
		*TM_ROTAXIS -0.638725	-0.348578	-0.685947
		*TM_ROTANGLE 3.15658
		*TM_SCALE 1	1	1
		*TM_SCALEAXIS 0	0	0
		*TM_SCALEAXISANG 0	0	0
	}
}
*HELPEROBJECT {
	*NODE_NAME "Bip01 L Finger22"
	*NODE_PARENT "Bip01 L Finger21"
	*NODE_TM {
		*NODE_NAME "Bip01 L Finger22"
		*TM_ROW0 0.118907	-0.0929751	0.988543
		*TM_ROW1 0.476693	-0.868015	-0.138978
		*TM_ROW2 0.870991	0.487757	-0.0588926
		*TM_ROW3 218.052	-106.961	41.1069
		*TM_POS 218.052	-106.961	41.1069
		*TM_ROTAXIS 0.732967	0.137477	0.666227
		*TM_ROTANGLE 2.69983
		*TM_SCALE 1	1	1
		*TM_SCALEAXIS 0	0	0
		*TM_SCALEAXISANG 0	0	0
	}
}
*HELPEROBJECT {
	*NODE_NAME "Bip01 R Clavicle"
	*NODE_PARENT "Bip01 Neck"
	*NODE_TM {
		*NODE_NAME "Bip01 R Clavicle"
		*TM_ROW0 -0.801569	-0.0230173	-0.597459
		*TM_ROW1 -0.342022	0.837272	0.426611
		*TM_ROW2 0.490416	0.546303	-0.679003
		*TM_ROW3 -71.6245	-40.3307	271.455
		*TM_POS -71.6245	-40.3307	271.455
		*TM_ROTAXIS -0.104994	0.95429	0.279833
		*TM_ROTANGLE 3.74809
		*TM_SCALE 1	1	1
		*TM_SCALEAXIS 0	0	0
		*TM_SCALEAXISANG 0	0	0
	}
	*TM_ANIMATION {
		*NODE_NAME  "Bip01 R Clavicle"
		*CONTROL_POS_TRACK {
			*CONTROL_POS_SAMPLE 1	-69.5988	-39.7892	272.439
			*CONTROL_POS_SAMPLE 193	-67.5086	-39.0639	273.566
			*CONTROL_POS_SAMPLE 385	-65.3485	-38.1888	274.792
			*CONTROL_POS_SAMPLE 577	-63.1295	-37.204	276.082
			*CONTROL_POS_SAMPLE 769	-60.8545	-36.1483	277.39
			*CONTROL_POS_SAMPLE 961	-58.5403	-35.0613	278.678
			*CONTROL_POS_SAMPLE 1153	-56.2036	-33.9853	279.904
			*CONTROL_POS_SAMPLE 1345	-53.8725	-32.9549	281.036
			*CONTROL_POS_SAMPLE 1537	-51.5695	-32.0099	282.034
			*CONTROL_POS_SAMPLE 1729	-49.3337	-31.1964	282.866
			*CONTROL_POS_SAMPLE 1921	-47.196	-30.5489	283.495
			*CONTROL_POS_SAMPLE 2113	-45.1899	-30.1143	283.895
			*CONTROL_POS_SAMPLE 2305	-43.3464	-29.9387	284.031
			*CONTROL_POS_SAMPLE 2497	-41.6906	-30.0707	283.867
			*CONTROL_POS_SAMPLE 2689	-40.2364	-30.5616	283.368
			*CONTROL_POS_SAMPLE 2881	-39.4772	-33.7073	280.525
			*CONTROL_POS_SAMPLE 3073	-38.8804	-40.4783	274.357
			*CONTROL_POS_SAMPLE 3265	-37.3338	-48.6058	266.634
			*CONTROL_POS_SAMPLE 3457	-35.339	-55.5086	259.737
			*CONTROL_POS_SAMPLE 3649	-35.1317	-58.8401	256.399
			*CONTROL_POS_SAMPLE 3841	-37.1938	-59.2217	256.219
			*CONTROL_POS_SAMPLE 4033	-40.102	-58.7621	256.895
			*CONTROL_POS_SAMPLE 4225	-43.6714	-57.5745	258.231
			*CONTROL_POS_SAMPLE 4417	-47.6975	-55.7728	260.036
			*CONTROL_POS_SAMPLE 4609	-51.9702	-53.4823	262.121
			*CONTROL_POS_SAMPLE 4801	-56.2989	-50.8597	264.316
			*CONTROL_POS_SAMPLE 4993	-60.5211	-48.0619	266.475
			*CONTROL_POS_SAMPLE 5185	-64.5248	-45.2608	268.456
			*CONTROL_POS_SAMPLE 5377	-68.2371	-42.6307	270.152
		}
		*CONTROL_ROT_TRACK {
			*CONTROL_ROT_SAMPLE 1	-0.0990174	0.95518	0.278973	3.73678
			*CONTROL_ROT_SAMPLE 193	-0.0916258	0.956292	0.277687	3.72381
			*CONTROL_ROT_SAMPLE 385	-0.083263	0.957568	0.275917	3.7096
			*CONTROL_ROT_SAMPLE 577	-0.0742667	0.958941	0.273707	3.69454
			*CONTROL_ROT_SAMPLE 769	-0.0650582	0.960319	0.271208	3.67899
			*CONTROL_ROT_SAMPLE 961	-0.0559733	0.961675	0.268419	3.66339
			*CONTROL_ROT_SAMPLE 1153	-0.0473366	0.962955	0.265474	3.6481
			*CONTROL_ROT_SAMPLE 1345	-0.0395502	0.964116	0.262521	3.63351
			*CONTROL_ROT_SAMPLE 1537	-0.0329216	0.965137	0.259665	3.62011
			*CONTROL_ROT_SAMPLE 1729	-0.027784	0.966016	0.256984	3.60833
			*CONTROL_ROT_SAMPLE 1921	-0.0243973	0.966698	0.254755	3.59844
			*CONTROL_ROT_SAMPLE 2113	-0.023133	0.967152	0.253143	3.59094
			*CONTROL_ROT_SAMPLE 2305	-0.0243032	0.967359	0.252244	3.58636
			*CONTROL_ROT_SAMPLE 2497	-0.0281779	0.967239	0.252297	3.58496
			*CONTROL_ROT_SAMPLE 2689	-0.0350451	0.966683	0.253566	3.58711
			*CONTROL_ROT_SAMPLE 2881	-0.0637785	0.962679	0.263024	3.61335
			*CONTROL_ROT_SAMPLE 3073	-0.120137	0.951309	0.283864	3.66919
			*CONTROL_ROT_SAMPLE 3265	-0.184829	0.932797	0.3094	3.73345
			*CONTROL_ROT_SAMPLE 3457	-0.239086	0.912677	0.33145	3.78737
			*CONTROL_ROT_SAMPLE 3649	-0.264724	0.901948	0.341192	3.81517
			*CONTROL_ROT_SAMPLE 3841	-0.266305	0.901814	0.340314	3.82205
			*CONTROL_ROT_SAMPLE 4033	-0.26108	0.904804	0.336403	3.82354
			*CONTROL_ROT_SAMPLE 4225	-0.249987	0.910171	0.330295	3.82048
			*CONTROL_ROT_SAMPLE 4417	-0.234122	0.917095	0.322681	3.81383
			*CONTROL_ROT_SAMPLE 4609	-0.214579	0.924749	0.314317	3.80433
			*CONTROL_ROT_SAMPLE 4801	-0.1925	0.932417	0.305845	3.79299
			*CONTROL_ROT_SAMPLE 4993	-0.169112	0.93952	0.29783	3.78054
			*CONTROL_ROT_SAMPLE 5185	-0.1458	0.945652	0.290661	3.7682
			*CONTROL_ROT_SAMPLE 5377	-0.123994	0.950597	0.284589	3.75705
		}
		*CONTROL_SCALE_TRACK {
			*CONTROL_SCALE_SAMPLE	1	1	1	1	0	0	0	0
		}
	}
}
*HELPEROBJECT {
	*NODE_NAME "Bip01 R UpperArm"
	*NODE_PARENT "Bip01 R Clavicle"
	*NODE_TM {
		*NODE_NAME "Bip01 R UpperArm"
		*TM_ROW0 -0.780712	-0.205678	-0.590072
		*TM_ROW1 -0.521712	0.734292	0.434318
		*TM_ROW2 0.343955	0.646925	-0.680576
		*TM_ROW3 -120.439	-41.7323	235.071
		*TM_POS -120.439	-41.7323	235.071
		*TM_ROTAXIS -0.210772	0.925967	0.313306
		*TM_ROTANGLE 3.67022
		*TM_SCALE 1	1	1
		*TM_SCALEAXIS 0	0	0
		*TM_SCALEAXISANG 0	0	0
	}
	*TM_ANIMATION {
		*NODE_NAME  "Bip01 R UpperArm"
		*CONTROL_POS_TRACK {
			*CONTROL_POS_SAMPLE 1	-118.934	-40.7941	236.751
			*CONTROL_POS_SAMPLE 193	-117.435	-39.5589	238.7
			*CONTROL_POS_SAMPLE 385	-115.906	-38.0989	240.843
			*CONTROL_POS_SAMPLE 577	-114.331	-36.4786	243.12
			*CONTROL_POS_SAMPLE 769	-112.689	-34.7678	245.456
			*CONTROL_POS_SAMPLE 961	-110.978	-33.0346	247.779
			*CONTROL_POS_SAMPLE 1153	-109.2	-31.3466	250.021
			*CONTROL_POS_SAMPLE 1345	-107.371	-29.7739	252.116
			*CONTROL_POS_SAMPLE 1537	-105.503	-28.3821	253.988
			*CONTROL_POS_SAMPLE 1729	-103.629	-27.2495	255.571
			*CONTROL_POS_SAMPLE 1921	-101.78	-26.4315	256.808
			*CONTROL_POS_SAMPLE 2113	-99.9808	-26.0086	257.633
			*CONTROL_POS_SAMPLE 2305	-98.2514	-26.0547	257.974
			*CONTROL_POS_SAMPLE 2497	-96.6086	-26.6396	257.775
			*CONTROL_POS_SAMPLE 2689	-95.0479	-27.8331	256.971
			*CONTROL_POS_SAMPLE 2881	-93.2551	-33.4987	251.951
			*CONTROL_POS_SAMPLE 3073	-89.8591	-44.7494	241.32
			*CONTROL_POS_SAMPLE 3265	-84.0665	-57.3076	228.57
			*CONTROL_POS_SAMPLE 3457	-77.7127	-67.263	217.608
			*CONTROL_POS_SAMPLE 3649	-75.1259	-71.7854	212.337
			*CONTROL_POS_SAMPLE 3841	-76.8531	-72.1771	211.859
			*CONTROL_POS_SAMPLE 4033	-80.0061	-71.4043	212.663
			*CONTROL_POS_SAMPLE 4225	-84.2987	-69.5852	214.485
			*CONTROL_POS_SAMPLE 4417	-89.3961	-66.8428	217.056
			*CONTROL_POS_SAMPLE 4609	-94.9623	-63.3163	220.126
			*CONTROL_POS_SAMPLE 4801	-100.676	-59.1913	223.453
			*CONTROL_POS_SAMPLE 4993	-106.266	-54.6893	226.826
			*CONTROL_POS_SAMPLE 5185	-111.51	-50.0798	230.015
			*CONTROL_POS_SAMPLE 5377	-116.26	-45.6648	232.827
		}
		*CONTROL_ROT_TRACK {
			*CONTROL_ROT_SAMPLE 1	-0.151582	0.9382	0.311133	3.63927
			*CONTROL_ROT_SAMPLE 193	-0.0909175	0.947115	0.307747	3.60312
			*CONTROL_ROT_SAMPLE 385	-0.0289678	0.952746	0.302383	3.56104
			*CONTROL_ROT_SAMPLE 577	0.0336505	0.955112	0.294328	3.51299
			*CONTROL_ROT_SAMPLE 769	0.095978	0.954317	0.282963	3.45924
			*CONTROL_ROT_SAMPLE 961	0.156448	0.950602	0.268104	3.40062
			*CONTROL_ROT_SAMPLE 1153	0.213188	0.944474	0.250039	3.33885
			*CONTROL_ROT_SAMPLE 1345	0.264111	0.936761	0.229616	3.27621
			*CONTROL_ROT_SAMPLE 1537	0.307743	0.92851	0.207757	3.21562
			*CONTROL_ROT_SAMPLE 1729	0.343365	0.920756	0.185225	3.1597
			*CONTROL_ROT_SAMPLE 1921	0.371025	0.914279	0.162589	3.11027
			*CONTROL_ROT_SAMPLE 2113	0.391275	0.90958	0.139889	3.06878
			*CONTROL_ROT_SAMPLE 2305	0.404751	0.90693	0.11685	3.03647
			*CONTROL_ROT_SAMPLE 2497	0.411496	0.906613	0.0934033	3.0145
			*CONTROL_ROT_SAMPLE 2689	0.410312	0.909271	0.0697883	3.00511
			*CONTROL_ROT_SAMPLE 2881	0.355824	0.933179	0.0506629	3.08079
			*CONTROL_ROT_SAMPLE 3073	0.157672	0.985403	0.0641876	3.33969
			*CONTROL_ROT_SAMPLE 3265	-0.111354	0.989092	0.096418	3.65625
			*CONTROL_ROT_SAMPLE 3457	-0.336527	0.939037	0.0704137	3.89196
			*CONTROL_ROT_SAMPLE 3649	-0.580347	0.813261	-0.0424645	4.04109
			*CONTROL_ROT_SAMPLE 3841	0.556959	-0.807068	0.196054	1.99371
			*CONTROL_ROT_SAMPLE 4033	0.355746	-0.910956	0.208818	1.73196
			*CONTROL_ROT_SAMPLE 4225	0.467802	-0.877663	0.104254	1.9151
			*CONTROL_ROT_SAMPLE 4417	-0.545428	0.837919	0.0199923	4.10696
			*CONTROL_ROT_SAMPLE 4609	-0.489821	0.866893	0.0925872	4.00578
			*CONTROL_ROT_SAMPLE 4801	-0.427068	0.891626	0.150388	3.9207
			*CONTROL_ROT_SAMPLE 4993	-0.361609	0.911012	0.198232	3.848
			*CONTROL_ROT_SAMPLE 5185	-0.299275	0.92368	0.23927	3.7834
			*CONTROL_ROT_SAMPLE 5377	-0.246954	0.928767	0.276414	3.72443
		}
		*CONTROL_SCALE_TRACK {
			*CONTROL_SCALE_SAMPLE	1	1	1	1	0	0	0	0
		}
	}
}
*HELPEROBJECT {
	*NODE_NAME "Bip01 R Forearm"
	*NODE_PARENT "Bip01 R UpperArm"
	*NODE_TM {
		*NODE_NAME "Bip01 R Forearm"
		*TM_ROW0 -0.00984704	-0.722273	-0.691537
		*TM_ROW1 -0.938935	0.244559	-0.242059
		*TM_ROW2 0.343954	0.646925	-0.680576
		*TM_ROW3 -209.391	-65.167	167.84
		*TM_POS -209.391	-65.167	167.84
		*TM_ROTAXIS -0.643334	0.749358	0.156792
		*TM_ROTANGLE 3.90435
		*TM_SCALE 1	1	1
		*TM_SCALEAXIS 0	0	0
		*TM_SCALEAXISANG 0	0	0
	}
	*TM_ANIMATION {
		*NODE_NAME  "Bip01 R Forearm"
		*CONTROL_POS_TRACK {
			*CONTROL_POS_SAMPLE 1	-214.129	-54.313	175.626
			*CONTROL_POS_SAMPLE 193	-217.665	-42.541	184.604
			*CONTROL_POS_SAMPLE 385	-219.782	-30.0857	194.726
			*CONTROL_POS_SAMPLE 577	-220.249	-17.2354	205.808
			*CONTROL_POS_SAMPLE 769	-218.879	-4.35006	217.53
			*CONTROL_POS_SAMPLE 961	-215.629	8.11214	229.436
			*CONTROL_POS_SAMPLE 1153	-210.67	19.6725	240.961
			*CONTROL_POS_SAMPLE 1345	-204.452	29.8586	251.548
			*CONTROL_POS_SAMPLE 1537	-197.576	38.3908	260.713
			*CONTROL_POS_SAMPLE 1729	-190.683	45.1683	268.163
			*CONTROL_POS_SAMPLE 1921	-184.299	50.2668	273.814
			*CONTROL_POS_SAMPLE 2113	-178.775	53.8218	277.628
			*CONTROL_POS_SAMPLE 2305	-174.331	55.9636	279.565
			*CONTROL_POS_SAMPLE 2497	-171.196	56.679	279.591
			*CONTROL_POS_SAMPLE 2689	-169.739	55.7041	277.561
			*CONTROL_POS_SAMPLE 2881	-178.156	41.7437	262.516
			*CONTROL_POS_SAMPLE 3073	-195.957	-8.25274	221.508
			*CONTROL_POS_SAMPLE 3265	-180.6	-75.3731	170.811
			*CONTROL_POS_SAMPLE 3457	-138.708	-124.133	139.977
			*CONTROL_POS_SAMPLE 3649	-83.7518	-162.797	144.339
			*CONTROL_POS_SAMPLE 3841	-73.7658	-164.781	145.554
			*CONTROL_POS_SAMPLE 4033	-81.557	-137.736	120.041
			*CONTROL_POS_SAMPLE 4225	-89.4072	-143.335	127.79
			*CONTROL_POS_SAMPLE 4417	-101.053	-146.676	136.607
			*CONTROL_POS_SAMPLE 4609	-123.852	-135.084	136.484
			*CONTROL_POS_SAMPLE 4801	-146.179	-121.407	139.549
			*CONTROL_POS_SAMPLE 4993	-166.704	-106.115	145.071
			*CONTROL_POS_SAMPLE 5185	-184.395	-90.4847	152.321
			*CONTROL_POS_SAMPLE 5377	-198.635	-76.2828	160.315
		}
		*CONTROL_ROT_TRACK {
			*CONTROL_ROT_SAMPLE 1	-0.666724	0.734323	0.127472	3.90156
			*CONTROL_ROT_SAMPLE 193	-0.681696	0.724238	0.103774	3.88739
			*CONTROL_ROT_SAMPLE 385	-0.688407	0.720181	0.0862297	3.86222
			*CONTROL_ROT_SAMPLE 577	-0.686897	0.722865	0.0750922	3.8265
			*CONTROL_ROT_SAMPLE 769	-0.677113	0.732515	0.0702842	3.7805
			*CONTROL_ROT_SAMPLE 961	-0.659472	0.748341	0.0712878	3.72498
			*CONTROL_ROT_SAMPLE 1153	-0.634996	0.768676	0.0769292	3.66156
			*CONTROL_ROT_SAMPLE 1345	-0.605667	0.791099	0.0856139	3.59283
			*CONTROL_ROT_SAMPLE 1537	-0.57429	0.813094	0.0952304	3.52192
			*CONTROL_ROT_SAMPLE 1729	-0.5442	0.832509	0.103808	3.45182
			*CONTROL_ROT_SAMPLE 1921	-0.519124	0.847598	0.109948	3.38521
			*CONTROL_ROT_SAMPLE 2113	-0.502444	0.857241	0.11264	3.32389
			*CONTROL_ROT_SAMPLE 2305	-0.4974	0.860362	0.111224	3.26905
			*CONTROL_ROT_SAMPLE 2497	-0.506759	0.855604	0.105534	3.22166
			*CONTROL_ROT_SAMPLE 2689	-0.533027	0.84072	0.0952523	3.18299
			*CONTROL_ROT_SAMPLE 2881	-0.648602	0.759419	0.0509657	3.20137
			*CONTROL_ROT_SAMPLE 3073	0.825028	-0.561605	0.0626762	2.94157
			*CONTROL_ROT_SAMPLE 3265	0.883168	-0.438198	0.167324	2.7056
			*CONTROL_ROT_SAMPLE 3457	0.842139	-0.503783	0.192365	2.48007
			*CONTROL_ROT_SAMPLE 3649	-0.69067	0.714298	-0.11293	4.0179
			*CONTROL_ROT_SAMPLE 3841	0.601083	-0.764157	0.234018	2.02059
			*CONTROL_ROT_SAMPLE 4033	0.623615	-0.61601	0.481286	2.03136
			*CONTROL_ROT_SAMPLE 4225	0.704839	-0.631503	0.323121	2.0683
			*CONTROL_ROT_SAMPLE 4417	0.766427	-0.627234	0.138448	2.21322
			*CONTROL_ROT_SAMPLE 4609	0.791007	-0.604196	0.0962017	2.2789
			*CONTROL_ROT_SAMPLE 4801	0.796189	-0.602532	0.0551183	2.31573
			*CONTROL_ROT_SAMPLE 4993	0.783378	-0.621423	0.0123685	2.33473
			*CONTROL_ROT_SAMPLE 5185	0.752835	-0.657254	-0.0354378	2.34625
			*CONTROL_ROT_SAMPLE 5377	0.705407	-0.702921	-0.0911217	2.35873
		}
		*CONTROL_SCALE_TRACK {
			*CONTROL_SCALE_SAMPLE	1	1	1	1	0	0	0	0
		}
	}
}
*HELPEROBJECT {
	*NODE_NAME "Bip01 R Hand"
	*NODE_PARENT "Bip01 R Forearm"
	*NODE_TM {
		*NODE_NAME "Bip01 R Hand"
		*TM_ROW0 -0.0299395	-0.172345	-0.984582
		*TM_ROW1 0.489688	0.856189	-0.164761
		*TM_ROW2 0.871383	-0.487071	0.0587611
		*TM_ROW3 -210.252	-128.273	107.419
		*TM_POS -210.252	-128.273	107.419
		*TM_ROTAXIS -0.161422	-0.92952	0.331565
		*TM_ROTANGLE 1.62832
		*TM_SCALE 1	1	1
		*TM_SCALEAXIS 0	0	0
		*TM_SCALEAXISANG 0	0	0
	}
	*TM_ANIMATION {
		*NODE_NAME  "Bip01 R Hand"
		*CONTROL_POS_TRACK {
			*CONTROL_POS_SAMPLE 1	-210.47	-120.422	118.622
			*CONTROL_POS_SAMPLE 193	-211.416	-111.209	130.948
			*CONTROL_POS_SAMPLE 385	-212.914	-100.978	144.125
			*CONTROL_POS_SAMPLE 577	-214.765	-90.0652	157.859
			*CONTROL_POS_SAMPLE 769	-216.801	-78.8101	171.871
			*CONTROL_POS_SAMPLE 961	-218.837	-67.5608	185.885
			*CONTROL_POS_SAMPLE 1153	-220.689	-56.6429	199.622
			*CONTROL_POS_SAMPLE 1345	-222.185	-46.4144	212.801
			*CONTROL_POS_SAMPLE 1537	-223.13	-37.2	225.127
			*CONTROL_POS_SAMPLE 1729	-223.366	-29.3391	236.324
			*CONTROL_POS_SAMPLE 1921	-222.693	-23.1676	246.126
			*CONTROL_POS_SAMPLE 2113	-220.948	-19.0334	254.244
			*CONTROL_POS_SAMPLE 2305	-217.934	-17.2764	260.383
			*CONTROL_POS_SAMPLE 2497	-213.483	-18.2263	264.282
			*CONTROL_POS_SAMPLE 2689	-207.407	-22.223	265.655
			*CONTROL_POS_SAMPLE 2881	-191.924	-43.9827	252.782
			*CONTROL_POS_SAMPLE 3073	-163.83	-89.4965	220.705
			*CONTROL_POS_SAMPLE 3265	-129.878	-146.007	179.258
			*CONTROL_POS_SAMPLE 3457	-96.7939	-200.773	138.26
			*CONTROL_POS_SAMPLE 3649	-71.3171	-241.067	107.564
			*CONTROL_POS_SAMPLE 3841	-66.4614	-240.772	103.065
			*CONTROL_POS_SAMPLE 4033	-71.3104	-223.885	109.708
			*CONTROL_POS_SAMPLE 4225	-66.9842	-225.592	108.699
			*CONTROL_POS_SAMPLE 4417	-71.3294	-223.526	107.557
			*CONTROL_POS_SAMPLE 4609	-90.4554	-210.382	107.36
			*CONTROL_POS_SAMPLE 4801	-112.477	-195.275	107.284
			*CONTROL_POS_SAMPLE 4993	-136.436	-178.85	107.298
			*CONTROL_POS_SAMPLE 5185	-161.375	-161.768	107.352
			*CONTROL_POS_SAMPLE 5377	-186.277	-144.7	107.403
		}
		*CONTROL_ROT_TRACK {
			*CONTROL_ROT_SAMPLE 1	-0.124738	-0.921391	0.368075	1.66519
			*CONTROL_ROT_SAMPLE 193	-0.0879927	-0.910174	0.404772	1.70993
			*CONTROL_ROT_SAMPLE 385	-0.0517433	-0.896181	0.44066	1.76136
			*CONTROL_ROT_SAMPLE 577	-0.0164924	-0.87989	0.474891	1.81809
			*CONTROL_ROT_SAMPLE 769	0.0174162	-0.861803	0.506944	1.87876
			*CONTROL_ROT_SAMPLE 961	0.049864	-0.842507	0.536372	1.9417
			*CONTROL_ROT_SAMPLE 1153	0.0806952	-0.822491	0.563024	2.00522
			*CONTROL_ROT_SAMPLE 1345	0.109912	-0.802319	0.586688	2.06758
			*CONTROL_ROT_SAMPLE 1537	-0.137485	0.782373	-0.607446	4.15615
			*CONTROL_ROT_SAMPLE 1729	-0.163492	0.763032	-0.625342	4.10106
			*CONTROL_ROT_SAMPLE 1921	-0.188041	0.744739	-0.640316	4.05232
			*CONTROL_ROT_SAMPLE 2113	-0.211199	0.727864	-0.652387	4.01145
			*CONTROL_ROT_SAMPLE 2305	-0.233086	0.712673	-0.66164	3.98012
			*CONTROL_ROT_SAMPLE 2497	-0.253691	0.699519	-0.668067	3.95982
			*CONTROL_ROT_SAMPLE 2689	-0.273032	0.688845	-0.671525	3.95212
			*CONTROL_ROT_SAMPLE 2881	-0.291469	0.698122	-0.653966	4.0118
			*CONTROL_ROT_SAMPLE 3073	-0.307871	0.732868	-0.606728	4.16364
			*CONTROL_ROT_SAMPLE 3265	0.319866	-0.775856	0.543814	1.91923
			*CONTROL_ROT_SAMPLE 3457	0.326268	-0.811104	0.485448	1.71039
			*CONTROL_ROT_SAMPLE 3649	0.327952	-0.821924	0.465714	1.52753
			*CONTROL_ROT_SAMPLE 3841	0.272192	-0.686482	0.67428	1.35425
			*CONTROL_ROT_SAMPLE 4033	0.214258	-0.481846	0.849658	1.31288
			*CONTROL_ROT_SAMPLE 4225	0.390787	-0.599837	0.698199	1.31529
			*CONTROL_ROT_SAMPLE 4417	0.486493	-0.729683	0.480506	1.40368
			*CONTROL_ROT_SAMPLE 4609	0.415951	-0.798089	0.435934	1.42275
			*CONTROL_ROT_SAMPLE 4801	0.316098	-0.855347	0.410443	1.44063
			*CONTROL_ROT_SAMPLE 4993	0.196076	-0.89758	0.394847	1.46538
			*CONTROL_ROT_SAMPLE 5185	0.0677356	-0.922276	0.380552	1.50384
			*CONTROL_ROT_SAMPLE 5377	-0.0555315	-0.93092	0.360978	1.55848
		}
		*CONTROL_SCALE_TRACK {
			*CONTROL_SCALE_SAMPLE	1	1	1	1	0	0	0	0
		}
	}
}
*HELPEROBJECT {
	*NODE_NAME "Bip01 R Finger0"
	*NODE_PARENT "Bip01 R Hand"
	*NODE_TM {
		*NODE_NAME "Bip01 R Finger0"
		*TM_ROW0 0.338796	0.0886526	-0.936674
		*TM_ROW1 0.938281	-0.105497	0.329393
		*TM_ROW2 -0.0696152	-0.99046	-0.118923
		*TM_ROW3 -180.869	-148.553	80.0376
		*TM_POS -180.869	-148.553	80.0376
		*TM_ROTAXIS -0.73602	-0.483518	0.473798
		*TM_ROTANGLE 2.02953
		*TM_SCALE 1	1	1
		*TM_SCALEAXIS 0	0	0
		*TM_SCALEAXISANG 0	0	0
	}
	*TM_ANIMATION {
		*NODE_NAME  "Bip01 R Finger0"
		*CONTROL_POS_TRACK {
			*CONTROL_POS_SAMPLE 1	-182.629	-143.035	91.4602
			*CONTROL_POS_SAMPLE 193	-185.343	-136.293	104.205
			*CONTROL_POS_SAMPLE 385	-188.785	-128.598	118.065
			*CONTROL_POS_SAMPLE 577	-192.692	-120.204	132.786
			*CONTROL_POS_SAMPLE 769	-196.833	-111.376	148.103
			*CONTROL_POS_SAMPLE 961	-200.945	-102.389	163.726
			*CONTROL_POS_SAMPLE 1153	-204.764	-93.5136	179.346
			*CONTROL_POS_SAMPLE 1345	-208.042	-85.06	194.616
			*CONTROL_POS_SAMPLE 1537	-210.521	-77.3329	209.173
			*CONTROL_POS_SAMPLE 1729	-211.995	-70.6672	222.654
			*CONTROL_POS_SAMPLE 1921	-212.203	-65.3995	234.698
			*CONTROL_POS_SAMPLE 2113	-210.955	-61.8977	244.918
			*CONTROL_POS_SAMPLE 2305	-208.026	-60.5274	252.942
			*CONTROL_POS_SAMPLE 2497	-203.241	-61.6431	258.427
			*CONTROL_POS_SAMPLE 2689	-196.405	-65.5995	261.007
			*CONTROL_POS_SAMPLE 2881	-177.907	-86.3086	246.765
			*CONTROL_POS_SAMPLE 3073	-143.916	-128.524	210.483
			*CONTROL_POS_SAMPLE 3265	-103.038	-179.239	165.136
			*CONTROL_POS_SAMPLE 3457	-63.7293	-227.215	123.039
			*CONTROL_POS_SAMPLE 3649	-33.9128	-262.701	95.031
			*CONTROL_POS_SAMPLE 3841	-30.0114	-266.992	105.903
			*CONTROL_POS_SAMPLE 4033	-41.2388	-253.11	126.01
			*CONTROL_POS_SAMPLE 4225	-28.8034	-247.741	117.406
			*CONTROL_POS_SAMPLE 4417	-29.3299	-239.004	103.012
			*CONTROL_POS_SAMPLE 4609	-49.5309	-226.553	97.986
			*CONTROL_POS_SAMPLE 4801	-73.252	-212.823	93.9554
			*CONTROL_POS_SAMPLE 4993	-99.3654	-197.987	90.4545
			*CONTROL_POS_SAMPLE 5185	-126.792	-182.203	87.0889
			*CONTROL_POS_SAMPLE 5377	-154.331	-165.655	83.6432
		}
		*CONTROL_ROT_TRACK {
			*CONTROL_ROT_SAMPLE 1	-0.710967	-0.478659	0.515181	2.00713
			*CONTROL_ROT_SAMPLE 193	-0.681965	-0.471583	0.559046	1.98869
			*CONTROL_ROT_SAMPLE 385	-0.649126	-0.462242	0.604125	1.97425
			*CONTROL_ROT_SAMPLE 577	-0.612833	-0.450724	0.649064	1.9638
			*CONTROL_ROT_SAMPLE 769	-0.573588	-0.43719	0.692721	1.95719
			*CONTROL_ROT_SAMPLE 961	-0.532074	-0.422065	0.734002	1.95387
			*CONTROL_ROT_SAMPLE 1153	-0.489184	-0.405709	0.772075	1.9532
			*CONTROL_ROT_SAMPLE 1345	-0.445842	-0.388782	0.806272	1.95431
			*CONTROL_ROT_SAMPLE 1537	-0.403065	-0.371744	0.836268	1.95618
			*CONTROL_ROT_SAMPLE 1729	-0.361713	-0.355179	0.861981	1.95779
			*CONTROL_ROT_SAMPLE 1921	-0.322803	-0.339835	0.883352	1.95764
			*CONTROL_ROT_SAMPLE 2113	-0.287169	-0.326349	0.900572	1.95456
			*CONTROL_ROT_SAMPLE 2305	-0.255599	-0.315251	0.91394	1.94705
