*3DSMAX_ASCIIEXPORT	110
*COMMENT "[ GothicSourcer v3.14 ] - June 2007"
*SCENE {
	*SCENE_FILENAME "SLE_LOOK_M01.MAX"
	*SCENE_FIRSTFRAME 0
	*SCENE_LASTFRAME 8
	*SCENE_FRAMESPEED 1
	*SCENE_TICKSPERFRAME 4800
	*SCENE_BACKGROUND_STATIC 0	0	0
	*SCENE_AMBIENT_STATIC 0.2	0.2	0.2
}
*HELPEROBJECT {
	*NODE_NAME "Bip01"
	*NODE_TM {
		*NODE_NAME "Bip01"
		*TM_ROW0 1.26759e-006	-1	0
		*TM_ROW1 1	1.26759e-006	0
		*TM_ROW2 -0	-0	1
		*TM_ROW3 0.507654	315.325	239.294
		*TM_POS 0.507654	315.325	239.294
		*TM_ROTAXIS 0	0	1
		*TM_ROTANGLE 1.5708
		*TM_SCALE 1	1	1
		*TM_SCALEAXIS 0	0	0
		*TM_SCALEAXISANG 0	0	0
	}
}
*HELPEROBJECT {
	*NODE_NAME "Bip01 Pelvis"
	*NODE_PARENT "Bip01"
	*NODE_TM {
		*NODE_NAME "Bip01 Pelvis"
		*TM_ROW0 -1.19209e-006	-1.64892e-007	1
		*TM_ROW1 2.99332e-006	-1	-1.64887e-007
		*TM_ROW2 1	2.99332e-006	1.66893e-006
		*TM_ROW3 0.507762	236.646	239.294
		*TM_POS 0.507762	236.646	239.294
		*TM_ROTAXIS -0.707106	-1e-006	-0.707107
		*TM_ROTANGLE 3.14159
		*TM_SCALE 1	1	1
		*TM_SCALEAXIS 0	0	0
		*TM_SCALEAXISANG 0	0	0
	}
}
*HELPEROBJECT {
	*NODE_NAME "Bip01 Spine"
	*NODE_PARENT "Bip01 Pelvis"
	*NODE_TM {
		*NODE_NAME "Bip01 Spine"
		*TM_ROW0 7.15256e-007	-0.808611	0.588344
		*TM_ROW1 -1.63913e-006	-0.588344	-0.808611
		*TM_ROW2 1	-4.47035e-007	-1.78814e-006
		*TM_ROW3 0.507719	218.963	248.1
		*TM_POS 0.507719	218.963	248.1
		*TM_ROTAXIS 0.665312	-0.338704	0.665311
		*TM_ROTANGLE 2.48844
		*TM_SCALE 1	1	1
		*TM_SCALEAXIS 0	0	0
		*TM_SCALEAXISANG 0	0	0
	}
}
*HELPEROBJECT {
	*NODE_NAME "Bip01 Spine1"
	*NODE_PARENT "Bip01 Spine"
	*NODE_TM {
		*NODE_NAME "Bip01 Spine1"
		*TM_ROW0 -2.98023e-007	-0.33749	0.941329
		*TM_ROW1 -1.77324e-006	-0.941329	-0.33749
		*TM_ROW2 1	-1.77324e-006	-2.98023e-007
		*TM_ROW3 0.507807	154.29	295.216
		*TM_POS 0.507807	154.29	295.216
		*TM_ROTAXIS 0.701824	-0.122009	0.701824
		*TM_ROTANGLE 2.89878
		*TM_SCALE 1	1	1
		*TM_SCALEAXIS 0	0	0
		*TM_SCALEAXISANG 0	0	0
	}
}
*HELPEROBJECT {
	*NODE_NAME "Bip01 Spine2"
	*NODE_PARENT "Bip01 Spine1"
	*NODE_TM {
		*NODE_NAME "Bip01 Spine2"
		*TM_ROW0 5.96045e-008	0.00270794	0.999996
		*TM_ROW1 -1.13493e-006	-0.999996	0.00270794
		*TM_ROW2 1	-1.13493e-006	5.96044e-008
		*TM_ROW3 0.507841	129.559	364.347
		*TM_POS 0.507841	129.559	364.347
		*TM_ROTAXIS 0.707106	0.000957001	0.707106
		*TM_ROTANGLE 3.14351
		*TM_SCALE 1	1	1
		*TM_SCALEAXIS 0	0	0
		*TM_SCALEAXISANG 0	0	0
	}
}
*HELPEROBJECT {
	*NODE_NAME "Bip01 Spine3"
	*NODE_PARENT "Bip01 Spine2"
	*NODE_TM {
		*NODE_NAME "Bip01 Spine3"
		*TM_ROW0 1.78814e-007	0.107637	0.99419
		*TM_ROW1 -1.80677e-006	-0.99419	0.107637
		*TM_ROW2 1	-1.80677e-006	1.78814e-007
		*TM_ROW3 0.507841	129.798	432.179
		*TM_POS 0.507841	129.798	432.179
		*TM_ROTAXIS 0.706592	0.038138	0.706592
		*TM_ROTANGLE 3.21783
		*TM_SCALE 1	1	1
		*TM_SCALEAXIS 0	0	0
		*TM_SCALEAXISANG 0	0	0
	}
}
*HELPEROBJECT {
	*NODE_NAME "Bip01 Neck"
	*NODE_PARENT "Bip01 Spine3"
	*NODE_TM {
		*NODE_NAME "Bip01 Neck"
		*TM_ROW0 7.15256e-007	-0.753152	0.657847
		*TM_ROW1 -1.96695e-006	-0.657846	-0.753152
		*TM_ROW2 1	-8.64267e-007	-1.60933e-006
		*TM_ROW3 0.507831	137.32	501.416
		*TM_POS 0.507831	137.32	501.416
		*TM_ROTAXIS 0.673224	-0.305843	0.673223
		*TM_ROTANGLE 2.54798
		*TM_SCALE 1	1	1
		*TM_SCALEAXIS 0	0	0
		*TM_SCALEAXISANG 0	0	0
	}
}
*HELPEROBJECT {
	*NODE_NAME "Bip01 Neck1"
	*NODE_PARENT "Bip01 Neck"
	*NODE_TM {
		*NODE_NAME "Bip01 Neck1"
		*TM_ROW0 8.34465e-007	-0.969426	0.245383
		*TM_ROW1 -3.15905e-006	-0.245383	-0.969427
		*TM_ROW2 1	-5.96044e-008	-3.15905e-006
		*TM_ROW3 0.507888	95.2284	538.233
		*TM_POS 0.507888	95.2284	538.233
		*TM_ROTAXIS 0.619468	-0.482204	0.619466
		*TM_ROTANGLE 2.24298
		*TM_SCALE 1	1	1
		*TM_SCALEAXIS 0	0	0
		*TM_SCALEAXISANG 0	0	0
	}
	*TM_ANIMATION {
		*NODE_NAME  "Bip01 Neck1"
		*CONTROL_POS_TRACK {
			*CONTROL_POS_SAMPLE 0	0.504075	95.2507	538.225
			*CONTROL_POS_SAMPLE 4800	0.504167	95.2505	538.225
			*CONTROL_POS_SAMPLE 9600	0.504151	95.2506	538.225
			*CONTROL_POS_SAMPLE 14400	0.504075	95.2451	538.23
			*CONTROL_POS_SAMPLE 19200	0.504136	95.245	538.23
			*CONTROL_POS_SAMPLE 24000	0.504151	95.245	538.23
			*CONTROL_POS_SAMPLE 28800	0.504106	95.2395	538.235
			*CONTROL_POS_SAMPLE 33600	0.504106	95.2395	538.235
			*CONTROL_POS_SAMPLE 38400	0.504151	95.2394	538.235
		}
		*CONTROL_ROT_TRACK {
			*CONTROL_ROT_SAMPLE 0	0.758685	-0.297898	0.579356	2.39807
			*CONTROL_ROT_SAMPLE 4800	0.664572	-0.341598	0.664571	2.48325
			*CONTROL_ROT_SAMPLE 9600	-0.561855	0.378112	-0.735765	3.70407
			*CONTROL_ROT_SAMPLE 14400	0.743607	-0.320753	0.586657	2.36966
			*CONTROL_ROT_SAMPLE 19200	0.659559	-0.360508	0.659558	2.44958
			*CONTROL_ROT_SAMPLE 24000	-0.569213	0.394263	-0.721494	3.74502
			*CONTROL_ROT_SAMPLE 28800	0.721621	-0.406876	0.560103	2.17631
			*CONTROL_ROT_SAMPLE 33600	0.629014	-0.456819	0.629013	2.28457
			*CONTROL_ROT_SAMPLE 38400	-0.531867	0.497556	-0.685241	3.87898
		}
		*CONTROL_SCALE_TRACK {
			*CONTROL_SCALE_SAMPLE	0	1	1	1	0	0	0	0
		}
	}
}
*HELPEROBJECT {
	*NODE_NAME "Bip01 Neck2"
	*NODE_PARENT "Bip01 Neck1"
	*NODE_TM {
		*NODE_NAME "Bip01 Neck2"
		*TM_ROW0 1.43051e-006	-0.999371	0.035457
		*TM_ROW1 -2.20537e-006	-0.0354568	-0.999371
		*TM_ROW2 1	1.2815e-006	-2.14577e-006
		*TM_ROW3 0.507963	41.0385	552.012
		*TM_POS 0.507963	41.0385	552.012
		*TM_ROTAXIS 0.584056	-0.563701	0.584054
		*TM_ROTANGLE 2.11499
		*TM_SCALE 1	1	1
		*TM_SCALEAXIS 0	0	0
		*TM_SCALEAXISANG 0	0	0
	}
	*TM_ANIMATION {
		*NODE_NAME  "Bip01 Neck2"
		*CONTROL_POS_TRACK {
			*CONTROL_POS_SAMPLE 0	15.2065	51.4303	569.663
			*CONTROL_POS_SAMPLE 4800	0.500492	49.8313	570.811
			*CONTROL_POS_SAMPLE 9600	-14.2055	51.4317	569.662
			*CONTROL_POS_SAMPLE 14400	13.5066	49.5055	567.644
			*CONTROL_POS_SAMPLE 19200	0.500425	48.2156	568.473
			*CONTROL_POS_SAMPLE 24000	-12.5056	49.5068	567.643
			*CONTROL_POS_SAMPLE 28800	14.3678	43.7313	555.05
			*CONTROL_POS_SAMPLE 33600	0.500334	42.0718	555.591
			*CONTROL_POS_SAMPLE 38400	-13.3668	43.7329	555.049
		}
		*CONTROL_ROT_TRACK {
			*CONTROL_ROT_SAMPLE 0	0.8449	-0.218545	0.488245	2.28474
			*CONTROL_ROT_SAMPLE 4800	0.667153	-0.331384	0.667152	2.50161
			*CONTROL_ROT_SAMPLE 9600	-0.453162	0.423902	-0.784188	3.54184
			*CONTROL_ROT_SAMPLE 14400	0.790149	-0.404939	0.460097	2.08302
			*CONTROL_ROT_SAMPLE 19200	0.618367	-0.48502	0.618367	2.23841
			*CONTROL_ROT_SAMPLE 24000	-0.423878	0.538909	-0.727946	3.85573
			*CONTROL_ROT_SAMPLE 28800	0.731438	-0.568981	0.375845	1.75989
			*CONTROL_ROT_SAMPLE 33600	0.531715	-0.65921	0.531715	1.97595
			*CONTROL_ROT_SAMPLE 38400	-0.322307	0.708999	-0.627247	4.04948
		}
		*CONTROL_SCALE_TRACK {
			*CONTROL_SCALE_SAMPLE	0	1	1	1	0	0	0	0
		}
	}
}
*HELPEROBJECT {
	*NODE_NAME "Bip01 Neck3"
	*NODE_PARENT "Bip01 Neck2"
	*NODE_TM {
		*NODE_NAME "Bip01 Neck3"
		*TM_ROW0 2.02656e-006	-0.886932	-0.4619
		*TM_ROW1 -4.11272e-006	0.461901	-0.886932
		*TM_ROW2 1	3.60608e-006	-2.65241e-006
		*TM_ROW3 0.508069	-36.6359	554.807
		*TM_POS 0.508069	-36.6359	554.807
		*TM_ROTAXIS 0.460446	-0.758935	0.460442
		*TM_ROTANGLE 1.8432
		*TM_SCALE 1	1	1
		*TM_SCALEAXIS 0	0	0
		*TM_SCALEAXISANG 0	0	0
	}
	*TM_ANIMATION {
		*NODE_NAME  "Bip01 Neck3"
		*CONTROL_POS_TRACK {
			*CONTROL_POS_SAMPLE 0	56.097	-0.955191	609.908
			*CONTROL_POS_SAMPLE 4800	0.496832	-12.0463	617.791
			*CONTROL_POS_SAMPLE 9600	-55.1023	-0.9503	609.905
			*CONTROL_POS_SAMPLE 14400	47.7175	-18.7032	582.361
			*CONTROL_POS_SAMPLE 19200	0.496669	-27.249	587.033
			*CONTROL_POS_SAMPLE 24000	-46.7233	-18.6988	582.359
			*CONTROL_POS_SAMPLE 28800	49.1571	-23.3942	537.038
			*CONTROL_POS_SAMPLE 33600	0.496479	-33.8964	539.179
			*CONTROL_POS_SAMPLE 38400	-48.1629	-23.389	537.038
		}
		*CONTROL_ROT_TRACK {
			*CONTROL_ROT_SAMPLE 0	0.913669	-0.0313539	0.405247	2.20283
			*CONTROL_ROT_SAMPLE 4800	0.683252	-0.257555	0.683251	2.63744
			*CONTROL_ROT_SAMPLE 9600	-0.361561	0.452513	-0.815172	3.19752
			*CONTROL_ROT_SAMPLE 14400	0.830583	-0.459541	0.31457	1.85583
			*CONTROL_ROT_SAMPLE 19200	0.573283	-0.5854	0.573283	2.08236
			*CONTROL_ROT_SAMPLE 24000	-0.270752	0.644695	-0.714886	3.89488
			*CONTROL_ROT_SAMPLE 28800	0.673841	-0.733392	0.0898554	1.42569
			*CONTROL_ROT_SAMPLE 33600	0.373813	-0.848839	0.373812	1.73395
			*CONTROL_ROT_SAMPLE 38400	-0.0669706	0.862141	-0.502222	4.14206
		}
		*CONTROL_SCALE_TRACK {
			*CONTROL_SCALE_SAMPLE	0	1	1	1	0	0	0	0
		}
	}
}
*HELPEROBJECT {
	*NODE_NAME "Bip01 Head"
	*NODE_PARENT "Bip01 Neck3"
	*NODE_TM {
		*NODE_NAME "Bip01 Head"
		*TM_ROW0 1.54972e-006	-1	1.84364e-006
		*TM_ROW1 -3.57628e-006	-1.76214e-006	-1
		*TM_ROW2 1	1.54972e-006	-3.63588e-006
		*TM_ROW3 0.508137	-86.2165	528.986
		*TM_POS 0.508137	-86.2165	528.986
		*TM_ROTAXIS 0.577352	-0.57735	0.577349
		*TM_ROTANGLE 2.0944
		*TM_SCALE 1	1	1
		*TM_SCALEAXIS 0	0	0
		*TM_SCALEAXISANG 0	0	0
	}
	*TM_ANIMATION {
		*NODE_NAME  "Bip01 Head"
		*CONTROL_POS_TRACK {
			*CONTROL_POS_SAMPLE 0	97.3019	-21.7802	641.423
			*CONTROL_POS_SAMPLE 4800	0.493182	-48.9433	659.783
			*CONTROL_POS_SAMPLE 9600	-96.3119	-21.7699	641.418
			*CONTROL_POS_SAMPLE 14400	81.4036	-62.9156	576.426
			*CONTROL_POS_SAMPLE 19200	0.49289	-83.1361	585.868
			*CONTROL_POS_SAMPLE 24000	-80.4154	-62.9067	576.422
			*CONTROL_POS_SAMPLE 28800	78.9498	-51.9993	499.37
			*CONTROL_POS_SAMPLE 33600	0.492609	-75.1356	501.442
			*CONTROL_POS_SAMPLE 38400	-77.9617	-51.9895	499.371
		}
		*CONTROL_ROT_TRACK {
			*CONTROL_ROT_SAMPLE 0	0.824082	-0.108759	0.555931	2.04757
			*CONTROL_ROT_SAMPLE 4800	0.675137	-0.297291	0.675136	2.56366
			*CONTROL_ROT_SAMPLE 9600	-0.476898	0.522395	-0.706874	3.32767
			*CONTROL_ROT_SAMPLE 14400	0.861631	-0.358875	0.358888	1.71935
			*CONTROL_ROT_SAMPLE 19200	0.577371	-0.577309	0.577371	2.09446
			*CONTROL_ROT_SAMPLE 24000	-0.282549	0.678236	-0.678352	3.69231
			*CONTROL_ROT_SAMPLE 28800	0.748846	-0.65447	0.104399	1.58326
			*CONTROL_ROT_SAMPLE 33600	0.36544	-0.8561	0.36544	1.72555
			*CONTROL_ROT_SAMPLE 38400	-0.0839354	0.794027	-0.60206	4.11034
		}
		*CONTROL_SCALE_TRACK {
			*CONTROL_SCALE_SAMPLE	0	1	1	1	0	0	0	0
		}
	}
}
*HELPEROBJECT {
	*NODE_NAME "Bip01 Ponytail2"
	*NODE_PARENT "Bip01 Head"
	*NODE_TM {
		*NODE_NAME "Bip01 Ponytail2"
		*TM_ROW0 2.1562e-005	-0.58537	-0.810766
		*TM_ROW1 1.13249e-005	0.810766	-0.58537
		*TM_ROW2 1	3.39746e-006	2.41399e-005
		*TM_ROW3 62.859	-120.841	485.818
		*TM_POS 62.859	-120.841	485.818
		*TM_ROTAXIS 0.294005	-0.909461	0.294009
		*TM_ROTANGLE 1.66553
		*TM_SCALE 1	1	1
		*TM_SCALEAXIS 0	0	0
		*TM_SCALEAXISANG 0	0	0
	}
	*TM_ANIMATION {
		*NODE_NAME  "Bip01 Ponytail2"
		*CONTROL_POS_TRACK {
			*CONTROL_POS_SAMPLE 0	179.087	-22.32	625.304
			*CONTROL_POS_SAMPLE 4800	62.8411	-103.624	651.316
			*CONTROL_POS_SAMPLE 9600	-82.7005	-102.609	626.296
			*CONTROL_POS_SAMPLE 14400	150.045	-43.5882	533.254
			*CONTROL_POS_SAMPLE 19200	62.8407	-117.76	542.706
			*CONTROL_POS_SAMPLE 24000	-60.533	-131.4	533.268
			*CONTROL_POS_SAMPLE 28800	126.998	-12.2375	444.059
			*CONTROL_POS_SAMPLE 33600	62.8404	-70.2765	446.324
			*CONTROL_POS_SAMPLE 38400	-34.5363	-96.9723	444.237
		}
		*CONTROL_ROT_TRACK {
			*CONTROL_ROT_SAMPLE 0	0.796254	-0.549366	0.253331	1.64802
			*CONTROL_ROT_SAMPLE 4800	0.533849	-0.655752	0.533848	1.98078
			*CONTROL_ROT_SAMPLE 9600	-0.203182	0.742294	-0.638526	3.97155
			*CONTROL_ROT_SAMPLE 14400	0.644874	-0.760332	-0.0776688	1.57701
			*CONTROL_ROT_SAMPLE 19200	0.294054	-0.909431	0.294054	1.66559
			*CONTROL_ROT_SAMPLE 24000	-0.0654188	-0.837071	0.543169	2.00238
			*CONTROL_ROT_SAMPLE 28800	0.348989	-0.874196	-0.337622	1.70143
			*CONTROL_ROT_SAMPLE 33600	-0.0690525	-0.99522	-0.0690516	1.57559
			*CONTROL_ROT_SAMPLE 38400	-0.336734	-0.874904	0.348072	1.70746
		}
		*CONTROL_SCALE_TRACK {
			*CONTROL_SCALE_SAMPLE	0	1	1	1	0	0	0	0
		}
	}
}
*HELPEROBJECT {
	*NODE_NAME "Bip01 Ponytail21"
	*NODE_PARENT "Bip01 Ponytail2"
	*NODE_TM {
		*NODE_NAME "Bip01 Ponytail21"
		*TM_ROW0 -0.345124	-0.938545	-0.00485465
		*TM_ROW1 0.0173625	-0.00121258	-0.999849
		*TM_ROW2 0.938397	-0.345156	0.0167142
		*TM_ROW3 62.859	-163.417	426.938
		*TM_POS 62.859	-163.417	426.938
		*TM_ROTAXIS -0.438208	0.63135	-0.639821
		*TM_ROTANGLE 3.98515
		*TM_SCALE 1	1	1
		*TM_SCALEAXIS 0	0	0
		*TM_SCALEAXISANG 0	0	0
	}
	*TM_ANIMATION {
		*NODE_NAME  "Bip01 Ponytail21"
		*CONTROL_POS_TRACK {
			*CONTROL_POS_SAMPLE 0	223.112	-74.9233	601.346
			*CONTROL_POS_SAMPLE 4800	62.8373	-174.784	636.634
			*CONTROL_POS_SAMPLE 9600	-126.729	-155.21	602.339
			*CONTROL_POS_SAMPLE 14400	180.026	-73.8268	474.382
			*CONTROL_POS_SAMPLE 19200	62.8368	-160.344	483.835
			*CONTROL_POS_SAMPLE 24000	-90.5199	-161.634	474.396
			*CONTROL_POS_SAMPLE 28800	127.57	-13.0133	371.407
			*CONTROL_POS_SAMPLE 33600	62.8365	-60.2973	374.354
			*CONTROL_POS_SAMPLE 38400	-35.1143	-97.743	371.585
		}
		*CONTROL_ROT_TRACK {
			*CONTROL_ROT_SAMPLE 0	0.699816	-0.207224	0.683605	2.08905
			*CONTROL_ROT_SAMPLE 4800	-0.536204	0.33505	-0.774743	3.61973
			*CONTROL_ROT_SAMPLE 9600	-0.342823	0.522735	-0.780526	3.15173
			*CONTROL_ROT_SAMPLE 14400	0.736955	-0.475785	0.480131	1.8526
			*CONTROL_ROT_SAMPLE 19200	-0.438249	0.631333	-0.63981	3.98514
			*CONTROL_ROT_SAMPLE 24000	-0.152176	0.693354	-0.704345	3.45538
			*CONTROL_ROT_SAMPLE 28800	0.640347	-0.737273	0.215372	1.81723
			*CONTROL_ROT_SAMPLE 33600	0.25736	-0.886203	0.385241	2.02693
			*CONTROL_ROT_SAMPLE 38400	0.0264844	0.816461	-0.576793	3.82783
		}
		*CONTROL_SCALE_TRACK {
			*CONTROL_SCALE_SAMPLE	0	1	1	1	0	0	0	0
		}
	}
}
*HELPEROBJECT {
	*NODE_NAME "Bip01 Ponytail1"
	*NODE_PARENT "Bip01 Head"
	*NODE_TM {
		*NODE_NAME "Bip01 Ponytail1"
		*TM_ROW0 2.15396e-005	-0.58679	-0.809739
		*TM_ROW1 1.13845e-005	0.809739	-0.58679
		*TM_ROW2 1	3.36766e-006	2.41324e-005
		*TM_ROW3 -62.859	-120.846	485.794
		*TM_POS -62.859	-120.846	485.794
		*TM_ROTAXIS 0.294733	-0.90899	0.294737
		*TM_ROTANGLE 1.66605
		*TM_SCALE 1	1	1
		*TM_SCALEAXIS 0	0	0
		*TM_SCALEAXISANG 0	0	0
	}
	*TM_ANIMATION {
		*NODE_NAME  "Bip01 Ponytail1"
		*CONTROL_POS_TRACK {
			*CONTROL_POS_SAMPLE 0	82.9234	-103.294	626.298
			*CONTROL_POS_SAMPLE 4800	-62.8777	-103.645	651.305
			*CONTROL_POS_SAMPLE 9600	-178.892	-21.6692	625.279
			*CONTROL_POS_SAMPLE 14400	60.7998	-132.135	533.25
			*CONTROL_POS_SAMPLE 19200	-62.8781	-117.767	542.684
			*CONTROL_POS_SAMPLE 24000	-149.788	-42.864	533.229
			*CONTROL_POS_SAMPLE 28800	34.7691	-97.6724	444.216
			*CONTROL_POS_SAMPLE 33600	-62.8784	-70.2664	446.303
			*CONTROL_POS_SAMPLE 38400	-126.755	-11.5274	444.036
		}
		*CONTROL_ROT_TRACK {
			*CONTROL_ROT_SAMPLE 0	0.79658	-0.548534	0.25411	1.64848
			*CONTROL_ROT_SAMPLE 4800	0.53427	-0.655066	0.53427	1.98174
			*CONTROL_ROT_SAMPLE 9600	-0.203799	0.741924	-0.638761	3.9704
			*CONTROL_ROT_SAMPLE 14400	0.645603	-0.759804	-0.0767801	1.57687
			*CONTROL_ROT_SAMPLE 19200	0.294801	-0.908947	0.294801	1.66612
			*CONTROL_ROT_SAMPLE 24000	-0.0646455	-0.836867	0.543575	2.00336
			*CONTROL_ROT_SAMPLE 28800	0.349868	-0.874114	-0.336923	1.70083
			*CONTROL_ROT_SAMPLE 33600	-0.0681613	-0.995343	-0.0681604	1.57547
			*CONTROL_ROT_SAMPLE 38400	-0.335855	-0.874967	0.348761	1.70808
		}
		*CONTROL_SCALE_TRACK {
			*CONTROL_SCALE_SAMPLE	0	1	1	1	0	0	0	0
		}
	}
}
*HELPEROBJECT {
	*NODE_NAME "Bip01 Ponytail11"
	*NODE_PARENT "Bip01 Ponytail1"
	*NODE_TM {
		*NODE_NAME "Bip01 Ponytail11"
		*TM_ROW0 0.34004	-0.94041	-0.00136354
		*TM_ROW1 -0.000248313	0.00136032	-0.999999
		*TM_ROW2 0.940411	0.34004	0.000229043
		*TM_ROW3 -62.8574	-163.526	426.989
		*TM_POS -62.8574	-163.526	426.989
		*TM_ROTAXIS 0.709567	-0.498681	0.497827
		*TM_ROTANGLE 1.90624
		*TM_SCALE 1	1	1
		*TM_SCALEAXIS 0	0	0
		*TM_SCALEAXISANG 0	0	0
	}
	*TM_ANIMATION {
		*NODE_NAME  "Bip01 Ponytail11"
		*CONTROL_POS_TRACK {
			*CONTROL_POS_SAMPLE 0	126.976	-155.929	602.464
			*CONTROL_POS_SAMPLE 4800	-62.8815	-174.83	636.751
			*CONTROL_POS_SAMPLE 9600	-222.949	-74.3017	601.446
			*CONTROL_POS_SAMPLE 14400	90.8557	-162.449	474.454
			*CONTROL_POS_SAMPLE 19200	-62.882	-160.457	483.89
			*CONTROL_POS_SAMPLE 24000	-179.85	-73.1724	474.433
			*CONTROL_POS_SAMPLE 28800	35.4302	-98.5441	371.566
			*CONTROL_POS_SAMPLE 33600	-62.8823	-60.4167	374.315
			*CONTROL_POS_SAMPLE 38400	-127.422	-12.394	371.385
		}
		*CONTROL_ROT_TRACK {
			*CONTROL_ROT_SAMPLE 0	0.912861	-0.00317016	0.408258	2.0275
			*CONTROL_ROT_SAMPLE 4800	0.792909	-0.246052	0.557454	2.46877
			*CONTROL_ROT_SAMPLE 9600	-0.598194	0.505171	-0.622066	3.50625
			*CONTROL_ROT_SAMPLE 14400	0.952574	-0.215816	0.214537	1.61901
			*CONTROL_ROT_SAMPLE 19200	0.708905	-0.499134	0.498316	1.90723
			*CONTROL_ROT_SAMPLE 24000	-0.410357	0.644984	-0.644672	3.92201
			*CONTROL_ROT_SAMPLE 28800	0.84577	-0.532725	-0.0296052	1.37683
			*CONTROL_ROT_SAMPLE 33600	0.486991	-0.803582	0.342193	1.43779
			*CONTROL_ROT_SAMPLE 38400	0.201508	-0.751552	0.628144	1.90471
		}
		*CONTROL_SCALE_TRACK {
			*CONTROL_SCALE_SAMPLE	0	1	1	1	0	0	0	0
		}
	}
}
*HELPEROBJECT {
	*NODE_NAME "Bip01 Jaws"
	*NODE_PARENT "Bip01 Head"
	*NODE_TM {
		*NODE_NAME "Bip01 Jaws"
		*TM_ROW0 1	4.73889e-013	1.28648e-013
		*TM_ROW1 2.13362e-014	1	-2.56935e-008
		*TM_ROW2 -3.19753e-013	-8.56066e-008	1
		*TM_ROW3 2.8248e-006	-134.746	456.73
		*TM_POS 2.8248e-006	-134.746	456.73
		*TM_ROTAXIS 0	0	0
		*TM_ROTANGLE 0
		*TM_SCALE 1	1	1
		*TM_SCALEAXIS 0	0	0
		*TM_SCALEAXISANG 0	0	0
	}
	*TM_ANIMATION {
		*NODE_NAME  "Bip01 Jaws"
		*CONTROL_POS_TRACK {
			*CONTROL_POS_SAMPLE 0	148.955	-84.3345	609.897
			*CONTROL_POS_SAMPLE 4800	-0.0220702	-133.52	639.25
			*CONTROL_POS_SAMPLE 9600	-148.752	-83.6627	609.884
			*CONTROL_POS_SAMPLE 14400	115.209	-97.7377	504.179
			*CONTROL_POS_SAMPLE 19200	-0.0224666	-131.668	513.622
			*CONTROL_POS_SAMPLE 24000	-114.953	-97.0031	504.175
			*CONTROL_POS_SAMPLE 28800	77.2083	-51.0603	412.358
			*CONTROL_POS_SAMPLE 33600	-0.0227563	-60.1985	415.701
			*CONTROL_POS_SAMPLE 38400	-76.9764	-50.3503	412.357
		}
		*CONTROL_ROT_TRACK {
			*CONTROL_ROT_SAMPLE 0	0.636514	0.223016	-0.738318	0.92095
			*CONTROL_ROT_SAMPLE 4800	1	-6.04071e-005	0.000131274	0.741285
			*CONTROL_ROT_SAMPLE 9600	0.63641	-0.223124	0.738375	0.921049
			*CONTROL_ROT_SAMPLE 14400	0.000287034	-0.000188763	-1	0.781339
			*CONTROL_ROT_SAMPLE 19200	0.864172	-0.358099	0.353513	0
			*CONTROL_ROT_SAMPLE 24000	0.000215129	6.09022e-006	1	0.781487
			*CONTROL_ROT_SAMPLE 28800	-0.609477	-0.240628	-0.755405	0.956806
			*CONTROL_ROT_SAMPLE 33600	-1	-0.000129942	5.66924e-005	0.763822
			*CONTROL_ROT_SAMPLE 38400	-0.609504	0.240421	0.755449	0.956882
		}
		*CONTROL_SCALE_TRACK {
			*CONTROL_SCALE_SAMPLE	0	1	1	1	0	0	0	0
		}
	}
}
*HELPEROBJECT {
	*NODE_NAME "Bip01 L Clavicle"
	*NODE_PARENT "Bip01 Neck"
	*NODE_TM {
		*NODE_NAME "Bip01 L Clavicle"
		*TM_ROW0 0.999922	-0.00135428	-0.0124288
		*TM_ROW1 -1.35601e-006	0.994104	-0.10843
		*TM_ROW2 0.0125023	0.108421	0.994026
		*TM_ROW3 86.197	186.76	410.688
		*TM_POS 86.197	186.76	410.688
		*TM_ROTAXIS 0.993437	-0.114214	0.006198
		*TM_ROTANGLE 0.10936
		*TM_SCALE 1	1	1
		*TM_SCALEAXIS 0	0	0
		*TM_SCALEAXISANG 0	0	0
	}
}
*HELPEROBJECT {
	*NODE_NAME "Bip01 L UpperArm"
	*NODE_PARENT "Bip01 L Clavicle"
	*NODE_TM {
		*NODE_NAME "Bip01 L UpperArm"
		*TM_ROW0 0.884308	0.0402937	-0.465163
		*TM_ROW1 0.284794	0.742925	0.605769
		*TM_ROW2 0.369989	-0.668161	0.645499
		*TM_ROW3 144.908	186.681	409.958
		*TM_POS 144.908	186.681	409.958
		*TM_ROTAXIS -0.825739	-0.541331	0.158481
		*TM_ROTANGLE 0.881019
		*TM_SCALE 1	1	1
		*TM_SCALEAXIS 0	0	0
		*TM_SCALEAXISANG 0	0	0
	}
}
*HELPEROBJECT {
	*NODE_NAME "Bip01 L Forearm"
	*NODE_PARENT "Bip01 L UpperArm"
	*NODE_TM {
		*NODE_NAME "Bip01 L Forearm"
		*TM_ROW0 0.399214	-0.513043	-0.759879
		*TM_ROW1 0.83889	0.538839	0.0769189
		*TM_ROW2 0.369989	-0.668162	0.645499
		*TM_ROW3 269.522	192.359	344.409
		*TM_POS 269.522	192.359	344.409
		*TM_ROTAXIS -0.389488	-0.590634	0.706718
		*TM_ROTANGLE 1.27471
		*TM_SCALE 1	1	1
		*TM_SCALEAXIS 0	0	0
		*TM_SCALEAXISANG 0	0	0
	}
}
*HELPEROBJECT {
	*NODE_NAME "Bip01 L Hand"
	*NODE_PARENT "Bip01 L Forearm"
	*NODE_TM {
		*NODE_NAME "Bip01 L Hand"
		*TM_ROW0 -0.127437	-0.97904	-0.158874
		*TM_ROW1 -0.0814235	0.169966	-0.982081
		*TM_ROW2 0.988499	-0.112217	-0.101377
		*TM_ROW3 338.302	103.968	213.491
		*TM_POS 338.302	103.968	213.491
		*TM_ROTAXIS -0.512675	0.676232	-0.529032
		*TM_ROTANGLE 4.15447
		*TM_SCALE 1	1	1
		*TM_SCALEAXIS 0	0	0
		*TM_SCALEAXISANG 0	0	0
	}
}
*HELPEROBJECT {
	*NODE_NAME "Bip01 L Finger0"
	*NODE_PARENT "Bip01 L Hand"
	*NODE_TM {
		*NODE_NAME "Bip01 L Finger0"
		*TM_ROW0 -0.444106	-0.226092	-0.866979
		*TM_ROW1 -0.0987317	0.974095	-0.203451
		*TM_ROW2 0.890518	-0.00475531	-0.454924
		*TM_ROW3 304.679	-154.339	171.575
		*TM_POS 304.679	-154.339	171.575
		*TM_ROTAXIS 0.11205	-0.991104	0.071822
		*TM_ROTANGLE 2.05157
		*TM_SCALE 1	1	1
		*TM_SCALEAXIS 0	0	0
		*TM_SCALEAXISANG 0	0	0
	}
}
*HELPEROBJECT {
	*NODE_NAME "Bip01 Upperfrontarml"
	*NODE_PARENT "Bip01 L Clavicle"
	*NODE_TM {
		*NODE_NAME "Bip01 Upperfrontarml"
		*TM_ROW0 0.141506	0.970527	-0.195073
		*TM_ROW1 -0.479824	-0.105117	-0.871045
		*TM_ROW2 -0.865878	0.216859	0.450807
		*TM_ROW3 123.223	231.715	509.402
		*TM_POS 123.223	231.715	509.402
		*TM_ROTAXIS 0.562765	0.347003	-0.750256
		*TM_ROTANGLE 1.83009
		*TM_SCALE 1	1	1
		*TM_SCALEAXIS 0	0	0
		*TM_SCALEAXISANG 0	0	0
	}
	*TM_ANIMATION {
		*NODE_NAME  "Bip01 Upperfrontarml"
		*CONTROL_POS_TRACK {
			*CONTROL_POS_SAMPLE 0	123.218	231.71	509.398
			*CONTROL_POS_SAMPLE 4800	123.218	231.71	509.398
			*CONTROL_POS_SAMPLE 9600	123.218	231.71	509.398
			*CONTROL_POS_SAMPLE 14400	123.218	231.71	509.398
			*CONTROL_POS_SAMPLE 19200	123.218	231.71	509.398
			*CONTROL_POS_SAMPLE 24000	123.218	231.71	509.398
			*CONTROL_POS_SAMPLE 28800	123.218	231.71	509.398
			*CONTROL_POS_SAMPLE 33600	123.218	231.71	509.398
			*CONTROL_POS_SAMPLE 38400	123.218	231.71	509.398
		}
		*CONTROL_ROT_TRACK {
			*CONTROL_ROT_SAMPLE 0	0.553707	0.349176	-0.755966	1.94696
			*CONTROL_ROT_SAMPLE 4800	0.549283	0.411115	-0.727511	1.83894
			*CONTROL_ROT_SAMPLE 9600	0.545104	0.449722	-0.707539	1.77635
			*CONTROL_ROT_SAMPLE 14400	0.553707	0.349176	-0.755966	1.94696
			*CONTROL_ROT_SAMPLE 19200	0.550419	0.398488	-0.733653	1.86016
			*CONTROL_ROT_SAMPLE 24000	0.545104	0.449722	-0.707539	1.77635
			*CONTROL_ROT_SAMPLE 28800	0.553707	0.349176	-0.755966	1.94696
			*CONTROL_ROT_SAMPLE 33600	0.551414	0.385954	-0.739583	1.88165
			*CONTROL_ROT_SAMPLE 38400	0.545104	0.449722	-0.707539	1.77635
		}
		*CONTROL_SCALE_TRACK {
			*CONTROL_SCALE_SAMPLE	0	1	1	1	0	0	0	0
		}
	}
}
*HELPEROBJECT {
	*NODE_NAME "Bip01 Upperfrontarml1"
	*NODE_PARENT "Bip01 Upperfrontarml"
	*NODE_TM {
		*NODE_NAME "Bip01 Upperfrontarml1"
		*TM_ROW0 0.726386	-0.18221	-0.662693
		*TM_ROW1 -0.309139	0.774552	-0.551817
		*TM_ROW2 0.613837	0.605697	0.506296
		*TM_ROW3 244.072	269.553	717.103
		*TM_POS 244.072	269.553	717.103
		*TM_ROTAXIS 0.669914	-0.738795	-0.0734601
		*TM_ROTANGLE 1.04302
		*TM_SCALE 1	1	1
		*TM_SCALEAXIS 0	0	0
		*TM_SCALEAXISANG 0	0	0
	}
	*TM_ANIMATION {
		*NODE_NAME  "Bip01 Upperfrontarml1"
		*CONTROL_POS_TRACK {
			*CONTROL_POS_SAMPLE 0	232.988	292.877	717.688
			*CONTROL_POS_SAMPLE 4800	228.307	256.837	727.344
			*CONTROL_POS_SAMPLE 9600	224.336	234.852	730.624
			*CONTROL_POS_SAMPLE 14400	232.988	292.877	717.688
			*CONTROL_POS_SAMPLE 19200	229.439	264.117	725.829
			*CONTROL_POS_SAMPLE 24000	224.336	234.852	730.624
			*CONTROL_POS_SAMPLE 28800	232.988	292.877	717.688
			*CONTROL_POS_SAMPLE 33600	230.477	271.389	724.099
			*CONTROL_POS_SAMPLE 38400	224.336	234.852	730.624
		}
		*CONTROL_ROT_TRACK {
			*CONTROL_ROT_SAMPLE 0	0.884036	-0.443919	-0.146342	1.51156
			*CONTROL_ROT_SAMPLE 4800	0.801021	-0.584125	-0.131006	1.12946
			*CONTROL_ROT_SAMPLE 9600	0.703735	-0.7008	-0.116778	0.918013
			*CONTROL_ROT_SAMPLE 14400	0.884036	-0.443919	-0.146342	1.51156
			*CONTROL_ROT_SAMPLE 19200	0.823332	-0.551355	-0.134652	1.20358
			*CONTROL_ROT_SAMPLE 24000	0.703735	-0.7008	-0.116778	0.918013
			*CONTROL_ROT_SAMPLE 28800	0.884036	-0.443919	-0.146342	1.51156
			*CONTROL_ROT_SAMPLE 33600	0.842206	-0.521206	-0.137957	1.27915
			*CONTROL_ROT_SAMPLE 38400	0.703735	-0.7008	-0.116778	0.918013
		}
		*CONTROL_SCALE_TRACK {
			*CONTROL_SCALE_SAMPLE	0	1	1	1	0	0	0	0
		}
	}
}
*HELPEROBJECT {
	*NODE_NAME "Bip01 Upperfrontarml2"
	*NODE_PARENT "Bip01 Upperfrontarml1"
	*NODE_TM {
		*NODE_NAME "Bip01 Upperfrontarml2"
		*TM_ROW0 0.752564	-0.0550072	-0.656218
		*TM_ROW1 0.330916	0.893136	0.304635
		*TM_ROW2 0.569334	-0.44641	0.690345
		*TM_ROW3 316.907	103.798	833.95
		*TM_POS 316.907	103.798	833.95
		*TM_ROTAXIS -0.504639	-0.823467	0.259308
		*TM_ROTANGLE 0.839248
		*TM_SCALE 1	1	1
		*TM_SCALEAXIS 0	0	0
		*TM_SCALEAXISANG 0	0	0
	}
	*TM_ANIMATION {
		*NODE_NAME  "Bip01 Upperfrontarml2"
		*CONTROL_POS_TRACK {
			*CONTROL_POS_SAMPLE 0	349.593	242.198	891.665
			*CONTROL_POS_SAMPLE 4800	317.68	124.552	872.072
			*CONTROL_POS_SAMPLE 9600	292.386	63.9777	842.892
			*CONTROL_POS_SAMPLE 14400	349.593	242.198	891.665
			*CONTROL_POS_SAMPLE 19200	325.217	146.714	879.048
			*CONTROL_POS_SAMPLE 24000	292.386	63.9777	842.892
			*CONTROL_POS_SAMPLE 28800	349.593	242.198	891.665
			*CONTROL_POS_SAMPLE 33600	332.238	169.722	884.542
			*CONTROL_POS_SAMPLE 38400	292.386	63.9777	842.892
		}
		*CONTROL_ROT_TRACK {
			*CONTROL_ROT_SAMPLE 0	0.028543	-0.987784	-0.153193	0.755747
			*CONTROL_ROT_SAMPLE 4800	-0.322627	-0.930867	-0.17146	0.73641
			*CONTROL_ROT_SAMPLE 9600	-0.513399	-0.840224	-0.174483	0.761511
			*CONTROL_ROT_SAMPLE 14400	0.028543	-0.987784	-0.153193	0.755747
			*CONTROL_ROT_SAMPLE 19200	-0.253563	-0.952438	-0.169018	0.734107
			*CONTROL_ROT_SAMPLE 24000	-0.513399	-0.840224	-0.174483	0.761511
			*CONTROL_ROT_SAMPLE 28800	0.028543	-0.987784	-0.153193	0.755747
			*CONTROL_ROT_SAMPLE 33600	-0.182893	-0.969037	-0.165886	0.734922
			*CONTROL_ROT_SAMPLE 38400	-0.513399	-0.840224	-0.174483	0.761511
		}
		*CONTROL_SCALE_TRACK {
			*CONTROL_SCALE_SAMPLE	0	1	1	1	0	0	0	0
		}
	}
}
*HELPEROBJECT {
	*NODE_NAME "Bip01 Upperfronthandl"
	*NODE_PARENT "Bip01 Upperfrontarml2"
	*NODE_TM {
		*NODE_NAME "Bip01 Upperfronthandl"
		*TM_ROW0 0.745923	-0.0178844	-0.665792
		*TM_ROW1 0.656581	-0.148059	0.739581
		*TM_ROW2 -0.111803	-0.988817	-0.0986979
		*TM_ROW3 249.972	-90.7023	779.621
		*TM_POS 249.972	-90.7023	779.621
		*TM_ROTAXIS -0.89264	-0.28611	0.348331
		*TM_ROTANGLE 1.82391
		*TM_SCALE 1	1	1
		*TM_SCALEAXIS 0	0	0
		*TM_SCALEAXISANG 0	0	0
	}
	*TM_ANIMATION {
		*NODE_NAME  "Bip01 Upperfronthandl"
		*CONTROL_POS_TRACK {
			*CONTROL_POS_SAMPLE 0	378.191	31.468	898.037
			*CONTROL_POS_SAMPLE 4800	329.688	-83.2672	828.11
			*CONTROL_POS_SAMPLE 9600	296.219	-135.677	769.484
			*CONTROL_POS_SAMPLE 14400	378.191	31.468	898.037
			*CONTROL_POS_SAMPLE 19200	340.275	-62.7748	845.088
			*CONTROL_POS_SAMPLE 24000	296.219	-135.677	769.484
			*CONTROL_POS_SAMPLE 28800	378.191	31.4682	898.037
			*CONTROL_POS_SAMPLE 33600	350.497	-40.9004	860.66
			*CONTROL_POS_SAMPLE 38400	296.219	-135.677	769.484
		}
		*CONTROL_ROT_TRACK {
			*CONTROL_ROT_SAMPLE 0	-0.884492	-0.286288	0.368392	1.96042
			*CONTROL_ROT_SAMPLE 4800	-0.899159	-0.327732	0.290009	1.86075
			*CONTROL_ROT_SAMPLE 9600	-0.91046	-0.339316	0.236488	1.79481
			*CONTROL_ROT_SAMPLE 14400	-0.884492	-0.286288	0.368392	1.96042
			*CONTROL_ROT_SAMPLE 19200	-0.895767	-0.321529	0.306954	1.88173
			*CONTROL_ROT_SAMPLE 24000	-0.91046	-0.339316	0.236488	1.79481
			*CONTROL_ROT_SAMPLE 28800	-0.884492	-0.286288	0.368392	1.96042
			*CONTROL_ROT_SAMPLE 33600	-0.892606	-0.314193	0.323323	1.90215
			*CONTROL_ROT_SAMPLE 38400	-0.91046	-0.339316	0.236488	1.79481
		}
		*CONTROL_SCALE_TRACK {
			*CONTROL_SCALE_SAMPLE	0	1	1	1	0	0	0	0
		}
	}
}
*HELPEROBJECT {
	*NODE_NAME "Bip01 R Clavicle"
	*NODE_PARENT "Bip01 Neck"
	*NODE_TM {
		*NODE_NAME "Bip01 R Clavicle"
		*TM_ROW0 -0.999922	-0.00135681	-0.012429
		*TM_ROW1 -1.13121e-006	0.994104	-0.10843
		*TM_ROW2 0.0125029	-0.108421	-0.994027
		*TM_ROW3 -85.1815	186.76	410.688
		*TM_POS -85.1815	186.76	410.688
		*TM_ROTAXIS -0.00034	0.998525	-0.054295
		*TM_ROTANGLE 3.15408
		*TM_SCALE 1	1	1
		*TM_SCALEAXIS 0	0	0
		*TM_SCALEAXISANG 0	0	0
	}
}
*HELPEROBJECT {
	*NODE_NAME "Bip01 R UpperArm"
	*NODE_PARENT "Bip01 R Clavicle"
	*NODE_TM {
		*NODE_NAME "Bip01 R UpperArm"
		*TM_ROW0 -0.884308	0.0402917	-0.465163
		*TM_ROW1 -0.284796	0.742924	0.605769
		*TM_ROW2 0.369988	0.668162	-0.645498
		*TM_ROW3 -143.892	186.68	409.958
		*TM_POS -143.892	186.68	409.958
		*TM_ROTAXIS -0.069453	0.929639	0.361868
		*TM_ROTANGLE 3.60744
		*TM_SCALE 1	1	1
		*TM_SCALEAXIS 0	0	0
		*TM_SCALEAXISANG 0	0	0
	}
}
*HELPEROBJECT {
	*NODE_NAME "Bip01 R Forearm"
	*NODE_PARENT "Bip01 R UpperArm"
	*NODE_TM {
		*NODE_NAME "Bip01 R Forearm"
		*TM_ROW0 -0.399213	-0.513044	-0.759878
		*TM_ROW1 -0.838892	0.538836	0.07692
		*TM_ROW2 0.369987	0.668163	-0.645499
		*TM_ROW3 -268.507	192.358	344.409
		*TM_POS -268.507	192.358	344.409
		*TM_ROTAXIS -0.44921	0.85844	0.24757
		*TM_ROTANGLE 3.85987
		*TM_SCALE 1	1	1
		*TM_SCALEAXIS 0	0	0
		*TM_SCALEAXISANG 0	0	0
	}
}
*HELPEROBJECT {
	*NODE_NAME "Bip01 R Hand"
	*NODE_PARENT "Bip01 R Forearm"
	*NODE_TM {
		*NODE_NAME "Bip01 R Hand"
		*TM_ROW0 0.127441	-0.979039	-0.158873
		*TM_ROW1 0.0814229	0.169965	-0.982081
		*TM_ROW2 0.988499	0.112221	0.101377
		*TM_ROW3 -337.286	103.967	213.491
		*TM_POS -337.286	103.967	213.491
		*TM_ROTAXIS 0.573685	-0.601507	0.555945
		*TM_ROTANGLE 1.87613
		*TM_SCALE 1	1	1
		*TM_SCALEAXIS 0	0	0
		*TM_SCALEAXISANG 0	0	0
	}
}
*HELPEROBJECT {
	*NODE_NAME "Bip01 R Finger0"
	*NODE_PARENT "Bip01 R Hand"
	*NODE_TM {
		*NODE_NAME "Bip01 R Finger0"
		*TM_ROW0 0.444107	-0.22609	-0.866979
		*TM_ROW1 0.0987285	0.974095	-0.20345
		*TM_ROW2 0.890518	0.00475796	0.454924
		*TM_ROW3 -303.663	-154.339	171.575
		*TM_POS -303.663	-154.339	171.575
		*TM_ROTAXIS 0.115713	-0.976741	0.18052
		*TM_ROTANGLE 1.11902
		*TM_SCALE 1	1	1
		*TM_SCALEAXIS 0	0	0
		*TM_SCALEAXISANG 0	0	0
	}
}
*HELPEROBJECT {
	*NODE_NAME "Bip01 Upperfrontarmr"
	*NODE_PARENT "Bip01 R Clavicle"
	*NODE_TM {
		*NODE_NAME "Bip01 Upperfrontarmr"
		*TM_ROW0 -0.00353104	-0.992864	0.119197
		*TM_ROW1 -0.469873	0.106867	0.876242
		*TM_ROW2 -0.882727	-0.0529132	-0.466898
		*TM_ROW3 -122.207	231.715	509.402
		*TM_POS -122.207	231.715	509.402
		*TM_ROTAXIS -0.635053	0.684789	0.357451
		*TM_ROTANGLE 2.32099
		*TM_SCALE 1	1	1
		*TM_SCALEAXIS 0	0	0
		*TM_SCALEAXISANG 0	0	0
	}
	*TM_ANIMATION {
		*NODE_NAME  "Bip01 Upperfrontarmr"
		*CONTROL_POS_TRACK {
			*CONTROL_POS_SAMPLE 0	-122.203	231.71	509.405
			*CONTROL_POS_SAMPLE 4800	-122.203	231.71	509.405
			*CONTROL_POS_SAMPLE 9600	-122.203	231.71	509.405
			*CONTROL_POS_SAMPLE 14400	-122.203	231.71	509.405
			*CONTROL_POS_SAMPLE 19200	-122.203	231.71	509.405
			*CONTROL_POS_SAMPLE 24000	-122.203	231.71	509.405
			*CONTROL_POS_SAMPLE 28800	-122.203	231.71	509.405
			*CONTROL_POS_SAMPLE 33600	-122.203	231.71	509.405
			*CONTROL_POS_SAMPLE 38400	-122.203	231.71	509.405
		}
		*CONTROL_ROT_TRACK {
			*CONTROL_ROT_SAMPLE 0	-0.576953	0.650456	0.493996	2.46722
			*CONTROL_ROT_SAMPLE 4800	-0.538487	0.721314	0.435589	2.42243
			*CONTROL_ROT_SAMPLE 9600	-0.512502	0.760903	0.397954	2.39871
			*CONTROL_ROT_SAMPLE 14400	-0.576953	0.650456	0.493996	2.46722
			*CONTROL_ROT_SAMPLE 19200	-0.546673	0.7076	0.447717	2.43087
			*CONTROL_ROT_SAMPLE 24000	-0.512502	0.760903	0.397954	2.39871
			*CONTROL_ROT_SAMPLE 28800	-0.576953	0.650456	0.493996	2.46722
			*CONTROL_ROT_SAMPLE 33600	-0.554615	0.693663	0.459602	2.43959
			*CONTROL_ROT_SAMPLE 38400	-0.512502	0.760903	0.397954	2.39871
		}
		*CONTROL_SCALE_TRACK {
			*CONTROL_SCALE_SAMPLE	0	1	1	1	0	0	0	0
		}
	}
}
*HELPEROBJECT {
	*NODE_NAME "Bip01 Upperfrontarmr1"
	*NODE_PARENT "Bip01 Upperfrontarmr"
	*NODE_TM {
		*NODE_NAME "Bip01 Upperfrontarmr1"
		*TM_ROW0 0.856646	0.0263742	0.515231
		*TM_ROW1 -0.299248	-0.788118	0.537885
		*TM_ROW2 0.420249	-0.614959	-0.667246
		*TM_ROW3 -238.757	270.735	719.329
		*TM_POS -238.757	270.735	719.329
		*TM_ROTAXIS 0.959338	-0.0790391	0.270966
		*TM_ROTANGLE 3.78616
		*TM_SCALE 1	1	1
		*TM_SCALEAXIS 0	0	0
		*TM_SCALEAXISANG 0	0	0
	}
	*TM_ANIMATION {
		*NODE_NAME  "Bip01 Upperfrontarmr1"
		*CONTROL_POS_TRACK {
			*CONTROL_POS_SAMPLE 0	-209.682	238.618	736.287
			*CONTROL_POS_SAMPLE 4800	-217.052	283.846	727.253
			*CONTROL_POS_SAMPLE 9600	-219.998	310.112	717.888
			*CONTROL_POS_SAMPLE 14400	-209.682	238.618	736.287
			*CONTROL_POS_SAMPLE 19200	-215.821	274.907	729.735
			*CONTROL_POS_SAMPLE 24000	-219.998	310.112	717.888
			*CONTROL_POS_SAMPLE 28800	-209.68	238.618	736.28
			*CONTROL_POS_SAMPLE 33600	-214.472	265.907	731.867
			*CONTROL_POS_SAMPLE 38400	-219.998	310.112	717.888
		}
		*CONTROL_ROT_TRACK {
			*CONTROL_ROT_SAMPLE 0	0.969228	-0.18591	0.16135	3.73298
			*CONTROL_ROT_SAMPLE 4800	0.9554	-0.233917	0.180258	4.08863
			*CONTROL_ROT_SAMPLE 9600	-0.943324	0.27082	-0.191824	1.98446
			*CONTROL_ROT_SAMPLE 14400	0.969228	-0.18591	0.16135	3.73298
			*CONTROL_ROT_SAMPLE 19200	0.96065	-0.20351	0.189037	3.84861
			*CONTROL_ROT_SAMPLE 24000	0.949893	-0.227386	0.214472	4.01176
			*CONTROL_ROT_SAMPLE 28800	0.969228	-0.18591	0.16135	3.73298
			*CONTROL_ROT_SAMPLE 33600	0.962756	-0.201082	0.18074	3.83792
			*CONTROL_ROT_SAMPLE 38400	0.949893	-0.227386	0.214472	4.01176
		}
		*CONTROL_SCALE_TRACK {
			*CONTROL_SCALE_SAMPLE	0	1	1	1	0	0	0	0
		}
	}
}
*HELPEROBJECT {
	*NODE_NAME "Bip01 Upperfrontarmr2"
	*NODE_PARENT "Bip01 Upperfrontarmr1"
	*NODE_TM {
		*NODE_NAME "Bip01 Upperfrontarmr2"
		*TM_ROW0 0.821689	0.0966161	0.561688
		*TM_ROW1 0.315154	-0.89817	-0.306542
		*TM_ROW2 0.474874	0.4289	-0.768465
		*TM_ROW3 -309.529	102.975	834.572
		*TM_POS -309.529	102.975	834.572
		*TM_ROTAXIS 0.952496	0.112435	0.283036
		*TM_ROTANGLE 2.74524
		*TM_SCALE 1	1	1
		*TM_SCALEAXIS 0	0	0
		*TM_SCALEAXISANG 0	0	0
	}
	*TM_ANIMATION {
		*NODE_NAME  "Bip01 Upperfrontarmr2"
		*CONTROL_POS_TRACK {
			*CONTROL_POS_SAMPLE 0	-305.767	76.8748	841.344
			*CONTROL_POS_SAMPLE 4800	-329.995	180.822	879.108
			*CONTROL_POS_SAMPLE 9600	-339.789	249.975	886.599
			*CONTROL_POS_SAMPLE 14400	-305.767	76.8748	841.344
			*CONTROL_POS_SAMPLE 19200	-321.947	130.52	849.4
			*CONTROL_POS_SAMPLE 24000	-337.147	193.463	856.088
			*CONTROL_POS_SAMPLE 28800	-305.764	76.875	841.337
			*CONTROL_POS_SAMPLE 33600	-318.69	119.715	851.015
			*CONTROL_POS_SAMPLE 38400	-337.147	193.463	856.088
		}
		*CONTROL_ROT_TRACK {
			*CONTROL_ROT_SAMPLE 0	0.968678	-0.0483761	0.243562	2.8166
			*CONTROL_ROT_SAMPLE 4800	0.963816	-0.0544498	0.260948	3.06274
			*CONTROL_ROT_SAMPLE 9600	0.960461	-0.0598702	0.271899	3.21013
			*CONTROL_ROT_SAMPLE 14400	0.967349	-0.0517278	0.248113	2.81653
			*CONTROL_ROT_SAMPLE 19200	0.961577	-0.0530369	0.269364	2.95673
			*CONTROL_ROT_SAMPLE 24000	0.956142	-0.0545549	0.287779	3.11331
			*CONTROL_ROT_SAMPLE 28800	0.967349	-0.0517278	0.248113	2.81653
			*CONTROL_ROT_SAMPLE 33600	0.963959	-0.0514139	0.261036	2.92787
			*CONTROL_ROT_SAMPLE 38400	0.957736	-0.0519886	0.282911	3.11355
		}
		*CONTROL_SCALE_TRACK {
			*CONTROL_SCALE_SAMPLE	0	1	1	1	0	0	0	0
		}
	}
}
*HELPEROBJECT {
	*NODE_NAME "Bip01 Upperfronthandr"
	*NODE_PARENT "Bip01 Upperfrontarmr2"
	*NODE_TM {
		*NODE_NAME "Bip01 Upperfronthandr"
		*TM_ROW0 0.77023	-0.0996729	0.629929
		*TM_ROW1 0.637198	0.161954	-0.753492
		*TM_ROW2 -0.026917	0.981751	0.188253
		*TM_ROW3 -244.605	-92.2318	780.333
		*TM_POS -244.605	-92.2318	780.333
		*TM_ROTAXIS 0.869199	0.32902	0.369105
		*TM_ROTANGLE 1.51054
		*TM_SCALE 1	1	1
		*TM_SCALEAXIS 0	0	0
		*TM_SCALEAXISANG 0	0	0
	}
	*TM_ANIMATION {
		*NODE_NAME  "Bip01 Upperfronthandr"
		*CONTROL_POS_TRACK {
			*CONTROL_POS_SAMPLE 0	-310.424	-127.346	781.889
			*CONTROL_POS_SAMPLE 4800	-350.121	-30.7143	868.616
			*CONTROL_POS_SAMPLE 9600	-370.553	40.2942	905.314
			*CONTROL_POS_SAMPLE 14400	-311.548	-127.206	781.509
			*CONTROL_POS_SAMPLE 19200	-335.363	-79.3626	817.277
			*CONTROL_POS_SAMPLE 24000	-360.432	-18.0069	855.239
			*CONTROL_POS_SAMPLE 28800	-311.545	-127.206	781.502
			*CONTROL_POS_SAMPLE 33600	-329.991	-89.3706	813.357
			*CONTROL_POS_SAMPLE 38400	-359.349	-18.1247	855.729
		}
		*CONTROL_ROT_TRACK {
			*CONTROL_ROT_SAMPLE 0	0.871498	0.20954	0.443378	1.59517
			*CONTROL_ROT_SAMPLE 4800	0.844323	0.314094	0.434124	1.51009
			*CONTROL_ROT_SAMPLE 9600	0.827365	0.376162	0.417096	1.46107
			*CONTROL_ROT_SAMPLE 14400	0.868092	0.209324	0.450111	1.59896
			*CONTROL_ROT_SAMPLE 19200	0.873861	0.209384	0.438778	1.7883
			*CONTROL_ROT_SAMPLE 24000	0.872867	0.230963	0.429836	1.90347
			*CONTROL_ROT_SAMPLE 28800	0.868092	0.209324	0.450111	1.59896
			*CONTROL_ROT_SAMPLE 33600	0.871627	0.218025	0.439012	1.71139
			*CONTROL_ROT_SAMPLE 38400	0.875964	0.230133	0.423942	1.9
		}
		*CONTROL_SCALE_TRACK {
			*CONTROL_SCALE_SAMPLE	0	1	1	1	0	0	0	0
		}
	}
}
*HELPEROBJECT {
	*NODE_NAME "Bip01 L Thigh"
	*NODE_PARENT "Bip01 Spine"
	*NODE_TM {
		*NODE_NAME "Bip01 L Thigh"
		*TM_ROW0 0.731106	0.296794	0.614327
		*TM_ROW1 -0.681096	0.370177	0.631726
		*TM_ROW2 -0.0399174	-0.880274	0.472784
		*TM_ROW3 98.5176	236.646	239.294
		*TM_POS 98.5176	236.646	239.294
		*TM_ROTAXIS -0.789209	0.341492	-0.510423
		*TM_ROTANGLE 1.27967
		*TM_SCALE 1	1	1
		*TM_SCALEAXIS 0	0	0
		*TM_SCALEAXISANG 0	0	0
	}
}
*HELPEROBJECT {
	*NODE_NAME "Bip01 L Calf"
	*NODE_PARENT "Bip01 L Thigh"
	*NODE_TM {
		*NODE_NAME "Bip01 L Calf"
		*TM_ROW0 0.971742	-0.144366	-0.18675
		*TM_ROW1 0.232646	0.45197	0.861162
		*TM_ROW2 -0.039917	-0.880274	0.472784
		*TM_ROW3 271.932	307.044	385.008
		*TM_POS 271.932	307.044	385.008
		*TM_ROTAXIS -0.974056	-0.0821299	0.210878
		*TM_ROTANGLE 1.10599
		*TM_SCALE 1	1	1
		*TM_SCALEAXIS 0	0	0
		*TM_SCALEAXISANG 0	0	0
	}
}
*HELPEROBJECT {
	*NODE_NAME "Bip01 L HorseLink"
	*NODE_PARENT "Bip01 L Calf"
	*NODE_TM {
		*NODE_NAME "Bip01 L HorseLink"
		*TM_ROW0 0.657032	-0.379605	-0.651313
		*TM_ROW1 0.752805	0.284636	0.593521
		*TM_ROW2 -0.0399167	-0.880274	0.472783
		*TM_ROW3 468.606	277.825	347.211
		*TM_POS 468.606	277.825	347.211
		*TM_ROTAXIS -0.753248	-0.312481	0.578768
		*TM_ROTANGLE 1.36206
		*TM_SCALE 1	1	1
		*TM_SCALEAXIS 0	0	0
		*TM_SCALEAXISANG 0	0	0
	}
}
*HELPEROBJECT {
	*NODE_NAME "Bip01 L Foot"
	*NODE_PARENT "Bip01 L HorseLink"
	*NODE_TM {
		*NODE_NAME "Bip01 L Foot"
		*TM_ROW0 1.77122e-007	-3.86153e-007	-1
		*TM_ROW1 4.77144e-007	-1	5.8598e-007
		*TM_ROW2 -1	-5.45258e-007	3.50738e-009
		*TM_ROW3 581.055	212.857	235.741
		*TM_POS 581.055	212.857	235.741
		*TM_ROTAXIS 0.707107	3.21702e-008	-0.707107
		*TM_ROTANGLE 3.14159
		*TM_SCALE 1	1	1
		*TM_SCALEAXIS 0	0	0
		*TM_SCALEAXISANG 0	0	0
	}
}
*HELPEROBJECT {
	*NODE_NAME "Bip01 L Toe0"
	*NODE_PARENT "Bip01 L Foot"
	*NODE_TM {
		*NODE_NAME "Bip01 L Toe0"
		*TM_ROW0 1.85114e-006	-1	2.31442e-007
		*TM_ROW1 3.14941e-008	9.12198e-008	1
		*TM_ROW2 -1	-1.82985e-006	3.33099e-008
		*TM_ROW3 581.055	147.366	-0.588571
		*TM_POS 581.055	147.366	-0.588571
		*TM_ROTAXIS -0.577351	0.57735	0.57735
		*TM_ROTANGLE 2.09439
		*TM_SCALE 1	1	1
		*TM_SCALEAXIS 0	0	0
		*TM_SCALEAXISANG 0	0	0
	}
}
*HELPEROBJECT {
	*NODE_NAME "Bip01 R Thigh"
	*NODE_PARENT "Bip01 Spine"
	*NODE_TM {
		*NODE_NAME "Bip01 R Thigh"
		*TM_ROW0 -0.731107	0.296791	0.614327
		*TM_ROW1 0.681094	0.370179	0.631727
		*TM_ROW2 -0.0399202	0.880274	-0.472783
		*TM_ROW3 -97.5021	236.646	239.294
		*TM_POS -97.5021	236.646	239.294
		*TM_ROTAXIS 0.311292	0.819408	0.481318
		*TM_ROTANGLE 2.73093
		*TM_SCALE 1	1	1
		*TM_SCALEAXIS 0	0	0
		*TM_SCALEAXISANG 0	0	0
	}
}
*HELPEROBJECT {
	*NODE_NAME "Bip01 R Calf"
	*NODE_PARENT "Bip01 R Thigh"
	*NODE_TM {
		*NODE_NAME "Bip01 R Calf"
		*TM_ROW0 -0.971742	-0.144368	-0.18675
		*TM_ROW1 -0.232645	0.451969	0.861162
		*TM_ROW2 -0.0399191	0.880274	-0.472783
		*TM_ROW3 -270.916	307.043	385.008
		*TM_POS -270.916	307.043	385.008
		*TM_ROTAXIS -0.110865	0.851747	0.512089
		*TM_ROTANGLE 3.22789
		*TM_SCALE 1	1	1
		*TM_SCALEAXIS 0	0	0
		*TM_SCALEAXISANG 0	0	0
	}
}
*HELPEROBJECT {
	*NODE_NAME "Bip01 R HorseLink"
	*NODE_PARENT "Bip01 R Calf"
	*NODE_TM {
		*NODE_NAME "Bip01 R HorseLink"
		*TM_ROW0 -0.657031	-0.379607	-0.651313
		*TM_ROW1 -0.752806	0.284633	0.593521
		*TM_ROW2 -0.0399196	0.880274	-0.472783
		*TM_ROW3 -467.59	277.824	347.212
		*TM_POS -467.59	277.824	347.212
		*TM_ROTAXIS -0.371653	0.792411	0.483693
		*TM_ROTANGLE 3.53765
		*TM_SCALE 1	1	1
		*TM_SCALEAXIS 0	0	0
		*TM_SCALEAXISANG 0	0	0
	}
}
*HELPEROBJECT {
	*NODE_NAME "Bip01 R Foot"
	*NODE_PARENT "Bip01 R HorseLink"
	*NODE_TM {
