*3DSMAX_ASCIIEXPORT	110
*COMMENT "[ GothicSourcer v3.14 ] - June 2007"
*SCENE {
	*SCENE_FILENAME "SC2_ATTACKMOVE.MAX"
	*SCENE_FIRSTFRAME 0
	*SCENE_LASTFRAME 18
	*SCENE_FRAMESPEED 25
	*SCENE_TICKSPERFRAME 192
	*SCENE_BACKGROUND_STATIC 0	0	0
	*SCENE_AMBIENT_STATIC 0.2	0.2	0.2
}
*HELPEROBJECT {
	*NODE_NAME "Bip01"
	*NODE_TM {
		*NODE_NAME "Bip01"
		*TM_ROW0 6.27438e-006	-1	0
		*TM_ROW1 1	6.27438e-006	0
		*TM_ROW2 -0	-0	1
		*TM_ROW3 0.0491	78.3824	90.5595
		*TM_POS 0.0491	78.3824	90.5595
		*TM_ROTAXIS 0	0	1
		*TM_ROTANGLE 1.57079
		*TM_SCALE 1	1	1
		*TM_SCALEAXIS 0	0	0
		*TM_SCALEAXISANG 0	0	0
	}
}
*HELPEROBJECT {
	*NODE_NAME "Bip01 Pelvis"
	*NODE_PARENT "Bip01"
	*NODE_TM {
		*NODE_NAME "Bip01 Pelvis"
		*TM_ROW0 -5.96046e-008	1.79264e-006	1
		*TM_ROW1 -1.79264e-006	-1	1.79264e-006
		*TM_ROW2 1	-1.79264e-006	-5.96046e-008
		*TM_ROW3 0.04912	59.7716	90.5595
		*TM_POS 0.04912	59.7716	90.5595
		*TM_ROTAXIS 0.707107	0	0.707107
		*TM_ROTANGLE 3.1416
		*TM_SCALE 1	1	1
		*TM_SCALEAXIS 0	0	0
		*TM_SCALEAXISANG 0	0	0
	}
}
*HELPEROBJECT {
	*NODE_NAME "Bip01 Spine"
	*NODE_PARENT "Bip01 Pelvis"
	*NODE_TM {
		*NODE_NAME "Bip01 Spine"
		*TM_ROW0 1.40667e-005	-0.710742	0.703453
		*TM_ROW1 -1.90735e-006	-0.703453	-0.710742
		*TM_ROW2 1	8.58307e-006	-1.10269e-005
		*TM_ROW3 0.04912	59.7769	96.6362
		*TM_POS 0.04912	59.7769	96.6362
		*TM_ROTAXIS 0.678211	-0.282971	0.678201
		*TM_ROTANGLE 2.59007
		*TM_SCALE 1	1	1
		*TM_SCALEAXIS 0	0	0
		*TM_SCALEAXISANG 0	0	0
	}
}
*HELPEROBJECT {
	*NODE_NAME "Bip01 Spine1"
	*NODE_PARENT "Bip01 Spine"
	*NODE_TM {
		*NODE_NAME "Bip01 Spine1"
		*TM_ROW0 5.96046e-006	-0.996631	0.082016
		*TM_ROW1 -1.19805e-005	-0.0820159	-0.996631
		*TM_ROW2 1	4.82798e-006	-1.23382e-005
		*TM_ROW3 0.04913	53.178	103.179
		*TM_POS 0.04913	53.178	103.179
		*TM_ROTAXIS 0.592519	-0.545759	0.59251
		*TM_ROTANGLE 2.14244
		*TM_SCALE 1	1	1
		*TM_SCALEAXIS 0	0	0
		*TM_SCALEAXISANG 0	0	0
	}
	*TM_ANIMATION {
		*NODE_NAME  "Bip01 Spine1"
		*CONTROL_POS_TRACK {
			*CONTROL_POS_SAMPLE 0	0.0489453	53.1783	103.179
			*CONTROL_POS_SAMPLE 192	0.0489362	51.6978	101.229
			*CONTROL_POS_SAMPLE 384	0.0489235	50.9407	99.5164
			*CONTROL_POS_SAMPLE 576	0.0489205	50.8337	99.1641
			*CONTROL_POS_SAMPLE 768	0.0489259	51.0414	99.8076
			*CONTROL_POS_SAMPLE 960	0.0489388	51.9646	101.668
			*CONTROL_POS_SAMPLE 1152	0.0489453	53.1794	103.179
			*CONTROL_POS_SAMPLE 1344	0.0489459	53.4259	103.419
			*CONTROL_POS_SAMPLE 1536	0.0489456	53.2863	103.287
			*CONTROL_POS_SAMPLE 1728	0.0489453	53.1772	103.179
			*CONTROL_POS_SAMPLE 1920	0.0489456	53.2592	103.26
			*CONTROL_POS_SAMPLE 2112	0.0489458	53.3709	103.368
			*CONTROL_POS_SAMPLE 2304	0.0489459	53.4273	103.421
			*CONTROL_POS_SAMPLE 2496	0.0489457	53.312	103.311
			*CONTROL_POS_SAMPLE 2688	0.0489453	53.1783	103.179
			*CONTROL_POS_SAMPLE 2880	0.0489453	53.1554	103.156
			*CONTROL_POS_SAMPLE 3072	0.0489453	53.1579	103.158
			*CONTROL_POS_SAMPLE 3264	0.0489453	53.1707	103.171
			*CONTROL_POS_SAMPLE 3456	0.0489453	53.1783	103.179
		}
		*CONTROL_ROT_TRACK {
			*CONTROL_ROT_SAMPLE 0	0.592527	-0.545744	0.592516	2.14245
			*CONTROL_ROT_SAMPLE 192	0.567736	-0.596175	0.567672	2.06779
			*CONTROL_ROT_SAMPLE 384	0.546911	-0.633869	0.546899	2.01169
			*CONTROL_ROT_SAMPLE 576	0.54285	-0.639425	0.544472	1.99052
			*CONTROL_ROT_SAMPLE 768	0.5535	-0.620351	0.5557	2.0073
			*CONTROL_ROT_SAMPLE 960	-0.585758	0.560012	-0.585895	4.17586
			*CONTROL_ROT_SAMPLE 1152	0.607297	-0.512245	0.607286	2.1948
			*CONTROL_ROT_SAMPLE 1344	-0.600233	0.528484	-0.600355	4.11194
			*CONTROL_ROT_SAMPLE 1536	-0.582901	0.566028	-0.582957	4.17074
			*CONTROL_ROT_SAMPLE 1728	0.571242	-0.589388	0.57123	2.07643
			*CONTROL_ROT_SAMPLE 1920	0.575951	-0.58015	0.575939	2.0902
			*CONTROL_ROT_SAMPLE 2112	0.587416	-0.556685	0.587405	2.12567
			*CONTROL_ROT_SAMPLE 2304	0.595752	-0.538677	0.59574	2.15338
			*CONTROL_ROT_SAMPLE 2496	0.595266	-0.539749	0.595255	2.15172
			*CONTROL_ROT_SAMPLE 2688	0.592527	-0.545744	0.592516	2.14245
			*CONTROL_ROT_SAMPLE 2880	0.592225	-0.5464	0.592214	2.14144
			*CONTROL_ROT_SAMPLE 3072	0.592261	-0.546321	0.59225	2.14157
			*CONTROL_ROT_SAMPLE 3264	0.59243	-0.545954	0.592419	2.14213
			*CONTROL_ROT_SAMPLE 3456	0.592527	-0.545744	0.592516	2.14245
		}
		*CONTROL_SCALE_TRACK {
			*CONTROL_SCALE_SAMPLE	0	1	1	1	0	0	0	0
		}
	}
}
*HELPEROBJECT {
	*NODE_NAME "Bip01 Spine2"
	*NODE_PARENT "Bip01 Spine1"
	*NODE_TM {
		*NODE_NAME "Bip01 Spine2"
		*TM_ROW0 -5.90086e-006	-0.997191	-0.0749037
		*TM_ROW1 -5.48363e-006	0.0749038	-0.997191
		*TM_ROW2 1	-5.48363e-006	-5.90086e-006
		*TM_ROW3 0.04915	39.9434	104.278
		*TM_POS 0.04915	39.9434	104.278
		*TM_ROTAXIS 0.56237	-0.6062	0.56237
		*TM_ROTANGLE 2.05167
		*TM_SCALE 1	1	1
		*TM_SCALEAXIS 0	0	0
		*TM_SCALEAXISANG 0	0	0
	}
	*TM_ANIMATION {
		*NODE_NAME  "Bip01 Spine2"
		*CONTROL_POS_TRACK {
			*CONTROL_POS_SAMPLE 0	0.0487669	39.944	104.279
			*CONTROL_POS_SAMPLE 192	0.0382505	38.4332	100.601
			*CONTROL_POS_SAMPLE 384	0.0487101	37.8034	97.5815
			*CONTROL_POS_SAMPLE 576	0.145012	37.7417	96.9448
			*CONTROL_POS_SAMPLE 768	0.222565	37.8655	98.164
			*CONTROL_POS_SAMPLE 960	0.146029	38.6951	102.173
			*CONTROL_POS_SAMPLE 1152	0.0487785	40.0914	105.428
			*CONTROL_POS_SAMPLE 1344	0.033114	40.2564	105.128
			*CONTROL_POS_SAMPLE 1536	0.0405837	40.0127	103.696
			*CONTROL_POS_SAMPLE 1728	0.0487503	39.9034	102.774
			*CONTROL_POS_SAMPLE 1920	0.0487542	39.9784	103.174
			*CONTROL_POS_SAMPLE 2112	0.0487633	40.1083	104.091
			*CONTROL_POS_SAMPLE 2304	0.04877	40.2127	104.763
			*CONTROL_POS_SAMPLE 2496	0.0487694	40.0949	104.617
			*CONTROL_POS_SAMPLE 2688	0.0487669	39.944	104.279
			*CONTROL_POS_SAMPLE 2880	0.0487666	39.9193	104.233
			*CONTROL_POS_SAMPLE 3072	0.0487666	39.922	104.238
			*CONTROL_POS_SAMPLE 3264	0.0487668	39.9359	104.264
			*CONTROL_POS_SAMPLE 3456	0.0487669	39.944	104.279
		}
		*CONTROL_ROT_TRACK {
			*CONTROL_ROT_SAMPLE 0	0.562392	-0.606172	0.56238	2.0517
			*CONTROL_ROT_SAMPLE 192	0.544448	-0.638096	0.544435	2.00705
			*CONTROL_ROT_SAMPLE 384	0.530075	-0.661856	0.530063	1.97227
			*CONTROL_ROT_SAMPLE 576	0.52691	-0.665843	0.528223	1.95355
			*CONTROL_ROT_SAMPLE 768	0.534867	-0.652844	0.536388	1.96129
			*CONTROL_ROT_SAMPLE 960	0.562018	-0.607229	0.561612	2.03717
			*CONTROL_ROT_SAMPLE 1152	0.579716	-0.5726	0.579705	2.10154
			*CONTROL_ROT_SAMPLE 1344	0.572086	-0.587518	0.572311	2.08114
			*CONTROL_ROT_SAMPLE 1536	0.554734	-0.62002	0.554838	2.03253
			*CONTROL_ROT_SAMPLE 1728	0.537557	-0.649675	0.537545	1.9893
			*CONTROL_ROT_SAMPLE 1920	0.521963	-0.674627	0.521951	1.95461
			*CONTROL_ROT_SAMPLE 2112	0.507237	-0.696731	0.507225	1.92454
			*CONTROL_ROT_SAMPLE 2304	0.50391	-0.701542	0.503898	1.91808
			*CONTROL_ROT_SAMPLE 2496	0.533733	-0.65595	0.533721	1.9805
			*CONTROL_ROT_SAMPLE 2688	0.562392	-0.606172	0.56238	2.0517
			*CONTROL_ROT_SAMPLE 2880	0.567203	-0.59714	0.567191	2.06497
			*CONTROL_ROT_SAMPLE 3072	0.566671	-0.598148	0.566659	2.06348
			*CONTROL_ROT_SAMPLE 3264	0.564017	-0.603144	0.564006	2.05614
			*CONTROL_ROT_SAMPLE 3456	0.562392	-0.606172	0.56238	2.0517
		}
		*CONTROL_SCALE_TRACK {
			*CONTROL_SCALE_SAMPLE	0	1	1	1	0	0	0	0
		}
	}
}
*HELPEROBJECT {
	*NODE_NAME "Bip01 Spine3"
	*NODE_PARENT "Bip01 Spine2"
	*NODE_TM {
		*NODE_NAME "Bip01 Spine3"
		*TM_ROW0 -4.20213e-006	-0.911434	-0.411445
		*TM_ROW1 -2.71201e-006	0.411445	-0.911434
		*TM_ROW2 1	-2.71201e-006	-4.20213e-006
		*TM_ROW3 0.04917	26.6978	103.293
		*TM_POS 0.04917	26.6978	103.293
		*TM_ROTAXIS 0.476831	-0.738421	0.47683
		*TM_ROTANGLE 1.8695
		*TM_SCALE 1	1	1
		*TM_SCALEAXIS 0	0	0
		*TM_SCALEAXISANG 0	0	0
	}
	*TM_ANIMATION {
		*NODE_NAME  "Bip01 Spine3"
		*CONTROL_POS_TRACK {
			*CONTROL_POS_SAMPLE 0	0.0485651	26.6986	103.295
			*CONTROL_POS_SAMPLE 192	0.026389	25.3156	98.5308
			*CONTROL_POS_SAMPLE 384	0.0484843	24.8435	94.6911
			*CONTROL_POS_SAMPLE 576	0.248776	24.8352	93.8298
			*CONTROL_POS_SAMPLE 768	0.412401	24.8768	95.4181
			*CONTROL_POS_SAMPLE 960	0.255115	25.4649	101.058
			*CONTROL_POS_SAMPLE 1152	0.04859	26.8142	105.602
			*CONTROL_POS_SAMPLE 1344	0.015231	26.9817	104.802
			*CONTROL_POS_SAMPLE 1536	0.0313231	26.8133	102.243
			*CONTROL_POS_SAMPLE 1728	0.04853	26.8567	100.298
			*CONTROL_POS_SAMPLE 1920	0.0485227	27.1213	99.8504
			*CONTROL_POS_SAMPLE 2112	0.0485216	27.4676	100.022
			*CONTROL_POS_SAMPLE 2304	0.048526	27.625	100.533
			*CONTROL_POS_SAMPLE 2496	0.0485463	27.0906	101.928
			*CONTROL_POS_SAMPLE 2688	0.0485651	26.7006	103.296
			*CONTROL_POS_SAMPLE 2880	0.0485684	26.656	103.561
			*CONTROL_POS_SAMPLE 3072	0.0485681	26.6601	103.532
			*CONTROL_POS_SAMPLE 3264	0.0485662	26.6836	103.385
			*CONTROL_POS_SAMPLE 3456	0.0485651	26.6986	103.295
		}
		*CONTROL_ROT_TRACK {
			*CONTROL_ROT_SAMPLE 0	0.476858	-0.738394	0.476846	1.86953
			*CONTROL_ROT_SAMPLE 192	0.507869	-0.695755	0.507931	1.92719
			*CONTROL_ROT_SAMPLE 384	0.533212	-0.656797	0.533201	1.97932
			*CONTROL_ROT_SAMPLE 576	0.548439	-0.629704	0.550171	2.00435
			*CONTROL_ROT_SAMPLE 768	0.560215	-0.607918	0.562667	2.02528
			*CONTROL_ROT_SAMPLE 960	0.576915	-0.578465	0.57667	2.07905
			*CONTROL_ROT_SAMPLE 1152	0.581366	-0.569246	0.581355	2.1066
			*CONTROL_ROT_SAMPLE 1344	0.562482	-0.604397	0.564198	2.06007
			*CONTROL_ROT_SAMPLE 1536	0.532058	-0.656056	0.535262	1.98984
			*CONTROL_ROT_SAMPLE 1728	0.504737	-0.697965	0.508021	1.9328
			*CONTROL_ROT_SAMPLE 1920	0.487143	-0.724052	0.488303	1.89297
			*CONTROL_ROT_SAMPLE 2112	0.475625	-0.741122	0.473834	1.86236
			*CONTROL_ROT_SAMPLE 2304	0.474888	-0.743182	0.471341	1.85416
			*CONTROL_ROT_SAMPLE 2496	0.506044	-0.7001	0.503765	1.91463
			*CONTROL_ROT_SAMPLE 2688	0.531443	-0.659659	0.531431	1.97533
			*CONTROL_ROT_SAMPLE 2880	0.526077	-0.667913	0.526436	1.96463
			*CONTROL_ROT_SAMPLE 3072	0.512254	-0.689071	0.512618	1.93554
			*CONTROL_ROT_SAMPLE 3264	0.494192	-0.715129	0.494333	1.9002
			*CONTROL_ROT_SAMPLE 3456	0.476858	-0.738394	0.476846	1.86953
		}
		*CONTROL_SCALE_TRACK {
			*CONTROL_SCALE_SAMPLE	0	1	1	1	0	0	0	0
		}
	}
}
*HELPEROBJECT {
	*NODE_NAME "Bip01 Neck"
	*NODE_PARENT "Bip01 Spine3"
	*NODE_TM {
		*NODE_NAME "Bip01 Neck"
		*TM_ROW0 -4.55976e-006	-0.972311	-0.233691
		*TM_ROW1 -3.54648e-006	0.233691	-0.972311
		*TM_ROW2 1	-3.54647e-006	-4.55975e-006
		*TM_ROW3 0.04918	14.591	97.8476
		*TM_POS 0.04918	14.591	97.8476
		*TM_ROTAXIS 0.526321	-0.667812	0.526321
		*TM_ROTANGLE 1.96401
		*TM_SCALE 1	1	1
		*TM_SCALEAXIS 0	0	0
		*TM_SCALEAXISANG 0	0	0
	}
	*TM_ANIMATION {
		*NODE_NAME  "Bip01 Neck"
		*CONTROL_POS_TRACK {
			*CONTROL_POS_SAMPLE 0	0.0483032	14.5913	97.8506
			*CONTROL_POS_SAMPLE 192	0.0131398	12.6694	94.5113
			*CONTROL_POS_SAMPLE 384	0.0482608	11.8578	91.9781
			*CONTROL_POS_SAMPLE 576	0.341818	11.7056	91.9454
			*CONTROL_POS_SAMPLE 768	0.579707	11.6689	94.2018
			*CONTROL_POS_SAMPLE 960	0.36367	12.1968	100.931
			*CONTROL_POS_SAMPLE 1152	0.0491964	13.5424	105.9
			*CONTROL_POS_SAMPLE 1344	-0.049772	13.7338	103.931
			*CONTROL_POS_SAMPLE 1536	-0.0833422	13.798	99.6236
			*CONTROL_POS_SAMPLE 1728	-0.0734504	14.2098	96.2596
			*CONTROL_POS_SAMPLE 1920	-0.00731141	14.8	94.9072
			*CONTROL_POS_SAMPLE 2112	0.0985672	15.4107	94.4667
			*CONTROL_POS_SAMPLE 2304	0.167434	15.6149	94.8795
			*CONTROL_POS_SAMPLE 2496	0.118639	14.5007	97.7196
			*CONTROL_POS_SAMPLE 2688	0.0483404	13.7261	100.488
			*CONTROL_POS_SAMPLE 2880	0.0380189	13.7442	100.478
			*CONTROL_POS_SAMPLE 3072	0.0389366	13.9406	99.7329
			*CONTROL_POS_SAMPLE 3264	0.0449488	14.2588	98.7109
			*CONTROL_POS_SAMPLE 3456	0.0483032	14.5913	97.8506
		}
		*CONTROL_ROT_TRACK {
			*CONTROL_ROT_SAMPLE 0	0.526334	-0.667801	0.526322	1.96402
			*CONTROL_ROT_SAMPLE 192	-0.609975	0.505474	-0.610268	4.07683
			*CONTROL_ROT_SAMPLE 384	0.656432	-0.371764	0.656421	2.42973
			*CONTROL_ROT_SAMPLE 576	-0.673355	0.300177	-0.675638	3.73264
			*CONTROL_ROT_SAMPLE 768	-0.675716	0.291098	-0.677252	3.71821
			*CONTROL_ROT_SAMPLE 960	0.656243	-0.388148	0.64706	2.41832
			*CONTROL_ROT_SAMPLE 1152	0.618745	-0.505048	0.601732	2.24085
			*CONTROL_ROT_SAMPLE 1344	0.59556	-0.566153	0.569894	2.11582
			*CONTROL_ROT_SAMPLE 1536	0.575475	-0.611356	0.543205	2.00404
			*CONTROL_ROT_SAMPLE 1728	0.55651	-0.643979	0.524965	1.9305
			*CONTROL_ROT_SAMPLE 1920	0.539846	-0.664394	0.516862	1.91031
			*CONTROL_ROT_SAMPLE 2112	0.529734	-0.671394	0.518277	1.92662
			*CONTROL_ROT_SAMPLE 2304	0.529067	-0.665596	0.526374	1.95711
			*CONTROL_ROT_SAMPLE 2496	0.553799	-0.621887	0.553681	2.02688
			*CONTROL_ROT_SAMPLE 2688	0.573939	-0.584124	0.573928	2.08427
			*CONTROL_ROT_SAMPLE 2880	0.568952	-0.593508	0.569247	2.07116
			*CONTROL_ROT_SAMPLE 3072	0.556992	-0.615774	0.557298	2.03844
			*CONTROL_ROT_SAMPLE 3264	0.541434	-0.643093	0.541554	1.99883
			*CONTROL_ROT_SAMPLE 3456	0.526334	-0.667801	0.526322	1.96402
		}
		*CONTROL_SCALE_TRACK {
			*CONTROL_SCALE_SAMPLE	0	1	1	1	0	0	0	0
		}
	}
}
*HELPEROBJECT {
	*NODE_NAME "Bip01 Neck1"
	*NODE_PARENT "Bip01 Neck"
	*NODE_TM {
		*NODE_NAME "Bip01 Neck1"
		*TM_ROW0 -1.19211e-007	-0.469215	0.883084
		*TM_ROW1 -9.68574e-007	-0.883084	-0.469215
		*TM_ROW2 1	-9.68574e-007	-1.19208e-007
		*TM_ROW3 0.04921	-7.56936	92.525
		*TM_POS 0.04921	-7.56936	92.525
		*TM_ROTAXIS -0.69638	0.17352	-0.69638
		*TM_ROTANGLE 3.48521
		*TM_SCALE 1	1	1
		*TM_SCALEAXIS 0	0	0
		*TM_SCALEAXISANG 0	0	0
	}
	*TM_ANIMATION {
		*NODE_NAME  "Bip01 Neck1"
		*CONTROL_POS_TRACK {
			*CONTROL_POS_SAMPLE 0	0.0481298	-7.5688	92.5287
			*CONTROL_POS_SAMPLE 192	-0.00284756	-9.72065	98.7612
			*CONTROL_POS_SAMPLE 384	0.0482565	-7.68752	103.698
			*CONTROL_POS_SAMPLE 576	0.331044	-5.30513	107.111
			*CONTROL_POS_SAMPLE 768	0.603224	-4.9839	109.761
			*CONTROL_POS_SAMPLE 960	0.451264	-7.71835	112.019
			*CONTROL_POS_SAMPLE 1152	0.0395991	-8.75604	110.647
			*CONTROL_POS_SAMPLE 1344	0.409327	-9.04904	104.657
			*CONTROL_POS_SAMPLE 1536	1.06523	-8.8323	97.105
			*CONTROL_POS_SAMPLE 1728	1.44741	-8.04275	91.5349
			*CONTROL_POS_SAMPLE 1920	1.25688	-7.21796	89.1167
			*CONTROL_POS_SAMPLE 2112	0.782545	-6.60738	88.5704
			*CONTROL_POS_SAMPLE 2304	0.362811	-6.56427	89.576
			*CONTROL_POS_SAMPLE 2496	0.148858	-8.14783	95.0735
			*CONTROL_POS_SAMPLE 2688	0.048228	-9.06914	100.1
			*CONTROL_POS_SAMPLE 2880	0.0207602	-9.03242	99.5435
			*CONTROL_POS_SAMPLE 3072	0.0228848	-8.74103	97.478
			*CONTROL_POS_SAMPLE 3264	0.0389572	-8.20142	94.8395
			*CONTROL_POS_SAMPLE 3456	0.0481298	-7.5688	92.5287
		}
		*CONTROL_ROT_TRACK {
			*CONTROL_ROT_SAMPLE 0	0.696385	-0.173516	0.696376	2.79797
			*CONTROL_ROT_SAMPLE 192	0.70614	0.0539217	0.706016	3.25034
			*CONTROL_ROT_SAMPLE 384	0.689223	0.223495	0.689218	3.58134
			*CONTROL_ROT_SAMPLE 576	-0.68426	-0.239553	-0.688769	2.67421
			*CONTROL_ROT_SAMPLE 768	-0.697509	-0.144916	-0.70177	2.86059
			*CONTROL_ROT_SAMPLE 960	0.7093	-0.100044	0.697772	2.95258
			*CONTROL_ROT_SAMPLE 1152	0.673007	-0.347344	0.653004	2.50284
			*CONTROL_ROT_SAMPLE 1344	0.647641	-0.439483	0.622427	2.31105
			*CONTROL_ROT_SAMPLE 1536	0.63405	-0.479024	0.607056	2.19717
			*CONTROL_ROT_SAMPLE 1728	0.614024	-0.522632	0.591465	2.10177
			*CONTROL_ROT_SAMPLE 1920	0.56624	-0.609555	0.55481	1.99017
			*CONTROL_ROT_SAMPLE 2112	0.498489	-0.697062	0.515377	1.90742
			*CONTROL_ROT_SAMPLE 2304	0.461626	-0.725654	0.510223	1.89755
			*CONTROL_ROT_SAMPLE 2496	0.558049	-0.600303	0.572903	2.06629
			*CONTROL_ROT_SAMPLE 2688	0.636031	-0.436969	0.63602	2.31766
			*CONTROL_ROT_SAMPLE 2880	0.661394	-0.355923	0.66021	2.45771
			*CONTROL_ROT_SAMPLE 3072	0.676862	-0.291396	0.675978	2.57469
			*CONTROL_ROT_SAMPLE 3264	0.687687	-0.233566	0.687411	2.6828
			*CONTROL_ROT_SAMPLE 3456	0.696385	-0.173516	0.696376	2.79797
		}
		*CONTROL_SCALE_TRACK {
			*CONTROL_SCALE_SAMPLE	0	1	1	1	0	0	0	0
		}
	}
}
*HELPEROBJECT {
	*NODE_NAME "Bip01 Head"
	*NODE_PARENT "Bip01 Neck1"
	*NODE_TM {
		*NODE_NAME "Bip01 Head"
		*TM_ROW0 -5.96068e-008	1.8736e-006	1
		*TM_ROW1 -1.79264e-006	-1	1.84398e-006
		*TM_ROW2 1	-1.79264e-006	-5.96037e-008
		*TM_ROW3 0.04922	-15.5424	107.531
		*TM_POS 0.04922	-15.5424	107.531
		*TM_ROTAXIS -0.707107	-1.81505e-008	-0.707107
		*TM_ROTANGLE 3.14159
		*TM_SCALE 1	1	1
		*TM_SCALEAXIS 0	0	0
		*TM_SCALEAXISANG 0	0	0
	}
	*TM_ANIMATION {
		*NODE_NAME  "Bip01 Head"
		*CONTROL_POS_TRACK {
			*CONTROL_POS_SAMPLE 0	0.0480622	-15.5415	107.534
			*CONTROL_POS_SAMPLE 192	0.000726599	-7.12816	115.554
			*CONTROL_POS_SAMPLE 384	0.0480196	2.28424	117.457
			*CONTROL_POS_SAMPLE 576	0.219586	5.24016	120.435
			*CONTROL_POS_SAMPLE 768	0.486976	1.69105	125.387
			*CONTROL_POS_SAMPLE 960	0.706899	-12.3359	128.369
			*CONTROL_POS_SAMPLE 1152	0.272685	-22.5324	120.592
			*CONTROL_POS_SAMPLE 1344	0.88251	-24.956	110.613
			*CONTROL_POS_SAMPLE 1536	1.93962	-25.3756	100.885
			*CONTROL_POS_SAMPLE 1728	2.49323	-24.9234	93.1734
			*CONTROL_POS_SAMPLE 1920	2.00412	-24.0816	87.1688
			*CONTROL_POS_SAMPLE 2112	0.786795	-22.728	83.1982
			*CONTROL_POS_SAMPLE 2304	-0.308258	-22.2945	83.185
			*CONTROL_POS_SAMPLE 2496	-0.122921	-25.1109	94.1156
			*CONTROL_POS_SAMPLE 2688	0.0481284	-24.9306	106.195
			*CONTROL_POS_SAMPLE 2880	0.0440195	-23.2207	108.894
			*CONTROL_POS_SAMPLE 3072	0.0404146	-21.0879	109.152
			*CONTROL_POS_SAMPLE 3264	0.0443166	-18.5505	108.317
			*CONTROL_POS_SAMPLE 3456	0.0480622	-15.5415	107.534
		}
		*CONTROL_ROT_TRACK {
			*CONTROL_ROT_SAMPLE 0	0.707111	-2.00341e-006	0.707103	3.14158
			*CONTROL_ROT_SAMPLE 192	0.702452	-0.114816	0.702409	2.91291
			*CONTROL_ROT_SAMPLE 384	0.693104	-0.19806	0.693094	2.75053
			*CONTROL_ROT_SAMPLE 576	-0.694911	0.184904	-0.694917	3.50729
			*CONTROL_ROT_SAMPLE 768	0.700655	-0.134793	0.700653	2.87359
			*CONTROL_ROT_SAMPLE 960	0.704692	-0.0829773	0.704645	2.97603
			*CONTROL_ROT_SAMPLE 1152	0.706583	-0.0385022	0.706582	3.06453
			*CONTROL_ROT_SAMPLE 1344	-0.70693	0.0198488	-0.707005	3.18146
			*CONTROL_ROT_SAMPLE 1536	-0.707027	0.0114971	-0.707093	3.16469
			*CONTROL_ROT_SAMPLE 1728	0.707082	-0.00923801	0.707071	3.12308
			*CONTROL_ROT_SAMPLE 1920	0.70704	-0.0140434	0.707034	3.11339
			*CONTROL_ROT_SAMPLE 2112	0.706921	-0.0250837	0.706848	3.09141
			*CONTROL_ROT_SAMPLE 2304	0.706701	-0.035604	0.706616	3.07045
			*CONTROL_ROT_SAMPLE 2496	0.706365	-0.0460301	0.706349	3.04962
			*CONTROL_ROT_SAMPLE 2688	0.706248	-0.0493894	0.70624	3.04288
			*CONTROL_ROT_SAMPLE 2880	0.706529	-0.0406103	0.706518	3.06035
			*CONTROL_ROT_SAMPLE 3072	-0.70681	0.0279299	-0.706852	3.19732
			*CONTROL_ROT_SAMPLE 3264	-0.707021	0.0135128	-0.707063	3.16855
			*CONTROL_ROT_SAMPLE 3456	0.707111	-2.00341e-006	0.707103	3.14158
		}
		*CONTROL_SCALE_TRACK {
			*CONTROL_SCALE_SAMPLE	0	1	1	1	0	0	0	0
		}
	}
}
*HELPEROBJECT {
	*NODE_NAME "Bip01 Ponytail1"
	*NODE_PARENT "Bip01 Head"
	*NODE_TM {
		*NODE_NAME "Bip01 Ponytail1"
		*TM_ROW0 5.36444e-007	-0.870519	-0.492134
		*TM_ROW1 2.98025e-007	0.492134	-0.870519
		*TM_ROW2 1	2.98025e-007	5.36443e-007
		*TM_ROW3 0.04922	-25.2099	104.364
		*TM_POS 0.04922	-25.2099	104.364
		*TM_ROTAXIS 0.45001	-0.771351	0.45001
		*TM_ROTANGLE 1.82754
		*TM_SCALE 1	1	1
		*TM_SCALEAXIS 0	0	0
		*TM_SCALEAXISANG 0	0	0
	}
	*TM_ANIMATION {
		*NODE_NAME  "Bip01 Ponytail1"
		*CONTROL_POS_TRACK {
			*CONTROL_POS_SAMPLE 0	0.0478049	-25.209	104.368
			*CONTROL_POS_SAMPLE 192	0.000446497	-15.2876	109.468
			*CONTROL_POS_SAMPLE 384	0.0476829	-4.25233	109.647
			*CONTROL_POS_SAMPLE 576	0.219471	-1.57406	112.862
			*CONTROL_POS_SAMPLE 768	0.486863	-6.1081	118.832
			*CONTROL_POS_SAMPLE 960	0.706225	-21.0027	123.015
			*CONTROL_POS_SAMPLE 1152	0.273005	-31.8063	116.378
			*CONTROL_POS_SAMPLE 1344	0.883737	-34.4302	106.908
			*CONTROL_POS_SAMPLE 1536	1.94031	-34.9325	97.4065
			*CONTROL_POS_SAMPLE 1728	2.49315	-34.5045	89.7549
			*CONTROL_POS_SAMPLE 1920	2.00458	-33.617	83.6186
			*CONTROL_POS_SAMPLE 2112	0.786328	-32.1501	79.351
			*CONTROL_POS_SAMPLE 2304	-0.309251	-31.5996	79.058
			*CONTROL_POS_SAMPLE 2496	-0.123481	-34.2913	89.7149
			*CONTROL_POS_SAMPLE 2688	0.0478517	-34.0687	101.706
			*CONTROL_POS_SAMPLE 2880	0.0441044	-32.4665	104.634
			*CONTROL_POS_SAMPLE 3072	0.0395257	-30.4795	105.23
			*CONTROL_POS_SAMPLE 3264	0.0437833	-28.0921	104.782
			*CONTROL_POS_SAMPLE 3456	0.0478049	-25.209	104.368
		}
		*CONTROL_ROT_TRACK {
			*CONTROL_ROT_SAMPLE 0	0.45002	-0.771346	0.450008	1.82755
			*CONTROL_ROT_SAMPLE 192	0.180024	-0.967058	0.179972	1.60433
			*CONTROL_ROT_SAMPLE 384	-0.108376	-0.988184	-0.108383	1.58269
			*CONTROL_ROT_SAMPLE 576	-0.290827	-0.911499	-0.290844	1.66332
			*CONTROL_ROT_SAMPLE 768	-0.400049	-0.824564	-0.400069	1.76252
			*CONTROL_ROT_SAMPLE 960	-0.38889	-0.835195	-0.388863	1.74999
			*CONTROL_ROT_SAMPLE 1152	0.0158891	-0.999749	0.0158231	1.57104
			*CONTROL_ROT_SAMPLE 1344	0.432366	-0.791303	0.432319	1.80259
			*CONTROL_ROT_SAMPLE 1536	0.477016	-0.738186	0.477009	1.86967
			*CONTROL_ROT_SAMPLE 1728	0.441903	-0.780685	0.441875	1.81589
			*CONTROL_ROT_SAMPLE 1920	0.403412	-0.821326	0.40334	1.76634
			*CONTROL_ROT_SAMPLE 2112	0.342625	-0.874788	0.342569	1.70426
			*CONTROL_ROT_SAMPLE 2304	0.283132	-0.916342	0.283115	1.65818
			*CONTROL_ROT_SAMPLE 2496	0.2307	-0.945278	0.23071	1.62707
			*CONTROL_ROT_SAMPLE 2688	0.219615	-0.950549	0.219605	1.6215
			*CONTROL_ROT_SAMPLE 2880	0.267661	-0.925603	0.267613	1.64803
			*CONTROL_ROT_SAMPLE 3072	0.331461	-0.883292	0.331555	1.69455
			*CONTROL_ROT_SAMPLE 3264	0.396076	-0.828371	0.396137	1.75795
			*CONTROL_ROT_SAMPLE 3456	0.45002	-0.771346	0.450008	1.82755
		}
		*CONTROL_SCALE_TRACK {
			*CONTROL_SCALE_SAMPLE	0	1	1	1	0	0	0	0
		}
	}
}
*HELPEROBJECT {
	*NODE_NAME "Bip01 L Thigh"
	*NODE_PARENT "Bip01 Spine"
	*NODE_TM {
		*NODE_NAME "Bip01 L Thigh"
		*TM_ROW0 0.0850697	-0.413995	-0.906295
		*TM_ROW1 -0.0594633	-0.910081	0.410143
		*TM_ROW2 -0.994599	0.0190006	-0.102038
		*TM_ROW3 22.4062	59.7717	90.5595
		*TM_POS 22.4062	59.7717	90.5595
		*TM_ROTAXIS 0.730778	-0.16498	-0.662378
		*TM_ROTANGLE 3.41252
		*TM_SCALE 1	1	1
		*TM_SCALEAXIS 0	0	0
		*TM_SCALEAXISANG 0	0	0
	}
}
*HELPEROBJECT {
	*NODE_NAME "Bip01 L Calf"
	*NODE_PARENT "Bip01 L Thigh"
	*NODE_TM {
		*NODE_NAME "Bip01 L Calf"
		*TM_ROW0 0.0531318	0.937706	-0.343343
		*TM_ROW1 0.0891703	-0.34691	-0.93365
		*TM_ROW2 -0.994598	0.0189906	-0.102047
		*TM_ROW3 23.9161	52.4243	74.4751
		*TM_POS 23.9161	52.4243	74.4751
		*TM_ROTAXIS 0.665082	0.454671	-0.592402
		*TM_ROTANGLE 2.34328
		*TM_SCALE 1	1	1
		*TM_SCALEAXIS 0	0	0
		*TM_SCALEAXISANG 0	0	0
	}
}
*HELPEROBJECT {
	*NODE_NAME "Bip01 L HorseLink"
	*NODE_PARENT "Bip01 L Calf"
	*NODE_TM {
		*NODE_NAME "Bip01 L HorseLink"
		*TM_ROW0 0.0892536	-0.345313	-0.934234
		*TM_ROW1 -0.0529845	-0.938295	0.341752
		*TM_ROW2 -0.994599	0.0189973	-0.102042
		*TM_ROW3 25.1516	74.2284	66.4912
		*TM_POS 25.1516	74.2284	66.4912
		*TM_ROTAXIS 0.734159	-0.13731	-0.664949
		*TM_ROTANGLE 3.36322
		*TM_SCALE 1	1	1
		*TM_SCALEAXIS 0	0	0
		*TM_SCALEAXISANG 0	0	0
	}
}
*HELPEROBJECT {
	*NODE_NAME "Bip01 L Foot"
	*NODE_PARENT "Bip01 L HorseLink"
	*NODE_TM {
		*NODE_NAME "Bip01 L Foot"
		*TM_ROW0 -4.85986e-008	0.515032	-0.857171
		*TM_ROW1 3.63292e-007	-0.857171	-0.515031
		*TM_ROW2 -1	-3.65482e-007	-4.98213e-008
		*TM_ROW3 27.9411	63.4362	37.2936
		*TM_POS 27.9411	63.4362	37.2936
		*TM_ROTAXIS 0.693891	0.19243	-0.693891
		*TM_ROTANGLE 2.76138
		*TM_SCALE 1	1	1
		*TM_SCALEAXIS 0	0	0
		*TM_SCALEAXISANG 0	0	0
	}
}
*HELPEROBJECT {
	*NODE_NAME "Bip01 L Toe0"
	*NODE_PARENT "Bip01 L Foot"
	*NODE_TM {
		*NODE_NAME "Bip01 L Toe0"
		*TM_ROW0 0.497693	-0.867338	0.00521267
		*TM_ROW1 -0.047923	-0.0214976	0.99862
		*TM_ROW2 -0.866028	-0.497256	-0.0522645
		*TM_ROW3 37.1779	42.5995	12.8813
		*TM_POS 37.1779	42.5995	12.8813
		*TM_ROTAXIS -0.781038	0.454899	0.427839
		*TM_ROTANGLE 1.86297
		*TM_SCALE 1	1	1
		*TM_SCALEAXIS 0	0	0
		*TM_SCALEAXISANG 0	0	0
	}
}
*HELPEROBJECT {
	*NODE_NAME "Bip01 L Toe01"
	*NODE_PARENT "Bip01 L Toe0"
	*NODE_TM {
		*NODE_NAME "Bip01 L Toe01"
		*TM_ROW0 0.497693	-0.867338	0.00521267
		*TM_ROW1 -0.047923	-0.0214976	0.99862
		*TM_ROW2 -0.866028	-0.497256	-0.0522645
		*TM_ROW3 44.5612	29.7327	12.9587
		*TM_POS 44.5612	29.7327	12.9587
		*TM_ROTAXIS -0.781038	0.454899	0.427839
		*TM_ROTANGLE 1.86297
		*TM_SCALE 1	1	1
		*TM_SCALEAXIS 0	0	0
		*TM_SCALEAXISANG 0	0	0
	}
}
*HELPEROBJECT {
	*NODE_NAME "Bip01 L Toe1"
	*NODE_PARENT "Bip01 L Foot"
	*NODE_TM {
		*NODE_NAME "Bip01 L Toe1"
		*TM_ROW0 -0.421316	-0.906765	-0.0164187
		*TM_ROW1 0.0331572	-0.033493	0.998889
		*TM_ROW2 -0.906307	0.420304	0.0441769
		*TM_ROW3 22.6181	43.7987	13.1591
		*TM_POS 22.6181	43.7987	13.1591
		*TM_ROTAXIS 0.408091	-0.627661	-0.662951
		*TM_ROTANGLE 3.92952
		*TM_SCALE 1	1	1
		*TM_SCALEAXIS 0	0	0
		*TM_SCALEAXISANG 0	0	0
	}
}
*HELPEROBJECT {
	*NODE_NAME "Bip01 L Toe11"
	*NODE_PARENT "Bip01 L Toe1"
	*NODE_TM {
		*NODE_NAME "Bip01 L Toe11"
		*TM_ROW0 -0.421316	-0.906765	-0.0164187
		*TM_ROW1 0.0331572	-0.033493	0.998889
		*TM_ROW2 -0.906307	0.420304	0.0441769
		*TM_ROW3 16.1735	29.9285	12.908
		*TM_POS 16.1735	29.9285	12.908
		*TM_ROTAXIS 0.408091	-0.627661	-0.662951
		*TM_ROTANGLE 3.92952
		*TM_SCALE 1	1	1
		*TM_SCALEAXIS 0	0	0
		*TM_SCALEAXISANG 0	0	0
	}
}
*HELPEROBJECT {
	*NODE_NAME "Bip01 R Thigh"
	*NODE_PARENT "Bip01 Spine"
	*NODE_TM {
		*NODE_NAME "Bip01 R Thigh"
		*TM_ROW0 -0.0853806	-0.408961	-0.908549
		*TM_ROW1 0.0589773	-0.912354	0.405132
		*TM_ROW2 -0.994601	-0.0189933	0.102017
		*TM_ROW3 -22.308	59.7716	90.5595
		*TM_POS -22.308	59.7716	90.5595
		*TM_ROTAXIS 0.665419	-0.13501	-0.734159
		*TM_ROTANGLE 3.46594
		*TM_SCALE 1	1	1
		*TM_SCALEAXIS 0	0	0
		*TM_SCALEAXISANG 0	0	0
	}
}
*HELPEROBJECT {
	*NODE_NAME "Bip01 R Calf"
	*NODE_PARENT "Bip01 R Thigh"
	*NODE_TM {
		*NODE_NAME "Bip01 R Calf"
		*TM_ROW0 -0.0529631	0.938344	-0.341621
		*TM_ROW1 -0.0892285	-0.34518	-0.934285
		*TM_ROW2 -0.994602	-0.0190004	0.102009
		*TM_ROW3 -23.8231	52.5135	74.4351
		*TM_POS -23.8231	52.5135	74.4351
		*TM_ROTAXIS 0.600909	0.4287	-0.674629
		*TM_ROTANGLE 2.27584
		*TM_SCALE 1	1	1
		*TM_SCALEAXIS 0	0	0
		*TM_SCALEAXISANG 0	0	0
	}
}
*HELPEROBJECT {
	*NODE_NAME "Bip01 R HorseLink"
	*NODE_PARENT "Bip01 R Calf"
	*NODE_TM {
		*NODE_NAME "Bip01 R HorseLink"
		*TM_ROW0 -0.0892204	-0.345313	-0.934237
		*TM_ROW1 0.0529746	-0.938295	0.341754
		*TM_ROW2 -0.994602	-0.0189994	0.102008
		*TM_ROW3 -25.0545	74.3325	66.4913
		*TM_POS -25.0545	74.3325	66.4913
		*TM_ROTAXIS 0.667124	-0.111631	-0.736535
		*TM_ROTANGLE 3.41538
		*TM_SCALE 1	1	1
		*TM_SCALEAXIS 0	0	0
		*TM_SCALEAXISANG 0	0	0
	}
}
*HELPEROBJECT {
	*NODE_NAME "Bip01 R Foot"
	*NODE_PARENT "Bip01 R HorseLink"
	*NODE_TM {
		*NODE_NAME "Bip01 R Foot"
		*TM_ROW0 -5.78426e-008	0.515032	-0.857171
		*TM_ROW1 3.44719e-007	-0.857171	-0.515031
		*TM_ROW2 -1	-3.54911e-007	-6.07412e-008
		*TM_ROW3 -27.8429	63.5404	37.2936
		*TM_POS -27.8429	63.5404	37.2936
		*TM_ROTAXIS 0.693891	0.19243	-0.693891
		*TM_ROTANGLE 2.76138
		*TM_SCALE 1	1	1
		*TM_SCALEAXIS 0	0	0
		*TM_SCALEAXISANG 0	0	0
	}
}
*HELPEROBJECT {
	*NODE_NAME "Bip01 R Toe0"
	*NODE_PARENT "Bip01 R Foot"
	*NODE_TM {
		*NODE_NAME "Bip01 R Toe0"
		*TM_ROW0 -0.497702	-0.867332	0.00521335
		*TM_ROW1 0.0479233	-0.0214975	0.99862
		*TM_ROW2 -0.866023	0.497265	0.0522647
		*TM_ROW3 -37.0796	42.7037	12.8813
		*TM_POS -37.0796	42.7037	12.8813
		*TM_ROTAXIS 0.368793	-0.640875	-0.673255
		*TM_ROTANGLE 3.88898
		*TM_SCALE 1	1	1
		*TM_SCALEAXIS 0	0	0
		*TM_SCALEAXISANG 0	0	0
	}
}
*HELPEROBJECT {
	*NODE_NAME "Bip01 R Toe01"
	*NODE_PARENT "Bip01 R Toe0"
	*NODE_TM {
		*NODE_NAME "Bip01 R Toe01"
		*TM_ROW0 -0.497702	-0.867332	0.00521334
		*TM_ROW1 0.0479233	-0.0214975	0.99862
		*TM_ROW2 -0.866023	0.497265	0.0522647
		*TM_ROW3 -44.4628	29.8369	12.9586
		*TM_POS -44.4628	29.8369	12.9586
		*TM_ROTAXIS 0.368793	-0.640875	-0.673255
		*TM_ROTANGLE 3.88898
		*TM_SCALE 1	1	1
		*TM_SCALEAXIS 0	0	0
		*TM_SCALEAXISANG 0	0	0
	}
}
*HELPEROBJECT {
	*NODE_NAME "Bip01 R Toe1"
	*NODE_PARENT "Bip01 R Foot"
	*NODE_TM {
		*NODE_NAME "Bip01 R Toe1"
		*TM_ROW0 0.42132	-0.906764	-0.0164179
		*TM_ROW1 -0.0331611	-0.033494	0.998889
		*TM_ROW2 -0.906306	-0.420307	-0.0441808
		*TM_ROW3 -22.5198	43.9029	13.1591
		*TM_POS -22.5198	43.9029	13.1591
		*TM_ROTAXIS -0.751202	0.471032	0.462411
		*TM_ROTANGLE 1.90517
		*TM_SCALE 1	1	1
		*TM_SCALEAXIS 0	0	0
		*TM_SCALEAXISANG 0	0	0
	}
}
*HELPEROBJECT {
	*NODE_NAME "Bip01 R Toe11"
	*NODE_PARENT "Bip01 R Toe1"
	*NODE_TM {
		*NODE_NAME "Bip01 R Toe11"
		*TM_ROW0 0.42132	-0.906763	-0.0164179
		*TM_ROW1 -0.0331611	-0.033494	0.998889
		*TM_ROW2 -0.906306	-0.420307	-0.0441808
		*TM_ROW3 -16.0752	30.0327	12.908
		*TM_POS -16.0752	30.0327	12.908
		*TM_ROTAXIS -0.751202	0.471032	0.462411
		*TM_ROTANGLE 1.90517
		*TM_SCALE 1	1	1
		*TM_SCALEAXIS 0	0	0
		*TM_SCALEAXISANG 0	0	0
	}
}
*HELPEROBJECT {
	*NODE_NAME "Bip01 Tail"
	*NODE_PARENT "Bip01 Spine"
	*NODE_TM {
		*NODE_NAME "Bip01 Tail"
		*TM_ROW0 2.11597e-006	0.923748	-0.383
		*TM_ROW1 -1.46031e-006	0.383	0.923748
		*TM_ROW2 1	-1.46031e-006	2.11596e-006
		*TM_ROW3 0.04911	68.3593	88.8501
		*TM_POS 0.04911	68.3593	88.8501
		*TM_ROTAXIS -0.485558	-0.726957	-0.485558
		*TM_ROTANGLE 1.88441
		*TM_SCALE 1	1	1
		*TM_SCALEAXIS 0	0	0
		*TM_SCALEAXISANG 0	0	0
	}
}
*HELPEROBJECT {
	*NODE_NAME "Bip01 Tail1"
	*NODE_PARENT "Bip01 Tail"
	*NODE_TM {
		*NODE_NAME "Bip01 Tail1"
		*TM_ROW0 4.14252e-006	0.818312	-0.574775
		*TM_ROW1 -2.17557e-006	0.574775	0.818312
		*TM_ROW2 1	-2.17557e-006	4.14252e-006
		*TM_ROW3 0.0491	76.9307	85.2849
		*TM_POS 0.0491	76.9307	85.2849
		*TM_ROTAXIS -0.41873	-0.80581	-0.41873
		*TM_ROTANGLE 1.78504
		*TM_SCALE 1	1	1
		*TM_SCALEAXIS 0	0	0
		*TM_SCALEAXISANG 0	0	0
	}
	*TM_ANIMATION {
		*NODE_NAME  "Bip01 Tail1"
		*CONTROL_POS_TRACK {
			*CONTROL_POS_SAMPLE 0	0.0488243	76.9305	85.2849
			*CONTROL_POS_SAMPLE 192	0.0488237	77.0696	85.6361
			*CONTROL_POS_SAMPLE 384	0.0488232	77.17	85.9174
			*CONTROL_POS_SAMPLE 576	0.0488231	77.1929	85.9852
			*CONTROL_POS_SAMPLE 768	0.0488232	77.1861	85.9614
			*CONTROL_POS_SAMPLE 960	0.0488232	77.1794	85.938
			*CONTROL_POS_SAMPLE 1152	0.0488233	77.1591	85.8747
			*CONTROL_POS_SAMPLE 1344	0.0488235	77.1244	85.7744
			*CONTROL_POS_SAMPLE 1536	0.0488237	77.0833	85.6618
			*CONTROL_POS_SAMPLE 1728	0.0488239	77.0389	85.5444
			*CONTROL_POS_SAMPLE 1920	0.048824	76.9938	85.4304
			*CONTROL_POS_SAMPLE 2112	0.0488242	76.9515	85.3273
			*CONTROL_POS_SAMPLE 2304	0.0488243	76.9156	85.2429
			*CONTROL_POS_SAMPLE 2496	0.0488243	76.9147	85.2437
			*CONTROL_POS_SAMPLE 2688	0.0488243	76.9305	85.2849
			*CONTROL_POS_SAMPLE 2880	0.0488243	76.932	85.2885
			*CONTROL_POS_SAMPLE 3072	0.0488243	76.9318	85.2882
			*CONTROL_POS_SAMPLE 3264	0.0488243	76.9309	85.286
			*CONTROL_POS_SAMPLE 3456	0.0488243	76.9305	85.2849
		}
		*CONTROL_ROT_TRACK {
			*CONTROL_ROT_SAMPLE 0	-0.418747	-0.805792	-0.418747	1.78506
			*CONTROL_ROT_SAMPLE 192	-0.46448	-0.754001	-0.464479	1.84948
			*CONTROL_ROT_SAMPLE 384	-0.500593	-0.706267	-0.500593	1.91175
			*CONTROL_ROT_SAMPLE 576	-0.520157	-0.677402	-0.520157	1.95079
			*CONTROL_ROT_SAMPLE 768	-0.535599	-0.652892	-0.535599	1.98478
			*CONTROL_ROT_SAMPLE 960	-0.56094	-0.608845	-0.560941	2.04779
			*CONTROL_ROT_SAMPLE 1152	-0.573705	-0.584573	-0.573705	2.08359
			*CONTROL_ROT_SAMPLE 1344	-0.567005	-0.597504	-0.567005	2.06442
			*CONTROL_ROT_SAMPLE 1536	-0.556569	-0.616816	-0.556569	2.0362
			*CONTROL_ROT_SAMPLE 1728	-0.542799	-0.640888	-0.542799	2.0017
			*CONTROL_ROT_SAMPLE 1920	-0.526169	-0.668051	-0.526169	1.96367
			*CONTROL_ROT_SAMPLE 2112	-0.507305	-0.696623	-0.507305	1.92468
			*CONTROL_ROT_SAMPLE 2304	-0.487103	-0.724887	-0.487103	1.88712
			*CONTROL_ROT_SAMPLE 2496	-0.451698	-0.769375	-0.451698	1.83002
			*CONTROL_ROT_SAMPLE 2688	-0.418747	-0.805792	-0.418747	1.78506
			*CONTROL_ROT_SAMPLE 2880	-0.411682	-0.813042	-0.411681	1.7763
			*CONTROL_ROT_SAMPLE 3072	-0.412466	-0.812247	-0.412465	1.77726
			*CONTROL_ROT_SAMPLE 3264	-0.416406	-0.808216	-0.416405	1.78213
			*CONTROL_ROT_SAMPLE 3456	-0.418747	-0.805792	-0.418747	1.78506
		}
		*CONTROL_SCALE_TRACK {
			*CONTROL_SCALE_SAMPLE	0	1	1	1	0	0	0	0
		}
	}
}
*HELPEROBJECT {
	*NODE_NAME "Bip01 Tail2"
	*NODE_PARENT "Bip01 Tail1"
	*NODE_TM {
		*NODE_NAME "Bip01 Tail2"
		*TM_ROW0 4.12762e-006	0.673672	-0.739031
		*TM_ROW1 -1.49012e-006	0.739031	0.673672
		*TM_ROW2 1	-1.49011e-006	4.12762e-006
		*TM_ROW3 0.04909	88.0155	77.4842
		*TM_POS 0.04909	88.0155	77.4842
		*TM_ROTAXIS -0.339741	-0.877013	-0.339741
		*TM_ROTANGLE 1.70165
		*TM_SCALE 1	1	1
		*TM_SCALEAXIS 0	0	0
		*TM_SCALEAXISANG 0	0	0
	}
	*TM_ANIMATION {
		*NODE_NAME  "Bip01 Tail2"
		*CONTROL_POS_TRACK {
			*CONTROL_POS_SAMPLE 0	0.0485512	88.0153	77.485
			*CONTROL_POS_SAMPLE 192	0.0485484	89.17	79.5275
			*CONTROL_POS_SAMPLE 384	0.0485454	89.9566	81.4155
			*CONTROL_POS_SAMPLE 576	0.0485436	90.289	82.4731
			*CONTROL_POS_SAMPLE 768	0.0485421	90.4833	83.2989
			*CONTROL_POS_SAMPLE 960	0.0485391	90.6938	84.8174
			*CONTROL_POS_SAMPLE 1152	0.0485374	90.7161	85.608
			*CONTROL_POS_SAMPLE 1344	0.0485385	90.6644	85.0524
			*CONTROL_POS_SAMPLE 1536	0.0485401	90.5691	84.2606
			*CONTROL_POS_SAMPLE 1728	0.048542	90.4099	83.3003
			*CONTROL_POS_SAMPLE 1920	0.0485439	90.1707	82.2416
			*CONTROL_POS_SAMPLE 2112	0.0485458	89.8502	81.1545
			*CONTROL_POS_SAMPLE 2304	0.0485475	89.462	80.1092
			*CONTROL_POS_SAMPLE 2496	0.0485497	88.7448	78.6269
			*CONTROL_POS_SAMPLE 2688	0.0485512	88.0153	77.485
			*CONTROL_POS_SAMPLE 2880	0.0485515	87.8498	77.2565
			*CONTROL_POS_SAMPLE 3072	0.0485514	87.8683	77.2815
			*CONTROL_POS_SAMPLE 3264	0.0485513	87.9607	77.4083
			*CONTROL_POS_SAMPLE 3456	0.0485512	88.0153	77.485
		}
		*CONTROL_ROT_TRACK {
			*CONTROL_ROT_SAMPLE 0	-0.339762	-0.876997	-0.339762	1.70167
			*CONTROL_ROT_SAMPLE 192	-0.414554	-0.810117	-0.414554	1.77983
			*CONTROL_ROT_SAMPLE 384	-0.482857	-0.730546	-0.482857	1.87972
			*CONTROL_ROT_SAMPLE 576	-0.556284	-0.61733	-0.556284	2.03546
			*CONTROL_ROT_SAMPLE 768	-0.603991	-0.519989	-0.603992	2.18257
			*CONTROL_ROT_SAMPLE 960	-0.617989	-0.485981	-0.61799	2.23685
			*CONTROL_ROT_SAMPLE 1152	-0.613978	-0.496046	-0.613979	2.22063
			*CONTROL_ROT_SAMPLE 1344	-0.600195	-0.528707	-0.600196	2.16889
			*CONTROL_ROT_SAMPLE 1536	-0.582359	-0.5672	-0.582359	2.10968
			*CONTROL_ROT_SAMPLE 1728	-0.560115	-0.610361	-0.560116	2.04558
			*CONTROL_ROT_SAMPLE 1920	-0.533224	-0.656768	-0.533224	1.97935
			*CONTROL_ROT_SAMPLE 2112	-0.501562	-0.70489	-0.501563	1.91359
			*CONTROL_ROT_SAMPLE 2304	-0.465274	-0.753021	-0.465274	1.85073
			*CONTROL_ROT_SAMPLE 2496	-0.400877	-0.823769	-0.400876	1.76346
			*CONTROL_ROT_SAMPLE 2688	-0.339762	-0.876997	-0.339762	1.70167
			*CONTROL_ROT_SAMPLE 2880	-0.326254	-0.887196	-0.326254	1.6902
			*CONTROL_ROT_SAMPLE 3072	-0.327762	-0.886084	-0.327761	1.69144
			*CONTROL_ROT_SAMPLE 3264	-0.335294	-0.88043	-0.335293	1.6978
			*CONTROL_ROT_SAMPLE 3456	-0.339762	-0.876997	-0.339762	1.70167
		}
		*CONTROL_SCALE_TRACK {
			*CONTROL_SCALE_SAMPLE	0	1	1	1	0	0	0	0
		}
	}
}
*HELPEROBJECT {
	*NODE_NAME "Bip01 Tail3"
	*NODE_PARENT "Bip01 Tail2"
	*NODE_TM {
		*NODE_NAME "Bip01 Tail3"
		*TM_ROW0 -5.0664e-007	0.704461	-0.709743
		*TM_ROW1 2.68221e-007	0.709743	0.704461
		*TM_ROW2 1	2.68222e-007	-5.0664e-007
		*TM_ROW3 0.04907	98.4702	65.9954
		*TM_POS 0.04907	98.4702	65.9954
		*TM_ROTAXIS -0.355999	-0.864019	-0.356
		*TM_ROTANGLE 1.71644
		*TM_SCALE 1	1	1
		*TM_SCALEAXIS 0	0	0
		*TM_SCALEAXISANG 0	0	0
	}
	*TM_ANIMATION {
		*NODE_NAME  "Bip01 Tail3"
		*CONTROL_POS_TRACK {
			*CONTROL_POS_SAMPLE 0	0.0482852	98.4704	65.9968
			*CONTROL_POS_SAMPLE 192	0.0482802	101.761	70.4302
			*CONTROL_POS_SAMPLE 384	0.0482731	104.242	75.3151
			*CONTROL_POS_SAMPLE 576	0.0482633	105.74	80.8483
			*CONTROL_POS_SAMPLE 768	0.0482532	105.85	85.5959
			*CONTROL_POS_SAMPLE 960	0.0482469	105.796	88.4681
			*CONTROL_POS_SAMPLE 1152	0.0482462	105.908	88.8597
			*CONTROL_POS_SAMPLE 1344	0.0482505	106.077	86.9988
			*CONTROL_POS_SAMPLE 1536	0.0482555	106.099	84.6567
			*CONTROL_POS_SAMPLE 1728	0.0482611	105.885	81.9557
			*CONTROL_POS_SAMPLE 1920	0.0482667	105.37	79.0375
			*CONTROL_POS_SAMPLE 2112	0.0482719	104.52	76.0509
			*CONTROL_POS_SAMPLE 2304	0.0482766	103.347	73.1478
			*CONTROL_POS_SAMPLE 2496	0.0482821	100.959	69.0319
			*CONTROL_POS_SAMPLE 2688	0.0482852	98.4704	65.9968
			*CONTROL_POS_SAMPLE 2880	0.0482857	97.9031	65.4151
			*CONTROL_POS_SAMPLE 3072	0.0482856	97.9666	65.4785
			*CONTROL_POS_SAMPLE 3264	0.0482854	98.2832	65.801
			*CONTROL_POS_SAMPLE 3456	0.0482852	98.4704	65.9968
		}
		*CONTROL_ROT_TRACK {
			*CONTROL_ROT_SAMPLE 0	-0.356019	-0.864003	-0.356019	1.71646
			*CONTROL_ROT_SAMPLE 192	-0.428433	-0.795544	-0.428433	1.79755
			*CONTROL_ROT_SAMPLE 384	-0.502505	-0.703546	-0.502505	1.91539
			*CONTROL_ROT_SAMPLE 576	-0.598347	-0.532879	-0.598348	2.16238
			*CONTROL_ROT_SAMPLE 768	-0.65183	-0.387601	-0.651831	2.40205
			*CONTROL_ROT_SAMPLE 960	-0.657653	-0.367402	-0.657654	2.4374
			*CONTROL_ROT_SAMPLE 1152	-0.645882	-0.407029	-0.645883	2.36849
			*CONTROL_ROT_SAMPLE 1344	-0.628406	-0.458487	-0.628407	2.28181
			*CONTROL_ROT_SAMPLE 1536	-0.605277	-0.516991	-0.605277	2.18729
			*CONTROL_ROT_SAMPLE 1728	-0.575945	-0.58015	-0.575945	2.0902
			*CONTROL_ROT_SAMPLE 1920	-0.540307	-0.645086	-0.540307	1.99576
			*CONTROL_ROT_SAMPLE 2112	-0.498879	-0.708688	-0.498879	1.90852
			*CONTROL_ROT_SAMPLE 2304	-0.453161	-0.767653	-0.453161	1.83218
			*CONTROL_ROT_SAMPLE 2496	-0.397965	-0.826588	-0.397965	1.7601
			*CONTROL_ROT_SAMPLE 2688	-0.356019	-0.864003	-0.356019	1.71646
			*CONTROL_ROT_SAMPLE 2880	-0.345861	-0.872216	-0.34586	1.70709
			*CONTROL_ROT_SAMPLE 3072	-0.346977	-0.871329	-0.346977	1.7081
			*CONTROL_ROT_SAMPLE 3264	-0.352646	-0.866765	-0.352646	1.7133
			*CONTROL_ROT_SAMPLE 3456	-0.356019	-0.864003	-0.356019	1.71646
		}
		*CONTROL_SCALE_TRACK {
			*CONTROL_SCALE_SAMPLE	0	1	1	1	0	0	0	0
		}
	}
}
