*3DSMAX_ASCIIEXPORT	110
*COMMENT "[ GothicSourcer v3.14 ] - June 2007"
*SCENE {
	*SCENE_FILENAME "HUM_1HRUN_2_SNEAK.MAX"
	*SCENE_FIRSTFRAME 1
	*SCENE_LASTFRAME 6
	*SCENE_FRAMESPEED 25
	*SCENE_TICKSPERFRAME 192
	*SCENE_BACKGROUND_STATIC 0	0	0
	*SCENE_AMBIENT_STATIC 0.2	0.2	0.2
}
*HELPEROBJECT {
	*NODE_NAME "Bip01"
	*NODE_TM {
		*NODE_NAME "Bip01"
		*TM_ROW0 6.27438e-006	-1	0
		*TM_ROW1 1	6.27438e-006	0
		*TM_ROW2 -0	-0	1
		*TM_ROW3 0	-7.37745	99.9496
		*TM_POS 0	-7.37745	99.9496
		*TM_ROTAXIS 0	0	1
		*TM_ROTANGLE 1.57079
		*TM_SCALE 1	1	1
		*TM_SCALEAXIS 0	0	0
		*TM_SCALEAXISANG 0	0	0
	}
	*TM_ANIMATION {
		*NODE_NAME  "Bip01"
		*CONTROL_POS_TRACK {
			*CONTROL_POS_SAMPLE 1	7.85314	32.9524	93.3727
			*CONTROL_POS_SAMPLE 193	10.475	33.1441	91.6183
			*CONTROL_POS_SAMPLE 385	13.2343	33.4191	89.6297
			*CONTROL_POS_SAMPLE 577	15.7168	33.5275	87.4919
			*CONTROL_POS_SAMPLE 769	17.5118	33.2216	85.42
			*CONTROL_POS_SAMPLE 961	18.2031	32.2534	83.8496
		}
		*CONTROL_ROT_TRACK {
			*CONTROL_ROT_SAMPLE 1	-0.0665121	-0.0842429	0.994223	1.71261
			*CONTROL_ROT_SAMPLE 193	-0.0735767	-0.113536	0.990806	1.81604
			*CONTROL_ROT_SAMPLE 385	-0.080451	-0.141639	0.986644	1.9232
			*CONTROL_ROT_SAMPLE 577	-0.0860168	-0.165385	0.982471	2.02536
			*CONTROL_ROT_SAMPLE 769	0.0894261	0.182312	-0.979166	4.16978
			*CONTROL_ROT_SAMPLE 961	0.089923	0.190223	-0.977614	4.10486
		}
		*CONTROL_SCALE_TRACK {
			*CONTROL_SCALE_SAMPLE	1	1	1	1	0	0	0	0
		}
	}
}
*HELPEROBJECT {
	*NODE_NAME "Bip01 Pelvis"
	*NODE_PARENT "Bip01"
	*NODE_TM {
		*NODE_NAME "Bip01 Pelvis"
		*TM_ROW0 -5.96046e-008	1.79264e-006	1
		*TM_ROW1 -1.79264e-006	-1	1.79264e-006
		*TM_ROW2 1	-1.79264e-006	-5.96046e-008
		*TM_ROW3 1e-005	-8.0113	99.9496
		*TM_POS 1e-005	-8.0113	99.9496
		*TM_ROTAXIS 0.707107	0	0.707107
		*TM_ROTANGLE 3.1416
		*TM_SCALE 1	1	1
		*TM_SCALEAXIS 0	0	0
		*TM_SCALEAXISANG 0	0	0
	}
	*TM_ANIMATION {
		*NODE_NAME  "Bip01 Pelvis"
		*CONTROL_POS_TRACK {
			*CONTROL_POS_SAMPLE 1	7.83108	33.0551	93.3885
			*CONTROL_POS_SAMPLE 193	10.5349	33.9515	91.7905
			*CONTROL_POS_SAMPLE 385	13.6648	35.3816	90.1531
			*CONTROL_POS_SAMPLE 577	16.9696	37.0094	88.5954
			*CONTROL_POS_SAMPLE 769	20.0223	38.3091	87.2409
			*CONTROL_POS_SAMPLE 961	21.9311	38.4481	86.2123
		}
		*CONTROL_ROT_TRACK {
			*CONTROL_ROT_SAMPLE 1	0.739176	-0.104358	0.665378	3.11447
			*CONTROL_ROT_SAMPLE 193	0.737711	-0.156842	0.656645	3.14856
			*CONTROL_ROT_SAMPLE 385	0.73432	-0.210278	0.645413	3.18455
			*CONTROL_ROT_SAMPLE 577	0.728954	-0.25959	0.633434	3.22137
			*CONTROL_ROT_SAMPLE 769	0.722259	-0.300047	0.623148	3.25782
			*CONTROL_ROT_SAMPLE 961	0.715316	-0.327153	0.61749	3.29234
		}
		*CONTROL_SCALE_TRACK {
			*CONTROL_SCALE_SAMPLE	1	1	1	1	0	0	0	0
		}
	}
}
*HELPEROBJECT {
	*NODE_NAME "Bip01 Spine"
	*NODE_PARENT "Bip01 Pelvis"
	*NODE_TM {
		*NODE_NAME "Bip01 Spine"
		*TM_ROW0 5.96047e-008	-0.0205947	0.999788
		*TM_ROW1 5.48642e-006	-0.999788	-0.0205947
		*TM_ROW2 1	5.48642e-006	5.96047e-008
		*TM_ROW3 1e-005	-7.92216	102.35
		*TM_POS 1e-005	-7.92216	102.35
		*TM_ROTAXIS 0.707088	-0.00727998	0.707088
		*TM_ROTANGLE 3.12703
		*TM_SCALE 1	1	1
		*TM_SCALEAXIS 0	0	0
		*TM_SCALEAXISANG 0	0	0
	}
	*TM_ANIMATION {
		*NODE_NAME  "Bip01 Spine"
		*CONTROL_POS_TRACK {
			*CONTROL_POS_SAMPLE 1	7.86192	32.756	95.7705
			*CONTROL_POS_SAMPLE 193	10.6019	33.5304	94.1543
			*CONTROL_POS_SAMPLE 385	13.7577	34.8314	92.4889
			*CONTROL_POS_SAMPLE 577	17.0722	36.3407	90.9
			*CONTROL_POS_SAMPLE 769	20.1233	37.5497	89.516
			*CONTROL_POS_SAMPLE 961	22.0242	37.6402	88.4723
		}
		*CONTROL_ROT_TRACK {
			*CONTROL_ROT_SAMPLE 1	0.737265	-0.128739	0.663224	3.07682
			*CONTROL_ROT_SAMPLE 193	0.734041	-0.180878	0.654574	3.11059
			*CONTROL_ROT_SAMPLE 385	0.728779	-0.233903	0.643561	3.14636
			*CONTROL_ROT_SAMPLE 577	0.721419	-0.282004	0.632477	3.18183
			*CONTROL_ROT_SAMPLE 769	0.712801	-0.320726	0.623739	3.21631
			*CONTROL_ROT_SAMPLE 961	0.704334	-0.346966	0.619296	3.25054
		}
		*CONTROL_SCALE_TRACK {
			*CONTROL_SCALE_SAMPLE	1	1	1	1	0	0	0	0
		}
	}
}
*HELPEROBJECT {
	*NODE_NAME "Bip01 Spine1"
	*NODE_PARENT "Bip01 Spine"
	*NODE_TM {
		*NODE_NAME "Bip01 Spine1"
		*TM_ROW0 5.96047e-008	-0.00276992	0.999996
		*TM_ROW1 -1.92621e-006	-0.999996	-0.00276991
		*TM_ROW2 1	-1.92621e-006	5.96047e-008
		*TM_ROW3 1e-005	-8.11442	112.175
		*TM_POS 1e-005	-8.11442	112.175
		*TM_ROTAXIS 0.707106	-0.000979995	0.707107
		*TM_ROTANGLE 3.13964
		*TM_SCALE 1	1	1
		*TM_SCALEAXIS 0	0	0
		*TM_SCALEAXISANG 0	0	0
	}
	*TM_ANIMATION {
		*NODE_NAME  "Bip01 Spine1"
		*CONTROL_POS_TRACK {
			*CONTROL_POS_SAMPLE 1	8.72609	30.4813	105.292
			*CONTROL_POS_SAMPLE 193	11.3667	30.7327	103.544
			*CONTROL_POS_SAMPLE 385	14.3704	31.5209	101.724
			*CONTROL_POS_SAMPLE 577	17.4816	32.6023	99.982
			*CONTROL_POS_SAMPLE 769	20.2993	33.5259	98.4849
			*CONTROL_POS_SAMPLE 961	21.9806	33.5175	97.4
		}
		*CONTROL_ROT_TRACK {
			*CONTROL_ROT_SAMPLE 1	0.758916	-0.114066	0.641121	2.82832
			*CONTROL_ROT_SAMPLE 193	0.746746	-0.208772	0.631494	2.81557
			*CONTROL_ROT_SAMPLE 385	0.724824	-0.3039	0.618284	2.80596
			*CONTROL_ROT_SAMPLE 577	0.689409	-0.404161	0.60114	2.77632
			*CONTROL_ROT_SAMPLE 769	0.641733	-0.499039	0.582357	2.73359
			*CONTROL_ROT_SAMPLE 961	0.598801	-0.563317	0.569307	2.71802
		}
		*CONTROL_SCALE_TRACK {
			*CONTROL_SCALE_SAMPLE	1	1	1	1	0	0	0	0
		}
	}
}
*HELPEROBJECT {
	*NODE_NAME "Bip01 Spine2"
	*NODE_PARENT "Bip01 Spine1"
	*NODE_TM {
		*NODE_NAME "Bip01 Spine2"
		*TM_ROW0 5.96048e-008	0.180243	0.983622
		*TM_ROW1 1.67638e-006	-0.983622	0.180243
		*TM_ROW2 1	1.67638e-006	5.96047e-008
		*TM_ROW3 1e-005	-8.1264	124.961
		*TM_POS 1e-005	-8.1264	124.961
		*TM_ROTAXIS 0.705652	0.0641202	0.705652
		*TM_ROTANGLE 3.26966
		*TM_SCALE 1	1	1
		*TM_SCALEAXIS 0	0	0
		*TM_SCALEAXISANG 0	0	0
	}
	*TM_ANIMATION {
		*NODE_NAME  "Bip01 Spine2"
		*CONTROL_POS_TRACK {
			*CONTROL_POS_SAMPLE 1	10.9338	25.8148	116.999
			*CONTROL_POS_SAMPLE 193	13.1425	24.2828	114.448
			*CONTROL_POS_SAMPLE 385	15.3625	23.4573	111.603
			*CONTROL_POS_SAMPLE 577	17.2991	22.9815	108.403
			*CONTROL_POS_SAMPLE 769	18.6684	22.731	105.138
			*CONTROL_POS_SAMPLE 961	19.0966	22.2924	102.792
		}
		*CONTROL_ROT_TRACK {
			*CONTROL_ROT_SAMPLE 1	-0.62307	0.248779	-0.741548	3.43503
			*CONTROL_ROT_SAMPLE 193	-0.618387	0.294761	-0.728501	3.41899
			*CONTROL_ROT_SAMPLE 385	-0.610599	0.344779	-0.712949	3.3978
			*CONTROL_ROT_SAMPLE 577	-0.597622	0.394912	-0.697776	3.3861
			*CONTROL_ROT_SAMPLE 769	-0.580529	0.437941	-0.686436	3.38412
			*CONTROL_ROT_SAMPLE 961	-0.569171	0.467839	-0.676144	3.37327
		}
		*CONTROL_SCALE_TRACK {
			*CONTROL_SCALE_SAMPLE	1	1	1	1	0	0	0	0
		}
	}
}
*HELPEROBJECT {
	*NODE_NAME "Bip01 Neck"
	*NODE_PARENT "Bip01 Spine2"
	*NODE_TM {
		*NODE_NAME "Bip01 Neck"
		*TM_ROW0 5.96046e-007	-0.167043	0.98595
		*TM_ROW1 4.70132e-006	-0.98595	-0.167043
		*TM_ROW2 1	4.70132e-006	5.96047e-007
		*TM_ROW3 1.03264e-011	-2.71656	154.454
		*TM_POS 1.03264e-011	-2.71656	154.454
		*TM_ROTAXIS -0.70586	0.05937	-0.705859
		*TM_ROTANGLE 3.2602
		*TM_SCALE 1	1	1
		*TM_SCALEAXIS 0	0	0
		*TM_SCALEAXISANG 0	0	0
	}
	*TM_ANIMATION {
		*NODE_NAME  "Bip01 Neck"
		*CONTROL_POS_TRACK {
			*CONTROL_POS_SAMPLE 1	5.01441	10.2939	141.958
			*CONTROL_POS_SAMPLE 193	6.79849	7.58502	138.53
			*CONTROL_POS_SAMPLE 385	8.35085	5.62735	134.667
			*CONTROL_POS_SAMPLE 577	9.30718	3.97962	130.176
			*CONTROL_POS_SAMPLE 769	9.47761	2.76997	125.536
			*CONTROL_POS_SAMPLE 961	9.08216	1.88572	122.348
		}
		*CONTROL_ROT_TRACK {
			*CONTROL_ROT_SAMPLE 1	-0.637346	0.193216	-0.745961	3.30777
			*CONTROL_ROT_SAMPLE 193	-0.626111	0.272602	-0.730529	3.36914
			*CONTROL_ROT_SAMPLE 385	-0.605275	0.356482	-0.711733	3.42377
			*CONTROL_ROT_SAMPLE 577	-0.573182	0.43797	-0.692564	3.4814
			*CONTROL_ROT_SAMPLE 769	-0.533828	0.507161	-0.67662	3.5389
			*CONTROL_ROT_SAMPLE 961	-0.501302	0.556886	-0.662249	3.5741
		}
		*CONTROL_SCALE_TRACK {
			*CONTROL_SCALE_SAMPLE	1	1	1	1	0	0	0	0
		}
	}
}
*HELPEROBJECT {
	*NODE_NAME "Bip01 Head"
	*NODE_PARENT "Bip01 Neck"
	*NODE_TM {
		*NODE_NAME "Bip01 Head"
		*TM_ROW0 -5.96047e-008	1.76447e-006	1
		*TM_ROW1 -1.79264e-006	-1	1.80855e-006
		*TM_ROW2 1	-1.79264e-006	-5.96046e-008
		*TM_ROW3 2.27758e-011	-3.85901	161.198
		*TM_POS 2.27758e-011	-3.85901	161.198
		*TM_ROTAXIS -0.707107	-5.62215e-009	-0.707107
		*TM_ROTANGLE 3.14159
		*TM_SCALE 1	1	1
		*TM_SCALEAXIS 0	0	0
		*TM_SCALEAXISANG 0	0	0
	}
	*TM_ANIMATION {
		*NODE_NAME  "Bip01 Head"
		*CONTROL_POS_TRACK {
			*CONTROL_POS_SAMPLE 1	3.78666	7.77885	148.197
			*CONTROL_POS_SAMPLE 193	5.42793	4.15516	144.285
			*CONTROL_POS_SAMPLE 385	6.69366	1.38078	139.764
			*CONTROL_POS_SAMPLE 577	7.224	-0.932819	134.452
			*CONTROL_POS_SAMPLE 769	6.91698	-2.57777	128.943
			*CONTROL_POS_SAMPLE 961	6.15165	-3.65366	125.084
		}
		*CONTROL_ROT_TRACK {
			*CONTROL_ROT_SAMPLE 1	0.71872	-0.0463501	0.693753	3.07401
			*CONTROL_ROT_SAMPLE 193	0.721877	-0.0610422	0.689324	3.05837
			*CONTROL_ROT_SAMPLE 385	0.723983	-0.0766453	0.685546	3.04175
			*CONTROL_ROT_SAMPLE 577	0.724852	-0.0914069	0.682813	3.02656
			*CONTROL_ROT_SAMPLE 769	0.724927	-0.103317	0.681033	3.01557
			*CONTROL_ROT_SAMPLE 961	0.724682	-0.11029	0.6802	3.01092
		}
		*CONTROL_SCALE_TRACK {
			*CONTROL_SCALE_SAMPLE	1	1	1	1	0	0	0	0
		}
	}
}
*HELPEROBJECT {
	*NODE_NAME "ZS_HELMET"
	*NODE_PARENT "Bip01 Head"
	*NODE_TM {
		*NODE_NAME "ZS_HELMET"
		*TM_ROW0 1	7.87298e-013	7.61567e-014
		*TM_ROW1 -1.53811e-013	0.996917	-0.0784593
		*TM_ROW2 -5.53111e-014	0.0784593	0.996918
		*TM_ROW3 1e-005	-7.06248	173.704
		*TM_POS 1e-005	-7.06248	173.704
		*TM_ROTAXIS 1	8.37809e-013	-5.99744e-012
		*TM_ROTANGLE 0.078541
		*TM_SCALE 1	1	1
		*TM_SCALEAXIS 0	0	0
		*TM_SCALEAXISANG 0	0	0
	}
}
*HELPEROBJECT {
	*NODE_NAME "Bip01 L Clavicle"
	*NODE_PARENT "Bip01 Neck"
	*NODE_TM {
		*NODE_NAME "Bip01 L Clavicle"
		*TM_ROW0 0.935229	-0.203893	-0.289439
		*TM_ROW1 0.156435	0.971369	-0.178803
		*TM_ROW2 0.317608	0.121943	0.940348
		*TM_ROW3 7.96399	-1.25804	148.729
		*TM_POS 7.96399	-1.25804	148.729
		*TM_ROTAXIS 0.391939	-0.791119	0.469589
		*TM_ROTANGLE 0.39376
		*TM_SCALE 1	1	1
		*TM_SCALEAXIS 0	0	0
		*TM_SCALEAXISANG 0	0	0
	}
	*TM_ANIMATION {
		*NODE_NAME  "Bip01 L Clavicle"
		*CONTROL_POS_TRACK {
			*CONTROL_POS_SAMPLE 1	14.0772	13.4219	139.279
			*CONTROL_POS_SAMPLE 193	15.9839	10.2813	135.797
			*CONTROL_POS_SAMPLE 385	17.646	7.80949	131.846
			*CONTROL_POS_SAMPLE 577	18.6989	5.69213	127.348
			*CONTROL_POS_SAMPLE 769	18.9605	4.08668	122.805
			*CONTROL_POS_SAMPLE 961	18.5995	2.86404	119.591
		}
		*CONTROL_ROT_TRACK {
			*CONTROL_ROT_SAMPLE 1	-0.886904	-0.454551	0.0823701	0.67653
			*CONTROL_ROT_SAMPLE 193	-0.944607	-0.323008	0.0581668	0.673147
			*CONTROL_ROT_SAMPLE 385	-0.975551	-0.193137	0.104872	0.708672
			*CONTROL_ROT_SAMPLE 577	-0.975236	-0.0809851	0.205805	0.779174
			*CONTROL_ROT_SAMPLE 769	-0.955164	0.0180027	0.295528	0.866624
			*CONTROL_ROT_SAMPLE 961	-0.920971	0.0697321	0.38334	0.944538
		}
		*CONTROL_SCALE_TRACK {
			*CONTROL_SCALE_SAMPLE	1	1	1	1	0	0	0	0
		}
	}
}
*HELPEROBJECT {
	*NODE_NAME "Bip01 L UpperArm"
	*NODE_PARENT "Bip01 L Clavicle"
	*NODE_TM {
		*NODE_NAME "Bip01 L UpperArm"
		*TM_ROW0 0.246229	0.0989027	-0.964152
		*TM_ROW1 0.412789	0.889345	0.196649
		*TM_ROW2 0.876913	-0.446412	0.178157
		*TM_ROW3 20.4269	-3.97508	144.872
		*TM_POS 20.4269	-3.97508	144.872
		*TM_ROTAXIS -0.325561	-0.932072	0.15891
		*TM_ROTANGLE 1.41328
		*TM_SCALE 1	1	1
		*TM_SCALEAXIS 0	0	0
		*TM_SCALEAXISANG 0	0	0
	}
	*TM_ANIMATION {
		*NODE_NAME  "Bip01 L UpperArm"
		*CONTROL_POS_TRACK {
			*CONTROL_POS_SAMPLE 1	26.7754	13.9176	135.271
			*CONTROL_POS_SAMPLE 193	28.9955	10.6847	132.953
			*CONTROL_POS_SAMPLE 385	30.8158	7.50436	129.841
			*CONTROL_POS_SAMPLE 577	31.8357	4.0687	125.816
			*CONTROL_POS_SAMPLE 769	31.8735	1.00472	121.66
			*CONTROL_POS_SAMPLE 961	31.0871	-1.6286	118.396
		}
		*CONTROL_ROT_TRACK {
			*CONTROL_ROT_SAMPLE 1	-0.27613	-0.811064	0.515681	1.67404
			*CONTROL_ROT_SAMPLE 193	-0.371335	-0.783281	0.498579	1.56704
			*CONTROL_ROT_SAMPLE 385	-0.441084	-0.772995	0.455986	1.48712
			*CONTROL_ROT_SAMPLE 577	-0.469033	-0.806928	0.358991	1.4262
			*CONTROL_ROT_SAMPLE 769	-0.468753	-0.857945	0.210242	1.37078
			*CONTROL_ROT_SAMPLE 961	-0.437673	-0.897242	0.0583044	1.32557
		}
		*CONTROL_SCALE_TRACK {
			*CONTROL_SCALE_SAMPLE	1	1	1	1	0	0	0	0
		}
	}
}
*HELPEROBJECT {
	*NODE_NAME "Bip01 L Forearm"
	*NODE_PARENT "Bip01 L UpperArm"
	*NODE_TM {
		*NODE_NAME "Bip01 L Forearm"
		*TM_ROW0 0.0455122	-0.291882	-0.955371
		*TM_ROW1 0.478489	0.845886	-0.235638
		*TM_ROW2 0.876913	-0.44641	0.17816
		*TM_ROW3 27.2982	-1.21526	117.966
		*TM_POS 27.2982	-1.21526	117.966
		*TM_ROTAXIS -0.10545	-0.916697	0.385419
		*TM_ROTANGLE 1.53601
		*TM_SCALE 1	1	1
		*TM_SCALEAXIS 0	0	0
		*TM_SCALEAXISANG 0	0	0
	}
	*TM_ANIMATION {
		*NODE_NAME  "Bip01 L Forearm"
		*CONTROL_POS_TRACK {
			*CONTROL_POS_SAMPLE 1	26.2447	6.4977	108.375
			*CONTROL_POS_SAMPLE 193	32.9322	4.85791	105.947
			*CONTROL_POS_SAMPLE 385	38.1221	3.54377	103.202
			*CONTROL_POS_SAMPLE 577	41.1096	3.19517	99.5112
			*CONTROL_POS_SAMPLE 769	42.3301	4.2474	95.9916
			*CONTROL_POS_SAMPLE 961	41.9084	5.09072	93.5663
		}
		*CONTROL_ROT_TRACK {
			*CONTROL_ROT_SAMPLE 1	-0.12456	-0.781924	0.610803	1.86669
			*CONTROL_ROT_SAMPLE 193	-0.160979	-0.75388	0.636986	1.83355
			*CONTROL_ROT_SAMPLE 385	-0.169317	-0.744662	0.645609	1.81797
			*CONTROL_ROT_SAMPLE 577	-0.131855	-0.772106	0.621664	1.78776
			*CONTROL_ROT_SAMPLE 769	-0.0656972	-0.814277	0.576746	1.71898
			*CONTROL_ROT_SAMPLE 961	0.0244486	-0.838969	0.543629	1.64209
		}
		*CONTROL_SCALE_TRACK {
			*CONTROL_SCALE_SAMPLE	1	1	1	1	0	0	0	0
		}
	}
}
*HELPEROBJECT {
	*NODE_NAME "Bip01 L Hand"
	*NODE_PARENT "Bip01 L Forearm"
	*NODE_TM {
		*NODE_NAME "Bip01 L Hand"
		*TM_ROW0 0.0455132	-0.291886	-0.95537
		*TM_ROW1 -0.876533	0.44708	-0.17835
		*TM_ROW2 0.479185	0.845531	-0.2355
		*TM_ROW3 28.5642	-9.33438	91.391
		*TM_POS 28.5642	-9.33438	91.391
		*TM_ROTAXIS 0.551391	-0.772552	-0.314851
		*TM_ROTANGLE 1.95137
		*TM_SCALE 1	1	1
		*TM_SCALEAXIS 0	0	0
		*TM_SCALEAXISANG 0	0	0
	}
	*TM_ANIMATION {
		*NODE_NAME  "Bip01 L Hand"
		*CONTROL_POS_TRACK {
			*CONTROL_POS_SAMPLE 1	18.6898	-6.25404	84.8378
			*CONTROL_POS_SAMPLE 193	26.6141	-7.999	82.1051
			*CONTROL_POS_SAMPLE 385	32.3077	-9.50259	79.3342
			*CONTROL_POS_SAMPLE 577	35.7083	-10.2494	75.7681
			*CONTROL_POS_SAMPLE 769	38.3597	-9.91127	72.3815
			*CONTROL_POS_SAMPLE 961	39.9432	-10.6032	70.6861
		}
		*CONTROL_ROT_TRACK {
			*CONTROL_ROT_SAMPLE 1	-0.361584	0.91983	0.152214	3.66543
			*CONTROL_ROT_SAMPLE 193	-0.280962	0.957111	0.0706994	4.12747
			*CONTROL_ROT_SAMPLE 385	0.247786	-0.968727	-0.0130144	1.90751
			*CONTROL_ROT_SAMPLE 577	0.320289	-0.947136	-0.0186607	1.93349
			*CONTROL_ROT_SAMPLE 769	0.45587	-0.888543	-0.0517176	2.08546
			*CONTROL_ROT_SAMPLE 961	-0.591723	0.803793	0.0614805	3.99633
		}
		*CONTROL_SCALE_TRACK {
			*CONTROL_SCALE_SAMPLE	1	1	1	1	0	0	0	0
		}
	}
}
*HELPEROBJECT {
	*NODE_NAME "Bip01 L Finger0"
	*NODE_PARENT "Bip01 L Hand"
	*NODE_TM {
		*NODE_NAME "Bip01 L Finger0"
		*TM_ROW0 0.0455153	-0.291888	-0.955369
		*TM_ROW1 -0.876915	0.446405	-0.178165
		*TM_ROW2 0.478485	0.845886	-0.235643
		*TM_ROW3 29.15	-13.0909	79.0956
		*TM_POS 29.15	-13.0909	79.0956
		*TM_ROTAXIS 0.551581	-0.772311	-0.31511
		*TM_ROTANGLE 1.95181
		*TM_SCALE 1	1	1
		*TM_SCALEAXIS 0	0	0
		*TM_SCALEAXISANG 0	0	0
	}
	*TM_ANIMATION {
		*NODE_NAME  "Bip01 L Finger0"
		*CONTROL_POS_TRACK {
			*CONTROL_POS_SAMPLE 1	10.6869	-13.2614	77.5965
			*CONTROL_POS_SAMPLE 193	21.0856	-12.6128	71.4405
			*CONTROL_POS_SAMPLE 385	29.1067	-13.4552	67.514
			*CONTROL_POS_SAMPLE 577	32.9306	-15.3149	64.2698
			*CONTROL_POS_SAMPLE 769	36.016	-17.1113	61.9771
			*CONTROL_POS_SAMPLE 961	38.9598	-20.1453	62.109
		}
		*CONTROL_ROT_TRACK {
			*CONTROL_ROT_SAMPLE 1	-0.361674	0.919737	0.152562	3.66516
			*CONTROL_ROT_SAMPLE 193	-0.281153	0.957028	0.0710633	4.12725
			*CONTROL_ROT_SAMPLE 385	0.248042	-0.968657	-0.013386	1.9077
			*CONTROL_ROT_SAMPLE 577	0.320527	-0.947048	-0.0190233	1.93374
			*CONTROL_ROT_SAMPLE 769	0.456047	-0.888432	-0.052054	2.08581
			*CONTROL_ROT_SAMPLE 961	-0.591837	0.803686	0.0617832	3.99587
		}
		*CONTROL_SCALE_TRACK {
			*CONTROL_SCALE_SAMPLE	1	1	1	1	0	0	0	0
		}
	}
}
*HELPEROBJECT {
	*NODE_NAME "ZS_LEFTHAND"
	*NODE_PARENT "Bip01 L Hand"
	*NODE_TM {
		*NODE_NAME "ZS_LEFTHAND"
		*TM_ROW0 0.435606	0.890062	-0.134303
		*TM_ROW1 0.180312	-0.232461	-0.955745
		*TM_ROW2 -0.881893	0.392112	-0.261751
		*TM_ROW3 26.7605	-11.5467	82.7857
		*TM_POS 26.7605	-11.5467	82.7857
		*TM_ROTAXIS 0.794322	0.440571	-0.418271
		*TM_ROTANGLE 2.12858
		*TM_SCALE 1	1	1
		*TM_SCALEAXIS 0	0	0
		*TM_SCALEAXISANG 0	0	0
	}
}
*HELPEROBJECT {
	*NODE_NAME "ZS_LEFTARM"
	*NODE_PARENT "Bip01 L Forearm"
	*NODE_TM {
		*NODE_NAME "ZS_LEFTARM"
		*TM_ROW0 0.0759923	-0.150176	-0.985735
		*TM_ROW1 0.524499	0.846792	-0.0885737
		*TM_ROW2 0.848013	-0.510286	0.143117
		*TM_ROW3 26.9101	-7.67833	110.055
		*TM_POS 26.9101	-7.67833	110.055
		*TM_ROTAXIS -0.21097	-0.917372	0.337521
		*TM_ROTANGLE 1.53784
		*TM_SCALE 1	1	1
		*TM_SCALEAXIS 0	0	0
		*TM_SCALEAXISANG 0	0	0
	}
}
*HELPEROBJECT {
	*NODE_NAME "Bip01 R Clavicle"
	*NODE_PARENT "Bip01 Neck"
	*NODE_TM {
		*NODE_NAME "Bip01 R Clavicle"
		*TM_ROW0 -0.935227	-0.203899	-0.28944
		*TM_ROW1 -0.156442	0.971369	-0.178799
		*TM_ROW2 0.317609	-0.121937	-0.940349
		*TM_ROW3 -7.96398	-1.25806	148.729
		*TM_POS -7.96398	-1.25806	148.729
		*TM_ROTAXIS -0.0929799	0.992639	-0.0776
		*TM_ROTANGLE 3.45235
		*TM_SCALE 1	1	1
		*TM_SCALEAXIS 0	0	0
		*TM_SCALEAXISANG 0	0	0
	}
	*TM_ANIMATION {
		*NODE_NAME  "Bip01 R Clavicle"
		*CONTROL_POS_TRACK {
			*CONTROL_POS_SAMPLE 1	-1.47362	16.3027	137.383
			*CONTROL_POS_SAMPLE 193	0.620947	14.2938	134.533
			*CONTROL_POS_SAMPLE 385	2.61237	13.0479	131.326
			*CONTROL_POS_SAMPLE 577	4.08906	12.0358	127.522
			*CONTROL_POS_SAMPLE 769	4.77607	11.3027	123.476
			*CONTROL_POS_SAMPLE 961	4.79225	10.7251	120.725
		}
		*CONTROL_ROT_TRACK {
			*CONTROL_ROT_SAMPLE 1	-0.0134403	0.962912	0.26948	3.43254
			*CONTROL_ROT_SAMPLE 193	0.0505078	0.953308	0.297748	3.38758
			*CONTROL_ROT_SAMPLE 385	0.118137	0.937315	0.327849	3.33988
			*CONTROL_ROT_SAMPLE 577	0.181527	0.913929	0.363018	3.28816
			*CONTROL_ROT_SAMPLE 769	0.234454	0.886503	0.398928	3.239
			*CONTROL_ROT_SAMPLE 961	0.27884	0.862516	0.422274	3.19334
		}
		*CONTROL_SCALE_TRACK {
			*CONTROL_SCALE_SAMPLE	1	1	1	1	0	0	0	0
		}
	}
}
*HELPEROBJECT {
	*NODE_NAME "Bip01 R UpperArm"
	*NODE_PARENT "Bip01 R Clavicle"
	*NODE_TM {
		*NODE_NAME "Bip01 R UpperArm"
		*TM_ROW0 -0.246232	0.0988932	-0.964153
		*TM_ROW1 -0.412793	0.889345	0.196642
		*TM_ROW2 0.876911	0.446415	-0.178163
		*TM_ROW3 -20.4269	-3.97513	144.872
		*TM_POS -20.4269	-3.97513	144.872
		*TM_ROTAXIS 0.12961	-0.955353	-0.265521
		*TM_ROTANGLE 1.84162
		*TM_SCALE 1	1	1
		*TM_SCALEAXIS 0	0	0
		*TM_SCALEAXISANG 0	0	0
	}
	*TM_ANIMATION {
		*NODE_NAME  "Bip01 R UpperArm"
		*CONTROL_POS_TRACK {
			*CONTROL_POS_SAMPLE 1	-14.2341	16.9935	133.608
			*CONTROL_POS_SAMPLE 193	-12.2363	16.5223	131.835
			*CONTROL_POS_SAMPLE 385	-10.0837	16.829	129.888
			*CONTROL_POS_SAMPLE 577	-8.2202	17.1383	127.491
			*CONTROL_POS_SAMPLE 769	-7.02505	17.3441	124.814
			*CONTROL_POS_SAMPLE 961	-6.44504	17.4198	123.266
		}
		*CONTROL_ROT_TRACK {
			*CONTROL_ROT_SAMPLE 1	0.216424	-0.926742	-0.307099	1.79354
			*CONTROL_ROT_SAMPLE 193	0.00853816	-0.92666	-0.375803	1.80147
			*CONTROL_ROT_SAMPLE 385	-0.174067	-0.898622	-0.402715	1.83032
			*CONTROL_ROT_SAMPLE 577	-0.312061	-0.862289	-0.398844	1.87278
			*CONTROL_ROT_SAMPLE 769	-0.415664	-0.824976	-0.382934	1.92215
			*CONTROL_ROT_SAMPLE 961	-0.490898	-0.799624	-0.345863	1.96808
		}
		*CONTROL_SCALE_TRACK {
			*CONTROL_SCALE_SAMPLE	1	1	1	1	0	0	0	0
		}
	}
}
*HELPEROBJECT {
	*NODE_NAME "Bip01 R Forearm"
	*NODE_PARENT "Bip01 R UpperArm"
	*NODE_TM {
		*NODE_NAME "Bip01 R Forearm"
		*TM_ROW0 -0.0455087	-0.291889	-0.955369
		*TM_ROW1 -0.478487	0.845885	-0.235646
		*TM_ROW2 0.876914	0.446408	-0.17816
		*TM_ROW3 -27.2982	-1.21534	117.966
		*TM_POS -27.2982	-1.21534	117.966
		*TM_ROTAXIS 0.347279	-0.932937	-0.0950097
		*TM_ROTANGLE 1.76083
		*TM_SCALE 1	1	1
		*TM_SCALEAXIS 0	0	0
		*TM_SCALEAXISANG 0	0	0
	}
	*TM_ANIMATION {
		*NODE_NAME  "Bip01 R Forearm"
		*CONTROL_POS_TRACK {
			*CONTROL_POS_SAMPLE 1	-18.8032	18.5166	106.121
			*CONTROL_POS_SAMPLE 193	-18.6146	26.4589	106.55
			*CONTROL_POS_SAMPLE 385	-16.1832	33.1748	108.108
			*CONTROL_POS_SAMPLE 577	-12.9952	37.5062	109.022
			*CONTROL_POS_SAMPLE 769	-10.1497	40.2394	109.169
			*CONTROL_POS_SAMPLE 961	-7.91692	41.5115	109.26
		}
		*CONTROL_ROT_TRACK {
			*CONTROL_ROT_SAMPLE 1	0.748201	-0.61647	0.245276	1.74827
			*CONTROL_ROT_SAMPLE 193	0.669671	-0.68501	0.286884	1.72111
			*CONTROL_ROT_SAMPLE 385	0.552569	-0.781625	0.289362	1.72038
			*CONTROL_ROT_SAMPLE 577	0.373429	-0.902543	0.214401	1.71489
			*CONTROL_ROT_SAMPLE 769	0.144624	-0.984903	0.0951269	1.72899
			*CONTROL_ROT_SAMPLE 961	-0.0647433	-0.99789	0.00488899	1.79368
		}
		*CONTROL_SCALE_TRACK {
			*CONTROL_SCALE_SAMPLE	1	1	1	1	0	0	0	0
		}
	}
}
*HELPEROBJECT {
	*NODE_NAME "Bip01 R Hand"
	*NODE_PARENT "Bip01 R Forearm"
	*NODE_TM {
		*NODE_NAME "Bip01 R Hand"
		*TM_ROW0 -0.0455115	-0.291885	-0.95537
		*TM_ROW1 0.87653	0.447088	-0.17835
		*TM_ROW2 0.479192	-0.845527	0.235499
		*TM_ROW3 -28.5642	-9.33445	91.391
		*TM_POS -28.5642	-9.33445	91.391
		*TM_ROTAXIS -0.33922	-0.72939	0.59407
		*TM_ROTANGLE 1.75327
		*TM_SCALE 1	1	1
		*TM_SCALEAXIS 0	0	0
		*TM_SCALEAXISANG 0	0	0
	}
	*TM_ANIMATION {
		*NODE_NAME  "Bip01 R Hand"
		*CONTROL_POS_TRACK {
			*CONTROL_POS_SAMPLE 1	-5.39451	-3.29392	95.2502
			*CONTROL_POS_SAMPLE 193	-8.43882	3.89802	93.8564
			*CONTROL_POS_SAMPLE 385	-10.5709	11.4115	91.7215
			*CONTROL_POS_SAMPLE 577	-12.5545	20.8827	86.7259
			*CONTROL_POS_SAMPLE 769	-13.8592	33.0392	82.5594
			*CONTROL_POS_SAMPLE 961	-13.9239	43.572	82.18
		}
		*CONTROL_ROT_TRACK {
			*CONTROL_ROT_SAMPLE 1	-0.395273	-0.231442	0.888928	1.26305
			*CONTROL_ROT_SAMPLE 193	-0.446091	-0.18265	0.876152	1.44955
			*CONTROL_ROT_SAMPLE 385	-0.458045	-0.210241	0.863709	1.67243
			*CONTROL_ROT_SAMPLE 577	-0.472691	-0.336182	0.814583	1.92346
			*CONTROL_ROT_SAMPLE 769	0.508208	0.475425	-0.71812	4.09746
			*CONTROL_ROT_SAMPLE 961	0.540863	0.56316	-0.624754	3.85623
		}
		*CONTROL_SCALE_TRACK {
			*CONTROL_SCALE_SAMPLE	1	1	1	1	0	0	0	0
		}
	}
}
*HELPEROBJECT {
	*NODE_NAME "Bip01 R Finger0"
	*NODE_PARENT "Bip01 R Hand"
	*NODE_TM {
		*NODE_NAME "Bip01 R Finger0"
		*TM_ROW0 -0.0455056	-0.291877	-0.955373
		*TM_ROW1 0.876914	0.446413	-0.178152
		*TM_ROW2 0.478489	-0.845886	0.235636
		*TM_ROW3 -29.1499	-13.0909	79.0956
		*TM_POS -29.1499	-13.0909	79.0956
		*TM_ROTAXIS -0.33952	-0.729071	0.594291
		*TM_ROTANGLE 1.75354
		*TM_SCALE 1	1	1
		*TM_SCALEAXIS 0	0	0
		*TM_SCALEAXISANG 0	0	0
	}
	*TM_ANIMATION {
		*NODE_NAME  "Bip01 R Finger0"
		*CONTROL_POS_TRACK {
			*CONTROL_POS_SAMPLE 1	-0.0961843	-13.3744	89.2588
			*CONTROL_POS_SAMPLE 193	-4.63232	-6.37137	87.101
			*CONTROL_POS_SAMPLE 385	-8.90368	1.72039	83.4216
			*CONTROL_POS_SAMPLE 577	-13.1317	13.7981	75.9992
			*CONTROL_POS_SAMPLE 769	-16.0429	30.3953	70.1567
			*CONTROL_POS_SAMPLE 961	-17.0367	45.1848	69.7988
		}
		*CONTROL_ROT_TRACK {
			*CONTROL_ROT_SAMPLE 1	-0.395717	-0.231052	0.888832	1.26336
			*CONTROL_ROT_SAMPLE 193	-0.446438	-0.182277	0.876052	1.44989
			*CONTROL_ROT_SAMPLE 385	-0.458319	-0.209876	0.863652	1.67279
			*CONTROL_ROT_SAMPLE 577	-0.472899	-0.335826	0.814609	1.92383
			*CONTROL_ROT_SAMPLE 769	0.508356	0.475101	-0.71823	4.09707
			*CONTROL_ROT_SAMPLE 961	0.540965	0.562876	-0.624922	3.85582
		}
		*CONTROL_SCALE_TRACK {
			*CONTROL_SCALE_SAMPLE	1	1	1	1	0	0	0	0
		}
	}
}
*HELPEROBJECT {
	*NODE_NAME "ZS_RIGHTHAND"
	*NODE_PARENT "Bip01 R Hand"
	*NODE_TM {
		*NODE_NAME "ZS_RIGHTHAND"
		*TM_ROW0 -0.464344	0.856417	-0.225687
		*TM_ROW1 0.177861	0.339806	0.923525
		*TM_ROW2 0.867612	0.388692	-0.31011
		*TM_ROW3 -20.9389	-19.9852	85.8932
		*TM_POS -20.9389	-19.9852	85.8932
		*TM_ROTAXIS 0.383811	0.784581	0.486951
		*TM_ROTANGLE 3.91244
		*TM_SCALE 1	1	1
		*TM_SCALEAXIS 0	0	0
		*TM_SCALEAXISANG 0	0	0
	}
	*TM_ANIMATION {
		*NODE_NAME  "ZS_RIGHTHAND"
		*CONTROL_POS_TRACK {
			*CONTROL_POS_SAMPLE 1	-1.07162	-11.5581	96.0213
			*CONTROL_POS_SAMPLE 193	-5.66061	-5.03774	93.9674
			*CONTROL_POS_SAMPLE 385	-9.38615	2.21489	90.4576
			*CONTROL_POS_SAMPLE 577	-12.6132	12.3431	82.8983
			*CONTROL_POS_SAMPLE 769	-14.8429	26.5025	75.935
			*CONTROL_POS_SAMPLE 961	-15.6875	39.5856	73.8989
		}
		*CONTROL_ROT_TRACK {
			*CONTROL_ROT_SAMPLE 1	-0.130651	-0.895382	-0.425701	1.52908
			*CONTROL_ROT_SAMPLE 193	-0.262329	-0.878841	-0.398525	1.43196
			*CONTROL_ROT_SAMPLE 385	-0.418956	-0.83991	-0.345003	1.46348
			*CONTROL_ROT_SAMPLE 577	-0.565854	-0.754475	-0.33253	1.68716
			*CONTROL_ROT_SAMPLE 769	-0.671359	-0.642018	-0.370257	1.99199
			*CONTROL_ROT_SAMPLE 961	0.739851	0.539625	0.401778	4.03161
		}
		*CONTROL_SCALE_TRACK {
			*CONTROL_SCALE_SAMPLE	1	1	1	1	0	0	0	0
		}
	}
}
*HELPEROBJECT {
	*NODE_NAME "ZS_CROSSBOW"
	*NODE_PARENT "Bip01 Spine2"
	*NODE_TM {
		*NODE_NAME "ZS_CROSSBOW"
		*TM_ROW0 -0.382687	-0.111464	0.91713
		*TM_ROW1 -0.923878	0.0461715	-0.379891
		*TM_ROW2 -1.2517e-006	-0.992695	-0.120648
		*TM_ROW3 -14.434	10.5915	165.98
		*TM_POS -14.434	10.5915	165.98
		*TM_ROTAXIS -0.447329	0.669479	-0.593039
		*TM_ROTANGLE 2.38705
		*TM_SCALE 1	1	1
		*TM_SCALEAXIS 0	0	0
		*TM_SCALEAXISANG 0	0	0
	}
}
*HELPEROBJECT {
	*NODE_NAME "ZS_LONGSWORD"
	*NODE_PARENT "Bip01 Spine2"
	*NODE_TM {
		*NODE_NAME "ZS_LONGSWORD"
		*TM_ROW0 -0.499829	-0.0915011	0.861277
		*TM_ROW1 -0.865729	0.0828188	-0.493614
		*TM_ROW2 -0.0261636	-0.992355	-0.12061
		*TM_ROW3 -18.1593	6.92629	157.64
		*TM_POS -18.1593	6.92629	157.64
		*TM_ROTAXIS -0.38996	0.69388	-0.60536
		*TM_ROTANGLE 2.44778
		*TM_SCALE 1	1	1
		*TM_SCALEAXIS 0	0	0
		*TM_SCALEAXISANG 0	0	0
	}
}
*HELPEROBJECT {
	*NODE_NAME "ZS_SHIELD"
	*NODE_PARENT "Bip01 Spine2"
	*NODE_TM {
		*NODE_NAME "ZS_SHIELD"
		*TM_ROW0 -0.0138681	0.114196	-0.993362
		*TM_ROW1 -0.908393	0.413755	0.0602465
		*TM_ROW2 0.417888	0.903198	0.0979964
		*TM_ROW3 8.76511	9.5282	131.875
		*TM_POS 8.76511	9.5282	131.875
		*TM_ROTAXIS 0.435421	-0.728972	-0.528212
		*TM_ROTANGLE 1.82457
		*TM_SCALE 1	1	1
		*TM_SCALEAXIS 0	0	0
		*TM_SCALEAXISANG 0	0	0
	}
}
*HELPEROBJECT {
	*NODE_NAME "ZS_BOW"
	*NODE_PARENT "Bip01 Spine2"
	*NODE_TM {
		*NODE_NAME "ZS_BOW"
		*TM_ROW0 -0.341816	-0.0868229	0.935748
		*TM_ROW1 0.0119438	0.995242	0.0967059
		*TM_ROW2 -0.939691	0.044232	-0.339153
		*TM_ROW3 0.5012	12.4143	124.55
		*TM_POS 0.5012	12.4143	124.55
		*TM_ROTAXIS -0.0279299	0.998227	0.0525698
		*TM_ROTANGLE 1.92076
		*TM_SCALE 1	1	1
		*TM_SCALEAXIS 0	0	0
		*TM_SCALEAXISANG 0	0	0
	}
}
*HELPEROBJECT {
	*NODE_NAME "ZS_SWORD"
	*NODE_PARENT "Bip01 Spine"
	*NODE_TM {
		*NODE_NAME "ZS_SWORD"
		*TM_ROW0 5.79282e-007	-0.347172	0.937802
		*TM_ROW1 1.04309e-007	0.937802	0.347172
		*TM_ROW2 -1	-1.04308e-007	5.79283e-007
		*TM_ROW3 17.5015	-4.36211	106.367
		*TM_POS 17.5015	-4.36211	106.367
		*TM_ROTAXIS -0.17367	0.96937	0.17367
		*TM_ROTANGLE 1.6019
		*TM_SCALE 1	1	1
		*TM_SCALEAXIS 0	0	0
		*TM_SCALEAXISANG 0	0	0
	}
	*TM_ANIMATION {
		*NODE_NAME  "ZS_SWORD"
		*CONTROL_POS_TRACK {
			*CONTROL_POS_SAMPLE 1	26.2201	34.2864	99.1254
			*CONTROL_POS_SAMPLE 193	29.0658	33.0758	97.2357
			*CONTROL_POS_SAMPLE 385	32.1204	32.3438	95.1799
			*CONTROL_POS_SAMPLE 577	35.1416	31.9919	93.1809
			*CONTROL_POS_SAMPLE 769	37.7891	31.6585	91.4736
			*CONTROL_POS_SAMPLE 961	39.2824	30.6037	90.2783
		}
		*CONTROL_ROT_TRACK {
			*CONTROL_ROT_SAMPLE 1	-0.257859	0.872365	0.415316	1.63264
			*CONTROL_ROT_SAMPLE 193	-0.233192	0.851218	0.470158	1.67457
			*CONTROL_ROT_SAMPLE 385	-0.195108	0.823359	0.532929	1.72163
			*CONTROL_ROT_SAMPLE 577	-0.165473	0.797678	0.579938	1.7708
			*CONTROL_ROT_SAMPLE 769	-0.147019	0.78105	0.606915	1.81598
			*CONTROL_ROT_SAMPLE 961	-0.122644	0.769204	0.627123	1.85344
		}
		*CONTROL_SCALE_TRACK {
			*CONTROL_SCALE_SAMPLE	1	1	1	1	0	0	0	0
		}
	}
}
*HELPEROBJECT {
	*NODE_NAME "Bip01 L Thigh"
	*NODE_PARENT "Bip01 Pelvis"
	*NODE_TM {
		*NODE_NAME "Bip01 L Thigh"
		*TM_ROW0 0.0534878	-0.0367886	-0.997891
		*TM_ROW1 -0.00216181	-0.999323	0.0367256
		*TM_ROW2 -0.998566	0.000192882	-0.0535313
		*TM_ROW3 9.01023	-8.01129	99.9496
		*TM_POS 9.01023	-8.01129	99.9496
		*TM_ROTAXIS 0.72572	-0.01342	-0.68786
		*TM_ROTANGLE 3.16677
		*TM_SCALE 1	1	1
		*TM_SCALEAXIS 0	0	0
		*TM_SCALEAXISANG 0	0	0
	}
	*TM_ANIMATION {
		*NODE_NAME  "Bip01 L Thigh"
		*CONTROL_POS_TRACK {
			*CONTROL_POS_SAMPLE 1	16.7166	31.9861	92.3575
			*CONTROL_POS_SAMPLE 193	19.2531	32.051	90.5498
			*CONTROL_POS_SAMPLE 385	22.1191	32.6548	88.6537
			*CONTROL_POS_SAMPLE 577	25.0899	33.5294	86.8324
			*CONTROL_POS_SAMPLE 769	27.7913	34.1985	85.265
			*CONTROL_POS_SAMPLE 961	29.4024	33.8625	84.136
		}
		*CONTROL_ROT_TRACK {
			*CONTROL_ROT_SAMPLE 1	0.707574	-0.198723	-0.678122	3.49258
			*CONTROL_ROT_SAMPLE 193	0.687758	-0.260707	-0.67751	3.48801
			*CONTROL_ROT_SAMPLE 385	0.663267	-0.31562	-0.678573	3.47607
			*CONTROL_ROT_SAMPLE 577	0.636968	-0.361952	-0.680634	3.46482
			*CONTROL_ROT_SAMPLE 769	0.612118	-0.397608	-0.683535	3.45693
			*CONTROL_ROT_SAMPLE 961	0.588451	-0.432514	-0.683123	3.47675
		}
		*CONTROL_SCALE_TRACK {
			*CONTROL_SCALE_SAMPLE	1	1	1	1	0	0	0	0
		}
	}
}
*HELPEROBJECT {
	*NODE_NAME "Bip01 L Calf"
	*NODE_PARENT "Bip01 L Thigh"
	*NODE_TM {
		*NODE_NAME "Bip01 L Calf"
		*TM_ROW0 0.0525131	0.197552	-0.978885
		*TM_ROW1 0.0103904	-0.980292	-0.197278
		*TM_ROW2 -0.998566	0.000188708	-0.0535307
		*TM_ROW3 11.1149	-9.45845	60.6877
		*TM_POS 11.1149	-9.45845	60.6877
		*TM_ROTAXIS 0.723901	0.0721501	-0.686121
		*TM_ROTANGLE 3.00478
		*TM_SCALE 1	1	1
		*TM_SCALEAXIS 0	0	0
		*TM_SCALEAXISANG 0	0	0
	}
	*TM_ANIMATION {
		*NODE_NAME  "Bip01 L Calf"
		*CONTROL_POS_TRACK {
			*CONTROL_POS_SAMPLE 1	18.0176	11.2903	57.0829
			*CONTROL_POS_SAMPLE 193	18.3267	8.40132	57.171
			*CONTROL_POS_SAMPLE 385	18.4739	6.88358	57.0805
			*CONTROL_POS_SAMPLE 577	18.6356	6.30481	56.9749
			*CONTROL_POS_SAMPLE 769	18.7992	6.09801	56.9134
			*CONTROL_POS_SAMPLE 961	18.3118	4.41968	57.9745
		}
		*CONTROL_ROT_TRACK {
			*CONTROL_ROT_SAMPLE 1	0.723105	-0.0309167	-0.690045	3.17567
			*CONTROL_ROT_SAMPLE 193	0.724128	-0.0373193	-0.688655	3.0615
			*CONTROL_ROT_SAMPLE 385	0.725029	-0.0538569	-0.686609	2.96784
			*CONTROL_ROT_SAMPLE 577	0.724646	-0.0753245	-0.684993	2.89628
			*CONTROL_ROT_SAMPLE 769	0.72249	-0.096294	-0.684642	2.84472
			*CONTROL_ROT_SAMPLE 961	0.723114	-0.104836	-0.682727	2.80049
		}
		*CONTROL_SCALE_TRACK {
			*CONTROL_SCALE_SAMPLE	1	1	1	1	0	0	0	0
		}
	}
}
*HELPEROBJECT {
	*NODE_NAME "Bip01 L Foot"
	*NODE_PARENT "Bip01 L Calf"
	*NODE_TM {
		*NODE_NAME "Bip01 L Foot"
		*TM_ROW0 -5.93318e-007	7.27489e-006	-1
		*TM_ROW1 0.173652	-0.984807	-7.26412e-006
		*TM_ROW2 -0.984807	-0.173652	-5.97767e-007
		*TM_ROW3 13.6935	0.240668	12.6267
		*TM_POS 13.6935	0.240668	12.6267
		*TM_ROTAXIS 0.705757	0.0617498	-0.705757
		*TM_ROTANGLE 3.26493
		*TM_SCALE 1	1	1
		*TM_SCALEAXIS 0	0	0
		*TM_SCALEAXISANG 0	0	0
	}
	*TM_ANIMATION {
		*NODE_NAME  "Bip01 L Foot"
		*CONTROL_POS_TRACK {
			*CONTROL_POS_SAMPLE 1	20.0881	8.2255	12.2875
			*CONTROL_POS_SAMPLE 193	20.5865	8.45343	12.28
			*CONTROL_POS_SAMPLE 385	21.1037	8.73592	12.2479
			*CONTROL_POS_SAMPLE 577	21.5335	8.94963	12.1986
			*CONTROL_POS_SAMPLE 769	21.7175	8.98331	12.1533
			*CONTROL_POS_SAMPLE 961	21.6068	8.06742	13.2963
		}
		*CONTROL_ROT_TRACK {
			*CONTROL_ROT_SAMPLE 1	0.705172	-0.0190861	-0.708779	3.1081
			*CONTROL_ROT_SAMPLE 193	0.709989	-0.0318067	-0.703494	3.08611
			*CONTROL_ROT_SAMPLE 385	0.714698	-0.0454128	-0.697957	3.06404
			*CONTROL_ROT_SAMPLE 577	0.719189	-0.057621	-0.692421	3.04591
			*CONTROL_ROT_SAMPLE 769	0.723162	-0.066169	-0.687501	3.0349
			*CONTROL_ROT_SAMPLE 961	0.727556	-0.0537572	-0.683939	2.99622
		}
		*CONTROL_SCALE_TRACK {
			*CONTROL_SCALE_SAMPLE	1	1	1	1	0	0	0	0
		}
	}
}
*HELPEROBJECT {
	*NODE_NAME "Bip01 L Toe0"
	*NODE_PARENT "Bip01 L Foot"
	*NODE_TM {
		*NODE_NAME "Bip01 L Toe0"
		*TM_ROW0 0.173646	-0.984808	5.05914e-006
		*TM_ROW1 5.06367e-006	5.91264e-006	1
		*TM_ROW2 -0.984808	-0.173646	5.92894e-006
		*TM_ROW3 17.6256	-22.0591	5.26591e-006
		*TM_POS 17.6256	-22.0591	5.26591e-006
		*TM_ROTAXIS -0.644398	0.540718	0.540718
		*TM_ROTANGLE 1.99673
		*TM_SCALE 1	1	1
		*TM_SCALEAXIS 0	0	0
		*TM_SCALEAXISANG 0	0	0
	}
	*TM_ANIMATION {
		*NODE_NAME  "Bip01 L Toe0"
		*CONTROL_POS_TRACK {
			*CONTROL_POS_SAMPLE 1	18.8771	-14.4282	-0.260498
			*CONTROL_POS_SAMPLE 193	18.7952	-14.1861	-0.224157
			*CONTROL_POS_SAMPLE 385	18.7039	-13.8813	-0.194524
			*CONTROL_POS_SAMPLE 577	18.6275	-13.6486	-0.170125
			*CONTROL_POS_SAMPLE 769	18.5143	-13.6138	-0.143957
			*CONTROL_POS_SAMPLE 961	18.4063	-13.9381	-0.0313127
		}
		*CONTROL_ROT_TRACK {
			*CONTROL_ROT_SAMPLE 1	0.556201	-0.587105	-0.588174	4.16406
			*CONTROL_ROT_SAMPLE 193	-0.545641	0.596779	0.588328	2.1457
			*CONTROL_ROT_SAMPLE 385	-0.534416	0.606896	0.588283	2.17268
			*CONTROL_ROT_SAMPLE 577	-0.524814	0.61619	0.587264	2.19635
			*CONTROL_ROT_SAMPLE 769	-0.51883	0.623293	0.585082	2.21315
			*CONTROL_ROT_SAMPLE 961	-0.526626	0.610613	0.591453	2.25045
		}
		*CONTROL_SCALE_TRACK {
			*CONTROL_SCALE_SAMPLE	1	1	1	1	0	0	0	0
		}
	}
}
*HELPEROBJECT {
	*NODE_NAME "Bip01 R Thigh"
	*NODE_PARENT "Bip01 Pelvis"
	*NODE_TM {
		*NODE_NAME "Bip01 R Thigh"
		*TM_ROW0 -0.0535034	-0.0367749	-0.99789
		*TM_ROW1 0.00205776	-0.999324	0.0367174
		*TM_ROW2 -0.998566	-8.89041e-005	0.0535432
		*TM_ROW3 -9.01021	-8.01132	99.9496
		*TM_POS -9.01021	-8.01132	99.9496
		*TM_ROTAXIS 0.687862	-0.01262	-0.725732
		*TM_ROTANGLE 3.16835
		*TM_SCALE 1	1	1
		*TM_SCALEAXIS 0	0	0
		*TM_SCALEAXISANG 0	0	0
	}
	*TM_ANIMATION {
		*NODE_NAME  "Bip01 R Thigh"
		*CONTROL_POS_TRACK {
			*CONTROL_POS_SAMPLE 1	-1.05662	34.1269	94.4179
			*CONTROL_POS_SAMPLE 193	1.81479	35.8553	93.0297
			*CONTROL_POS_SAMPLE 385	5.20901	38.112	91.6512
			*CONTROL_POS_SAMPLE 577	8.848	40.493	90.3574
			*CONTROL_POS_SAMPLE 769	12.2524	42.4235	89.2158
			*CONTROL_POS_SAMPLE 961	14.4592	43.0375	88.2877
		}
		*CONTROL_ROT_TRACK {
			*CONTROL_ROT_SAMPLE 1	0.586825	-0.249948	-0.77017	2.60284
			*CONTROL_ROT_SAMPLE 193	0.58364	-0.297644	-0.755494	2.64124
			*CONTROL_ROT_SAMPLE 385	0.573993	-0.340662	-0.744635	2.68239
			*CONTROL_ROT_SAMPLE 577	0.553883	-0.368161	-0.746774	2.7275
			*CONTROL_ROT_SAMPLE 769	0.539282	-0.379864	-0.751584	2.77081
			*CONTROL_ROT_SAMPLE 961	0.525083	-0.381254	-0.760876	2.81754
		}
		*CONTROL_SCALE_TRACK {
			*CONTROL_SCALE_SAMPLE	1	1	1	1	0	0	0	0
		}
	}
}
*HELPEROBJECT {
	*NODE_NAME "Bip01 R Calf"
	*NODE_PARENT "Bip01 R Thigh"
	*NODE_TM {
		*NODE_NAME "Bip01 R Calf"
		*TM_ROW0 -0.0525025	0.197539	-0.978888
		*TM_ROW1 -0.0104967	-0.980295	-0.19726
		*TM_ROW2 -0.998566	-8.16064e-005	0.0535415
		*TM_ROW3 -11.1154	-9.45856	60.6878
		*TM_POS -11.1154	-9.45856	60.6878
		*TM_ROTAXIS 0.686298	0.0684898	-0.724088
		*TM_ROTANGLE 2.99744
		*TM_SCALE 1	1	1
		*TM_SCALEAXIS 0	0	0
		*TM_SCALEAXISANG 0	0	0
	}
	*TM_ANIMATION {
		*NODE_NAME  "Bip01 R Calf"
		*CONTROL_POS_TRACK {
			*CONTROL_POS_SAMPLE 1	-9.99167	39.1425	54.8033
			*CONTROL_POS_SAMPLE 193	-7.91798	37.3407	53.3135
			*CONTROL_POS_SAMPLE 385	-5.90286	36.4437	52.306
			*CONTROL_POS_SAMPLE 577	-4.565	36.805	51.8763
			*CONTROL_POS_SAMPLE 769	-2.89225	37.372	51.5405
			*CONTROL_POS_SAMPLE 961	-2.35174	36.9943	51.475
		}
		*CONTROL_ROT_TRACK {
			*CONTROL_ROT_SAMPLE 1	0.682265	-0.0949213	-0.724917	2.20603
			*CONTROL_ROT_SAMPLE 193	0.705362	-0.114648	-0.699514	2.18704
			*CONTROL_ROT_SAMPLE 385	0.720795	-0.134689	-0.679936	2.17892
			*CONTROL_ROT_SAMPLE 577	0.723585	-0.141761	-0.675521	2.16329
			*CONTROL_ROT_SAMPLE 769	0.724326	-0.135035	-0.676105	2.15141
			*CONTROL_ROT_SAMPLE 961	0.717381	-0.124328	-0.685498	2.14994
		}
		*CONTROL_SCALE_TRACK {
			*CONTROL_SCALE_SAMPLE	1	1	1	1	0	0	0	0
		}
	}
}
*HELPEROBJECT {
	*NODE_NAME "Bip01 R Foot"
	*NODE_PARENT "Bip01 R Calf"
	*NODE_TM {
		*NODE_NAME "Bip01 R Foot"
		*TM_ROW0 -5.86373e-007	-7.29557e-006	-1
		*TM_ROW1 -0.173652	-0.984807	7.26572e-006
		*TM_ROW2 -0.984807	0.173652	-5.93781e-007
		*TM_ROW3 -13.6935	0.24065	12.6267
		*TM_POS -13.6935	0.24065	12.6267
		*TM_ROTAXIS 0.705757	-0.0617498	-0.705757
		*TM_ROTANGLE 3.01826
		*TM_SCALE 1	1	1
		*TM_SCALEAXIS 0	0	0
		*TM_SCALEAXISANG 0	0	0
	}
	*TM_ANIMATION {
		*NODE_NAME  "Bip01 R Foot"
		*CONTROL_POS_TRACK {
			*CONTROL_POS_SAMPLE 1	-3.32331	60.7317	15.9478
			*CONTROL_POS_SAMPLE 193	1.39353	57.263	14.1127
			*CONTROL_POS_SAMPLE 385	5.11309	54.6694	12.7233
			*CONTROL_POS_SAMPLE 577	7.01178	54.8074	12.3515
			*CONTROL_POS_SAMPLE 769	8.97103	55.9734	12.3798
			*CONTROL_POS_SAMPLE 961	8.8414	56.5782	12.597
		}
		*CONTROL_ROT_TRACK {
			*CONTROL_ROT_SAMPLE 1	0.633667	-0.188028	-0.750408	2.43057
			*CONTROL_ROT_SAMPLE 193	0.630759	-0.233029	-0.740163	2.49046
			*CONTROL_ROT_SAMPLE 385	0.630548	-0.263789	-0.729948	2.53501
			*CONTROL_ROT_SAMPLE 577	0.62494	-0.274069	-0.730983	2.54285
			*CONTROL_ROT_SAMPLE 769	0.620963	-0.274921	-0.734046	2.53217
			*CONTROL_ROT_SAMPLE 961	0.620915	-0.270013	-0.735906	2.52279
		}
		*CONTROL_SCALE_TRACK {
			*CONTROL_SCALE_SAMPLE	1	1	1	1	0	0	0	0
		}
	}
}
*HELPEROBJECT {
	*NODE_NAME "Bip01 R Toe0"
	*NODE_PARENT "Bip01 R Foot"
	*NODE_TM {
		*NODE_NAME "Bip01 R Toe0"
		*TM_ROW0 -0.173651	-0.984807	3.52553e-006
		*TM_ROW1 3.507e-006	3.07854e-006	1
		*TM_ROW2 -0.984807	0.173651	3.0421e-006
		*TM_ROW3 -17.6255	-22.0592	2.91014e-005
		*TM_POS -17.6255	-22.0592	2.91014e-005
		*TM_ROTAXIS -0.510271	0.608121	0.608121
		*TM_ROTANGLE 2.19793
		*TM_SCALE 1	1	1
		*TM_SCALEAXIS 0	0	0
		*TM_SCALEAXISANG 0	0	0
	}
	*TM_ANIMATION {
		*NODE_NAME  "Bip01 R Toe0"
		*CONTROL_POS_TRACK {
			*CONTROL_POS_SAMPLE 1	-19.8087	48.5207	0.0974303
			*CONTROL_POS_SAMPLE 193	-15.7625	43.7918	0.101675
			*CONTROL_POS_SAMPLE 385	-12.3978	40.3636	0.0416477
			*CONTROL_POS_SAMPLE 577	-10.8229	40.4612	0.177016
			*CONTROL_POS_SAMPLE 769	-9.0694	41.9026	0.186817
			*CONTROL_POS_SAMPLE 961	-9.16363	42.6771	0.159601
		}
		*CONTROL_ROT_TRACK {
			*CONTROL_ROT_SAMPLE 1	0.305223	-0.562741	-0.76822	3.64962
			*CONTROL_ROT_SAMPLE 193	0.276738	-0.600964	-0.749839	3.68774
			*CONTROL_ROT_SAMPLE 385	0.257945	-0.628932	-0.733423	3.71206
			*CONTROL_ROT_SAMPLE 577	0.247373	-0.633758	-0.73291	3.72029
			*CONTROL_ROT_SAMPLE 769	0.243385	-0.630046	-0.737432	3.71537
			*CONTROL_ROT_SAMPLE 961	0.246238	-0.625124	-0.740667	3.70986
		}
		*CONTROL_SCALE_TRACK {
			*CONTROL_SCALE_SAMPLE	1	1	1	1	0	0	0	0
		}
	}
}
