*3DSMAX_ASCIIEXPORT	110
*COMMENT "[ GothicSourcer v3.14 ] - June 2007"
*SCENE {
	*SCENE_FILENAME "HUM_FISTDRAW.MAX"
	*SCENE_FIRSTFRAME 1
	*SCENE_LASTFRAME 7
	*SCENE_FRAMESPEED 25
	*SCENE_TICKSPERFRAME 192
	*SCENE_BACKGROUND_STATIC 0	0	0
	*SCENE_AMBIENT_STATIC 0.2	0.2	0.2
}
*HELPEROBJECT {
	*NODE_NAME "Bip01"
	*NODE_TM {
		*NODE_NAME "Bip01"
		*TM_ROW0 6.27438e-006	-1	0
		*TM_ROW1 1	6.27438e-006	0
		*TM_ROW2 -0	-0	1
		*TM_ROW3 0	-7.37745	99.9496
		*TM_POS 0	-7.37745	99.9496
		*TM_ROTAXIS 0	0	1
		*TM_ROTANGLE 1.57079
		*TM_SCALE 1	1	1
		*TM_SCALEAXIS 0	0	0
		*TM_SCALEAXISANG 0	0	0
	}
	*TM_ANIMATION {
		*NODE_NAME  "Bip01"
		*CONTROL_POS_TRACK {
			*CONTROL_POS_SAMPLE 1	1.11104	-5.18546	96.442
			*CONTROL_POS_SAMPLE 193	2.22134	-2.99544	95.1692
			*CONTROL_POS_SAMPLE 385	1.74182	-1.33804	93.8948
			*CONTROL_POS_SAMPLE 577	-0.84663	-0.392247	92.6195
			*CONTROL_POS_SAMPLE 769	-4.55296	0.178915	91.3469
			*CONTROL_POS_SAMPLE 961	-8.70599	0.598505	90.0713
			*CONTROL_POS_SAMPLE 1153	-12.6354	1.09313	88.7972
		}
		*CONTROL_ROT_TRACK {
			*CONTROL_ROT_SAMPLE 1	0	0	1	1.60073
			*CONTROL_ROT_SAMPLE 193	0	0	1	1.6307
			*CONTROL_ROT_SAMPLE 385	0	0	1	1.6606
			*CONTROL_ROT_SAMPLE 577	0	0	1	1.69053
			*CONTROL_ROT_SAMPLE 769	0	0	1	1.7204
			*CONTROL_ROT_SAMPLE 961	0	0	1	1.75039
			*CONTROL_ROT_SAMPLE 1153	0	0	1	1.78026
		}
		*CONTROL_SCALE_TRACK {
			*CONTROL_SCALE_SAMPLE	1	1	1	1	0	0	0	0
		}
	}
}
*HELPEROBJECT {
	*NODE_NAME "Bip01 Pelvis"
	*NODE_PARENT "Bip01"
	*NODE_TM {
		*NODE_NAME "Bip01 Pelvis"
		*TM_ROW0 -5.96046e-008	1.79264e-006	1
		*TM_ROW1 -1.79264e-006	-1	1.79264e-006
		*TM_ROW2 1	-1.79264e-006	-5.96046e-008
		*TM_ROW3 1e-005	-8.0113	99.9496
		*TM_POS 1e-005	-8.0113	99.9496
		*TM_ROTAXIS 0.707107	0	0.707107
		*TM_ROTANGLE 3.1416
		*TM_SCALE 1	1	1
		*TM_SCALEAXIS 0	0	0
		*TM_SCALEAXISANG 0	0	0
	}
	*TM_ANIMATION {
		*NODE_NAME  "Bip01 Pelvis"
		*CONTROL_POS_TRACK {
			*CONTROL_POS_SAMPLE 1	1.06905	-3.98251	96.4413
			*CONTROL_POS_SAMPLE 193	2.28784	0.141523	95.1684
			*CONTROL_POS_SAMPLE 385	2.02773	3.40631	93.894
			*CONTROL_POS_SAMPLE 577	-0.293092	5.30027	92.6194
			*CONTROL_POS_SAMPLE 769	-3.82337	5.76772	91.3456
			*CONTROL_POS_SAMPLE 961	-7.9897	5.32257	90.07
			*CONTROL_POS_SAMPLE 1153	-12.0273	4.95423	88.7959
		}
		*CONTROL_ROT_TRACK {
			*CONTROL_ROT_SAMPLE 1	-0.707041	0.0105847	-0.707094	3.12053
			*CONTROL_ROT_SAMPLE 193	-0.706921	0.0211813	-0.706975	3.09934
			*CONTROL_ROT_SAMPLE 385	-0.706723	0.0317556	-0.706777	3.0782
			*CONTROL_ROT_SAMPLE 577	-0.706445	0.0423424	-0.7065	3.05706
			*CONTROL_ROT_SAMPLE 769	-0.706088	0.0529148	-0.706144	3.03596
			*CONTROL_ROT_SAMPLE 961	-0.70565	0.0635363	-0.705706	3.01478
			*CONTROL_ROT_SAMPLE 1153	-0.705133	0.0741211	-0.70519	2.99371
		}
		*CONTROL_SCALE_TRACK {
			*CONTROL_SCALE_SAMPLE	1	1	1	1	0	0	0	0
		}
	}
}
*HELPEROBJECT {
	*NODE_NAME "Bip01 Spine"
	*NODE_PARENT "Bip01 Pelvis"
	*NODE_TM {
		*NODE_NAME "Bip01 Spine"
		*TM_ROW0 5.96047e-008	-0.0205947	0.999788
		*TM_ROW1 5.48642e-006	-0.999788	-0.0205947
		*TM_ROW2 1	5.48642e-006	5.96047e-008
		*TM_ROW3 1e-005	-7.92216	102.35
		*TM_POS 1e-005	-7.92216	102.35
		*TM_ROTAXIS 0.707088	-0.00727998	0.707088
		*TM_ROTANGLE 3.12703
		*TM_SCALE 1	1	1
		*TM_SCALEAXIS 0	0	0
		*TM_SCALEAXISANG 0	0	0
	}
	*TM_ANIMATION {
		*NODE_NAME  "Bip01 Spine"
		*CONTROL_POS_TRACK {
			*CONTROL_POS_SAMPLE 1	1.07078	-3.89345	98.8413
			*CONTROL_POS_SAMPLE 193	2.29225	0.230491	97.5685
			*CONTROL_POS_SAMPLE 385	2.03479	3.49511	96.2941
			*CONTROL_POS_SAMPLE 577	-0.282642	5.38954	95.02
			*CONTROL_POS_SAMPLE 769	-3.81141	5.85685	93.7455
			*CONTROL_POS_SAMPLE 961	-7.97357	5.41103	92.4699
			*CONTROL_POS_SAMPLE 1153	-12.0085	5.04217	91.1958
		}
		*CONTROL_ROT_TRACK {
			*CONTROL_ROT_SAMPLE 1	-0.706583	0.0272788	-0.707104	3.15601
			*CONTROL_ROT_SAMPLE 193	-0.70628	0.0346042	-0.707086	3.13183
			*CONTROL_ROT_SAMPLE 385	-0.705966	0.0426552	-0.70696	3.1063
			*CONTROL_ROT_SAMPLE 577	-0.705503	0.0524146	-0.706767	3.07725
			*CONTROL_ROT_SAMPLE 769	-0.704714	0.065461	-0.706465	3.04154
			*CONTROL_ROT_SAMPLE 961	-0.703568	0.0811156	-0.705983	3.0007
			*CONTROL_ROT_SAMPLE 1153	-0.70232	0.0967494	-0.705257	2.95998
		}
		*CONTROL_SCALE_TRACK {
			*CONTROL_SCALE_SAMPLE	1	1	1	1	0	0	0	0
		}
	}
}
*HELPEROBJECT {
	*NODE_NAME "Bip01 Spine1"
	*NODE_PARENT "Bip01 Spine"
	*NODE_TM {
		*NODE_NAME "Bip01 Spine1"
		*TM_ROW0 5.96047e-008	-0.00276992	0.999996
		*TM_ROW1 -1.92621e-006	-0.999996	-0.00276991
		*TM_ROW2 1	-1.92621e-006	5.96047e-008
		*TM_ROW3 1e-005	-8.11442	112.175
		*TM_POS 1e-005	-8.11442	112.175
		*TM_ROTAXIS 0.707106	-0.000979995	0.707107
		*TM_ROTANGLE 3.13964
		*TM_SCALE 1	1	1
		*TM_SCALEAXIS 0	0	0
		*TM_SCALEAXISANG 0	0	0
	}
	*TM_ANIMATION {
		*NODE_NAME  "Bip01 Spine1"
		*CONTROL_POS_TRACK {
			*CONTROL_POS_SAMPLE 1	1.05629	-4.36201	108.656
			*CONTROL_POS_SAMPLE 193	2.26936	-0.171642	107.388
			*CONTROL_POS_SAMPLE 385	2.00633	3.15894	106.118
			*CONTROL_POS_SAMPLE 577	-0.315773	5.12089	104.845
			*CONTROL_POS_SAMPLE 769	-3.85111	5.65617	103.572
			*CONTROL_POS_SAMPLE 961	-8.02005	5.27928	102.297
			*CONTROL_POS_SAMPLE 1153	-12.0563	4.97947	101.024
		}
		*CONTROL_ROT_TRACK {
			*CONTROL_ROT_SAMPLE 1	0.706631	-0.0487838	0.705898	3.10091
			*CONTROL_ROT_SAMPLE 193	-0.703693	0.0955921	-0.704044	3.22037
			*CONTROL_ROT_SAMPLE 385	-0.698891	0.137976	-0.701794	3.24735
			*CONTROL_ROT_SAMPLE 577	-0.693953	0.169552	-0.699773	3.24639
			*CONTROL_ROT_SAMPLE 769	-0.692118	0.181196	-0.698671	3.19302
			*CONTROL_ROT_SAMPLE 961	-0.694139	0.178357	-0.697395	3.09994
			*CONTROL_ROT_SAMPLE 1153	0.697294	-0.175902	0.694866	3.27608
		}
		*CONTROL_SCALE_TRACK {
			*CONTROL_SCALE_SAMPLE	1	1	1	1	0	0	0	0
		}
	}
}
*HELPEROBJECT {
	*NODE_NAME "Bip01 Spine2"
	*NODE_PARENT "Bip01 Spine1"
	*NODE_TM {
		*NODE_NAME "Bip01 Spine2"
		*TM_ROW0 5.96048e-008	0.180243	0.983622
		*TM_ROW1 1.67638e-006	-0.983622	0.180243
		*TM_ROW2 1	1.67638e-006	5.96047e-008
		*TM_ROW3 1e-005	-8.1264	124.961
		*TM_POS 1e-005	-8.1264	124.961
		*TM_ROTAXIS 0.705652	0.0641202	0.705652
		*TM_ROTANGLE 3.26966
		*TM_SCALE 1	1	1
		*TM_SCALEAXIS 0	0	0
		*TM_SCALEAXISANG 0	0	0
	}
	*TM_ANIMATION {
		*NODE_NAME  "Bip01 Spine2"
		*CONTROL_POS_TRACK {
			*CONTROL_POS_SAMPLE 1	1.04464	-5.58569	121.386
			*CONTROL_POS_SAMPLE 193	2.16738	-2.57421	119.952
			*CONTROL_POS_SAMPLE 385	1.74952	-0.225372	118.453
			*CONTROL_POS_SAMPLE 577	-0.747346	1.20335	117.019
			*CONTROL_POS_SAMPLE 769	-4.37392	2.01035	115.827
			*CONTROL_POS_SAMPLE 961	-8.47091	2.50595	114.781
			*CONTROL_POS_SAMPLE 1153	-12.3397	3.06876	113.674
		}
		*CONTROL_ROT_TRACK {
			*CONTROL_ROT_SAMPLE 1	0.709473	-0.0389678	0.703654	3.12495
			*CONTROL_ROT_SAMPLE 193	0.704675	-0.126702	0.698126	3.00714
			*CONTROL_ROT_SAMPLE 385	0.693747	-0.207165	0.689781	2.90931
			*CONTROL_ROT_SAMPLE 577	0.681498	-0.269932	0.680218	2.86094
			*CONTROL_ROT_SAMPLE 769	0.676686	-0.300775	0.672034	2.90486
			*CONTROL_ROT_SAMPLE 961	0.679668	-0.309239	0.665149	3.01872
			*CONTROL_ROT_SAMPLE 1153	0.682538	-0.319083	0.657516	3.13274
		}
		*CONTROL_SCALE_TRACK {
			*CONTROL_SCALE_SAMPLE	1	1	1	1	0	0	0	0
		}
	}
}
*HELPEROBJECT {
	*NODE_NAME "Bip01 Neck"
	*NODE_PARENT "Bip01 Spine2"
	*NODE_TM {
		*NODE_NAME "Bip01 Neck"
		*TM_ROW0 5.96046e-007	-0.167043	0.98595
		*TM_ROW1 4.70132e-006	-0.98595	-0.167043
		*TM_ROW2 1	4.70132e-006	5.96047e-007
		*TM_ROW3 1.03264e-011	-2.71656	154.454
		*TM_POS 1.03264e-011	-2.71656	154.454
		*TM_ROTAXIS -0.70586	0.05937	-0.705859
		*TM_ROTANGLE 3.2602
		*TM_SCALE 1	1	1
		*TM_SCALEAXIS 0	0	0
		*TM_SCALEAXISANG 0	0	0
	}
	*TM_ANIMATION {
		*NODE_NAME  "Bip01 Neck"
		*CONTROL_POS_TRACK {
			*CONTROL_POS_SAMPLE 1	1.24724	-7.58918	151.304
			*CONTROL_POS_SAMPLE 193	2.09748	-10.7051	148.814
			*CONTROL_POS_SAMPLE 385	1.04485	-13.4848	145.338
			*CONTROL_POS_SAMPLE 577	-2.25208	-15.2565	142.036
			*CONTROL_POS_SAMPLE 769	-6.44481	-14.7456	140.606
			*CONTROL_POS_SAMPLE 961	-10.6304	-12.49	140.656
			*CONTROL_POS_SAMPLE 1153	-14.3851	-10.1606	140.504
		}
		*CONTROL_ROT_TRACK {
			*CONTROL_ROT_SAMPLE 1	0.704049	-0.147957	0.694567	2.87646
			*CONTROL_ROT_SAMPLE 193	0.695373	-0.220506	0.683984	2.75513
			*CONTROL_ROT_SAMPLE 385	0.681149	-0.285504	0.674184	2.65252
			*CONTROL_ROT_SAMPLE 577	0.667123	-0.332683	0.666535	2.59846
			*CONTROL_ROT_SAMPLE 769	0.663818	-0.347997	0.662	2.63595
			*CONTROL_ROT_SAMPLE 961	0.671155	-0.341587	0.657928	2.74288
			*CONTROL_ROT_SAMPLE 1153	0.679176	-0.337334	0.651863	2.84947
		}
		*CONTROL_SCALE_TRACK {
			*CONTROL_SCALE_SAMPLE	1	1	1	1	0	0	0	0
		}
	}
}
*HELPEROBJECT {
	*NODE_NAME "Bip01 Head"
	*NODE_PARENT "Bip01 Neck"
	*NODE_TM {
		*NODE_NAME "Bip01 Head"
		*TM_ROW0 -5.96047e-008	1.76447e-006	1
		*TM_ROW1 -1.79264e-006	-1	1.80855e-006
		*TM_ROW2 1	-1.79264e-006	-5.96046e-008
		*TM_ROW3 2.27758e-011	-3.85901	161.198
		*TM_POS 2.27758e-011	-3.85901	161.198
		*TM_ROTAXIS -0.707107	-5.62215e-009	-0.707107
		*TM_ROTANGLE 3.14159
		*TM_SCALE 1	1	1
		*TM_SCALEAXIS 0	0	0
		*TM_SCALEAXISANG 0	0	0
	}
	*TM_ANIMATION {
		*NODE_NAME  "Bip01 Head"
		*CONTROL_POS_TRACK {
			*CONTROL_POS_SAMPLE 1	1.308	-10.2328	157.61
			*CONTROL_POS_SAMPLE 193	2.13216	-14.487	154.51
			*CONTROL_POS_SAMPLE 385	0.98101	-18.1538	150.333
			*CONTROL_POS_SAMPLE 577	-2.45758	-20.4296	146.505
			*CONTROL_POS_SAMPLE 769	-6.77892	-19.8987	145.088
			*CONTROL_POS_SAMPLE 961	-11.0143	-17.2477	145.552
			*CONTROL_POS_SAMPLE 1153	-14.7595	-14.5098	145.767
		}
		*CONTROL_ROT_TRACK {
			*CONTROL_ROT_SAMPLE 1	-0.707029	-8.63279e-005	-0.707185	3.14177
			*CONTROL_ROT_SAMPLE 193	-0.707052	-0.000206475	-0.707161	3.1418
			*CONTROL_ROT_SAMPLE 385	-0.707062	-0.000263582	-0.707152	3.14205
			*CONTROL_ROT_SAMPLE 577	-0.707058	-0.000342884	-0.707156	3.14231
			*CONTROL_ROT_SAMPLE 769	0.707115	0.00049917	0.707099	3.14071
			*CONTROL_ROT_SAMPLE 961	-0.707085	-0.000582058	-0.707129	3.14263
			*CONTROL_ROT_SAMPLE 1153	-0.707095	-0.000660491	-0.707118	3.14289
		}
		*CONTROL_SCALE_TRACK {
			*CONTROL_SCALE_SAMPLE	1	1	1	1	0	0	0	0
		}
	}
}
*HELPEROBJECT {
	*NODE_NAME "ZS_HELMET"
	*NODE_PARENT "Bip01 Head"
	*NODE_TM {
		*NODE_NAME "ZS_HELMET"
		*TM_ROW0 1	7.87298e-013	7.61567e-014
		*TM_ROW1 -1.53811e-013	0.996917	-0.0784593
		*TM_ROW2 -5.53111e-014	0.0784593	0.996918
		*TM_ROW3 1e-005	-7.06248	173.704
		*TM_POS 1e-005	-7.06248	173.704
		*TM_ROTAXIS 1	8.37809e-013	-5.99744e-012
		*TM_ROTANGLE 0.078541
		*TM_SCALE 1	1	1
		*TM_SCALEAXIS 0	0	0
		*TM_SCALEAXISANG 0	0	0
	}
}
*HELPEROBJECT {
	*NODE_NAME "Bip01 L Clavicle"
	*NODE_PARENT "Bip01 Neck"
	*NODE_TM {
		*NODE_NAME "Bip01 L Clavicle"
		*TM_ROW0 0.935229	-0.203893	-0.289439
		*TM_ROW1 0.156435	0.971369	-0.178803
		*TM_ROW2 0.317608	0.121943	0.940348
		*TM_ROW3 7.96399	-1.25804	148.729
		*TM_POS 7.96399	-1.25804	148.729
		*TM_ROTAXIS 0.391939	-0.791119	0.469589
		*TM_ROTANGLE 0.39376
		*TM_SCALE 1	1	1
		*TM_SCALEAXIS 0	0	0
		*TM_SCALEAXISANG 0	0	0
	}
	*TM_ANIMATION {
		*NODE_NAME  "Bip01 L Clavicle"
		*CONTROL_POS_TRACK {
			*CONTROL_POS_SAMPLE 1	9.25036	-5.5888	145.73
			*CONTROL_POS_SAMPLE 193	10.2126	-7.93498	143.752
			*CONTROL_POS_SAMPLE 385	9.32279	-10.2122	140.877
			*CONTROL_POS_SAMPLE 577	6.2055	-11.91	137.985
			*CONTROL_POS_SAMPLE 769	2.12976	-11.9386	136.394
			*CONTROL_POS_SAMPLE 961	-2.08402	-10.6876	135.877
			*CONTROL_POS_SAMPLE 1153	-5.98304	-9.39472	135.216
		}
		*CONTROL_ROT_TRACK {
			*CONTROL_ROT_SAMPLE 1	-0.291026	-0.67084	0.682113	0.284809
			*CONTROL_ROT_SAMPLE 193	-0.71513	-0.444273	0.53964	0.406311
			*CONTROL_ROT_SAMPLE 385	-0.84376	-0.289968	0.45165	0.562693
			*CONTROL_ROT_SAMPLE 577	-0.871041	-0.205793	0.446024	0.68882
			*CONTROL_ROT_SAMPLE 769	-0.831816	-0.164602	0.530083	0.737974
			*CONTROL_ROT_SAMPLE 961	-0.729408	-0.140878	0.669416	0.743395
			*CONTROL_ROT_SAMPLE 1153	-0.609342	-0.115769	0.78441	0.769294
		}
		*CONTROL_SCALE_TRACK {
			*CONTROL_SCALE_SAMPLE	1	1	1	1	0	0	0	0
		}
	}
}
*HELPEROBJECT {
	*NODE_NAME "Bip01 L UpperArm"
	*NODE_PARENT "Bip01 L Clavicle"
	*NODE_TM {
		*NODE_NAME "Bip01 L UpperArm"
		*TM_ROW0 0.246229	0.0989027	-0.964152
		*TM_ROW1 0.412789	0.889345	0.196649
		*TM_ROW2 0.876913	-0.446412	0.178157
		*TM_ROW3 20.4269	-3.97508	144.872
		*TM_POS 20.4269	-3.97508	144.872
		*TM_ROTAXIS -0.325561	-0.932072	0.15891
		*TM_ROTANGLE 1.41328
		*TM_SCALE 1	1	1
		*TM_SCALEAXIS 0	0	0
		*TM_SCALEAXISANG 0	0	0
	}
	*TM_ANIMATION {
		*NODE_NAME  "Bip01 L UpperArm"
		*CONTROL_POS_TRACK {
			*CONTROL_POS_SAMPLE 1	22.0832	-8.03837	143.111
			*CONTROL_POS_SAMPLE 193	23.0067	-10.4326	140.993
			*CONTROL_POS_SAMPLE 385	22.0551	-12.9203	138.032
			*CONTROL_POS_SAMPLE 577	18.7982	-15.1433	135.061
			*CONTROL_POS_SAMPLE 769	14.3858	-16.2161	133.388
			*CONTROL_POS_SAMPLE 961	9.5949	-16.3634	132.888
			*CONTROL_POS_SAMPLE 1153	4.98186	-16.401	132.348
		}
		*CONTROL_ROT_TRACK {
			*CONTROL_ROT_SAMPLE 1	-0.359957	-0.922204	0.141318	1.34225
			*CONTROL_ROT_SAMPLE 193	-0.395674	-0.910126	0.122934	1.27168
			*CONTROL_ROT_SAMPLE 385	-0.429082	-0.896545	0.109982	1.22921
			*CONTROL_ROT_SAMPLE 577	-0.457462	-0.883011	0.104978	1.22346
			*CONTROL_ROT_SAMPLE 769	-0.482606	-0.869653	0.103897	1.2372
			*CONTROL_ROT_SAMPLE 961	-0.505901	-0.856237	0.104508	1.25868
			*CONTROL_ROT_SAMPLE 1153	-0.529267	-0.842069	0.103899	1.2762
		}
		*CONTROL_SCALE_TRACK {
			*CONTROL_SCALE_SAMPLE	1	1	1	1	0	0	0	0
		}
	}
}
*HELPEROBJECT {
	*NODE_NAME "Bip01 L Forearm"
	*NODE_PARENT "Bip01 L UpperArm"
	*NODE_TM {
		*NODE_NAME "Bip01 L Forearm"
		*TM_ROW0 0.0455122	-0.291882	-0.955371
		*TM_ROW1 0.478489	0.845886	-0.235638
		*TM_ROW2 0.876913	-0.44641	0.17816
		*TM_ROW3 27.2982	-1.21526	117.966
		*TM_POS 27.2982	-1.21526	117.966
		*TM_ROTAXIS -0.10545	-0.916697	0.385419
		*TM_ROTANGLE 1.53601
		*TM_SCALE 1	1	1
		*TM_SCALEAXIS 0	0	0
		*TM_SCALEAXISANG 0	0	0
	}
	*TM_ANIMATION {
		*NODE_NAME  "Bip01 L Forearm"
		*CONTROL_POS_TRACK {
			*CONTROL_POS_SAMPLE 1	31.2007	-4.71517	116.948
			*CONTROL_POS_SAMPLE 193	34.31	-6.62338	115.766
			*CONTROL_POS_SAMPLE 385	34.8185	-8.67358	113.583
			*CONTROL_POS_SAMPLE 577	32.1486	-10.4627	111.008
			*CONTROL_POS_SAMPLE 769	27.8934	-11.079	109.515
			*CONTROL_POS_SAMPLE 961	23.1117	-10.7631	109.125
			*CONTROL_POS_SAMPLE 1153	18.6303	-10.3498	108.772
		}
		*CONTROL_ROT_TRACK {
			*CONTROL_ROT_SAMPLE 1	-0.00729217	-0.862777	0.505532	1.58901
			*CONTROL_ROT_SAMPLE 193	0.0757722	-0.788741	0.610038	1.67741
			*CONTROL_ROT_SAMPLE 385	0.112779	-0.736829	0.666606	1.75419
			*CONTROL_ROT_SAMPLE 577	0.107372	-0.726577	0.678644	1.78164
			*CONTROL_ROT_SAMPLE 769	0.0811941	-0.73826	0.669612	1.77836
			*CONTROL_ROT_SAMPLE 961	0.0454665	-0.756963	0.651874	1.76379
			*CONTROL_ROT_SAMPLE 1153	0.0130749	-0.769995	0.637916	1.75551
		}
		*CONTROL_SCALE_TRACK {
			*CONTROL_SCALE_SAMPLE	1	1	1	1	0	0	0	0
		}
	}
}
*HELPEROBJECT {
	*NODE_NAME "Bip01 L Hand"
	*NODE_PARENT "Bip01 L Forearm"
	*NODE_TM {
		*NODE_NAME "Bip01 L Hand"
		*TM_ROW0 0.0455132	-0.291886	-0.95537
		*TM_ROW1 -0.876533	0.44708	-0.17835
		*TM_ROW2 0.479185	0.845531	-0.2355
		*TM_ROW3 28.5642	-9.33438	91.391
		*TM_POS 28.5642	-9.33438	91.391
		*TM_ROTAXIS 0.551391	-0.772552	-0.314851
		*TM_ROTANGLE 1.95137
		*TM_SCALE 1	1	1
		*TM_SCALEAXIS 0	0	0
		*TM_SCALEAXISANG 0	0	0
	}
	*TM_ANIMATION {
		*NODE_NAME  "Bip01 L Hand"
		*CONTROL_POS_TRACK {
			*CONTROL_POS_SAMPLE 1	30.6947	-18.5968	92.8485
			*CONTROL_POS_SAMPLE 193	31.5258	-25.3354	95.3738
			*CONTROL_POS_SAMPLE 385	30.1629	-29.6381	95.9039
			*CONTROL_POS_SAMPLE 577	26.7151	-31.5452	93.697
			*CONTROL_POS_SAMPLE 769	22.3807	-31.3158	91.245
			*CONTROL_POS_SAMPLE 961	17.8434	-29.6997	89.4437
			*CONTROL_POS_SAMPLE 1153	13.5254	-28.1234	87.9932
		}
		*CONTROL_ROT_TRACK {
			*CONTROL_ROT_SAMPLE 1	0.567528	-0.796012	-0.210422	2.0894
			*CONTROL_ROT_SAMPLE 193	-0.569344	0.814845	0.108973	4.0507
			*CONTROL_ROT_SAMPLE 385	-0.557657	0.829053	0.0411148	3.94508
			*CONTROL_ROT_SAMPLE 577	-0.541704	0.840442	0.0146324	3.89233
			*CONTROL_ROT_SAMPLE 769	-0.525668	0.850637	0.00948738	3.8688
			*CONTROL_ROT_SAMPLE 961	-0.509733	0.86024	0.0126072	3.85697
			*CONTROL_ROT_SAMPLE 1153	-0.49392	0.869423	0.0121269	3.83929
		}
		*CONTROL_SCALE_TRACK {
			*CONTROL_SCALE_SAMPLE	1	1	1	1	0	0	0	0
		}
	}
}
*HELPEROBJECT {
	*NODE_NAME "Bip01 L Finger0"
	*NODE_PARENT "Bip01 L Hand"
	*NODE_TM {
		*NODE_NAME "Bip01 L Finger0"
		*TM_ROW0 0.0455153	-0.291888	-0.955369
		*TM_ROW1 -0.876915	0.446405	-0.178165
		*TM_ROW2 0.478485	0.845886	-0.235643
		*TM_ROW3 29.15	-13.0909	79.0956
		*TM_POS 29.15	-13.0909	79.0956
		*TM_ROTAXIS 0.551581	-0.772311	-0.31511
		*TM_ROTANGLE 1.95181
		*TM_SCALE 1	1	1
		*TM_SCALEAXIS 0	0	0
		*TM_SCALEAXISANG 0	0	0
	}
	*TM_ANIMATION {
		*NODE_NAME  "Bip01 L Finger0"
		*CONTROL_POS_TRACK {
			*CONTROL_POS_SAMPLE 1	30.5157	-24.9412	81.6534
			*CONTROL_POS_SAMPLE 193	30.3534	-33.8685	85.8123
			*CONTROL_POS_SAMPLE 385	28.0096	-39.3379	87.7253
			*CONTROL_POS_SAMPLE 577	23.8431	-41.5592	86.1426
			*CONTROL_POS_SAMPLE 769	18.9798	-41.2895	83.8566
			*CONTROL_POS_SAMPLE 961	13.9971	-39.4975	82.0385
			*CONTROL_POS_SAMPLE 1153	9.209	-37.7861	80.6698
		}
		*CONTROL_ROT_TRACK {
			*CONTROL_ROT_SAMPLE 1	0.567679	-0.79583	-0.210702	2.08984
			*CONTROL_ROT_SAMPLE 193	-0.569471	0.814716	0.109275	4.05026
			*CONTROL_ROT_SAMPLE 385	-0.55777	0.828961	0.0414298	3.94465
			*CONTROL_ROT_SAMPLE 577	-0.541811	0.840367	0.0149543	3.89192
			*CONTROL_ROT_SAMPLE 769	-0.525774	0.850568	0.00981372	3.8684
			*CONTROL_ROT_SAMPLE 961	-0.509839	0.860172	0.012937	3.85657
			*CONTROL_ROT_SAMPLE 1153	-0.494026	0.869358	0.0124604	3.83891
		}
		*CONTROL_SCALE_TRACK {
			*CONTROL_SCALE_SAMPLE	1	1	1	1	0	0	0	0
		}
	}
}
*HELPEROBJECT {
	*NODE_NAME "ZS_LEFTHAND"
	*NODE_PARENT "Bip01 L Hand"
	*NODE_TM {
		*NODE_NAME "ZS_LEFTHAND"
		*TM_ROW0 0.435606	0.890062	-0.134303
		*TM_ROW1 0.180312	-0.232461	-0.955745
		*TM_ROW2 -0.881893	0.392112	-0.261751
		*TM_ROW3 26.7605	-11.5467	82.7857
		*TM_POS 26.7605	-11.5467	82.7857
		*TM_ROTAXIS 0.794322	0.440571	-0.418271
		*TM_ROTANGLE 2.12858
		*TM_SCALE 1	1	1
		*TM_SCALEAXIS 0	0	0
		*TM_SCALEAXISANG 0	0	0
	}
}
*HELPEROBJECT {
	*NODE_NAME "ZS_LEFTARM"
	*NODE_PARENT "Bip01 L Forearm"
	*NODE_TM {
		*NODE_NAME "ZS_LEFTARM"
		*TM_ROW0 0.0759923	-0.150176	-0.985735
		*TM_ROW1 0.524499	0.846792	-0.0885737
		*TM_ROW2 0.848013	-0.510286	0.143117
		*TM_ROW3 26.9101	-7.67833	110.055
		*TM_POS 26.9101	-7.67833	110.055
		*TM_ROTAXIS -0.21097	-0.917372	0.337521
		*TM_ROTANGLE 1.53784
		*TM_SCALE 1	1	1
		*TM_SCALEAXIS 0	0	0
		*TM_SCALEAXISANG 0	0	0
	}
}
*HELPEROBJECT {
	*NODE_NAME "Bip01 R Clavicle"
	*NODE_PARENT "Bip01 Neck"
	*NODE_TM {
		*NODE_NAME "Bip01 R Clavicle"
		*TM_ROW0 -0.935227	-0.203899	-0.28944
		*TM_ROW1 -0.156442	0.971369	-0.178799
		*TM_ROW2 0.317609	-0.121937	-0.940349
		*TM_ROW3 -7.96398	-1.25806	148.729
		*TM_POS -7.96398	-1.25806	148.729
		*TM_ROTAXIS -0.0929799	0.992639	-0.0776
		*TM_ROTANGLE 3.45235
		*TM_SCALE 1	1	1
		*TM_SCALEAXIS 0	0	0
		*TM_SCALEAXISANG 0	0	0
	}
	*TM_ANIMATION {
		*NODE_NAME  "Bip01 R Clavicle"
		*CONTROL_POS_TRACK {
			*CONTROL_POS_SAMPLE 1	-6.66208	-4.90347	145.883
			*CONTROL_POS_SAMPLE 193	-5.65975	-6.63273	144.08
			*CONTROL_POS_SAMPLE 385	-6.47702	-8.26365	141.424
			*CONTROL_POS_SAMPLE 577	-9.4649	-9.18161	138.838
			*CONTROL_POS_SAMPLE 769	-13.279	-8.11627	137.691
			*CONTROL_POS_SAMPLE 961	-17.0346	-5.48693	137.644
			*CONTROL_POS_SAMPLE 1153	-20.3225	-2.80691	137.373
		}
		*CONTROL_ROT_TRACK {
			*CONTROL_ROT_SAMPLE 1	-0.0538945	0.997814	0.0382539	3.3165
			*CONTROL_ROT_SAMPLE 193	-0.0256511	0.989946	0.139098	3.30374
			*CONTROL_ROT_SAMPLE 385	0.00107708	0.973796	0.22742	3.29291
			*CONTROL_ROT_SAMPLE 577	0.0289426	0.957727	0.286218	3.27829
			*CONTROL_ROT_SAMPLE 769	0.0632971	0.954343	0.29193	3.2486
			*CONTROL_ROT_SAMPLE 961	0.105309	0.960141	0.258918	3.20408
			*CONTROL_ROT_SAMPLE 1153	0.149013	0.962314	0.22748	3.15823
		}
		*CONTROL_SCALE_TRACK {
			*CONTROL_SCALE_SAMPLE	1	1	1	1	0	0	0	0
		}
	}
}
*HELPEROBJECT {
	*NODE_NAME "Bip01 R UpperArm"
	*NODE_PARENT "Bip01 R Clavicle"
	*NODE_TM {
		*NODE_NAME "Bip01 R UpperArm"
		*TM_ROW0 -0.246232	0.0988932	-0.964153
		*TM_ROW1 -0.412793	0.889345	0.196642
		*TM_ROW2 0.876911	0.446415	-0.178163
		*TM_ROW3 -20.4269	-3.97513	144.872
		*TM_POS -20.4269	-3.97513	144.872
		*TM_ROTAXIS 0.12961	-0.955353	-0.265521
		*TM_ROTANGLE 1.84162
		*TM_SCALE 1	1	1
		*TM_SCALEAXIS 0	0	0
		*TM_SCALEAXISANG 0	0	0
	}
	*TM_ANIMATION {
		*NODE_NAME  "Bip01 R UpperArm"
		*CONTROL_POS_TRACK {
			*CONTROL_POS_SAMPLE 1	-19.708	-6.23788	143.515
			*CONTROL_POS_SAMPLE 193	-18.792	-7.0067	141.857
			*CONTROL_POS_SAMPLE 385	-19.6508	-7.78003	139.474
			*CONTROL_POS_SAMPLE 577	-22.6443	-7.92669	137.318
			*CONTROL_POS_SAMPLE 769	-26.4212	-6.09739	136.825
			*CONTROL_POS_SAMPLE 961	-30.0383	-2.58129	137.571
			*CONTROL_POS_SAMPLE 1153	-33.054	1.063	138.063
		}
		*CONTROL_ROT_TRACK {
			*CONTROL_ROT_SAMPLE 1	0.0851513	-0.962144	-0.258897	1.87938
			*CONTROL_ROT_SAMPLE 193	0.0411679	-0.96665	-0.25277	1.91818
			*CONTROL_ROT_SAMPLE 385	-0.00214393	-0.968946	-0.247262	1.95794
			*CONTROL_ROT_SAMPLE 577	-0.0147126	-0.970993	-0.238653	1.93643
			*CONTROL_ROT_SAMPLE 769	-0.0271221	-0.972917	-0.229557	1.91515
			*CONTROL_ROT_SAMPLE 961	-0.0394147	-0.974721	-0.219923	1.89403
			*CONTROL_ROT_SAMPLE 1153	-0.0517712	-0.976324	-0.210026	1.87327
		}
		*CONTROL_SCALE_TRACK {
			*CONTROL_SCALE_SAMPLE	1	1	1	1	0	0	0	0
		}
	}
}
*HELPEROBJECT {
	*NODE_NAME "Bip01 R Forearm"
	*NODE_PARENT "Bip01 R UpperArm"
	*NODE_TM {
		*NODE_NAME "Bip01 R Forearm"
		*TM_ROW0 -0.0455087	-0.291889	-0.955369
		*TM_ROW1 -0.478487	0.845885	-0.235646
		*TM_ROW2 0.876914	0.446408	-0.17816
		*TM_ROW3 -27.2982	-1.21534	117.966
		*TM_POS -27.2982	-1.21534	117.966
		*TM_ROTAXIS 0.347279	-0.932937	-0.0950097
		*TM_ROTANGLE 1.76083
		*TM_SCALE 1	1	1
		*TM_SCALEAXIS 0	0	0
		*TM_SCALEAXISANG 0	0	0
	}
	*TM_ANIMATION {
		*NODE_NAME  "Bip01 R Forearm"
		*CONTROL_POS_TRACK {
			*CONTROL_POS_SAMPLE 1	-27.9195	-2.33616	117.133
			*CONTROL_POS_SAMPLE 193	-28.2289	-1.86403	116.105
			*CONTROL_POS_SAMPLE 385	-30.1863	-1.31197	114.458
			*CONTROL_POS_SAMPLE 577	-32.6132	-1.16626	112.147
			*CONTROL_POS_SAMPLE 769	-35.8154	0.915996	111.501
			*CONTROL_POS_SAMPLE 961	-38.8461	4.64921	112.098
			*CONTROL_POS_SAMPLE 1153	-41.2707	8.48715	112.449
		}
		*CONTROL_ROT_TRACK {
			*CONTROL_ROT_SAMPLE 1	0.425722	-0.904811	0.00886201	1.78894
			*CONTROL_ROT_SAMPLE 193	0.497697	-0.861137	0.103637	1.84255
			*CONTROL_ROT_SAMPLE 385	0.562296	-0.805739	0.186032	1.91738
			*CONTROL_ROT_SAMPLE 577	0.533885	-0.82477	0.186337	1.90315
			*CONTROL_ROT_SAMPLE 769	0.505027	-0.842684	0.186633	1.88897
			*CONTROL_ROT_SAMPLE 961	0.475712	-0.859497	0.186986	1.87479
			*CONTROL_ROT_SAMPLE 1153	0.445867	-0.875323	0.187118	1.86048
		}
		*CONTROL_SCALE_TRACK {
			*CONTROL_SCALE_SAMPLE	1	1	1	1	0	0	0	0
		}
	}
}
*HELPEROBJECT {
	*NODE_NAME "Bip01 R Hand"
	*NODE_PARENT "Bip01 R Forearm"
	*NODE_TM {
		*NODE_NAME "Bip01 R Hand"
		*TM_ROW0 -0.0455115	-0.291885	-0.95537
		*TM_ROW1 0.87653	0.447088	-0.17835
		*TM_ROW2 0.479192	-0.845527	0.235499
		*TM_ROW3 -28.5642	-9.33445	91.391
		*TM_POS -28.5642	-9.33445	91.391
		*TM_ROTAXIS -0.33922	-0.72939	0.59407
		*TM_ROTANGLE 1.75327
		*TM_SCALE 1	1	1
		*TM_SCALEAXIS 0	0	0
		*TM_SCALEAXISANG 0	0	0
	}
	*TM_ANIMATION {
		*NODE_NAME  "Bip01 R Hand"
		*CONTROL_POS_TRACK {
			*CONTROL_POS_SAMPLE 1	-27.8073	-15.6113	92.6888
			*CONTROL_POS_SAMPLE 193	-26.9561	-19.7634	94.8506
			*CONTROL_POS_SAMPLE 385	-27.8531	-23.063	97.2765
			*CONTROL_POS_SAMPLE 577	-31.1748	-22.31	94.1317
			*CONTROL_POS_SAMPLE 769	-35.2038	-19.5569	92.6804
			*CONTROL_POS_SAMPLE 961	-38.9941	-15.0921	92.5025
			*CONTROL_POS_SAMPLE 1153	-42.1078	-10.4588	92.1
		}
		*CONTROL_ROT_TRACK {
			*CONTROL_ROT_SAMPLE 1	-0.282182	-0.671967	0.684715	1.65301
			*CONTROL_ROT_SAMPLE 193	-0.208314	-0.604309	0.769035	1.56831
			*CONTROL_ROT_SAMPLE 385	-0.118245	-0.526524	0.841897	1.49983
			*CONTROL_ROT_SAMPLE 577	-0.123427	-0.504445	0.854576	1.50799
			*CONTROL_ROT_SAMPLE 769	-0.127741	-0.481951	0.866836	1.5169
			*CONTROL_ROT_SAMPLE 961	-0.131211	-0.45912	0.878631	1.5268
			*CONTROL_ROT_SAMPLE 1153	-0.134108	-0.436285	0.889759	1.53768
		}
		*CONTROL_SCALE_TRACK {
			*CONTROL_SCALE_SAMPLE	1	1	1	1	0	0	0	0
		}
	}
}
*HELPEROBJECT {
	*NODE_NAME "Bip01 R Finger0"
	*NODE_PARENT "Bip01 R Hand"
	*NODE_TM {
		*NODE_NAME "Bip01 R Finger0"
		*TM_ROW0 -0.0455056	-0.291877	-0.955373
		*TM_ROW1 0.876914	0.446413	-0.178152
		*TM_ROW2 0.478489	-0.845886	0.235636
		*TM_ROW3 -29.1499	-13.0909	79.0956
		*TM_POS -29.1499	-13.0909	79.0956
		*TM_ROTAXIS -0.33952	-0.729071	0.594291
		*TM_ROTANGLE 1.75354
		*TM_SCALE 1	1	1
		*TM_SCALEAXIS 0	0	0
		*TM_SCALEAXISANG 0	0	0
	}
	*TM_ANIMATION {
		*NODE_NAME  "Bip01 R Finger0"
		*CONTROL_POS_TRACK {
			*CONTROL_POS_SAMPLE 1	-27.7563	-21.7523	81.3796
			*CONTROL_POS_SAMPLE 193	-26.368	-28.0438	85.017
			*CONTROL_POS_SAMPLE 385	-26.7745	-33.1256	89.3271
			*CONTROL_POS_SAMPLE 577	-30.1835	-32.5344	86.3809
			*CONTROL_POS_SAMPLE 769	-34.3136	-29.9467	85.1379
			*CONTROL_POS_SAMPLE 961	-38.2178	-25.6473	85.1804
			*CONTROL_POS_SAMPLE 1153	-41.4594	-21.175	85.0027
		}
		*CONTROL_ROT_TRACK {
			*CONTROL_ROT_SAMPLE 1	-0.282507	-0.671636	0.684904	1.65323
			*CONTROL_ROT_SAMPLE 193	-0.208683	-0.603965	0.769206	1.56847
			*CONTROL_ROT_SAMPLE 385	-0.118652	-0.526174	0.842058	1.49993
			*CONTROL_ROT_SAMPLE 577	-0.12383	-0.504091	0.854727	1.50808
			*CONTROL_ROT_SAMPLE 769	-0.12814	-0.481593	0.866976	1.517
			*CONTROL_ROT_SAMPLE 961	-0.131606	-0.458758	0.878761	1.5269
			*CONTROL_ROT_SAMPLE 1153	-0.134498	-0.43592	0.889879	1.53778
		}
		*CONTROL_SCALE_TRACK {
			*CONTROL_SCALE_SAMPLE	1	1	1	1	0	0	0	0
		}
	}
}
*HELPEROBJECT {
	*NODE_NAME "ZS_RIGHTHAND"
	*NODE_PARENT "Bip01 R Hand"
	*NODE_TM {
		*NODE_NAME "ZS_RIGHTHAND"
		*TM_ROW0 -0.464344	0.856417	-0.225687
		*TM_ROW1 0.177861	0.339806	0.923525
		*TM_ROW2 0.867612	0.388692	-0.31011
		*TM_ROW3 -20.9389	-19.9852	85.8932
		*TM_POS -20.9389	-19.9852	85.8932
		*TM_ROTAXIS 0.383811	0.784581	0.486951
		*TM_ROTANGLE 3.91244
		*TM_SCALE 1	1	1
		*TM_SCALEAXIS 0	0	0
		*TM_SCALEAXISANG 0	0	0
	}
}
*HELPEROBJECT {
	*NODE_NAME "ZS_CROSSBOW"
	*NODE_PARENT "Bip01 Spine2"
	*NODE_TM {
		*NODE_NAME "ZS_CROSSBOW"
		*TM_ROW0 -0.382687	-0.111464	0.91713
		*TM_ROW1 -0.923878	0.0461715	-0.379891
		*TM_ROW2 -1.2517e-006	-0.992695	-0.120648
		*TM_ROW3 -14.434	10.5915	165.98
		*TM_POS -14.434	10.5915	165.98
		*TM_ROTAXIS -0.447329	0.669479	-0.593039
		*TM_ROTANGLE 2.38705
		*TM_SCALE 1	1	1
		*TM_SCALEAXIS 0	0	0
		*TM_SCALEAXISANG 0	0	0
	}
}
*HELPEROBJECT {
	*NODE_NAME "ZS_LONGSWORD"
	*NODE_PARENT "Bip01 Spine2"
	*NODE_TM {
		*NODE_NAME "ZS_LONGSWORD"
		*TM_ROW0 -0.499829	-0.0915011	0.861277
		*TM_ROW1 -0.865729	0.0828188	-0.493614
		*TM_ROW2 -0.0261636	-0.992355	-0.12061
		*TM_ROW3 -18.1593	6.92629	157.64
		*TM_POS -18.1593	6.92629	157.64
		*TM_ROTAXIS -0.38996	0.69388	-0.60536
		*TM_ROTANGLE 2.44778
		*TM_SCALE 1	1	1
		*TM_SCALEAXIS 0	0	0
		*TM_SCALEAXISANG 0	0	0
	}
}
*HELPEROBJECT {
	*NODE_NAME "ZS_SHIELD"
	*NODE_PARENT "Bip01 Spine2"
	*NODE_TM {
		*NODE_NAME "ZS_SHIELD"
		*TM_ROW0 -0.0138681	0.114196	-0.993362
		*TM_ROW1 -0.908393	0.413755	0.0602465
		*TM_ROW2 0.417888	0.903198	0.0979964
		*TM_ROW3 8.76511	9.5282	131.875
		*TM_POS 8.76511	9.5282	131.875
		*TM_ROTAXIS 0.435421	-0.728972	-0.528212
		*TM_ROTANGLE 1.82457
		*TM_SCALE 1	1	1
		*TM_SCALEAXIS 0	0	0
		*TM_SCALEAXISANG 0	0	0
	}
}
*HELPEROBJECT {
	*NODE_NAME "ZS_BOW"
	*NODE_PARENT "Bip01 Spine2"
	*NODE_TM {
		*NODE_NAME "ZS_BOW"
		*TM_ROW0 -0.341816	-0.0868229	0.935748
		*TM_ROW1 0.0119438	0.995242	0.0967059
		*TM_ROW2 -0.939691	0.044232	-0.339153
		*TM_ROW3 0.5012	12.4143	124.55
		*TM_POS 0.5012	12.4143	124.55
		*TM_ROTAXIS -0.0279299	0.998227	0.0525698
		*TM_ROTANGLE 1.92076
		*TM_SCALE 1	1	1
		*TM_SCALEAXIS 0	0	0
		*TM_SCALEAXISANG 0	0	0
	}
}
*HELPEROBJECT {
	*NODE_NAME "ZS_SWORD"
	*NODE_PARENT "Bip01 Spine"
	*NODE_TM {
		*NODE_NAME "ZS_SWORD"
		*TM_ROW0 5.79282e-007	-0.347172	0.937802
		*TM_ROW1 1.04309e-007	0.937802	0.347172
		*TM_ROW2 -1	-1.04308e-007	5.79283e-007
		*TM_ROW3 17.5015	-4.36211	106.367
		*TM_POS 17.5015	-4.36211	106.367
		*TM_ROTAXIS -0.17367	0.96937	0.17367
		*TM_ROTANGLE 1.6019
		*TM_SCALE 1	1	1
		*TM_SCALEAXIS 0	0	0
		*TM_SCALEAXISANG 0	0	0
	}
}
*HELPEROBJECT {
	*NODE_NAME "Bip01 L Thigh"
	*NODE_PARENT "Bip01 Pelvis"
	*NODE_TM {
		*NODE_NAME "Bip01 L Thigh"
		*TM_ROW0 0.0534878	-0.0367886	-0.997891
		*TM_ROW1 -0.00216181	-0.999323	0.0367256
		*TM_ROW2 -0.998566	0.000192882	-0.0535313
		*TM_ROW3 9.01023	-8.01129	99.9496
		*TM_POS 9.01023	-8.01129	99.9496
		*TM_ROTAXIS 0.72572	-0.01342	-0.68786
		*TM_ROTANGLE 3.16677
		*TM_SCALE 1	1	1
		*TM_SCALEAXIS 0	0	0
		*TM_SCALEAXISANG 0	0	0
	}
	*TM_ANIMATION {
		*NODE_NAME  "Bip01 L Thigh"
		*CONTROL_POS_TRACK {
			*CONTROL_POS_SAMPLE 1	10.0738	-4.25077	96.4412
			*CONTROL_POS_SAMPLE 193	11.2805	-0.39644	95.1684
			*CONTROL_POS_SAMPLE 385	11.0003	2.59975	93.8939
			*CONTROL_POS_SAMPLE 577	8.65251	4.22483	92.62
			*CONTROL_POS_SAMPLE 769	5.08549	4.42686	91.345
			*CONTROL_POS_SAMPLE 961	0.874935	3.71516	90.0694
			*CONTROL_POS_SAMPLE 1153	-3.21461	3.0828	88.7953
		}
		*CONTROL_ROT_TRACK {
			*CONTROL_ROT_SAMPLE 1	0.720449	-0.0661475	-0.690346	3.27225
			*CONTROL_ROT_SAMPLE 193	0.713433	-0.106405	-0.692598	3.35333
			*CONTROL_ROT_SAMPLE 385	0.712002	-0.137202	-0.688643	3.41269
			*CONTROL_ROT_SAMPLE 577	0.720247	-0.159498	-0.675133	3.45225
			*CONTROL_ROT_SAMPLE 769	0.734417	-0.172844	-0.656321	3.47422
			*CONTROL_ROT_SAMPLE 961	0.752261	-0.178887	-0.634116	3.48227
			*CONTROL_ROT_SAMPLE 1153	0.769616	-0.182312	-0.611926	3.48647
		}
		*CONTROL_SCALE_TRACK {
			*CONTROL_SCALE_SAMPLE	1	1	1	1	0	0	0	0
		}
	}
}
*HELPEROBJECT {
	*NODE_NAME "Bip01 L Calf"
	*NODE_PARENT "Bip01 L Thigh"
	*NODE_TM {
		*NODE_NAME "Bip01 L Calf"
		*TM_ROW0 0.0525131	0.197552	-0.978885
		*TM_ROW1 0.0103904	-0.980292	-0.197278
		*TM_ROW2 -0.998566	0.000188708	-0.0535307
		*TM_ROW3 11.1149	-9.45845	60.6877
		*TM_POS 11.1149	-9.45845	60.6877
		*TM_ROTAXIS 0.723901	0.0721501	-0.686121
		*TM_ROTANGLE 3.00478
		*TM_SCALE 1	1	1
		*TM_SCALEAXIS 0	0	0
		*TM_SCALEAXISANG 0	0	0
	}
	*TM_ANIMATION {
		*NODE_NAME  "Bip01 L Calf"
		*CONTROL_POS_TRACK {
			*CONTROL_POS_SAMPLE 1	11.8009	-11.8135	56.2656
			*CONTROL_POS_SAMPLE 193	12.4653	-12.4944	56.0981
			*CONTROL_POS_SAMPLE 385	12.3064	-12.7937	56.0048
			*CONTROL_POS_SAMPLE 577	11.1301	-13.3957	55.774
			*CONTROL_POS_SAMPLE 769	9.34163	-14.4446	55.289
			*CONTROL_POS_SAMPLE 961	7.2898	-15.6494	54.5991
			*CONTROL_POS_SAMPLE 1153	5.32316	-16.5255	53.9112
		}
		*CONTROL_ROT_TRACK {
			*CONTROL_ROT_SAMPLE 1	0.718381	0.0972169	-0.688823	2.95976
			*CONTROL_ROT_SAMPLE 193	0.713289	0.10267	-0.693309	2.94853
			*CONTROL_ROT_SAMPLE 385	0.714167	0.10568	-0.691952	2.94473
			*CONTROL_ROT_SAMPLE 577	0.723563	0.113818	-0.68081	2.94197
			*CONTROL_ROT_SAMPLE 769	0.736887	0.128224	-0.663744	2.93756
			*CONTROL_ROT_SAMPLE 961	0.752165	0.145571	-0.642695	2.93521
			*CONTROL_ROT_SAMPLE 1153	0.766593	0.160281	-0.621808	2.93977
		}
		*CONTROL_SCALE_TRACK {
			*CONTROL_SCALE_SAMPLE	1	1	1	1	0	0	0	0
		}
	}
}
*HELPEROBJECT {
	*NODE_NAME "Bip01 L Foot"
	*NODE_PARENT "Bip01 L Calf"
	*NODE_TM {
		*NODE_NAME "Bip01 L Foot"
		*TM_ROW0 -5.93318e-007	7.27489e-006	-1
		*TM_ROW1 0.173652	-0.984807	-7.26412e-006
		*TM_ROW2 -0.984807	-0.173652	-5.97767e-007
		*TM_ROW3 13.6935	0.240668	12.6267
		*TM_POS 13.6935	0.240668	12.6267
		*TM_ROTAXIS 0.705757	0.0617498	-0.705757
		*TM_ROTANGLE 3.26493
		*TM_SCALE 1	1	1
		*TM_SCALEAXIS 0	0	0
		*TM_SCALEAXISANG 0	0	0
	}
}
*HELPEROBJECT {
	*NODE_NAME "Bip01 L Toe0"
	*NODE_PARENT "Bip01 L Foot"
	*NODE_TM {
		*NODE_NAME "Bip01 L Toe0"
		*TM_ROW0 0.173646	-0.984808	5.05914e-006
		*TM_ROW1 5.06367e-006	5.91264e-006	1
		*TM_ROW2 -0.984808	-0.173646	5.92894e-006
		*TM_ROW3 17.6256	-22.0591	5.26591e-006
		*TM_POS 17.6256	-22.0591	5.26591e-006
		*TM_ROTAXIS -0.644398	0.540718	0.540718
		*TM_ROTANGLE 1.99673
		*TM_SCALE 1	1	1
		*TM_SCALEAXIS 0	0	0
		*TM_SCALEAXISANG 0	0	0
	}
}
*HELPEROBJECT {
	*NODE_NAME "Bip01 R Thigh"
	*NODE_PARENT "Bip01 Pelvis"
	*NODE_TM {
		*NODE_NAME "Bip01 R Thigh"
		*TM_ROW0 -0.0535034	-0.0367749	-0.99789
		*TM_ROW1 0.00205776	-0.999324	0.0367174
		*TM_ROW2 -0.998566	-8.89041e-005	0.0535432
		*TM_ROW3 -9.01021	-8.01132	99.9496
		*TM_POS -9.01021	-8.01132	99.9496
		*TM_ROTAXIS 0.687862	-0.01262	-0.725732
		*TM_ROTANGLE 3.16835
		*TM_SCALE 1	1	1
		*TM_SCALEAXIS 0	0	0
		*TM_SCALEAXISANG 0	0	0
	}
	*TM_ANIMATION {
		*NODE_NAME  "Bip01 R Thigh"
		*CONTROL_POS_TRACK {
			*CONTROL_POS_SAMPLE 1	-7.93714	-3.71271	96.4398
			*CONTROL_POS_SAMPLE 193	-6.70621	0.681067	95.167
			*CONTROL_POS_SAMPLE 385	-6.94617	4.21449	93.8926
			*CONTROL_POS_SAMPLE 577	-9.23887	6.37595	92.6187
			*CONTROL_POS_SAMPLE 769	-12.7329	7.11125	91.3437
			*CONTROL_POS_SAMPLE 961	-16.8549	6.93268	90.0681
			*CONTROL_POS_SAMPLE 1153	-20.8404	6.82838	88.794
		}
		*CONTROL_ROT_TRACK {
			*CONTROL_ROT_SAMPLE 1	0.678926	-0.0753512	-0.730329	3.25715
			*CONTROL_ROT_SAMPLE 193	0.668308	-0.125897	-0.733154	3.31985
			*CONTROL_ROT_SAMPLE 385	0.634343	-0.136518	-0.760902	3.32182
			*CONTROL_ROT_SAMPLE 577	0.60871	-0.142891	-0.780419	3.31048
			*CONTROL_ROT_SAMPLE 769	0.587738	-0.144666	-0.796013	3.28489
			*CONTROL_ROT_SAMPLE 961	0.585246	-0.183018	-0.789932	3.29301
			*CONTROL_ROT_SAMPLE 1153	0.580846	-0.217202	-0.784501	3.29242
		}
		*CONTROL_SCALE_TRACK {
			*CONTROL_SCALE_SAMPLE	1	1	1	1	0	0	0	0
		}
	}
}
*HELPEROBJECT {
	*NODE_NAME "Bip01 R Calf"
	*NODE_PARENT "Bip01 R Thigh"
	*NODE_TM {
		*NODE_NAME "Bip01 R Calf"
		*TM_ROW0 -0.0525025	0.197539	-0.978888
		*TM_ROW1 -0.0104967	-0.980295	-0.19726
		*TM_ROW2 -0.998566	-8.16064e-005	0.0535415
		*TM_ROW3 -11.1154	-9.45856	60.6878
		*TM_POS -11.1154	-9.45856	60.6878
		*TM_ROTAXIS 0.686298	0.0684898	-0.724088
		*TM_ROTANGLE 2.99744
		*TM_SCALE 1	1	1
		*TM_SCALEAXIS 0	0	0
		*TM_SCALEAXISANG 0	0	0
	}
	*TM_ANIMATION {
		*NODE_NAME  "Bip01 R Calf"
		*CONTROL_POS_TRACK {
			*CONTROL_POS_SAMPLE 1	-10.9857	-11.3302	56.3533
			*CONTROL_POS_SAMPLE 193	-10.7138	-11.4686	56.3009
			*CONTROL_POS_SAMPLE 385	-14.5372	-8.39537	55.7138
			*CONTROL_POS_SAMPLE 577	-19.4677	-6.05876	55.0022
			*CONTROL_POS_SAMPLE 769	-25.106	-4.46155	54.0978
			*CONTROL_POS_SAMPLE 961	-29.4339	-6.65726	53.5802
			*CONTROL_POS_SAMPLE 1153	-33.8393	-8.25984	53.0497
		}
		*CONTROL_ROT_TRACK {
			*CONTROL_ROT_SAMPLE 1	0.68145	0.0757941	-0.72793	2.93382
			*CONTROL_ROT_SAMPLE 193	0.678987	0.0641899	-0.731339	2.90788
			*CONTROL_ROT_SAMPLE 385	0.649828	0.0510933	-0.758362	2.87925
			*CONTROL_ROT_SAMPLE 577	0.62858	0.0440028	-0.776499	2.8413
			*CONTROL_ROT_SAMPLE 769	0.611659	0.0423499	-0.789987	2.791
			*CONTROL_ROT_SAMPLE 961	0.624959	0.0455559	-0.779327	2.70049
			*CONTROL_ROT_SAMPLE 1153	0.638354	0.0465417	-0.768334	2.61951
		}
		*CONTROL_SCALE_TRACK {
			*CONTROL_SCALE_SAMPLE	1	1	1	1	0	0	0	0
		}
	}
}
*HELPEROBJECT {
	*NODE_NAME "Bip01 R Foot"
	*NODE_PARENT "Bip01 R Calf"
	*NODE_TM {
		*NODE_NAME "Bip01 R Foot"
		*TM_ROW0 -5.86373e-007	-7.29557e-006	-1
		*TM_ROW1 -0.173652	-0.984807	7.26572e-006
		*TM_ROW2 -0.984807	0.173652	-5.93781e-007
		*TM_ROW3 -13.6935	0.24065	12.6267
		*TM_POS -13.6935	0.24065	12.6267
		*TM_ROTAXIS 0.705757	-0.0617498	-0.705757
		*TM_ROTANGLE 3.01826
		*TM_SCALE 1	1	1
		*TM_SCALEAXIS 0	0	0
		*TM_SCALEAXISANG 0	0	0
	}
	*TM_ANIMATION {
		*NODE_NAME  "Bip01 R Foot"
		*CONTROL_POS_TRACK {
			*CONTROL_POS_SAMPLE 1	-13.6697	0.0128654	12.9441
			*CONTROL_POS_SAMPLE 193	-13.5581	0.00962744	12.9375
			*CONTROL_POS_SAMPLE 385	-20.6348	3.3789	12.7672
			*CONTROL_POS_SAMPLE 577	-27.6783	6.69604	12.691
			*CONTROL_POS_SAMPLE 769	-34.7085	9.99245	12.6358
			*CONTROL_POS_SAMPLE 961	-36.6486	10.7357	12.7677
			*CONTROL_POS_SAMPLE 1153	-38.6055	11.4555	12.9396
		}
		*CONTROL_ROT_TRACK {
			*CONTROL_ROT_SAMPLE 1	0.705253	-0.0618004	-0.706257	3.01821
			*CONTROL_ROT_SAMPLE 193	0.705739	-0.0617261	-0.705778	3.01816
			*CONTROL_ROT_SAMPLE 385	0.666427	-0.0711518	-0.742168	2.97298
			*CONTROL_ROT_SAMPLE 577	0.62525	-0.0790461	-0.776411	2.92496
			*CONTROL_ROT_SAMPLE 769	0.58224	-0.0864508	-0.808408	2.87693
			*CONTROL_ROT_SAMPLE 961	0.644661	-0.0987775	-0.75806	2.89928
			*CONTROL_ROT_SAMPLE 1153	0.702685	-0.110052	-0.702938	2.9222
		}
		*CONTROL_SCALE_TRACK {
			*CONTROL_SCALE_SAMPLE	1	1	1	1	0	0	0	0
		}
	}
}
*HELPEROBJECT {
	*NODE_NAME "Bip01 R Toe0"
	*NODE_PARENT "Bip01 R Foot"
	*NODE_TM {
		*NODE_NAME "Bip01 R Toe0"
		*TM_ROW0 -0.173651	-0.984807	3.52553e-006
		*TM_ROW1 3.507e-006	3.07854e-006	1
		*TM_ROW2 -0.984807	0.173651	3.0421e-006
		*TM_ROW3 -17.6255	-22.0592	2.91014e-005
		*TM_POS -17.6255	-22.0592	2.91014e-005
		*TM_ROTAXIS -0.510271	0.608121	0.608121
		*TM_ROTANGLE 2.19793
		*TM_SCALE 1	1	1
		*TM_SCALEAXIS 0	0	0
		*TM_SCALEAXISANG 0	0	0
	}
	*TM_ANIMATION {
		*NODE_NAME  "Bip01 R Toe0"
		*CONTROL_POS_TRACK {
			*CONTROL_POS_SAMPLE 1	-17.6211	-22.2847	0.321942
			*CONTROL_POS_SAMPLE 193	-17.4907	-22.2879	0.3094
			*CONTROL_POS_SAMPLE 385	-26.8977	-18.3317	0.0573776
			*CONTROL_POS_SAMPLE 577	-36.2435	-14.2644	0.0644094
			*CONTROL_POS_SAMPLE 769	-45.5104	-10.1086	0.331872
			*CONTROL_POS_SAMPLE 961	-45.5236	-10.0986	0.146733
			*CONTROL_POS_SAMPLE 1153	-45.5325	-10.1009	0.311996
		}
		*CONTROL_ROT_TRACK {
			*CONTROL_ROT_SAMPLE 1	0.509944	-0.607856	-0.608661	4.08597
			*CONTROL_ROT_SAMPLE 193	0.510283	-0.608056	-0.608177	4.08517
			*CONTROL_ROT_SAMPLE 385	0.473326	-0.586434	-0.657311	4.10517
			*CONTROL_ROT_SAMPLE 577	0.434844	-0.560663	-0.704676	4.11864
			*CONTROL_ROT_SAMPLE 769	0.394515	-0.532059	-0.74918	4.12768
			*CONTROL_ROT_SAMPLE 961	0.428274	-0.583222	-0.690242	4.06755
			*CONTROL_ROT_SAMPLE 1153	0.45822	-0.628357	-0.628651	4.00107
		}
		*CONTROL_SCALE_TRACK {
			*CONTROL_SCALE_SAMPLE	1	1	1	1	0	0	0	0
		}
	}
}
