*3DSMAX_ASCIIEXPORT	110
*COMMENT "[ GothicSourcer v3.14 ] - June 2007"
*SCENE {
	*SCENE_FILENAME "HUM_DRINKMUNDWISCH_JUE00_FR30.MAX"
	*SCENE_FIRSTFRAME 1
	*SCENE_LASTFRAME 29
	*SCENE_FRAMESPEED 25
	*SCENE_TICKSPERFRAME 192
	*SCENE_BACKGROUND_STATIC 0	0	0
	*SCENE_AMBIENT_STATIC 0.2	0.2	0.2
}
*HELPEROBJECT {
	*NODE_NAME "Bip01"
	*NODE_TM {
		*NODE_NAME "Bip01"
		*TM_ROW0 6.27438e-006	-1	0
		*TM_ROW1 1	6.27438e-006	0
		*TM_ROW2 -0	-0	1
		*TM_ROW3 0	-7.37745	99.9496
		*TM_POS 0	-7.37745	99.9496
		*TM_ROTAXIS 0	0	1
		*TM_ROTANGLE 1.57079
		*TM_SCALE 1	1	1
		*TM_SCALEAXIS 0	0	0
		*TM_SCALEAXISANG 0	0	0
	}
}
*HELPEROBJECT {
	*NODE_NAME "Bip01 Pelvis"
	*NODE_PARENT "Bip01"
	*NODE_TM {
		*NODE_NAME "Bip01 Pelvis"
		*TM_ROW0 -5.96046e-008	1.79264e-006	1
		*TM_ROW1 -1.79264e-006	-1	1.79264e-006
		*TM_ROW2 1	-1.79264e-006	-5.96046e-008
		*TM_ROW3 1e-005	-8.0113	99.9496
		*TM_POS 1e-005	-8.0113	99.9496
		*TM_ROTAXIS 0.707107	0	0.707107
		*TM_ROTANGLE 3.1416
		*TM_SCALE 1	1	1
		*TM_SCALEAXIS 0	0	0
		*TM_SCALEAXISANG 0	0	0
	}
}
*HELPEROBJECT {
	*NODE_NAME "Bip01 Spine"
	*NODE_PARENT "Bip01 Pelvis"
	*NODE_TM {
		*NODE_NAME "Bip01 Spine"
		*TM_ROW0 5.96047e-008	-0.0205947	0.999788
		*TM_ROW1 5.48642e-006	-0.999788	-0.0205947
		*TM_ROW2 1	5.48642e-006	5.96047e-008
		*TM_ROW3 1e-005	-7.92216	102.35
		*TM_POS 1e-005	-7.92216	102.35
		*TM_ROTAXIS 0.707088	-0.00727998	0.707088
		*TM_ROTANGLE 3.12703
		*TM_SCALE 1	1	1
		*TM_SCALEAXIS 0	0	0
		*TM_SCALEAXISANG 0	0	0
	}
}
*HELPEROBJECT {
	*NODE_NAME "Bip01 Spine1"
	*NODE_PARENT "Bip01 Spine"
	*NODE_TM {
		*NODE_NAME "Bip01 Spine1"
		*TM_ROW0 5.96047e-008	-0.00276992	0.999996
		*TM_ROW1 -1.92621e-006	-0.999996	-0.00276991
		*TM_ROW2 1	-1.92621e-006	5.96047e-008
		*TM_ROW3 1e-005	-8.11442	112.175
		*TM_POS 1e-005	-8.11442	112.175
		*TM_ROTAXIS 0.707106	-0.000979995	0.707107
		*TM_ROTANGLE 3.13964
		*TM_SCALE 1	1	1
		*TM_SCALEAXIS 0	0	0
		*TM_SCALEAXISANG 0	0	0
	}
}
*HELPEROBJECT {
	*NODE_NAME "Bip01 Spine2"
	*NODE_PARENT "Bip01 Spine1"
	*NODE_TM {
		*NODE_NAME "Bip01 Spine2"
		*TM_ROW0 5.96048e-008	0.180243	0.983622
		*TM_ROW1 1.67638e-006	-0.983622	0.180243
		*TM_ROW2 1	1.67638e-006	5.96047e-008
		*TM_ROW3 1e-005	-8.1264	124.961
		*TM_POS 1e-005	-8.1264	124.961
		*TM_ROTAXIS 0.705652	0.0641202	0.705652
		*TM_ROTANGLE 3.26966
		*TM_SCALE 1	1	1
		*TM_SCALEAXIS 0	0	0
		*TM_SCALEAXISANG 0	0	0
	}
}
*HELPEROBJECT {
	*NODE_NAME "Bip01 Neck"
	*NODE_PARENT "Bip01 Spine2"
	*NODE_TM {
		*NODE_NAME "Bip01 Neck"
		*TM_ROW0 5.96046e-007	-0.167043	0.98595
		*TM_ROW1 4.70132e-006	-0.98595	-0.167043
		*TM_ROW2 1	4.70132e-006	5.96047e-007
		*TM_ROW3 1.03264e-011	-2.71656	154.454
		*TM_POS 1.03264e-011	-2.71656	154.454
		*TM_ROTAXIS -0.70586	0.05937	-0.705859
		*TM_ROTANGLE 3.2602
		*TM_SCALE 1	1	1
		*TM_SCALEAXIS 0	0	0
		*TM_SCALEAXISANG 0	0	0
	}
	*TM_ANIMATION {
		*NODE_NAME  "Bip01 Neck"
		*CONTROL_POS_TRACK {
			*CONTROL_POS_SAMPLE 1	-0.000338359	-2.71624	154.454
			*CONTROL_POS_SAMPLE 193	-0.000338359	-2.71624	154.454
			*CONTROL_POS_SAMPLE 385	-0.000338359	-2.71624	154.454
			*CONTROL_POS_SAMPLE 577	-0.000338359	-2.71624	154.454
			*CONTROL_POS_SAMPLE 769	-0.000338359	-2.71624	154.454
			*CONTROL_POS_SAMPLE 961	-0.000338359	-2.71624	154.454
			*CONTROL_POS_SAMPLE 1153	-0.000338359	-2.71624	154.454
			*CONTROL_POS_SAMPLE 1345	-0.000338359	-2.71624	154.454
			*CONTROL_POS_SAMPLE 1537	-0.000338359	-2.71624	154.454
			*CONTROL_POS_SAMPLE 1729	-0.000338359	-2.71624	154.454
			*CONTROL_POS_SAMPLE 1921	-0.000338359	-2.71624	154.454
			*CONTROL_POS_SAMPLE 2113	-0.000338359	-2.71624	154.454
			*CONTROL_POS_SAMPLE 2305	-0.000338359	-2.71624	154.454
			*CONTROL_POS_SAMPLE 2497	-0.000338359	-2.71624	154.454
			*CONTROL_POS_SAMPLE 2689	-0.000338359	-2.71624	154.454
			*CONTROL_POS_SAMPLE 2881	-0.000338359	-2.71624	154.454
			*CONTROL_POS_SAMPLE 3073	-0.000338359	-2.71624	154.454
			*CONTROL_POS_SAMPLE 3265	-0.000338359	-2.71624	154.454
			*CONTROL_POS_SAMPLE 3457	-0.000338359	-2.71624	154.454
			*CONTROL_POS_SAMPLE 3649	-0.000338359	-2.71624	154.454
			*CONTROL_POS_SAMPLE 3841	-0.000338359	-2.71624	154.454
			*CONTROL_POS_SAMPLE 4033	-0.000338359	-2.71624	154.454
			*CONTROL_POS_SAMPLE 4225	-0.000338359	-2.71624	154.454
			*CONTROL_POS_SAMPLE 4417	-0.000338359	-2.71624	154.454
			*CONTROL_POS_SAMPLE 4609	-0.000338359	-2.71624	154.454
			*CONTROL_POS_SAMPLE 4801	-0.000338359	-2.71624	154.454
			*CONTROL_POS_SAMPLE 4993	-0.000338359	-2.71624	154.454
			*CONTROL_POS_SAMPLE 5185	-0.000338359	-2.71624	154.454
			*CONTROL_POS_SAMPLE 5377	-0.000338359	-2.71624	154.454
		}
		*CONTROL_ROT_TRACK {
			*CONTROL_ROT_SAMPLE 1	0.705904	-0.0593744	0.705814	3.023
			*CONTROL_ROT_SAMPLE 193	0.705904	-0.0593744	0.705814	3.023
			*CONTROL_ROT_SAMPLE 385	0.706226	-0.059358	0.705494	3.02296
			*CONTROL_ROT_SAMPLE 577	0.706472	-0.0593348	0.70525	3.02292
			*CONTROL_ROT_SAMPLE 769	0.706718	-0.0593116	0.705005	3.02287
			*CONTROL_ROT_SAMPLE 961	0.706963	-0.0592884	0.704761	3.02282
			*CONTROL_ROT_SAMPLE 1153	0.706963	-0.0592884	0.704761	3.02282
			*CONTROL_ROT_SAMPLE 1345	0.707377	-0.0592578	0.704348	3.02276
			*CONTROL_ROT_SAMPLE 1537	0.707377	-0.0592578	0.704348	3.02276
			*CONTROL_ROT_SAMPLE 1729	0.707515	-0.0592475	0.70421	3.02274
			*CONTROL_ROT_SAMPLE 1921	0.707515	-0.0592475	0.70421	3.02274
			*CONTROL_ROT_SAMPLE 2113	0.707515	-0.0592475	0.70421	3.02274
			*CONTROL_ROT_SAMPLE 2305	0.707008	-0.0592925	0.704715	3.02283
			*CONTROL_ROT_SAMPLE 2497	0.705928	-0.0593692	0.705791	3.02299
			*CONTROL_ROT_SAMPLE 2689	-0.704846	0.0594458	-0.706865	3.26005
			*CONTROL_ROT_SAMPLE 2881	-0.703762	0.0595222	-0.707938	3.25989
			*CONTROL_ROT_SAMPLE 3073	-0.6996	0.0598685	-0.712022	3.25917
			*CONTROL_ROT_SAMPLE 3265	-0.695414	0.0602127	-0.716082	3.25844
			*CONTROL_ROT_SAMPLE 3457	-0.6938	0.060337	-0.717636	3.25817
			*CONTROL_ROT_SAMPLE 3649	-0.692182	0.0604611	-0.719186	3.2579
			*CONTROL_ROT_SAMPLE 3841	-0.69056	0.0605848	-0.720733	3.25763
			*CONTROL_ROT_SAMPLE 4033	-0.691618	0.0605064	-0.719724	3.25783
			*CONTROL_ROT_SAMPLE 4225	-0.692675	0.0604278	-0.718714	3.25803
			*CONTROL_ROT_SAMPLE 4417	-0.694511	0.0602783	-0.716953	3.25832
			*CONTROL_ROT_SAMPLE 4609	-0.696342	0.0601283	-0.715187	3.25861
			*CONTROL_ROT_SAMPLE 4801	-0.698169	0.059978	-0.713416	3.2589
			*CONTROL_ROT_SAMPLE 4993	-0.700227	0.0598088	-0.71141	3.25923
			*CONTROL_ROT_SAMPLE 5185	-0.70228	0.059639	-0.709398	3.25957
			*CONTROL_ROT_SAMPLE 5377	-0.704327	0.0594688	-0.70738	3.2599
		}
		*CONTROL_SCALE_TRACK {
			*CONTROL_SCALE_SAMPLE	1	1	1	1	0	0	0	0
		}
	}
}
*HELPEROBJECT {
	*NODE_NAME "Bip01 Head"
	*NODE_PARENT "Bip01 Neck"
	*NODE_TM {
		*NODE_NAME "Bip01 Head"
		*TM_ROW0 -5.96047e-008	1.76447e-006	1
		*TM_ROW1 -1.79264e-006	-1	1.80855e-006
		*TM_ROW2 1	-1.79264e-006	-5.96046e-008
		*TM_ROW3 2.27758e-011	-3.85901	161.198
		*TM_POS 2.27758e-011	-3.85901	161.198
		*TM_ROTAXIS -0.707107	-5.62215e-009	-0.707107
		*TM_ROTANGLE 3.14159
		*TM_SCALE 1	1	1
		*TM_SCALEAXIS 0	0	0
		*TM_SCALEAXISANG 0	0	0
	}
	*TM_ANIMATION {
		*NODE_NAME  "Bip01 Head"
		*CONTROL_POS_TRACK {
			*CONTROL_POS_SAMPLE 1	0.000179096	-3.8583	161.197
			*CONTROL_POS_SAMPLE 193	0.000179096	-3.8583	161.197
			*CONTROL_POS_SAMPLE 385	0.00637429	-3.8583	161.197
			*CONTROL_POS_SAMPLE 577	0.0111307	-3.8583	161.197
			*CONTROL_POS_SAMPLE 769	0.015887	-3.8583	161.197
			*CONTROL_POS_SAMPLE 961	0.0206434	-3.85829	161.197
			*CONTROL_POS_SAMPLE 1153	0.0206434	-3.85829	161.197
			*CONTROL_POS_SAMPLE 1345	0.0286412	-3.85829	161.197
			*CONTROL_POS_SAMPLE 1537	0.0286412	-3.85829	161.197
			*CONTROL_POS_SAMPLE 1729	0.0313071	-3.85829	161.197
			*CONTROL_POS_SAMPLE 1921	0.0313071	-3.85829	161.197
			*CONTROL_POS_SAMPLE 2113	0.0313071	-3.85829	161.197
			*CONTROL_POS_SAMPLE 2305	0.0215067	-3.85829	161.197
			*CONTROL_POS_SAMPLE 2497	0.000636088	-3.8583	161.197
			*CONTROL_POS_SAMPLE 2689	-0.0202345	-3.8583	161.197
			*CONTROL_POS_SAMPLE 2881	-0.0411049	-3.85829	161.197
			*CONTROL_POS_SAMPLE 3073	-0.121017	-3.85803	161.196
			*CONTROL_POS_SAMPLE 3265	-0.200913	-3.85762	161.194
			*CONTROL_POS_SAMPLE 3457	-0.2316	-3.85741	161.193
			*CONTROL_POS_SAMPLE 3649	-0.262281	-3.85718	161.192
			*CONTROL_POS_SAMPLE 3841	-0.292957	-3.85692	161.191
			*CONTROL_POS_SAMPLE 4033	-0.272938	-3.85721	161.192
			*CONTROL_POS_SAMPLE 4225	-0.252916	-3.85749	161.192
			*CONTROL_POS_SAMPLE 4417	-0.218081	-3.8576	161.193
			*CONTROL_POS_SAMPLE 4609	-0.18324	-3.85768	161.194
			*CONTROL_POS_SAMPLE 4801	-0.148394	-3.85773	161.195
			*CONTROL_POS_SAMPLE 4993	-0.10902	-3.8578	161.196
			*CONTROL_POS_SAMPLE 5185	-0.0696425	-3.85783	161.197
			*CONTROL_POS_SAMPLE 5377	-0.0302624	-3.85782	161.197
		}
		*CONTROL_ROT_TRACK {
			*CONTROL_ROT_SAMPLE 1	-0.701782	-0.0167997	-0.712193	3.11115
			*CONTROL_ROT_SAMPLE 193	-0.696084	-0.0171306	-0.717756	3.11055
			*CONTROL_ROT_SAMPLE 385	-0.690665	-0.0175097	-0.722963	3.11005
			*CONTROL_ROT_SAMPLE 577	-0.684867	-0.0173937	-0.72846	3.10814
			*CONTROL_ROT_SAMPLE 769	-0.679026	-0.0172764	-0.733911	3.10623
			*CONTROL_ROT_SAMPLE 961	-0.67314	-0.0171578	-0.739316	3.10432
			*CONTROL_ROT_SAMPLE 1153	-0.667062	-0.0171779	-0.744805	3.10289
			*CONTROL_ROT_SAMPLE 1345	-0.661368	-0.0172692	-0.749862	3.10161
			*CONTROL_ROT_SAMPLE 1537	-0.655771	-0.0182702	-0.754739	3.103
			*CONTROL_ROT_SAMPLE 1729	-0.650282	-0.0192937	-0.759448	3.10445
			*CONTROL_ROT_SAMPLE 1921	-0.644612	-0.0202923	-0.764241	3.10585
			*CONTROL_ROT_SAMPLE 2113	-0.639878	-0.0229681	-0.768133	3.11205
			*CONTROL_ROT_SAMPLE 2305	-0.634575	-0.0255562	-0.772439	3.11803
			*CONTROL_ROT_SAMPLE 2497	-0.630808	-0.0329289	-0.77524	3.13781
			*CONTROL_ROT_SAMPLE 2689	-0.626992	-0.0403306	-0.777981	3.15756
			*CONTROL_ROT_SAMPLE 2881	-0.623128	-0.0477622	-0.78066	3.17725
			*CONTROL_ROT_SAMPLE 3073	-0.623257	-0.0724299	-0.778656	3.24709
			*CONTROL_ROT_SAMPLE 3265	-0.623008	-0.097537	-0.776111	3.31629
			*CONTROL_ROT_SAMPLE 3457	-0.627484	-0.106108	-0.771366	3.34143
			*CONTROL_ROT_SAMPLE 3649	-0.631901	-0.114736	-0.766509	3.36648
			*CONTROL_ROT_SAMPLE 3841	-0.636261	-0.123423	-0.761537	3.39142
			*CONTROL_ROT_SAMPLE 4033	-0.643762	-0.115567	-0.756448	3.37156
			*CONTROL_ROT_SAMPLE 4225	-0.651157	-0.107748	-0.751256	3.35162
			*CONTROL_ROT_SAMPLE 4417	-0.659651	-0.0949037	-0.745556	3.31838
			*CONTROL_ROT_SAMPLE 4609	-0.667948	-0.0821658	-0.739658	3.28496
			*CONTROL_ROT_SAMPLE 4801	-0.67605	-0.0695306	-0.733568	3.25137
			*CONTROL_ROT_SAMPLE 4993	-0.684264	-0.0552715	-0.727137	3.21395
			*CONTROL_ROT_SAMPLE 5185	-0.692255	-0.0411308	-0.72048	3.17635
			*CONTROL_ROT_SAMPLE 5377	-0.700026	-0.0271028	-0.713602	3.13856
		}
		*CONTROL_SCALE_TRACK {
			*CONTROL_SCALE_SAMPLE	1	1	1	1	0	0	0	0
		}
	}
}
*HELPEROBJECT {
	*NODE_NAME "ZS_HELMET"
	*NODE_PARENT "Bip01 Head"
	*NODE_TM {
		*NODE_NAME "ZS_HELMET"
		*TM_ROW0 1	7.87298e-013	7.61567e-014
		*TM_ROW1 -1.53811e-013	0.996917	-0.0784593
		*TM_ROW2 -5.53111e-014	0.0784593	0.996918
		*TM_ROW3 1e-005	-7.06248	173.704
		*TM_POS 1e-005	-7.06248	173.704
		*TM_ROTAXIS 1	8.37809e-013	-5.99744e-012
		*TM_ROTANGLE 0.078541
		*TM_SCALE 1	1	1
		*TM_SCALEAXIS 0	0	0
		*TM_SCALEAXISANG 0	0	0
	}
}
*HELPEROBJECT {
	*NODE_NAME "Bip01 L Clavicle"
	*NODE_PARENT "Bip01 Neck"
	*NODE_TM {
		*NODE_NAME "Bip01 L Clavicle"
		*TM_ROW0 0.935229	-0.203893	-0.289439
		*TM_ROW1 0.156435	0.971369	-0.178803
		*TM_ROW2 0.317608	0.121943	0.940348
		*TM_ROW3 7.96399	-1.25804	148.729
		*TM_POS 7.96399	-1.25804	148.729
		*TM_ROTAXIS 0.391939	-0.791119	0.469589
		*TM_ROTANGLE 0.39376
		*TM_SCALE 1	1	1
		*TM_SCALEAXIS 0	0	0
		*TM_SCALEAXISANG 0	0	0
	}
}
*HELPEROBJECT {
	*NODE_NAME "Bip01 L UpperArm"
	*NODE_PARENT "Bip01 L Clavicle"
	*NODE_TM {
		*NODE_NAME "Bip01 L UpperArm"
		*TM_ROW0 0.246229	0.0989027	-0.964152
		*TM_ROW1 0.412789	0.889345	0.196649
		*TM_ROW2 0.876913	-0.446412	0.178157
		*TM_ROW3 20.4269	-3.97508	144.872
		*TM_POS 20.4269	-3.97508	144.872
		*TM_ROTAXIS -0.325561	-0.932072	0.15891
		*TM_ROTANGLE 1.41328
		*TM_SCALE 1	1	1
		*TM_SCALEAXIS 0	0	0
		*TM_SCALEAXISANG 0	0	0
	}
}
*HELPEROBJECT {
	*NODE_NAME "Bip01 L Forearm"
	*NODE_PARENT "Bip01 L UpperArm"
	*NODE_TM {
		*NODE_NAME "Bip01 L Forearm"
		*TM_ROW0 0.0455122	-0.291882	-0.955371
		*TM_ROW1 0.478489	0.845886	-0.235638
		*TM_ROW2 0.876913	-0.44641	0.17816
		*TM_ROW3 27.2982	-1.21526	117.966
		*TM_POS 27.2982	-1.21526	117.966
		*TM_ROTAXIS -0.10545	-0.916697	0.385419
		*TM_ROTANGLE 1.53601
		*TM_SCALE 1	1	1
		*TM_SCALEAXIS 0	0	0
		*TM_SCALEAXISANG 0	0	0
	}
}
*HELPEROBJECT {
	*NODE_NAME "Bip01 L Hand"
	*NODE_PARENT "Bip01 L Forearm"
	*NODE_TM {
		*NODE_NAME "Bip01 L Hand"
		*TM_ROW0 0.0455132	-0.291886	-0.95537
		*TM_ROW1 -0.876533	0.44708	-0.17835
		*TM_ROW2 0.479185	0.845531	-0.2355
		*TM_ROW3 28.5642	-9.33438	91.391
		*TM_POS 28.5642	-9.33438	91.391
		*TM_ROTAXIS 0.551391	-0.772552	-0.314851
		*TM_ROTANGLE 1.95137
		*TM_SCALE 1	1	1
		*TM_SCALEAXIS 0	0	0
		*TM_SCALEAXISANG 0	0	0
	}
}
*HELPEROBJECT {
	*NODE_NAME "Bip01 L Finger0"
	*NODE_PARENT "Bip01 L Hand"
	*NODE_TM {
		*NODE_NAME "Bip01 L Finger0"
		*TM_ROW0 0.0455153	-0.291888	-0.955369
		*TM_ROW1 -0.876915	0.446405	-0.178165
		*TM_ROW2 0.478485	0.845886	-0.235643
		*TM_ROW3 29.15	-13.0909	79.0956
		*TM_POS 29.15	-13.0909	79.0956
		*TM_ROTAXIS 0.551581	-0.772311	-0.31511
		*TM_ROTANGLE 1.95181
		*TM_SCALE 1	1	1
		*TM_SCALEAXIS 0	0	0
		*TM_SCALEAXISANG 0	0	0
	}
}
*HELPEROBJECT {
	*NODE_NAME "ZS_LEFTHAND"
	*NODE_PARENT "Bip01 L Hand"
	*NODE_TM {
		*NODE_NAME "ZS_LEFTHAND"
		*TM_ROW0 0.435606	0.890062	-0.134303
		*TM_ROW1 0.180312	-0.232461	-0.955745
		*TM_ROW2 -0.881893	0.392112	-0.261751
		*TM_ROW3 26.7605	-11.5467	82.7857
		*TM_POS 26.7605	-11.5467	82.7857
		*TM_ROTAXIS 0.794322	0.440571	-0.418271
		*TM_ROTANGLE 2.12858
		*TM_SCALE 1	1	1
		*TM_SCALEAXIS 0	0	0
		*TM_SCALEAXISANG 0	0	0
	}
}
*HELPEROBJECT {
	*NODE_NAME "ZS_LEFTARM"
	*NODE_PARENT "Bip01 L Forearm"
	*NODE_TM {
		*NODE_NAME "ZS_LEFTARM"
		*TM_ROW0 0.0759923	-0.150176	-0.985735
		*TM_ROW1 0.524499	0.846792	-0.0885737
		*TM_ROW2 0.848013	-0.510286	0.143117
		*TM_ROW3 26.9101	-7.67833	110.055
		*TM_POS 26.9101	-7.67833	110.055
		*TM_ROTAXIS -0.21097	-0.917372	0.337521
		*TM_ROTANGLE 1.53784
		*TM_SCALE 1	1	1
		*TM_SCALEAXIS 0	0	0
		*TM_SCALEAXISANG 0	0	0
	}
}
*HELPEROBJECT {
	*NODE_NAME "Bip01 R Clavicle"
	*NODE_PARENT "Bip01 Neck"
	*NODE_TM {
		*NODE_NAME "Bip01 R Clavicle"
		*TM_ROW0 -0.935227	-0.203899	-0.28944
		*TM_ROW1 -0.156442	0.971369	-0.178799
		*TM_ROW2 0.317609	-0.121937	-0.940349
		*TM_ROW3 -7.96398	-1.25806	148.729
		*TM_POS -7.96398	-1.25806	148.729
		*TM_ROTAXIS -0.0929799	0.992639	-0.0776
		*TM_ROTANGLE 3.45235
		*TM_SCALE 1	1	1
		*TM_SCALEAXIS 0	0	0
		*TM_SCALEAXISANG 0	0	0
	}
	*TM_ANIMATION {
		*NODE_NAME  "Bip01 R Clavicle"
		*CONTROL_POS_TRACK {
			*CONTROL_POS_SAMPLE 1	-7.9646	-1.79449	148.549
			*CONTROL_POS_SAMPLE 193	-7.96198	-1.79391	148.545
			*CONTROL_POS_SAMPLE 385	-7.96477	-1.7943	148.549
			*CONTROL_POS_SAMPLE 577	-7.96466	-1.79434	148.549
			*CONTROL_POS_SAMPLE 769	-7.96455	-1.79438	148.549
			*CONTROL_POS_SAMPLE 961	-7.96445	-1.79442	148.549
			*CONTROL_POS_SAMPLE 1153	-7.96097	-1.79364	148.544
			*CONTROL_POS_SAMPLE 1345	-7.96448	-1.79432	148.549
			*CONTROL_POS_SAMPLE 1537	-7.96371	-1.79416	148.548
			*CONTROL_POS_SAMPLE 1729	-7.96527	-1.79449	148.55
			*CONTROL_POS_SAMPLE 1921	-7.96449	-1.79433	148.549
			*CONTROL_POS_SAMPLE 2113	-7.96884	-1.7953	148.555
			*CONTROL_POS_SAMPLE 2305	-7.96463	-1.79431	148.549
			*CONTROL_POS_SAMPLE 2497	-7.96461	-1.79465	148.549
			*CONTROL_POS_SAMPLE 2689	-7.96467	-1.79499	148.549
			*CONTROL_POS_SAMPLE 2881	-7.9648	-1.79531	148.549
			*CONTROL_POS_SAMPLE 3073	-7.96427	-1.79526	148.55
			*CONTROL_POS_SAMPLE 3265	-7.96483	-1.79508	148.549
			*CONTROL_POS_SAMPLE 3457	-7.9646	-1.79523	148.549
			*CONTROL_POS_SAMPLE 3649	-7.96454	-1.79536	148.549
			*CONTROL_POS_SAMPLE 3841	-7.96463	-1.79547	148.549
			*CONTROL_POS_SAMPLE 4033	-7.96484	-1.7954	148.549
			*CONTROL_POS_SAMPLE 4225	-7.96512	-1.79532	148.549
			*CONTROL_POS_SAMPLE 4417	-7.96483	-1.79533	148.549
			*CONTROL_POS_SAMPLE 4609	-7.96474	-1.79531	148.549
			*CONTROL_POS_SAMPLE 4801	-7.96487	-1.79527	148.549
			*CONTROL_POS_SAMPLE 4993	-7.96461	-1.79529	148.549
			*CONTROL_POS_SAMPLE 5185	-7.96461	-1.79528	148.549
			*CONTROL_POS_SAMPLE 5377	-7.96488	-1.79524	148.549
		}
		*CONTROL_ROT_TRACK {
			*CONTROL_ROT_SAMPLE 1	-0.00937626	0.995827	-0.090777	3.24828
			*CONTROL_ROT_SAMPLE 193	-0.00737994	0.995835	-0.0908761	3.2061
			*CONTROL_ROT_SAMPLE 385	-0.00548795	0.995838	-0.0909712	3.16304
			*CONTROL_ROT_SAMPLE 577	-0.00352191	0.995842	-0.0910301	3.12041
			*CONTROL_ROT_SAMPLE 769	-0.00155504	0.995841	-0.0910938	3.07779
			*CONTROL_ROT_SAMPLE 961	0.000414588	0.995836	-0.0911625	3.03516
			*CONTROL_ROT_SAMPLE 1153	0.00218201	0.995821	-0.0913	2.99768
			*CONTROL_ROT_SAMPLE 1345	0.00380972	0.995802	-0.0914528	2.95907
			*CONTROL_ROT_SAMPLE 1537	0.00505783	0.995794	-0.0914816	2.9331
			*CONTROL_ROT_SAMPLE 1729	0.00626121	0.995784	-0.0915171	2.90676
			*CONTROL_ROT_SAMPLE 1921	0.00751658	0.995772	-0.0915467	2.88079
			*CONTROL_ROT_SAMPLE 2113	0.00733713	0.995775	-0.0915384	2.8822
			*CONTROL_ROT_SAMPLE 2305	0.00734462	0.995778	-0.0915011	2.88499
			*CONTROL_ROT_SAMPLE 2497	0.00715996	0.995776	-0.0915346	2.88778
			*CONTROL_ROT_SAMPLE 2689	0.00697563	0.995774	-0.0915696	2.89057
			*CONTROL_ROT_SAMPLE 2881	0.00679163	0.995772	-0.0916062	2.89337
			*CONTROL_ROT_SAMPLE 3073	0.00710811	0.995764	-0.0916739	2.88603
			*CONTROL_ROT_SAMPLE 3265	0.00742391	0.995757	-0.0917271	2.8787
			*CONTROL_ROT_SAMPLE 3457	0.00672261	0.995769	-0.0916447	2.89447
			*CONTROL_ROT_SAMPLE 3649	0.00602363	0.99578	-0.0915743	2.91025
			*CONTROL_ROT_SAMPLE 3841	0.00532683	0.995789	-0.0915161	2.92602
			*CONTROL_ROT_SAMPLE 4033	0.00376824	0.995808	-0.0913909	2.96079
			*CONTROL_ROT_SAMPLE 4225	0.00221391	0.995826	-0.0912485	2.99557
			*CONTROL_ROT_SAMPLE 4417	0.000304496	0.99583	-0.0912264	3.03691
			*CONTROL_ROT_SAMPLE 4609	-0.00160229	0.995834	-0.0911679	3.07826
			*CONTROL_ROT_SAMPLE 4801	-0.00350716	0.995838	-0.0910733	3.1196
			*CONTROL_ROT_SAMPLE 4993	-0.00547258	0.995836	-0.0909949	3.16288
			*CONTROL_ROT_SAMPLE 5185	-0.00743751	0.995835	-0.0908736	3.20616
			*CONTROL_ROT_SAMPLE 5377	-0.00940262	0.995833	-0.0907092	3.24944
		}
		*CONTROL_SCALE_TRACK {
			*CONTROL_SCALE_SAMPLE	1	1	1	1	0	0	0	0
		}
	}
}
*HELPEROBJECT {
	*NODE_NAME "Bip01 R UpperArm"
	*NODE_PARENT "Bip01 R Clavicle"
	*NODE_TM {
		*NODE_NAME "Bip01 R UpperArm"
		*TM_ROW0 -0.246232	0.0988932	-0.964153
		*TM_ROW1 -0.412793	0.889345	0.196642
		*TM_ROW2 0.876911	0.446415	-0.178163
		*TM_ROW3 -20.4269	-3.97513	144.872
		*TM_POS -20.4269	-3.97513	144.872
		*TM_ROTAXIS 0.12961	-0.955353	-0.265521
		*TM_ROTANGLE 1.84162
		*TM_SCALE 1	1	1
		*TM_SCALEAXIS 0	0	0
		*TM_SCALEAXISANG 0	0	0
	}
	*TM_ANIMATION {
		*NODE_NAME  "Bip01 R UpperArm"
		*CONTROL_POS_TRACK {
			*CONTROL_POS_SAMPLE 1	-21.2123	-2.17173	147.159
			*CONTROL_POS_SAMPLE 193	-21.2586	-2.06792	147.708
			*CONTROL_POS_SAMPLE 385	-21.2867	-1.96622	148.278
			*CONTROL_POS_SAMPLE 577	-21.2871	-1.86239	148.839
			*CONTROL_POS_SAMPLE 769	-21.2631	-1.75849	149.399
			*CONTROL_POS_SAMPLE 961	-21.2148	-1.65467	149.958
			*CONTROL_POS_SAMPLE 1153	-21.1488	-1.56182	150.442
			*CONTROL_POS_SAMPLE 1345	-21.0684	-1.47313	150.949
			*CONTROL_POS_SAMPLE 1537	-21.0002	-1.40934	151.283
			*CONTROL_POS_SAMPLE 1729	-20.9242	-1.34712	151.623
			*CONTROL_POS_SAMPLE 1921	-20.8381	-1.28394	151.953
			*CONTROL_POS_SAMPLE 2113	-20.8473	-1.29124	151.941
			*CONTROL_POS_SAMPLE 2305	-20.8526	-1.29341	151.9
			*CONTROL_POS_SAMPLE 2497	-20.862	-1.30168	151.864
			*CONTROL_POS_SAMPLE 2689	-20.8714	-1.30995	151.829
			*CONTROL_POS_SAMPLE 2881	-20.8808	-1.3182	151.794
			*CONTROL_POS_SAMPLE 3073	-20.8558	-1.30116	151.887
			*CONTROL_POS_SAMPLE 3265	-20.8312	-1.28408	151.98
			*CONTROL_POS_SAMPLE 3457	-20.8843	-1.32109	151.779
			*CONTROL_POS_SAMPLE 3649	-20.9343	-1.35811	151.578
			*CONTROL_POS_SAMPLE 3841	-20.9811	-1.39515	151.375
			*CONTROL_POS_SAMPLE 4033	-21.073	-1.4775	150.927
			*CONTROL_POS_SAMPLE 4225	-21.1489	-1.56022	150.475
			*CONTROL_POS_SAMPLE 4417	-21.2176	-1.66052	149.936
			*CONTROL_POS_SAMPLE 4609	-21.2637	-1.76118	149.394
			*CONTROL_POS_SAMPLE 4801	-21.2871	-1.86193	148.85
			*CONTROL_POS_SAMPLE 4993	-21.2866	-1.96661	148.28
			*CONTROL_POS_SAMPLE 5185	-21.2612	-2.07089	147.711
			*CONTROL_POS_SAMPLE 5377	-21.2109	-2.17446	147.144
		}
		*CONTROL_ROT_TRACK {
			*CONTROL_ROT_SAMPLE 1	0.13066	-0.990961	0.0303909	1.73292
			*CONTROL_ROT_SAMPLE 193	0.239628	-0.970039	0.0400302	1.81132
			*CONTROL_ROT_SAMPLE 385	0.339458	-0.93961	0.0436016	1.90137
			*CONTROL_ROT_SAMPLE 577	0.428142	-0.902131	0.0534244	2.00278
			*CONTROL_ROT_SAMPLE 769	-0.508425	0.859163	-0.0578148	4.17267
			*CONTROL_ROT_SAMPLE 961	-0.580979	0.811892	-0.0574021	4.06051
			*CONTROL_ROT_SAMPLE 1153	-0.636721	0.768534	-0.0627836	3.95512
			*CONTROL_ROT_SAMPLE 1345	-0.687979	0.722865	-0.0644231	3.84775
			*CONTROL_ROT_SAMPLE 1537	0.717153	-0.69341	0.0698177	2.50513
			*CONTROL_ROT_SAMPLE 1729	0.744968	-0.663012	0.0737425	2.5749
			*CONTROL_ROT_SAMPLE 1921	0.771472	-0.631637	0.076591	2.64403
			*CONTROL_ROT_SAMPLE 2113	0.763759	-0.639926	0.0846595	2.61311
			*CONTROL_ROT_SAMPLE 2305	0.755789	-0.648129	0.0933389	2.58137
			*CONTROL_ROT_SAMPLE 2497	0.739499	-0.666569	0.0939514	2.5536
			*CONTROL_ROT_SAMPLE 2689	0.722641	-0.68474	0.0944518	2.52607
			*CONTROL_ROT_SAMPLE 2881	0.705207	-0.70263	0.0948364	2.49883
			*CONTROL_ROT_SAMPLE 3073	-0.686142	0.722813	-0.082157	3.77176
			*CONTROL_ROT_SAMPLE 3265	-0.666483	0.742266	-0.0695791	3.75846
			*CONTROL_ROT_SAMPLE 3457	-0.636613	0.768666	-0.062255	3.79803
			*CONTROL_ROT_SAMPLE 3649	-0.605517	0.793989	-0.0541373	3.83714
			*CONTROL_ROT_SAMPLE 3841	-0.57319	0.818175	-0.0452031	3.87568
			*CONTROL_ROT_SAMPLE 4033	-0.530841	0.846362	-0.0433476	3.95718
			*CONTROL_ROT_SAMPLE 4225	-0.486215	0.872959	-0.0392253	4.03807
			*CONTROL_ROT_SAMPLE 4417	-0.433795	0.900101	-0.0405087	4.12963
			*CONTROL_ROT_SAMPLE 4609	0.377781	-0.925087	0.0386643	2.06368
			*CONTROL_ROT_SAMPLE 4801	0.317828	-0.947561	0.033386	1.97626
			*CONTROL_ROT_SAMPLE 4993	0.250592	-0.967522	0.0332325	1.89
			*CONTROL_ROT_SAMPLE 5185	0.178129	-0.983575	0.0291457	1.80818
			*CONTROL_ROT_SAMPLE 5377	0.100274	-0.994744	0.0207442	1.73197
		}
		*CONTROL_SCALE_TRACK {
			*CONTROL_SCALE_SAMPLE	1	1	1	1	0	0	0	0
		}
	}
}
*HELPEROBJECT {
	*NODE_NAME "Bip01 R Forearm"
	*NODE_PARENT "Bip01 R UpperArm"
	*NODE_TM {
		*NODE_NAME "Bip01 R Forearm"
		*TM_ROW0 -0.0455087	-0.291889	-0.955369
		*TM_ROW1 -0.478487	0.845885	-0.235646
		*TM_ROW2 0.876914	0.446408	-0.17816
		*TM_ROW3 -27.2982	-1.21534	117.966
		*TM_POS -27.2982	-1.21534	117.966
		*TM_ROTAXIS 0.347279	-0.932937	-0.0950097
		*TM_ROTANGLE 1.76083
		*TM_SCALE 1	1	1
		*TM_SCALEAXIS 0	0	0
		*TM_SCALEAXISANG 0	0	0
	}
	*TM_ANIMATION {
		*NODE_NAME  "Bip01 R Forearm"
		*CONTROL_POS_TRACK {
			*CONTROL_POS_SAMPLE 1	-25.1637	-7.20559	119.996
			*CONTROL_POS_SAMPLE 193	-25.9224	-11.1853	121.749
			*CONTROL_POS_SAMPLE 385	-26.0854	-14.9075	124.024
			*CONTROL_POS_SAMPLE 577	-25.7139	-18.5079	126.882
			*CONTROL_POS_SAMPLE 769	-24.6834	-21.5973	130.074
			*CONTROL_POS_SAMPLE 961	-23.0111	-24.0774	133.443
			*CONTROL_POS_SAMPLE 1153	-21.2334	-25.8714	136.739
			*CONTROL_POS_SAMPLE 1345	-19.0429	-27.077	140.037
			*CONTROL_POS_SAMPLE 1537	-17.5477	-27.6044	142.303
			*CONTROL_POS_SAMPLE 1729	-15.9144	-27.8642	144.517
			*CONTROL_POS_SAMPLE 1921	-14.1564	-27.8521	146.638
			*CONTROL_POS_SAMPLE 2113	-14.6101	-27.9001	146.3
			*CONTROL_POS_SAMPLE 2305	-15.0486	-27.9276	145.926
			*CONTROL_POS_SAMPLE 2497	-16.1229	-27.9572	145.099
			*CONTROL_POS_SAMPLE 2689	-17.1848	-27.9145	144.257
			*CONTROL_POS_SAMPLE 2881	-18.2311	-27.7998	143.401
			*CONTROL_POS_SAMPLE 3073	-19.6494	-27.6741	142.846
			*CONTROL_POS_SAMPLE 3265	-21.0868	-27.4739	142.348
			*CONTROL_POS_SAMPLE 3457	-22.7217	-26.855	140.671
			*CONTROL_POS_SAMPLE 3649	-24.271	-26.0429	138.997
			*CONTROL_POS_SAMPLE 3841	-25.7242	-25.0441	137.34
			*CONTROL_POS_SAMPLE 4033	-26.9471	-23.4903	134.812
			*CONTROL_POS_SAMPLE 4225	-27.8564	-21.6557	132.311
			*CONTROL_POS_SAMPLE 4417	-28.4341	-19.4975	129.724
			*CONTROL_POS_SAMPLE 4609	-28.6009	-17.0794	127.251
			*CONTROL_POS_SAMPLE 4801	-28.3639	-14.4377	124.964
			*CONTROL_POS_SAMPLE 4993	-27.7418	-11.7367	122.95
			*CONTROL_POS_SAMPLE 5185	-26.7301	-8.90081	121.212
			*CONTROL_POS_SAMPLE 5377	-25.3639	-5.97649	119.811
		}
		*CONTROL_ROT_TRACK {
			*CONTROL_ROT_SAMPLE 1	0.305589	-0.934392	0.183102	1.77276
			*CONTROL_ROT_SAMPLE 193	0.47884	-0.843447	0.243536	1.89038
			*CONTROL_ROT_SAMPLE 385	0.625247	-0.727392	0.282785	2.02303
			*CONTROL_ROT_SAMPLE 577	0.741639	-0.593819	0.31201	2.17389
			*CONTROL_ROT_SAMPLE 769	0.832666	-0.449222	0.323831	2.32623
			*CONTROL_ROT_SAMPLE 961	0.899408	-0.296852	0.32085	2.47375
			*CONTROL_ROT_SAMPLE 1153	0.936526	-0.157848	0.313054	2.61169
			*CONTROL_ROT_SAMPLE 1345	0.955447	-0.0163543	0.294709	2.73974
			*CONTROL_ROT_SAMPLE 1537	0.955863	0.0802055	0.282652	2.82822
			*CONTROL_ROT_SAMPLE 1729	0.947613	0.17665	0.266129	2.91053
			*CONTROL_ROT_SAMPLE 1921	0.930264	0.27231	0.24588	2.98593
			*CONTROL_ROT_SAMPLE 2113	0.926935	0.267521	0.263103	2.98536
			*CONTROL_ROT_SAMPLE 2305	0.92314	0.26252	0.280884	2.98575
			*CONTROL_ROT_SAMPLE 2497	0.922078	0.252322	0.293438	2.98001
			*CONTROL_ROT_SAMPLE 2689	0.920798	0.241961	0.305919	2.97494
			*CONTROL_ROT_SAMPLE 2881	0.919303	0.231438	0.318307	2.97055
			*CONTROL_ROT_SAMPLE 3073	0.916064	0.253037	0.311124	2.98767
			*CONTROL_ROT_SAMPLE 3265	0.912306	0.274734	0.303675	3.00336
			*CONTROL_ROT_SAMPLE 3457	0.924242	0.214309	0.315987	2.9583
			*CONTROL_ROT_SAMPLE 3649	0.932504	0.153333	0.326995	2.91105
			*CONTROL_ROT_SAMPLE 3841	0.937135	0.0919886	0.336626	2.86178
			*CONTROL_ROT_SAMPLE 4033	0.933655	-0.038708	0.356077	2.7559
			*CONTROL_ROT_SAMPLE 4225	0.914383	-0.168079	0.368312	2.63915
			*CONTROL_ROT_SAMPLE 4417	0.870549	-0.318471	0.375127	2.5002
			*CONTROL_ROT_SAMPLE 4609	0.805408	-0.463211	0.369802	2.35179
			*CONTROL_ROT_SAMPLE 4801	0.718921	-0.600444	0.35017	2.19883
			*CONTROL_ROT_SAMPLE 4993	0.602486	-0.732226	0.317576	2.0483
			*CONTROL_ROT_SAMPLE 5185	0.460601	-0.847237	0.264644	1.90398
			*CONTROL_ROT_SAMPLE 5377	0.293054	-0.937425	0.188029	1.7747
		}
		*CONTROL_SCALE_TRACK {
			*CONTROL_SCALE_SAMPLE	1	1	1	1	0	0	0	0
		}
	}
}
*HELPEROBJECT {
	*NODE_NAME "Bip01 R Hand"
	*NODE_PARENT "Bip01 R Forearm"
	*NODE_TM {
		*NODE_NAME "Bip01 R Hand"
		*TM_ROW0 -0.0455115	-0.291885	-0.95537
		*TM_ROW1 0.87653	0.447088	-0.17835
		*TM_ROW2 0.479192	-0.845527	0.235499
		*TM_ROW3 -28.5642	-9.33445	91.391
		*TM_POS -28.5642	-9.33445	91.391
		*TM_ROTAXIS -0.33922	-0.72939	0.59407
		*TM_ROTANGLE 1.75327
		*TM_SCALE 1	1	1
		*TM_SCALEAXIS 0	0	0
		*TM_SCALEAXISANG 0	0	0
	}
	*TM_ANIMATION {
		*NODE_NAME  "Bip01 R Hand"
		*CONTROL_POS_TRACK {
			*CONTROL_POS_SAMPLE 1	-27.625	-21.7313	96.4024
			*CONTROL_POS_SAMPLE 193	-26.2801	-32.3804	103.739
			*CONTROL_POS_SAMPLE 385	-22.6146	-40.1616	112.893
			*CONTROL_POS_SAMPLE 577	-17.5137	-44.854	123.367
			*CONTROL_POS_SAMPLE 769	-11.2462	-45.6926	133.62
			*CONTROL_POS_SAMPLE 961	-4.68287	-42.8619	142.659
			*CONTROL_POS_SAMPLE 1153	0.213102	-37.9326	149.712
			*CONTROL_POS_SAMPLE 1345	4.11914	-31.1177	154.9
			*CONTROL_POS_SAMPLE 1537	5.58248	-25.8667	157.655
			*CONTROL_POS_SAMPLE 1729	6.30054	-20.3705	159.486
			*CONTROL_POS_SAMPLE 1921	6.21582	-14.9048	160.461
			*CONTROL_POS_SAMPLE 2113	5.42073	-15.3274	160.943
			*CONTROL_POS_SAMPLE 2305	4.59374	-15.7398	161.397
			*CONTROL_POS_SAMPLE 2497	3.41484	-16.4111	161.183
			*CONTROL_POS_SAMPLE 2689	2.22602	-17.0171	160.936
			*CONTROL_POS_SAMPLE 2881	1.03091	-17.5567	160.658
			*CONTROL_POS_SAMPLE 3073	-0.728018	-16.1816	159.687
			*CONTROL_POS_SAMPLE 3265	-2.55612	-14.7605	158.74
			*CONTROL_POS_SAMPLE 3457	-2.94805	-17.5299	157.869
			*CONTROL_POS_SAMPLE 3649	-3.61586	-20.2719	156.711
			*CONTROL_POS_SAMPLE 3841	-4.55163	-22.9274	155.255
			*CONTROL_POS_SAMPLE 4033	-6.00627	-29.1529	152.223
			*CONTROL_POS_SAMPLE 4225	-8.59556	-34.6107	147.638
			*CONTROL_POS_SAMPLE 4417	-12.7507	-39.6315	140.786
			*CONTROL_POS_SAMPLE 4609	-17.4369	-42.0678	132.218
			*CONTROL_POS_SAMPLE 4801	-21.8838	-41.3818	122.567
			*CONTROL_POS_SAMPLE 4993	-25.7881	-37.493	112.629
			*CONTROL_POS_SAMPLE 5185	-27.9964	-30.2625	103.442
			*CONTROL_POS_SAMPLE 5377	-28.1242	-20.2875	96.1196
		}
		*CONTROL_ROT_TRACK {
			*CONTROL_ROT_SAMPLE 1	-0.365861	-0.532515	0.763265	1.8376
			*CONTROL_ROT_SAMPLE 193	-0.222367	-0.50299	0.835197	1.66167
			*CONTROL_ROT_SAMPLE 385	-0.0548152	-0.45853	0.886987	1.49867
			*CONTROL_ROT_SAMPLE 577	0.139769	-0.383037	0.913098	1.36564
			*CONTROL_ROT_SAMPLE 769	0.350996	-0.282675	0.892691	1.26054
			*CONTROL_ROT_SAMPLE 961	0.561323	-0.157981	0.812379	1.19082
			*CONTROL_ROT_SAMPLE 1153	0.726385	-0.0213681	0.686956	1.18048
			*CONTROL_ROT_SAMPLE 1345	0.846996	0.112405	0.51958	1.20724
			*CONTROL_ROT_SAMPLE 1537	0.896427	0.213656	0.38829	1.25932
			*CONTROL_ROT_SAMPLE 1729	0.918978	0.301476	0.254149	1.32856
			*CONTROL_ROT_SAMPLE 1921	0.918523	0.375486	0.123794	1.41239
			*CONTROL_ROT_SAMPLE 2113	0.900167	0.419953	0.115494	1.44055
			*CONTROL_ROT_SAMPLE 2305	0.880419	0.461667	0.108289	1.47415
			*CONTROL_ROT_SAMPLE 2497	0.868391	0.48314	0.111684	1.49082
			*CONTROL_ROT_SAMPLE 2689	0.856379	0.503335	0.115194	1.50967
			*CONTROL_ROT_SAMPLE 2881	0.844513	0.5222	0.118766	1.53058
			*CONTROL_ROT_SAMPLE 3073	0.842917	0.530388	0.0904455	1.5501
			*CONTROL_ROT_SAMPLE 3265	0.840388	0.538396	0.0622693	1.5692
			*CONTROL_ROT_SAMPLE 3457	0.852538	0.503881	0.138861	1.50634
			*CONTROL_ROT_SAMPLE 3649	0.858276	0.464183	0.218852	1.44846
			*CONTROL_ROT_SAMPLE 3841	0.856496	0.418944	0.301498	1.39624
			*CONTROL_ROT_SAMPLE 4033	0.82083	0.312633	0.478015	1.31741
			*CONTROL_ROT_SAMPLE 4225	0.740831	0.187021	0.64513	1.26713
			*CONTROL_ROT_SAMPLE 4417	0.590951	0.025735	0.806297	1.26112
			*CONTROL_ROT_SAMPLE 4609	0.39838	-0.131947	0.90768	1.30036
			*CONTROL_ROT_SAMPLE 4801	0.189663	-0.270746	0.943782	1.38116
			*CONTROL_ROT_SAMPLE 4993	-0.0178135	-0.38058	0.924577	1.51096
			*CONTROL_ROT_SAMPLE 5185	-0.203268	-0.462051	0.863245	1.66663
			*CONTROL_ROT_SAMPLE 5377	-0.362202	-0.519905	0.773633	1.84075
		}
		*CONTROL_SCALE_TRACK {
			*CONTROL_SCALE_SAMPLE	1	1	1	1	0	0	0	0
		}
	}
}
*HELPEROBJECT {
	*NODE_NAME "Bip01 R Finger0"
	*NODE_PARENT "Bip01 R Hand"
	*NODE_TM {
		*NODE_NAME "Bip01 R Finger0"
		*TM_ROW0 -0.0455056	-0.291877	-0.955373
		*TM_ROW1 0.876914	0.446413	-0.178152
		*TM_ROW2 0.478489	-0.845886	0.235636
		*TM_ROW3 -29.1499	-13.0909	79.0956
		*TM_POS -29.1499	-13.0909	79.0956
		*TM_ROTAXIS -0.33952	-0.729071	0.594291
		*TM_ROTANGLE 1.75354
		*TM_SCALE 1	1	1
		*TM_SCALEAXIS 0	0	0
		*TM_SCALEAXISANG 0	0	0
	}
	*TM_ANIMATION {
		*NODE_NAME  "Bip01 R Finger0"
		*CONTROL_POS_TRACK {
			*CONTROL_POS_SAMPLE 1	-28.8416	-28.0379	85.2503
			*CONTROL_POS_SAMPLE 193	-26.7543	-41.5143	94.6852
			*CONTROL_POS_SAMPLE 385	-21.6517	-51.2466	106.426
			*CONTROL_POS_SAMPLE 577	-14.6922	-56.9073	119.848
			*CONTROL_POS_SAMPLE 769	-6.21613	-57.5197	132.957
			*CONTROL_POS_SAMPLE 961	2.64096	-53.2893	144.463
			*CONTROL_POS_SAMPLE 1153	9.31609	-46.2325	153.436
			*CONTROL_POS_SAMPLE 1345	14.6447	-36.5782	159.902
			*CONTROL_POS_SAMPLE 1537	16.6986	-28.9143	163.38
			*CONTROL_POS_SAMPLE 1729	17.6488	-20.836	165.537
			*CONTROL_POS_SAMPLE 1921	17.3908	-12.7401	166.465
			*CONTROL_POS_SAMPLE 2113	16.1658	-12.5684	167.466
			*CONTROL_POS_SAMPLE 2305	14.8485	-12.4012	168.419
			*CONTROL_POS_SAMPLE 2497	13.3725	-12.8762	168.529
			*CONTROL_POS_SAMPLE 2689	11.8738	-13.2888	168.593
			*CONTROL_POS_SAMPLE 2881	10.3577	-13.6371	168.612
			*CONTROL_POS_SAMPLE 3073	8.49286	-11.7113	167.472
			*CONTROL_POS_SAMPLE 3265	6.53896	-9.74872	166.341
			*CONTROL_POS_SAMPLE 3457	6.63211	-14.1413	165.765
			*CONTROL_POS_SAMPLE 3649	6.27774	-18.5664	164.762
			*CONTROL_POS_SAMPLE 3841	5.48448	-22.9331	163.311
			*CONTROL_POS_SAMPLE 4033	3.71689	-32.634	159.902
			*CONTROL_POS_SAMPLE 4225	0.203438	-41.2838	154.246
			*CONTROL_POS_SAMPLE 4417	-5.70447	-49.3787	145.365
			*CONTROL_POS_SAMPLE 4609	-12.5025	-53.8205	133.992
			*CONTROL_POS_SAMPLE 4801	-19.0826	-53.8463	121.014
			*CONTROL_POS_SAMPLE 4993	-25.0152	-49.2884	107.541
			*CONTROL_POS_SAMPLE 5185	-28.6456	-39.9964	95.0481
			*CONTROL_POS_SAMPLE 5377	-29.418	-26.8131	85.1031
		}
		*CONTROL_ROT_TRACK {
			*CONTROL_ROT_SAMPLE 1	-0.366115	-0.532164	0.763388	1.83788
			*CONTROL_ROT_SAMPLE 193	-0.2227	-0.50263	0.835325	1.66184
			*CONTROL_ROT_SAMPLE 385	-0.0552272	-0.458179	0.887143	1.49871
			*CONTROL_ROT_SAMPLE 577	0.139305	-0.382711	0.913305	1.36554
			*CONTROL_ROT_SAMPLE 769	0.350534	-0.282384	0.892964	1.26027
			*CONTROL_ROT_SAMPLE 961	0.560933	-0.157719	0.812698	1.19039
			*CONTROL_ROT_SAMPLE 1153	0.726114	-0.0211128	0.68725	1.17992
			*CONTROL_ROT_SAMPLE 1345	0.846838	0.112658	0.519782	1.20659
			*CONTROL_ROT_SAMPLE 1537	0.896324	0.213907	0.388392	1.25863
			*CONTROL_ROT_SAMPLE 1729	0.918901	0.30171	0.254148	1.32785
			*CONTROL_ROT_SAMPLE 1921	0.918453	0.375689	0.123701	1.41168
			*CONTROL_ROT_SAMPLE 2113	0.900084	0.420163	0.115378	1.43986
			*CONTROL_ROT_SAMPLE 2305	0.880324	0.461881	0.108152	1.47347
			*CONTROL_ROT_SAMPLE 2497	0.868288	0.483358	0.111538	1.49015
			*CONTROL_ROT_SAMPLE 2689	0.85627	0.503555	0.115041	1.50901
			*CONTROL_ROT_SAMPLE 2881	0.844398	0.522423	0.118606	1.52993
			*CONTROL_ROT_SAMPLE 3073	0.842803	0.530598	0.0902715	1.54945
			*CONTROL_ROT_SAMPLE 3265	0.840275	0.538595	0.0620824	1.56855
			*CONTROL_ROT_SAMPLE 3457	0.852426	0.50411	0.138715	1.50568
			*CONTROL_ROT_SAMPLE 3649	0.858162	0.464441	0.218755	1.4478
			*CONTROL_ROT_SAMPLE 3841	0.856373	0.419224	0.301455	1.39558
			*CONTROL_ROT_SAMPLE 4033	0.820668	0.312945	0.478089	1.31678
			*CONTROL_ROT_SAMPLE 4225	0.740595	0.187342	0.645308	1.26656
			*CONTROL_ROT_SAMPLE 4417	0.590608	0.0260532	0.806538	1.26066
			*CONTROL_ROT_SAMPLE 4609	0.397955	-0.131625	0.907914	1.30006
			*CONTROL_ROT_SAMPLE 4801	0.189214	-0.270407	0.943969	1.38101
			*CONTROL_ROT_SAMPLE 4993	-0.0182217	-0.380221	0.924716	1.51097
			*CONTROL_ROT_SAMPLE 5185	-0.203603	-0.461686	0.863361	1.66679
			*CONTROL_ROT_SAMPLE 5377	-0.362456	-0.519552	0.773751	1.84102
		}
		*CONTROL_SCALE_TRACK {
			*CONTROL_SCALE_SAMPLE	1	1	1	1	0	0	0	0
		}
	}
}
*HELPEROBJECT {
	*NODE_NAME "ZS_RIGHTHAND"
	*NODE_PARENT "Bip01 R Hand"
	*NODE_TM {
		*NODE_NAME "ZS_RIGHTHAND"
		*TM_ROW0 -0.464344	0.856417	-0.225687
		*TM_ROW1 0.177861	0.339806	0.923525
		*TM_ROW2 0.867612	0.388692	-0.31011
		*TM_ROW3 -20.9389	-19.9852	85.8932
		*TM_POS -20.9389	-19.9852	85.8932
		*TM_ROTAXIS 0.383811	0.784581	0.486951
		*TM_ROTANGLE 3.91244
		*TM_SCALE 1	1	1
		*TM_SCALEAXIS 0	0	0
		*TM_SCALEAXISANG 0	0	0
	}
}
*HELPEROBJECT {
	*NODE_NAME "ZS_CROSSBOW"
	*NODE_PARENT "Bip01 Spine2"
	*NODE_TM {
		*NODE_NAME "ZS_CROSSBOW"
		*TM_ROW0 -0.382687	-0.111464	0.91713
		*TM_ROW1 -0.923878	0.0461715	-0.379891
		*TM_ROW2 -1.2517e-006	-0.992695	-0.120648
		*TM_ROW3 -14.434	10.5915	165.98
		*TM_POS -14.434	10.5915	165.98
		*TM_ROTAXIS -0.447329	0.669479	-0.593039
		*TM_ROTANGLE 2.38705
		*TM_SCALE 1	1	1
		*TM_SCALEAXIS 0	0	0
		*TM_SCALEAXISANG 0	0	0
	}
}
*HELPEROBJECT {
	*NODE_NAME "ZS_LONGSWORD"
	*NODE_PARENT "Bip01 Spine2"
	*NODE_TM {
		*NODE_NAME "ZS_LONGSWORD"
		*TM_ROW0 -0.499829	-0.0915011	0.861277
		*TM_ROW1 -0.865729	0.0828188	-0.493614
		*TM_ROW2 -0.0261636	-0.992355	-0.12061
		*TM_ROW3 -18.1593	6.92629	157.64
		*TM_POS -18.1593	6.92629	157.64
		*TM_ROTAXIS -0.38996	0.69388	-0.60536
		*TM_ROTANGLE 2.44778
		*TM_SCALE 1	1	1
		*TM_SCALEAXIS 0	0	0
		*TM_SCALEAXISANG 0	0	0
	}
}
*HELPEROBJECT {
	*NODE_NAME "ZS_SHIELD"
	*NODE_PARENT "Bip01 Spine2"
	*NODE_TM {
		*NODE_NAME "ZS_SHIELD"
		*TM_ROW0 -0.0138681	0.114196	-0.993362
		*TM_ROW1 -0.908393	0.413755	0.0602465
		*TM_ROW2 0.417888	0.903198	0.0979964
		*TM_ROW3 8.76511	9.5282	131.875
		*TM_POS 8.76511	9.5282	131.875
		*TM_ROTAXIS 0.435421	-0.728972	-0.528212
		*TM_ROTANGLE 1.82457
		*TM_SCALE 1	1	1
		*TM_SCALEAXIS 0	0	0
		*TM_SCALEAXISANG 0	0	0
	}
}
*HELPEROBJECT {
	*NODE_NAME "ZS_BOW"
	*NODE_PARENT "Bip01 Spine2"
	*NODE_TM {
		*NODE_NAME "ZS_BOW"
		*TM_ROW0 -0.341816	-0.0868229	0.935748
		*TM_ROW1 0.0119438	0.995242	0.0967059
		*TM_ROW2 -0.939691	0.044232	-0.339153
		*TM_ROW3 0.5012	12.4143	124.55
		*TM_POS 0.5012	12.4143	124.55
		*TM_ROTAXIS -0.0279299	0.998227	0.0525698
		*TM_ROTANGLE 1.92076
		*TM_SCALE 1	1	1
		*TM_SCALEAXIS 0	0	0
		*TM_SCALEAXISANG 0	0	0
	}
}
*HELPEROBJECT {
	*NODE_NAME "ZS_SWORD"
	*NODE_PARENT "Bip01 Spine"
	*NODE_TM {
		*NODE_NAME "ZS_SWORD"
		*TM_ROW0 5.79282e-007	-0.347172	0.937802
		*TM_ROW1 1.04309e-007	0.937802	0.347172
		*TM_ROW2 -1	-1.04308e-007	5.79283e-007
		*TM_ROW3 17.5015	-4.36211	106.367
		*TM_POS 17.5015	-4.36211	106.367
		*TM_ROTAXIS -0.17367	0.96937	0.17367
		*TM_ROTANGLE 1.6019
		*TM_SCALE 1	1	1
		*TM_SCALEAXIS 0	0	0
		*TM_SCALEAXISANG 0	0	0
	}
}
*HELPEROBJECT {
	*NODE_NAME "Bip01 L Thigh"
	*NODE_PARENT "Bip01 Pelvis"
	*NODE_TM {
		*NODE_NAME "Bip01 L Thigh"
		*TM_ROW0 0.0534878	-0.0367886	-0.997891
		*TM_ROW1 -0.00216181	-0.999323	0.0367256
		*TM_ROW2 -0.998566	0.000192882	-0.0535313
		*TM_ROW3 9.01023	-8.01129	99.9496
		*TM_POS 9.01023	-8.01129	99.9496
		*TM_ROTAXIS 0.72572	-0.01342	-0.68786
		*TM_ROTANGLE 3.16677
		*TM_SCALE 1	1	1
		*TM_SCALEAXIS 0	0	0
		*TM_SCALEAXISANG 0	0	0
	}
}
*HELPEROBJECT {
	*NODE_NAME "Bip01 L Calf"
	*NODE_PARENT "Bip01 L Thigh"
	*NODE_TM {
		*NODE_NAME "Bip01 L Calf"
		*TM_ROW0 0.0525131	0.197552	-0.978885
		*TM_ROW1 0.0103904	-0.980292	-0.197278
		*TM_ROW2 -0.998566	0.000188708	-0.0535307
		*TM_ROW3 11.1149	-9.45845	60.6877
		*TM_POS 11.1149	-9.45845	60.6877
		*TM_ROTAXIS 0.723901	0.0721501	-0.686121
		*TM_ROTANGLE 3.00478
		*TM_SCALE 1	1	1
		*TM_SCALEAXIS 0	0	0
		*TM_SCALEAXISANG 0	0	0
	}
}
*HELPEROBJECT {
	*NODE_NAME "Bip01 L Foot"
	*NODE_PARENT "Bip01 L Calf"
	*NODE_TM {
		*NODE_NAME "Bip01 L Foot"
		*TM_ROW0 -5.93318e-007	7.27489e-006	-1
		*TM_ROW1 0.173652	-0.984807	-7.26412e-006
		*TM_ROW2 -0.984807	-0.173652	-5.97767e-007
		*TM_ROW3 13.6935	0.240668	12.6267
		*TM_POS 13.6935	0.240668	12.6267
		*TM_ROTAXIS 0.705757	0.0617498	-0.705757
		*TM_ROTANGLE 3.26493
		*TM_SCALE 1	1	1
		*TM_SCALEAXIS 0	0	0
		*TM_SCALEAXISANG 0	0	0
	}
}
*HELPEROBJECT {
	*NODE_NAME "Bip01 L Toe0"
	*NODE_PARENT "Bip01 L Foot"
	*NODE_TM {
		*NODE_NAME "Bip01 L Toe0"
		*TM_ROW0 0.173646	-0.984808	5.05914e-006
		*TM_ROW1 5.06367e-006	5.91264e-006	1
		*TM_ROW2 -0.984808	-0.173646	5.92894e-006
		*TM_ROW3 17.6256	-22.0591	5.26591e-006
		*TM_POS 17.6256	-22.0591	5.26591e-006
		*TM_ROTAXIS -0.644398	0.540718	0.540718
		*TM_ROTANGLE 1.99673
		*TM_SCALE 1	1	1
		*TM_SCALEAXIS 0	0	0
		*TM_SCALEAXISANG 0	0	0
	}
}
*HELPEROBJECT {
	*NODE_NAME "Bip01 R Thigh"
	*NODE_PARENT "Bip01 Pelvis"
	*NODE_TM {
		*NODE_NAME "Bip01 R Thigh"
		*TM_ROW0 -0.0535034	-0.0367749	-0.99789
		*TM_ROW1 0.00205776	-0.999324	0.0367174
		*TM_ROW2 -0.998566	-8.89041e-005	0.0535432
		*TM_ROW3 -9.01021	-8.01132	99.9496
		*TM_POS -9.01021	-8.01132	99.9496
		*TM_ROTAXIS 0.687862	-0.01262	-0.725732
		*TM_ROTANGLE 3.16835
		*TM_SCALE 1	1	1
		*TM_SCALEAXIS 0	0	0
		*TM_SCALEAXISANG 0	0	0
	}
}
*HELPEROBJECT {
	*NODE_NAME "Bip01 R Calf"
	*NODE_PARENT "Bip01 R Thigh"
	*NODE_TM {
		*NODE_NAME "Bip01 R Calf"
		*TM_ROW0 -0.0525025	0.197539	-0.978888
		*TM_ROW1 -0.0104967	-0.980295	-0.19726
		*TM_ROW2 -0.998566	-8.16064e-005	0.0535415
		*TM_ROW3 -11.1154	-9.45856	60.6878
		*TM_POS -11.1154	-9.45856	60.6878
		*TM_ROTAXIS 0.686298	0.0684898	-0.724088
		*TM_ROTANGLE 2.99744
		*TM_SCALE 1	1	1
		*TM_SCALEAXIS 0	0	0
		*TM_SCALEAXISANG 0	0	0
	}
}
*HELPEROBJECT {
	*NODE_NAME "Bip01 R Foot"
	*NODE_PARENT "Bip01 R Calf"
	*NODE_TM {
		*NODE_NAME "Bip01 R Foot"
		*TM_ROW0 -5.86373e-007	-7.29557e-006	-1
		*TM_ROW1 -0.173652	-0.984807	7.26572e-006
		*TM_ROW2 -0.984807	0.173652	-5.93781e-007
		*TM_ROW3 -13.6935	0.24065	12.6267
		*TM_POS -13.6935	0.24065	12.6267
		*TM_ROTAXIS 0.705757	-0.0617498	-0.705757
		*TM_ROTANGLE 3.01826
		*TM_SCALE 1	1	1
