*3DSMAX_ASCIIEXPORT	110
*COMMENT "[ GothicSourcer v3.14 ] - June 2007"
*SCENE {
	*SCENE_FILENAME "HUM_POINT_AUTOAIM_M01.MAX"
	*SCENE_FIRSTFRAME 0
	*SCENE_LASTFRAME 8
	*SCENE_FRAMESPEED 1
	*SCENE_TICKSPERFRAME 4800
	*SCENE_BACKGROUND_STATIC 0	0	0
	*SCENE_AMBIENT_STATIC 0.2	0.2	0.2
}
*HELPEROBJECT {
	*NODE_NAME "Bip01"
	*NODE_TM {
		*NODE_NAME "Bip01"
		*TM_ROW0 6.27438e-006	-1	0
		*TM_ROW1 1	6.27438e-006	0
		*TM_ROW2 -0	-0	1
		*TM_ROW3 0	-7.37745	99.9496
		*TM_POS 0	-7.37745	99.9496
		*TM_ROTAXIS 0	0	1
		*TM_ROTANGLE 1.57079
		*TM_SCALE 1	1	1
		*TM_SCALEAXIS 0	0	0
		*TM_SCALEAXISANG 0	0	0
	}
}
*HELPEROBJECT {
	*NODE_NAME "Bip01 Pelvis"
	*NODE_PARENT "Bip01"
	*NODE_TM {
		*NODE_NAME "Bip01 Pelvis"
		*TM_ROW0 -5.96046e-008	1.79264e-006	1
		*TM_ROW1 -1.79264e-006	-1	1.79264e-006
		*TM_ROW2 1	-1.79264e-006	-5.96046e-008
		*TM_ROW3 1e-005	-8.0113	99.9496
		*TM_POS 1e-005	-8.0113	99.9496
		*TM_ROTAXIS 0.707107	0	0.707107
		*TM_ROTANGLE 3.1416
		*TM_SCALE 1	1	1
		*TM_SCALEAXIS 0	0	0
		*TM_SCALEAXISANG 0	0	0
	}
}
*HELPEROBJECT {
	*NODE_NAME "Bip01 Spine"
	*NODE_PARENT "Bip01 Pelvis"
	*NODE_TM {
		*NODE_NAME "Bip01 Spine"
		*TM_ROW0 5.96047e-008	-0.0205947	0.999788
		*TM_ROW1 5.48642e-006	-0.999788	-0.0205947
		*TM_ROW2 1	5.48642e-006	5.96047e-008
		*TM_ROW3 1e-005	-7.92216	102.35
		*TM_POS 1e-005	-7.92216	102.35
		*TM_ROTAXIS 0.707088	-0.00727998	0.707088
		*TM_ROTANGLE 3.12703
		*TM_SCALE 1	1	1
		*TM_SCALEAXIS 0	0	0
		*TM_SCALEAXISANG 0	0	0
	}
}
*HELPEROBJECT {
	*NODE_NAME "Bip01 Spine1"
	*NODE_PARENT "Bip01 Spine"
	*NODE_TM {
		*NODE_NAME "Bip01 Spine1"
		*TM_ROW0 5.96047e-008	-0.00276992	0.999996
		*TM_ROW1 -1.92621e-006	-0.999996	-0.00276991
		*TM_ROW2 1	-1.92621e-006	5.96047e-008
		*TM_ROW3 1e-005	-8.11442	112.175
		*TM_POS 1e-005	-8.11442	112.175
		*TM_ROTAXIS 0.707106	-0.000979995	0.707107
		*TM_ROTANGLE 3.13964
		*TM_SCALE 1	1	1
		*TM_SCALEAXIS 0	0	0
		*TM_SCALEAXISANG 0	0	0
	}
}
*HELPEROBJECT {
	*NODE_NAME "Bip01 Spine2"
	*NODE_PARENT "Bip01 Spine1"
	*NODE_TM {
		*NODE_NAME "Bip01 Spine2"
		*TM_ROW0 5.96048e-008	0.180243	0.983622
		*TM_ROW1 1.67638e-006	-0.983622	0.180243
		*TM_ROW2 1	1.67638e-006	5.96047e-008
		*TM_ROW3 1e-005	-8.1264	124.961
		*TM_POS 1e-005	-8.1264	124.961
		*TM_ROTAXIS 0.705652	0.0641202	0.705652
		*TM_ROTANGLE 3.26966
		*TM_SCALE 1	1	1
		*TM_SCALEAXIS 0	0	0
		*TM_SCALEAXISANG 0	0	0
	}
	*TM_ANIMATION {
		*NODE_NAME  "Bip01 Spine2"
		*CONTROL_POS_TRACK {
			*CONTROL_POS_SAMPLE 0	-0.00832641	-8.1275	124.961
			*CONTROL_POS_SAMPLE 4800	-0.40159	-7.76849	124.958
			*CONTROL_POS_SAMPLE 9600	-0.64834	-7.29627	124.954
			*CONTROL_POS_SAMPLE 14400	1.13855	-7.72486	124.958
			*CONTROL_POS_SAMPLE 19200	0.813692	-7.78219	124.958
			*CONTROL_POS_SAMPLE 24000	0.488243	-7.72485	124.958
			*CONTROL_POS_SAMPLE 28800	1.71011	-7.51291	124.956
			*CONTROL_POS_SAMPLE 33600	1.42346	-7.77872	124.958
			*CONTROL_POS_SAMPLE 38400	1.06269	-7.92985	124.96
		}
		*CONTROL_ROT_TRACK {
			*CONTROL_ROT_SAMPLE 0	0.746127	0.176454	0.641995	3.02268
			*CONTROL_ROT_SAMPLE 4800	0.765291	0.0442177	0.642163	3.24702
			*CONTROL_ROT_SAMPLE 9600	0.77076	-0.090421	0.630677	3.46955
			*CONTROL_ROT_SAMPLE 14400	-0.688064	-0.170799	-0.705263	3.29091
			*CONTROL_ROT_SAMPLE 19200	0.706269	0.0486566	0.706269	3.23883
			*CONTROL_ROT_SAMPLE 24000	0.713727	-0.0756972	0.696321	3.48391
			*CONTROL_ROT_SAMPLE 28800	-0.657021	-0.167493	-0.73503	3.30573
			*CONTROL_ROT_SAMPLE 33600	-0.674741	-0.0507421	-0.736308	3.04871
			*CONTROL_ROT_SAMPLE 38400	-0.683089	0.0680963	-0.727154	2.79302
		}
		*CONTROL_SCALE_TRACK {
			*CONTROL_SCALE_SAMPLE	0	1	1	1	0	0	0	0
		}
	}
}
*HELPEROBJECT {
	*NODE_NAME "Bip01 Neck"
	*NODE_PARENT "Bip01 Spine2"
	*NODE_TM {
		*NODE_NAME "Bip01 Neck"
		*TM_ROW0 5.96046e-007	-0.167043	0.98595
		*TM_ROW1 4.70132e-006	-0.98595	-0.167043
		*TM_ROW2 1	4.70132e-006	5.96047e-007
		*TM_ROW3 1.03264e-011	-2.71656	154.454
		*TM_POS 1.03264e-011	-2.71656	154.454
		*TM_ROTAXIS -0.70586	0.05937	-0.705859
		*TM_ROTANGLE 3.2602
		*TM_SCALE 1	1	1
		*TM_SCALEAXIS 0	0	0
		*TM_SCALEAXISANG 0	0	0
	}
	*TM_ANIMATION {
		*NODE_NAME  "Bip01 Neck"
		*CONTROL_POS_TRACK {
			*CONTROL_POS_SAMPLE 0	3.48187	-2.53998	154.213
			*CONTROL_POS_SAMPLE 4800	4.80459	-3.71319	154.207
			*CONTROL_POS_SAMPLE 9600	5.64527	-5.26919	154.2
			*CONTROL_POS_SAMPLE 14400	-0.28133	-3.85758	154.659
			*CONTROL_POS_SAMPLE 19200	0.813199	-3.66496	154.66
			*CONTROL_POS_SAMPLE 24000	1.90719	-3.85723	154.659
			*CONTROL_POS_SAMPLE 28800	-2.1605	-4.55449	154.544
			*CONTROL_POS_SAMPLE 33600	-1.18885	-3.67702	154.547
			*CONTROL_POS_SAMPLE 38400	0.0233498	-3.1833	154.549
		}
		*CONTROL_ROT_TRACK {
			*CONTROL_ROT_SAMPLE 0	0.777047	0.330495	0.535697	2.71095
			*CONTROL_ROT_SAMPLE 4800	0.765291	0.0442177	0.642163	3.24702
			*CONTROL_ROT_SAMPLE 9600	0.693185	-0.229059	0.683393	3.83525
			*CONTROL_ROT_SAMPLE 14400	0.719188	0.0495462	0.693046	2.74789
			*CONTROL_ROT_SAMPLE 19200	-0.705123	0.0748439	-0.705124	3.291
			*CONTROL_ROT_SAMPLE 24000	-0.680465	0.195814	-0.706133	3.04437
			*CONTROL_ROT_SAMPLE 28800	-0.688907	-0.0518212	-0.722995	3.56053
			*CONTROL_ROT_SAMPLE 33600	-0.674848	0.0673493	-0.734877	3.30578
			*CONTROL_ROT_SAMPLE 38400	-0.651577	0.183062	-0.736163	3.04873
		}
		*CONTROL_SCALE_TRACK {
			*CONTROL_SCALE_SAMPLE	0	1	1	1	0	0	0	0
		}
	}
}
*HELPEROBJECT {
	*NODE_NAME "Bip01 Head"
	*NODE_PARENT "Bip01 Neck"
	*NODE_TM {
		*NODE_NAME "Bip01 Head"
		*TM_ROW0 -5.96047e-008	1.76447e-006	1
		*TM_ROW1 -1.79264e-006	-1	1.80855e-006
		*TM_ROW2 1	-1.79264e-006	-5.96046e-008
		*TM_ROW3 2.27758e-011	-3.85901	161.198
		*TM_POS 2.27758e-011	-3.85901	161.198
		*TM_ROTAXIS -0.707107	-5.62215e-009	-0.707107
		*TM_ROTANGLE 3.14159
		*TM_SCALE 1	1	1
		*TM_SCALEAXIS 0	0	0
		*TM_SCALEAXISANG 0	0	0
	}
	*TM_ANIMATION {
		*NODE_NAME  "Bip01 Head"
		*CONTROL_POS_TRACK {
			*CONTROL_POS_SAMPLE 0	5.14844	-0.717045	160.59
			*CONTROL_POS_SAMPLE 4800	5.99179	-2.78917	160.878
			*CONTROL_POS_SAMPLE 9600	6.19964	-4.20153	160.933
			*CONTROL_POS_SAMPLE 14400	0.206313	-5.20675	161.346
			*CONTROL_POS_SAMPLE 19200	0.812694	-5.1001	161.347
			*CONTROL_POS_SAMPLE 24000	1.41859	-5.20604	161.346
			*CONTROL_POS_SAMPLE 28800	-2.19794	-6.0984	161.206
			*CONTROL_POS_SAMPLE 33600	-1.74904	-5.11549	161.21
			*CONTROL_POS_SAMPLE 38400	-0.991985	-4.34379	161.212
		}
		*CONTROL_ROT_TRACK {
			*CONTROL_ROT_SAMPLE 0	0.616924	0.507196	0.601794	2.98752
			*CONTROL_ROT_SAMPLE 4800	0.694331	0.189287	0.694316	3.51566
			*CONTROL_ROT_SAMPLE 9600	-0.697685	0.0855818	-0.711275	2.07752
			*CONTROL_ROT_SAMPLE 14400	0.655613	0.380362	0.652301	2.4246
			*CONTROL_ROT_SAMPLE 19200	0.707103	0.00305591	0.707103	3.14771
			*CONTROL_ROT_SAMPLE 24000	-0.653703	0.375493	-0.657021	2.41324
			*CONTROL_ROT_SAMPLE 28800	0.789613	0.213389	0.575306	2.10131
			*CONTROL_ROT_SAMPLE 33600	-0.695162	0.183024	-0.695164	3.5036
			*CONTROL_ROT_SAMPLE 38400	-0.508035	0.505739	-0.697229	2.76903
		}
		*CONTROL_SCALE_TRACK {
			*CONTROL_SCALE_SAMPLE	0	1	1	1	0	0	0	0
		}
	}
}
*HELPEROBJECT {
	*NODE_NAME "ZS_HELMET"
	*NODE_PARENT "Bip01 Head"
	*NODE_TM {
		*NODE_NAME "ZS_HELMET"
		*TM_ROW0 1	7.87298e-013	7.61567e-014
		*TM_ROW1 -1.53811e-013	0.996917	-0.0784593
		*TM_ROW2 -5.53111e-014	0.0784593	0.996918
		*TM_ROW3 1e-005	-7.06248	173.704
		*TM_POS 1e-005	-7.06248	173.704
		*TM_ROTAXIS 1	8.37809e-013	-5.99744e-012
		*TM_ROTANGLE 0.078541
		*TM_SCALE 1	1	1
		*TM_SCALEAXIS 0	0	0
		*TM_SCALEAXISANG 0	0	0
	}
}
*HELPEROBJECT {
	*NODE_NAME "Bip01 L Clavicle"
	*NODE_PARENT "Bip01 Neck"
	*NODE_TM {
		*NODE_NAME "Bip01 L Clavicle"
		*TM_ROW0 0.935229	-0.203893	-0.289439
		*TM_ROW1 0.156435	0.971369	-0.178803
		*TM_ROW2 0.317608	0.121943	0.940348
		*TM_ROW3 7.96399	-1.25804	148.729
		*TM_POS 7.96399	-1.25804	148.729
		*TM_ROTAXIS 0.391939	-0.791119	0.469589
		*TM_ROTANGLE 0.39376
		*TM_SCALE 1	1	1
		*TM_SCALEAXIS 0	0	0
		*TM_SCALEAXISANG 0	0	0
	}
}
*HELPEROBJECT {
	*NODE_NAME "Bip01 L UpperArm"
	*NODE_PARENT "Bip01 L Clavicle"
	*NODE_TM {
		*NODE_NAME "Bip01 L UpperArm"
		*TM_ROW0 0.246229	0.0989027	-0.964152
		*TM_ROW1 0.412789	0.889345	0.196649
		*TM_ROW2 0.876913	-0.446412	0.178157
		*TM_ROW3 20.4269	-3.97508	144.872
		*TM_POS 20.4269	-3.97508	144.872
		*TM_ROTAXIS -0.325561	-0.932072	0.15891
		*TM_ROTANGLE 1.41328
		*TM_SCALE 1	1	1
		*TM_SCALEAXIS 0	0	0
		*TM_SCALEAXISANG 0	0	0
	}
}
*HELPEROBJECT {
	*NODE_NAME "Bip01 L Forearm"
	*NODE_PARENT "Bip01 L UpperArm"
	*NODE_TM {
		*NODE_NAME "Bip01 L Forearm"
		*TM_ROW0 0.0455122	-0.291882	-0.955371
		*TM_ROW1 0.478489	0.845886	-0.235638
		*TM_ROW2 0.876913	-0.44641	0.17816
		*TM_ROW3 27.2982	-1.21526	117.966
		*TM_POS 27.2982	-1.21526	117.966
		*TM_ROTAXIS -0.10545	-0.916697	0.385419
		*TM_ROTANGLE 1.53601
		*TM_SCALE 1	1	1
		*TM_SCALEAXIS 0	0	0
		*TM_SCALEAXISANG 0	0	0
	}
}
*HELPEROBJECT {
	*NODE_NAME "Bip01 L Hand"
	*NODE_PARENT "Bip01 L Forearm"
	*NODE_TM {
		*NODE_NAME "Bip01 L Hand"
		*TM_ROW0 0.0455132	-0.291886	-0.95537
		*TM_ROW1 -0.876533	0.44708	-0.17835
		*TM_ROW2 0.479185	0.845531	-0.2355
		*TM_ROW3 28.5642	-9.33438	91.391
		*TM_POS 28.5642	-9.33438	91.391
		*TM_ROTAXIS 0.551391	-0.772552	-0.314851
		*TM_ROTANGLE 1.95137
		*TM_SCALE 1	1	1
		*TM_SCALEAXIS 0	0	0
		*TM_SCALEAXISANG 0	0	0
	}
}
*HELPEROBJECT {
	*NODE_NAME "Bip01 L Finger0"
	*NODE_PARENT "Bip01 L Hand"
	*NODE_TM {
		*NODE_NAME "Bip01 L Finger0"
		*TM_ROW0 0.0455153	-0.291888	-0.955369
		*TM_ROW1 -0.876915	0.446405	-0.178165
		*TM_ROW2 0.478485	0.845886	-0.235643
		*TM_ROW3 29.15	-13.0909	79.0956
		*TM_POS 29.15	-13.0909	79.0956
		*TM_ROTAXIS 0.551581	-0.772311	-0.31511
		*TM_ROTANGLE 1.95181
		*TM_SCALE 1	1	1
		*TM_SCALEAXIS 0	0	0
		*TM_SCALEAXISANG 0	0	0
	}
}
*HELPEROBJECT {
	*NODE_NAME "ZS_LEFTHAND"
	*NODE_PARENT "Bip01 L Hand"
	*NODE_TM {
		*NODE_NAME "ZS_LEFTHAND"
		*TM_ROW0 0.435606	0.890062	-0.134303
		*TM_ROW1 0.180312	-0.232461	-0.955745
		*TM_ROW2 -0.881893	0.392112	-0.261751
		*TM_ROW3 26.7605	-11.5467	82.7857
		*TM_POS 26.7605	-11.5467	82.7857
		*TM_ROTAXIS 0.794322	0.440571	-0.418271
		*TM_ROTANGLE 2.12858
		*TM_SCALE 1	1	1
		*TM_SCALEAXIS 0	0	0
		*TM_SCALEAXISANG 0	0	0
	}
}
*HELPEROBJECT {
	*NODE_NAME "ZS_LEFTARM"
	*NODE_PARENT "Bip01 L Forearm"
	*NODE_TM {
		*NODE_NAME "ZS_LEFTARM"
		*TM_ROW0 0.0759923	-0.150176	-0.985735
		*TM_ROW1 0.524499	0.846792	-0.0885737
		*TM_ROW2 0.848013	-0.510286	0.143117
		*TM_ROW3 26.9101	-7.67833	110.055
		*TM_POS 26.9101	-7.67833	110.055
		*TM_ROTAXIS -0.21097	-0.917372	0.337521
		*TM_ROTANGLE 1.53784
		*TM_SCALE 1	1	1
		*TM_SCALEAXIS 0	0	0
		*TM_SCALEAXISANG 0	0	0
	}
}
*HELPEROBJECT {
	*NODE_NAME "Bip01 R Clavicle"
	*NODE_PARENT "Bip01 Neck"
	*NODE_TM {
		*NODE_NAME "Bip01 R Clavicle"
		*TM_ROW0 -0.935227	-0.203899	-0.28944
		*TM_ROW1 -0.156442	0.971369	-0.178799
		*TM_ROW2 0.317609	-0.121937	-0.940349
		*TM_ROW3 -7.96398	-1.25806	148.729
		*TM_POS -7.96398	-1.25806	148.729
		*TM_ROTAXIS -0.0929799	0.992639	-0.0776
		*TM_ROTANGLE 3.45235
		*TM_SCALE 1	1	1
		*TM_SCALEAXIS 0	0	0
		*TM_SCALEAXISANG 0	0	0
	}
	*TM_ANIMATION {
		*NODE_NAME  "Bip01 R Clavicle"
		*CONTROL_POS_TRACK {
			*CONTROL_POS_SAMPLE 0	-5.27662	-4.25777	149.806
			*CONTROL_POS_SAMPLE 4800	-4.01764	-2.33304	149.805
			*CONTROL_POS_SAMPLE 9600	-2.17679	-0.953503	149.801
			*CONTROL_POS_SAMPLE 14400	-8.16593	-5.47305	148.798
			*CONTROL_POS_SAMPLE 19200	-7.15078	-2.48641	148.801
			*CONTROL_POS_SAMPLE 24000	-5.17608	-0.02632	148.804
			*CONTROL_POS_SAMPLE 28800	-9.52264	-6.07849	148.015
			*CONTROL_POS_SAMPLE 33600	-8.6312	-2.59099	148.022
			*CONTROL_POS_SAMPLE 38400	-6.60207	0.38214	148.028
		}
		*CONTROL_ROT_TRACK {
			*CONTROL_ROT_SAMPLE 0	-0.38553	0.915982	-0.111101	2.74896
			*CONTROL_ROT_SAMPLE 4800	-0.220076	0.972662	-0.0741366	2.71549
			*CONTROL_ROT_SAMPLE 9600	-0.0479591	0.998219	-0.0354874	2.69583
			*CONTROL_ROT_SAMPLE 14400	-0.396283	0.916509	-0.0545008	3.20228
			*CONTROL_ROT_SAMPLE 19200	-0.231106	0.971147	-0.0588426	3.18208
			*CONTROL_ROT_SAMPLE 24000	-0.0590034	0.996367	-0.0614156	3.16065
			*CONTROL_ROT_SAMPLE 28800	-0.420022	0.906094	0.0507379	3.76634
			*CONTROL_ROT_SAMPLE 33600	-0.256619	0.966494	-0.00602218	3.77374
			*CONTROL_ROT_SAMPLE 38400	-0.084779	0.994435	-0.0625394	3.7613
		}
		*CONTROL_SCALE_TRACK {
			*CONTROL_SCALE_SAMPLE	0	1	1	1	0	0	0	0
		}
	}
}
*HELPEROBJECT {
	*NODE_NAME "Bip01 R UpperArm"
	*NODE_PARENT "Bip01 R Clavicle"
	*NODE_TM {
		*NODE_NAME "Bip01 R UpperArm"
		*TM_ROW0 -0.246232	0.0988932	-0.964153
		*TM_ROW1 -0.412793	0.889345	0.196642
		*TM_ROW2 0.876911	0.446415	-0.178163
		*TM_ROW3 -20.4269	-3.97513	144.872
		*TM_POS -20.4269	-3.97513	144.872
		*TM_ROTAXIS 0.12961	-0.955353	-0.265521
		*TM_ROTANGLE 1.84162
		*TM_SCALE 1	1	1
		*TM_SCALEAXIS 0	0	0
		*TM_SCALEAXISANG 0	0	0
	}
	*TM_ANIMATION {
		*NODE_NAME  "Bip01 R UpperArm"
		*CONTROL_POS_TRACK {
			*CONTROL_POS_SAMPLE 0	-13.7772	-12.745	155.575
			*CONTROL_POS_SAMPLE 4800	-14.9186	-7.37492	155.578
			*CONTROL_POS_SAMPLE 9600	-14.1421	-1.96342	155.58
			*CONTROL_POS_SAMPLE 14400	-17.2854	-15.1883	148.633
			*CONTROL_POS_SAMPLE 19200	-19.0426	-8.49773	148.64
			*CONTROL_POS_SAMPLE 24000	-18.4066	-1.60904	148.648
			*CONTROL_POS_SAMPLE 28800	-16.0735	-14.8686	140.439
			*CONTROL_POS_SAMPLE 33600	-17.7965	-8.61041	140.45
			*CONTROL_POS_SAMPLE 38400	-17.2765	-2.14037	140.46
		}
		*CONTROL_ROT_TRACK {
			*CONTROL_ROT_SAMPLE 0	0.843157	-0.370604	0.389536	2.48091
			*CONTROL_ROT_SAMPLE 4800	0.654693	-0.5251	0.543735	2.61657
			*CONTROL_ROT_SAMPLE 9600	-0.349692	0.690211	-0.633502	3.06069
			*CONTROL_ROT_SAMPLE 14400	0.84561	-0.498816	0.190072	1.99473
			*CONTROL_ROT_SAMPLE 19200	-0.571002	0.734372	-0.366953	4.01298
			*CONTROL_ROT_SAMPLE 24000	-0.158853	0.789565	-0.59275	3.66074
			*CONTROL_ROT_SAMPLE 28800	0.614672	-0.788464	0.0224525	1.59357
			*CONTROL_ROT_SAMPLE 33600	0.383196	-0.920989	0.070286	1.99697
			*CONTROL_ROT_SAMPLE 38400	-0.2092	0.971492	-0.111528	4.03383
		}
		*CONTROL_SCALE_TRACK {
			*CONTROL_SCALE_SAMPLE	0	1	1	1	0	0	0	0
		}
	}
}
*HELPEROBJECT {
	*NODE_NAME "Bip01 R Forearm"
	*NODE_PARENT "Bip01 R UpperArm"
	*NODE_TM {
		*NODE_NAME "Bip01 R Forearm"
		*TM_ROW0 -0.0455087	-0.291889	-0.955369
		*TM_ROW1 -0.478487	0.845885	-0.235646
		*TM_ROW2 0.876914	0.446408	-0.17816
		*TM_ROW3 -27.2982	-1.21534	117.966
		*TM_POS -27.2982	-1.21534	117.966
		*TM_ROTAXIS 0.347279	-0.932937	-0.0950097
		*TM_ROTANGLE 1.76083
		*TM_SCALE 1	1	1
		*TM_SCALEAXIS 0	0	0
		*TM_SCALEAXISANG 0	0	0
	}
	*TM_ANIMATION {
		*NODE_NAME  "Bip01 R Forearm"
		*CONTROL_POS_TRACK {
			*CONTROL_POS_SAMPLE 0	-0.308224	-35.0207	165.631
			*CONTROL_POS_SAMPLE 4800	-16.7549	-32.8749	166.763
			*CONTROL_POS_SAMPLE 9600	-35.1427	-13.9831	169.48
			*CONTROL_POS_SAMPLE 14400	-0.602163	-36.6358	142.276
			*CONTROL_POS_SAMPLE 19200	-22.0519	-35.5687	142.57
			*CONTROL_POS_SAMPLE 24000	-41.3203	-16.3546	142.626
			*CONTROL_POS_SAMPLE 28800	-5.92554	-29.328	118.836
			*CONTROL_POS_SAMPLE 33600	-23.5412	-24.3167	118.11
			*CONTROL_POS_SAMPLE 38400	-32.8046	-13.795	120.415
		}
		*CONTROL_ROT_TRACK {
			*CONTROL_ROT_SAMPLE 0	0.879845	-0.171607	0.443198	2.66615
			*CONTROL_ROT_SAMPLE 4800	0.73524	-0.359244	0.574774	2.86511
			*CONTROL_ROT_SAMPLE 9600	-0.500418	0.605766	-0.61857	2.78264
			*CONTROL_ROT_SAMPLE 14400	0.903027	-0.29071	0.316275	2.1078
			*CONTROL_ROT_SAMPLE 19200	0.692172	-0.569418	0.443464	2.45065
			*CONTROL_ROT_SAMPLE 24000	-0.319922	0.716317	-0.620113	3.39132
			*CONTROL_ROT_SAMPLE 28800	0.752281	-0.617264	0.230345	1.65041
			*CONTROL_ROT_SAMPLE 33600	0.565197	-0.798796	0.206101	2.05873
			*CONTROL_ROT_SAMPLE 38400	-0.410736	0.887145	-0.210403	3.96206
		}
		*CONTROL_SCALE_TRACK {
			*CONTROL_SCALE_SAMPLE	0	1	1	1	0	0	0	0
		}
	}
}
*HELPEROBJECT {
	*NODE_NAME "Bip01 R Hand"
	*NODE_PARENT "Bip01 R Forearm"
	*NODE_TM {
		*NODE_NAME "Bip01 R Hand"
		*TM_ROW0 -0.0455115	-0.291885	-0.95537
		*TM_ROW1 0.87653	0.447088	-0.17835
		*TM_ROW2 0.479192	-0.845527	0.235499
		*TM_ROW3 -28.5642	-9.33445	91.391
		*TM_POS -28.5642	-9.33445	91.391
		*TM_ROTAXIS -0.33922	-0.72939	0.59407
		*TM_ROTANGLE 1.75327
		*TM_SCALE 1	1	1
		*TM_SCALEAXIS 0	0	0
		*TM_SCALEAXISANG 0	0	0
	}
	*TM_ANIMATION {
		*NODE_NAME  "Bip01 R Hand"
		*CONTROL_POS_TRACK {
			*CONTROL_POS_SAMPLE 0	15.6385	-48.5974	183.937
			*CONTROL_POS_SAMPLE 4800	-14.0123	-51.654	187.099
			*CONTROL_POS_SAMPLE 9600	-47.6983	-24.265	192.071
			*CONTROL_POS_SAMPLE 14400	19.4544	-55.233	147.337
			*CONTROL_POS_SAMPLE 19200	-19.8915	-62.8416	147.595
			*CONTROL_POS_SAMPLE 24000	-62.668	-33.1684	148.568
			*CONTROL_POS_SAMPLE 28800	8.85577	-49.6594	106.925
			*CONTROL_POS_SAMPLE 33600	-23.5302	-47.8267	103.244
			*CONTROL_POS_SAMPLE 38400	-43.8795	-35.1233	106.409
		}
		*CONTROL_ROT_TRACK {
			*CONTROL_ROT_SAMPLE 0	0.670133	0.302384	0.677854	1.41009
			*CONTROL_ROT_SAMPLE 4800	0.51689	0.199251	0.83254	1.86011
			*CONTROL_ROT_SAMPLE 9600	-0.484279	-0.0192809	-0.874701	3.55066
			*CONTROL_ROT_SAMPLE 14400	0.463425	0.0451401	0.884986	0.919693
			*CONTROL_ROT_SAMPLE 19200	0.306297	-0.108787	0.9457	1.63232
			*CONTROL_ROT_SAMPLE 24000	-0.144254	0.0678699	-0.987211	3.73412
			*CONTROL_ROT_SAMPLE 28800	-0.165245	-0.398968	0.901953	1.06811
			*CONTROL_ROT_SAMPLE 33600	-0.0191318	-0.499406	0.866157	1.60898
			*CONTROL_ROT_SAMPLE 38400	-0.00693355	-0.519167	0.854645	2.01799
		}
		*CONTROL_SCALE_TRACK {
			*CONTROL_SCALE_SAMPLE	0	1	1	1	0	0	0	0
		}
	}
}
*HELPEROBJECT {
	*NODE_NAME "Bip01 R Finger0"
	*NODE_PARENT "Bip01 R Hand"
	*NODE_TM {
		*NODE_NAME "Bip01 R Finger0"
		*TM_ROW0 -0.0455056	-0.291877	-0.955373
		*TM_ROW1 0.876914	0.446413	-0.178152
		*TM_ROW2 0.478489	-0.845886	0.235636
		*TM_ROW3 -29.1499	-13.0909	79.0956
		*TM_POS -29.1499	-13.0909	79.0956
		*TM_ROTAXIS -0.33952	-0.729071	0.594291
		*TM_ROTANGLE 1.75354
		*TM_SCALE 1	1	1
		*TM_SCALEAXIS 0	0	0
		*TM_SCALEAXISANG 0	0	0
	}
	*TM_ANIMATION {
		*NODE_NAME  "Bip01 R Finger0"
		*CONTROL_POS_TRACK {
			*CONTROL_POS_SAMPLE 0	22.5519	-55.0185	192.689
			*CONTROL_POS_SAMPLE 4800	-13.2649	-60.2198	196.675
			*CONTROL_POS_SAMPLE 9600	-53.7188	-28.5118	202.623
			*CONTROL_POS_SAMPLE 14400	28.3425	-64.1867	149.878
			*CONTROL_POS_SAMPLE 19200	-19.4018	-75.4445	150.155
			*CONTROL_POS_SAMPLE 24000	-72.8542	-40.4936	151.432
			*CONTROL_POS_SAMPLE 28800	15.2376	-59.3915	101.431
			*CONTROL_POS_SAMPLE 33600	-24.0173	-58.8378	96.5998
			*CONTROL_POS_SAMPLE 38400	-49.4445	-44.9738	100.275
		}
		*CONTROL_ROT_TRACK {
			*CONTROL_ROT_SAMPLE 0	0.669884	0.302736	0.677943	1.40958
			*CONTROL_ROT_SAMPLE 4800	0.51668	0.199601	0.832587	1.85971
			*CONTROL_ROT_SAMPLE 9600	-0.484217	-0.019618	-0.874728	3.55103
			*CONTROL_ROT_SAMPLE 14400	0.462815	0.0454967	0.885287	0.919337
			*CONTROL_ROT_SAMPLE 19200	0.305969	-0.108435	0.945846	1.63208
			*CONTROL_ROT_SAMPLE 24000	-0.144139	0.0674914	-0.987253	3.73423
			*CONTROL_ROT_SAMPLE 28800	-0.165877	-0.398578	0.902009	1.06824
			*CONTROL_ROT_SAMPLE 33600	-0.0195018	-0.49907	0.866342	1.609
			*CONTROL_ROT_SAMPLE 38400	-0.00717558	-0.518837	0.854843	2.018
		}
		*CONTROL_SCALE_TRACK {
			*CONTROL_SCALE_SAMPLE	0	1	1	1	0	0	0	0
		}
	}
}
*HELPEROBJECT {
	*NODE_NAME "ZS_RIGHTHAND"
	*NODE_PARENT "Bip01 R Hand"
	*NODE_TM {
		*NODE_NAME "ZS_RIGHTHAND"
		*TM_ROW0 -0.464344	0.856417	-0.225687
		*TM_ROW1 0.177861	0.339806	0.923525
		*TM_ROW2 0.867612	0.388692	-0.31011
		*TM_ROW3 -20.9389	-19.9852	85.8932
		*TM_POS -20.9389	-19.9852	85.8932
		*TM_ROTAXIS 0.383811	0.784581	0.486951
		*TM_ROTANGLE 3.91244
		*TM_SCALE 1	1	1
		*TM_SCALEAXIS 0	0	0
		*TM_SCALEAXISANG 0	0	0
	}
}
*HELPEROBJECT {
	*NODE_NAME "ZS_CROSSBOW"
	*NODE_PARENT "Bip01 Spine2"
	*NODE_TM {
		*NODE_NAME "ZS_CROSSBOW"
		*TM_ROW0 -0.382687	-0.111464	0.91713
		*TM_ROW1 -0.923878	0.0461715	-0.379891
		*TM_ROW2 -1.2517e-006	-0.992695	-0.120648
		*TM_ROW3 -14.434	10.5915	165.98
		*TM_POS -14.434	10.5915	165.98
		*TM_ROTAXIS -0.447329	0.669479	-0.593039
		*TM_ROTANGLE 2.38705
		*TM_SCALE 1	1	1
		*TM_SCALEAXIS 0	0	0
		*TM_SCALEAXISANG 0	0	0
	}
}
*HELPEROBJECT {
	*NODE_NAME "ZS_LONGSWORD"
	*NODE_PARENT "Bip01 Spine2"
	*NODE_TM {
		*NODE_NAME "ZS_LONGSWORD"
		*TM_ROW0 -0.499829	-0.0915011	0.861277
		*TM_ROW1 -0.865729	0.0828188	-0.493614
		*TM_ROW2 -0.0261636	-0.992355	-0.12061
		*TM_ROW3 -18.1593	6.92629	157.64
		*TM_POS -18.1593	6.92629	157.64
		*TM_ROTAXIS -0.38996	0.69388	-0.60536
		*TM_ROTANGLE 2.44778
		*TM_SCALE 1	1	1
		*TM_SCALEAXIS 0	0	0
		*TM_SCALEAXISANG 0	0	0
	}
}
*HELPEROBJECT {
	*NODE_NAME "ZS_SHIELD"
	*NODE_PARENT "Bip01 Spine2"
	*NODE_TM {
		*NODE_NAME "ZS_SHIELD"
		*TM_ROW0 -0.0138681	0.114196	-0.993362
		*TM_ROW1 -0.908393	0.413755	0.0602465
		*TM_ROW2 0.417888	0.903198	0.0979964
		*TM_ROW3 8.76511	9.5282	131.875
		*TM_POS 8.76511	9.5282	131.875
		*TM_ROTAXIS 0.435421	-0.728972	-0.528212
		*TM_ROTANGLE 1.82457
		*TM_SCALE 1	1	1
		*TM_SCALEAXIS 0	0	0
		*TM_SCALEAXISANG 0	0	0
	}
}
*HELPEROBJECT {
	*NODE_NAME "ZS_BOW"
	*NODE_PARENT "Bip01 Spine2"
	*NODE_TM {
		*NODE_NAME "ZS_BOW"
		*TM_ROW0 -0.341816	-0.0868229	0.935748
		*TM_ROW1 0.0119438	0.995242	0.0967059
		*TM_ROW2 -0.939691	0.044232	-0.339153
		*TM_ROW3 0.5012	12.4143	124.55
		*TM_POS 0.5012	12.4143	124.55
		*TM_ROTAXIS -0.0279299	0.998227	0.0525698
		*TM_ROTANGLE 1.92076
		*TM_SCALE 1	1	1
		*TM_SCALEAXIS 0	0	0
		*TM_SCALEAXISANG 0	0	0
	}
}
*HELPEROBJECT {
	*NODE_NAME "ZS_SWORD"
	*NODE_PARENT "Bip01 Spine"
	*NODE_TM {
		*NODE_NAME "ZS_SWORD"
		*TM_ROW0 5.79282e-007	-0.347172	0.937802
		*TM_ROW1 1.04309e-007	0.937802	0.347172
		*TM_ROW2 -1	-1.04308e-007	5.79283e-007
		*TM_ROW3 17.5015	-4.36211	106.367
		*TM_POS 17.5015	-4.36211	106.367
		*TM_ROTAXIS -0.17367	0.96937	0.17367
		*TM_ROTANGLE 1.6019
		*TM_SCALE 1	1	1
		*TM_SCALEAXIS 0	0	0
		*TM_SCALEAXISANG 0	0	0
	}
}
*HELPEROBJECT {
	*NODE_NAME "Bip01 L Thigh"
	*NODE_PARENT "Bip01 Pelvis"
	*NODE_TM {
		*NODE_NAME "Bip01 L Thigh"
		*TM_ROW0 0.0534878	-0.0367886	-0.997891
		*TM_ROW1 -0.00216181	-0.999323	0.0367256
		*TM_ROW2 -0.998566	0.000192882	-0.0535313
		*TM_ROW3 9.01023	-8.01129	99.9496
		*TM_POS 9.01023	-8.01129	99.9496
		*TM_ROTAXIS 0.72572	-0.01342	-0.68786
		*TM_ROTANGLE 3.16677
		*TM_SCALE 1	1	1
		*TM_SCALEAXIS 0	0	0
		*TM_SCALEAXISANG 0	0	0
	}
}
*HELPEROBJECT {
	*NODE_NAME "Bip01 L Calf"
	*NODE_PARENT "Bip01 L Thigh"
	*NODE_TM {
		*NODE_NAME "Bip01 L Calf"
		*TM_ROW0 0.0525131	0.197552	-0.978885
		*TM_ROW1 0.0103904	-0.980292	-0.197278
		*TM_ROW2 -0.998566	0.000188708	-0.0535307
		*TM_ROW3 11.1149	-9.45845	60.6877
		*TM_POS 11.1149	-9.45845	60.6877
		*TM_ROTAXIS 0.723901	0.0721501	-0.686121
		*TM_ROTANGLE 3.00478
		*TM_SCALE 1	1	1
		*TM_SCALEAXIS 0	0	0
		*TM_SCALEAXISANG 0	0	0
	}
}
*HELPEROBJECT {
	*NODE_NAME "Bip01 L Foot"
	*NODE_PARENT "Bip01 L Calf"
	*NODE_TM {
		*NODE_NAME "Bip01 L Foot"
		*TM_ROW0 -5.93318e-007	7.27489e-006	-1
		*TM_ROW1 0.173652	-0.984807	-7.26412e-006
		*TM_ROW2 -0.984807	-0.173652	-5.97767e-007
		*TM_ROW3 13.6935	0.240668	12.6267
		*TM_POS 13.6935	0.240668	12.6267
		*TM_ROTAXIS 0.705757	0.0617498	-0.705757
		*TM_ROTANGLE 3.26493
		*TM_SCALE 1	1	1
		*TM_SCALEAXIS 0	0	0
		*TM_SCALEAXISANG 0	0	0
	}
}
*HELPEROBJECT {
	*NODE_NAME "Bip01 L Toe0"
	*NODE_PARENT "Bip01 L Foot"
	*NODE_TM {
		*NODE_NAME "Bip01 L Toe0"
		*TM_ROW0 0.173646	-0.984808	5.05914e-006
		*TM_ROW1 5.06367e-006	5.91264e-006	1
		*TM_ROW2 -0.984808	-0.173646	5.92894e-006
		*TM_ROW3 17.6256	-22.0591	5.26591e-006
		*TM_POS 17.6256	-22.0591	5.26591e-006
		*TM_ROTAXIS -0.644398	0.540718	0.540718
		*TM_ROTANGLE 1.99673
		*TM_SCALE 1	1	1
		*TM_SCALEAXIS 0	0	0
		*TM_SCALEAXISANG 0	0	0
	}
}
*HELPEROBJECT {
	*NODE_NAME "Bip01 R Thigh"
	*NODE_PARENT "Bip01 Pelvis"
	*NODE_TM {
		*NODE_NAME "Bip01 R Thigh"
		*TM_ROW0 -0.0535034	-0.0367749	-0.99789
		*TM_ROW1 0.00205776	-0.999324	0.0367174
		*TM_ROW2 -0.998566	-8.89041e-005	0.0535432
		*TM_ROW3 -9.01021	-8.01132	99.9496
		*TM_POS -9.01021	-8.01132	99.9496
		*TM_ROTAXIS 0.687862	-0.01262	-0.725732
		*TM_ROTANGLE 3.16835
		*TM_SCALE 1	1	1
		*TM_SCALEAXIS 0	0	0
		*TM_SCALEAXISANG 0	0	0
	}
}
*HELPEROBJECT {
	*NODE_NAME "Bip01 R Calf"
	*NODE_PARENT "Bip01 R Thigh"
	*NODE_TM {
		*NODE_NAME "Bip01 R Calf"
		*TM_ROW0 -0.0525025	0.197539	-0.978888
		*TM_ROW1 -0.0104967	-0.980295	-0.19726
		*TM_ROW2 -0.998566	-8.16064e-005	0.0535415
		*TM_ROW3 -11.1154	-9.45856	60.6878
		*TM_POS -11.1154	-9.45856	60.6878
		*TM_ROTAXIS 0.686298	0.0684898	-0.724088
		*TM_ROTANGLE 2.99744
		*TM_SCALE 1	1	1
		*TM_SCALEAXIS 0	0	0
		*TM_SCALEAXISANG 0	0	0
	}
}
*HELPEROBJECT {
	*NODE_NAME "Bip01 R Foot"
	*NODE_PARENT "Bip01 R Calf"
	*NODE_TM {
		*NODE_NAME "Bip01 R Foot"
		*TM_ROW0 -5.86373e-007	-7.29557e-006	-1
		*TM_ROW1 -0.173652	-0.984807	7.26572e-006
		*TM_ROW2 -0.984807	0.173652	-5.93781e-007
		*TM_ROW3 -13.6935	0.24065	12.6267
		*TM_POS -13.6935	0.24065	12.6267
		*TM_ROTAXIS 0.705757	-0.0617498	-0.705757
		*TM_ROTANGLE 3.01826
		*TM_SCALE 1	1	1
		*TM_SCALEAXIS 0	0	0
		*TM_SCALEAXISANG 0	0	0
	}
}
*HELPEROBJECT {
	*NODE_NAME "Bip01 R Toe0"
	*NODE_PARENT "Bip01 R Foot"
	*NODE_TM {
		*NODE_NAME "Bip01 R Toe0"
		*TM_ROW0 -0.173651	-0.984807	3.52553e-006
		*TM_ROW1 3.507e-006	3.07854e-006	1
		*TM_ROW2 -0.984807	0.173651	3.0421e-006
		*TM_ROW3 -17.6255	-22.0592	2.91014e-005
		*TM_POS -17.6255	-22.0592	2.91014e-005
		*TM_ROTAXIS -0.510271	0.608121	0.608121
		*TM_ROTANGLE 2.19793
		*TM_SCALE 1	1	1
		*TM_SCALEAXIS 0	0	0
		*TM_SCALEAXISANG 0	0	0
	}
}
