*3DSMAX_ASCIIEXPORT	110
*COMMENT "[ GothicSourcer v3.14 ] - June 2007"
*SCENE {
	*SCENE_FILENAME "HUM_SITBIGTHRONE_PART_M02.MAX"
	*SCENE_FIRSTFRAME 0
	*SCENE_LASTFRAME 5
	*SCENE_FRAMESPEED 25
	*SCENE_TICKSPERFRAME 192
	*SCENE_BACKGROUND_STATIC 0	0	0
	*SCENE_AMBIENT_STATIC 0.2	0.2	0.2
}
*HELPEROBJECT {
	*NODE_NAME "Bip01"
	*NODE_TM {
		*NODE_NAME "Bip01"
		*TM_ROW0 6.27438e-006	-1	0
		*TM_ROW1 1	6.27438e-006	0
		*TM_ROW2 -0	-0	1
		*TM_ROW3 0	-7.37745	99.9496
		*TM_POS 0	-7.37745	99.9496
		*TM_ROTAXIS 0	0	1
		*TM_ROTANGLE 1.57079
		*TM_SCALE 1	1	1
		*TM_SCALEAXIS 0	0	0
		*TM_SCALEAXISANG 0	0	0
	}
}
*HELPEROBJECT {
	*NODE_NAME "Bip01 Pelvis"
	*NODE_PARENT "Bip01"
	*NODE_TM {
		*NODE_NAME "Bip01 Pelvis"
		*TM_ROW0 -5.96046e-008	1.79264e-006	1
		*TM_ROW1 -1.79264e-006	-1	1.79264e-006
		*TM_ROW2 1	-1.79264e-006	-5.96046e-008
		*TM_ROW3 1e-005	-8.0113	99.9496
		*TM_POS 1e-005	-8.0113	99.9496
		*TM_ROTAXIS 0.707107	0	0.707107
		*TM_ROTANGLE 3.1416
		*TM_SCALE 1	1	1
		*TM_SCALEAXIS 0	0	0
		*TM_SCALEAXISANG 0	0	0
	}
	*TM_ANIMATION {
		*NODE_NAME  "Bip01 Pelvis"
		*CONTROL_POS_TRACK {
			*CONTROL_POS_SAMPLE 0	-0.000254374	-8.01117	99.9493
			*CONTROL_POS_SAMPLE 192	-0.00190205	-7.85721	99.9872
			*CONTROL_POS_SAMPLE 384	-0.0224878	-7.55586	100.062
			*CONTROL_POS_SAMPLE 576	-0.0340162	-7.32779	100.118
			*CONTROL_POS_SAMPLE 768	-0.00766843	-7.39366	100.1
			*CONTROL_POS_SAMPLE 960	0.0870254	-7.97495	99.9493
		}
		*CONTROL_ROT_TRACK {
			*CONTROL_ROT_SAMPLE 0	-0.707081	-2.21825e-006	-0.707133	3.1417
			*CONTROL_ROT_SAMPLE 192	-0.70706	0.00251286	-0.707149	3.13674
			*CONTROL_ROT_SAMPLE 384	-0.707031	0.00722602	-0.707146	3.12737
			*CONTROL_ROT_SAMPLE 576	-0.707008	0.0108065	-0.707123	3.12021
			*CONTROL_ROT_SAMPLE 768	-0.707002	0.010036	-0.70714	3.1218
			*CONTROL_ROT_SAMPLE 960	-0.707036	0.0015839	-0.707176	3.1387
		}
		*CONTROL_SCALE_TRACK {
			*CONTROL_SCALE_SAMPLE	0	1	1	1	0	0	0	0
		}
	}
}
*HELPEROBJECT {
	*NODE_NAME "Bip01 Spine"
	*NODE_PARENT "Bip01 Pelvis"
	*NODE_TM {
		*NODE_NAME "Bip01 Spine"
		*TM_ROW0 5.96047e-008	-0.0205947	0.999788
		*TM_ROW1 5.48642e-006	-0.999788	-0.0205947
		*TM_ROW2 1	5.48642e-006	5.96047e-008
		*TM_ROW3 1e-005	-7.92216	102.35
		*TM_POS 1e-005	-7.92216	102.35
		*TM_ROTAXIS 0.707088	-0.00727998	0.707088
		*TM_ROTANGLE 3.12703
		*TM_SCALE 1	1	1
		*TM_SCALEAXIS 0	0	0
		*TM_SCALEAXISANG 0	0	0
	}
	*TM_ANIMATION {
		*NODE_NAME  "Bip01 Spine"
		*CONTROL_POS_TRACK {
			*CONTROL_POS_SAMPLE 0	-0.000696112	-7.92217	102.35
			*CONTROL_POS_SAMPLE 192	-0.0018397	-7.76833	102.388
			*CONTROL_POS_SAMPLE 384	-0.021333	-7.46708	102.463
			*CONTROL_POS_SAMPLE 576	-0.0319598	-7.23903	102.519
			*CONTROL_POS_SAMPLE 768	-0.00588786	-7.30497	102.501
			*CONTROL_POS_SAMPLE 960	0.0866795	-7.88625	102.35
		}
		*CONTROL_ROT_TRACK {
			*CONTROL_ROT_SAMPLE 0	-0.706945	0.0196231	-0.706996	3.18095
			*CONTROL_ROT_SAMPLE 192	-0.706821	0.0221134	-0.707047	3.17595
			*CONTROL_ROT_SAMPLE 384	-0.706595	0.0268448	-0.707108	3.16662
			*CONTROL_ROT_SAMPLE 576	-0.706424	0.0303987	-0.707135	3.15942
			*CONTROL_ROT_SAMPLE 768	-0.70645	0.0296514	-0.707141	3.16105
			*CONTROL_ROT_SAMPLE 960	-0.706836	0.0212071	-0.707059	3.17795
		}
		*CONTROL_SCALE_TRACK {
			*CONTROL_SCALE_SAMPLE	0	1	1	1	0	0	0	0
		}
	}
}
*HELPEROBJECT {
	*NODE_NAME "Bip01 Spine1"
	*NODE_PARENT "Bip01 Spine"
	*NODE_TM {
		*NODE_NAME "Bip01 Spine1"
		*TM_ROW0 5.96047e-008	-0.00276992	0.999996
		*TM_ROW1 -1.92621e-006	-0.999996	-0.00276991
		*TM_ROW2 1	-1.92621e-006	5.96047e-008
		*TM_ROW3 1e-005	-8.11442	112.175
		*TM_POS 1e-005	-8.11442	112.175
		*TM_ROTAXIS 0.707106	-0.000979995	0.707107
		*TM_ROTANGLE 3.13964
		*TM_SCALE 1	1	1
		*TM_SCALEAXIS 0	0	0
		*TM_SCALEAXISANG 0	0	0
	}
	*TM_ANIMATION {
		*NODE_NAME  "Bip01 Spine1"
		*CONTROL_POS_TRACK {
			*CONTROL_POS_SAMPLE 0	-0.00163237	-8.45711	112.162
			*CONTROL_POS_SAMPLE 192	-0.00706348	-8.30395	112.2
			*CONTROL_POS_SAMPLE 384	-0.0340361	-8.00276	112.275
			*CONTROL_POS_SAMPLE 576	-0.0500576	-7.77393	112.331
			*CONTROL_POS_SAMPLE 768	-0.0231448	-7.84085	112.312
			*CONTROL_POS_SAMPLE 960	0.0822009	-8.42239	112.162
		}
		*CONTROL_ROT_TRACK {
			*CONTROL_ROT_SAMPLE 0	-0.707075	0.00407744	-0.707127	3.14986
			*CONTROL_ROT_SAMPLE 192	-0.707033	0.00652432	-0.70715	3.14477
			*CONTROL_ROT_SAMPLE 384	-0.706966	0.0111464	-0.70716	3.13521
			*CONTROL_ROT_SAMPLE 576	-0.706916	0.0146131	-0.707147	3.12783
			*CONTROL_ROT_SAMPLE 768	-0.706915	0.013888	-0.707162	3.1295
			*CONTROL_ROT_SAMPLE 960	-0.707017	0.00566325	-0.707174	3.14686
		}
		*CONTROL_SCALE_TRACK {
			*CONTROL_SCALE_SAMPLE	0	1	1	1	0	0	0	0
		}
	}
}
*HELPEROBJECT {
	*NODE_NAME "Bip01 Spine2"
	*NODE_PARENT "Bip01 Spine1"
	*NODE_TM {
		*NODE_NAME "Bip01 Spine2"
		*TM_ROW0 5.96048e-008	0.180243	0.983622
		*TM_ROW1 1.67638e-006	-0.983622	0.180243
		*TM_ROW2 1	1.67638e-006	5.96047e-008
		*TM_ROW3 1e-005	-8.1264	124.961
		*TM_POS 1e-005	-8.1264	124.961
		*TM_ROTAXIS 0.705652	0.0641202	0.705652
		*TM_ROTANGLE 3.26966
		*TM_SCALE 1	1	1
		*TM_SCALEAXIS 0	0	0
		*TM_SCALEAXISANG 0	0	0
	}
	*TM_ANIMATION {
		*NODE_NAME  "Bip01 Spine2"
		*CONTROL_POS_TRACK {
			*CONTROL_POS_SAMPLE 0	-0.00281974	-8.58146	124.948
			*CONTROL_POS_SAMPLE 192	-0.00977459	-8.42649	124.986
			*CONTROL_POS_SAMPLE 384	-0.0387832	-8.12246	125.06
			*CONTROL_POS_SAMPLE 576	-0.0558786	-7.88948	125.116
			*CONTROL_POS_SAMPLE 768	-0.0291794	-7.95846	125.098
			*CONTROL_POS_SAMPLE 960	0.0788947	-8.54831	124.948
		}
		*CONTROL_ROT_TRACK {
			*CONTROL_ROT_SAMPLE 0	-0.706345	-0.0455538	-0.7064	3.05065
			*CONTROL_ROT_SAMPLE 192	0.706496	0.0437931	0.706361	3.23717
			*CONTROL_ROT_SAMPLE 384	0.706771	0.0405432	0.70628	3.24563
			*CONTROL_ROT_SAMPLE 576	0.707008	0.0381288	0.706177	3.25228
			*CONTROL_ROT_SAMPLE 768	0.706956	0.0385109	0.706208	3.25083
			*CONTROL_ROT_SAMPLE 960	0.706451	0.0439695	0.706395	3.23553
		}
		*CONTROL_SCALE_TRACK {
			*CONTROL_SCALE_SAMPLE	0	1	1	1	0	0	0	0
		}
	}
}
*HELPEROBJECT {
	*NODE_NAME "Bip01 Neck"
	*NODE_PARENT "Bip01 Spine2"
	*NODE_TM {
		*NODE_NAME "Bip01 Neck"
		*TM_ROW0 5.96046e-007	-0.167043	0.98595
		*TM_ROW1 4.70132e-006	-0.98595	-0.167043
		*TM_ROW2 1	4.70132e-006	5.96047e-007
		*TM_ROW3 1.03264e-011	-2.71656	154.454
		*TM_POS 1.03264e-011	-2.71656	154.454
		*TM_ROTAXIS -0.70586	0.05937	-0.705859
		*TM_ROTANGLE 3.2602
		*TM_SCALE 1	1	1
		*TM_SCALEAXIS 0	0	0
		*TM_SCALEAXISANG 0	0	0
	}
	*TM_ANIMATION {
		*NODE_NAME  "Bip01 Neck"
		*CONTROL_POS_TRACK {
			*CONTROL_POS_SAMPLE 0	-0.00556904	-4.72702	154.684
			*CONTROL_POS_SAMPLE 192	0.00678002	-4.54882	154.719
			*CONTROL_POS_SAMPLE 384	0.0137295	-4.20338	154.788
			*CONTROL_POS_SAMPLE 576	0.0274173	-3.93355	154.839
			*CONTROL_POS_SAMPLE 768	0.0473246	-4.01674	154.823
			*CONTROL_POS_SAMPLE 960	0.0892889	-4.69758	154.685
		}
		*CONTROL_ROT_TRACK {
			*CONTROL_ROT_SAMPLE 0	-0.704933	0.077948	-0.704978	3.2973
			*CONTROL_ROT_SAMPLE 192	-0.704574	0.079689	-0.705142	3.29268
			*CONTROL_ROT_SAMPLE 384	-0.703913	0.0828996	-0.705432	3.28426
			*CONTROL_ROT_SAMPLE 576	-0.703439	0.0852864	-0.705621	3.27762
			*CONTROL_ROT_SAMPLE 768	-0.703517	0.0849084	-0.705588	3.27907
			*CONTROL_ROT_SAMPLE 960	-0.704631	0.0795151	-0.705104	3.29432
		}
		*CONTROL_SCALE_TRACK {
			*CONTROL_SCALE_SAMPLE	0	1	1	1	0	0	0	0
		}
	}
}
*HELPEROBJECT {
	*NODE_NAME "Bip01 Head"
	*NODE_PARENT "Bip01 Neck"
	*NODE_TM {
		*NODE_NAME "Bip01 Head"
		*TM_ROW0 -5.96047e-008	1.76447e-006	1
		*TM_ROW1 -1.79264e-006	-1	1.80855e-006
		*TM_ROW2 1	-1.79264e-006	-5.96046e-008
		*TM_ROW3 2.27758e-011	-3.85901	161.198
		*TM_POS 2.27758e-011	-3.85901	161.198
		*TM_ROTAXIS -0.707107	-5.62215e-009	-0.707107
		*TM_ROTANGLE 3.14159
		*TM_SCALE 1	1	1
		*TM_SCALEAXIS 0	0	0
		*TM_SCALEAXISANG 0	0	0
	}
}
*HELPEROBJECT {
	*NODE_NAME "ZS_HELMET"
	*NODE_PARENT "Bip01 Head"
	*NODE_TM {
		*NODE_NAME "ZS_HELMET"
		*TM_ROW0 1	7.87298e-013	7.61567e-014
		*TM_ROW1 -1.53811e-013	0.996917	-0.0784593
		*TM_ROW2 -5.53111e-014	0.0784593	0.996918
		*TM_ROW3 1e-005	-7.06248	173.704
		*TM_POS 1e-005	-7.06248	173.704
		*TM_ROTAXIS 1	8.37809e-013	-5.99744e-012
		*TM_ROTANGLE 0.078541
		*TM_SCALE 1	1	1
		*TM_SCALEAXIS 0	0	0
		*TM_SCALEAXISANG 0	0	0
	}
}
*HELPEROBJECT {
	*NODE_NAME "Bip01 L Clavicle"
	*NODE_PARENT "Bip01 Neck"
	*NODE_TM {
		*NODE_NAME "Bip01 L Clavicle"
		*TM_ROW0 0.935229	-0.203893	-0.289439
		*TM_ROW1 0.156435	0.971369	-0.178803
		*TM_ROW2 0.317608	0.121943	0.940348
		*TM_ROW3 7.96399	-1.25804	148.729
		*TM_POS 7.96399	-1.25804	148.729
		*TM_ROTAXIS 0.391939	-0.791119	0.469589
		*TM_ROTANGLE 0.39376
		*TM_SCALE 1	1	1
		*TM_SCALEAXIS 0	0	0
		*TM_SCALEAXISANG 0	0	0
	}
	*TM_ANIMATION {
		*NODE_NAME  "Bip01 L Clavicle"
		*CONTROL_POS_TRACK {
			*CONTROL_POS_SAMPLE 0	7.95798	-3.49634	148.836
			*CONTROL_POS_SAMPLE 192	7.97789	-3.36872	148.871
			*CONTROL_POS_SAMPLE 384	7.99789	-3.1158	148.939
			*CONTROL_POS_SAMPLE 576	8.02119	-2.91866	148.99
			*CONTROL_POS_SAMPLE 768	8.03879	-2.98629	148.974
			*CONTROL_POS_SAMPLE 960	8.05886	-3.50093	148.838
		}
		*CONTROL_ROT_TRACK {
			*CONTROL_ROT_SAMPLE 0	0.400706	-0.690163	0.602586	0.281542
			*CONTROL_ROT_SAMPLE 192	0.396191	-0.681684	0.615094	0.2853
			*CONTROL_ROT_SAMPLE 384	0.388217	-0.665889	0.637086	0.292529
			*CONTROL_ROT_SAMPLE 576	0.382167	-0.654457	0.652407	0.298039
			*CONTROL_ROT_SAMPLE 768	0.382491	-0.657164	0.64949	0.29684
			*CONTROL_ROT_SAMPLE 960	0.395217	-0.684559	0.612521	0.284058
		}
		*CONTROL_SCALE_TRACK {
			*CONTROL_SCALE_SAMPLE	0	1	1	1	0	0	0	0
		}
	}
}
*HELPEROBJECT {
	*NODE_NAME "Bip01 L UpperArm"
	*NODE_PARENT "Bip01 L Clavicle"
	*NODE_TM {
		*NODE_NAME "Bip01 L UpperArm"
		*TM_ROW0 0.246229	0.0989027	-0.964152
		*TM_ROW1 0.412789	0.889345	0.196649
		*TM_ROW2 0.876913	-0.446412	0.178157
		*TM_ROW3 20.4269	-3.97508	144.872
		*TM_POS 20.4269	-3.97508	144.872
		*TM_ROTAXIS -0.325561	-0.932072	0.15891
		*TM_ROTANGLE 1.41328
		*TM_SCALE 1	1	1
		*TM_SCALEAXIS 0	0	0
		*TM_SCALEAXISANG 0	0	0
	}
	*TM_ANIMATION {
		*NODE_NAME  "Bip01 L UpperArm"
		*CONTROL_POS_TRACK {
			*CONTROL_POS_SAMPLE 0	20.8432	-5.87271	146.408
			*CONTROL_POS_SAMPLE 192	20.8494	-5.82136	146.445
			*CONTROL_POS_SAMPLE 384	20.8427	-5.71062	146.52
			*CONTROL_POS_SAMPLE 576	20.8451	-5.61877	146.576
			*CONTROL_POS_SAMPLE 768	20.8669	-5.66462	146.557
			*CONTROL_POS_SAMPLE 960	20.9339	-5.93319	146.41
		}
		*CONTROL_ROT_TRACK {
			*CONTROL_ROT_SAMPLE 0	-0.325567	-0.932059	0.158973	1.41326
			*CONTROL_ROT_SAMPLE 192	-0.329742	-0.929143	0.167222	1.41788
			*CONTROL_ROT_SAMPLE 384	-0.337638	-0.923319	0.182981	1.42733
			*CONTROL_ROT_SAMPLE 576	-0.343437	-0.918806	0.194543	1.43473
			*CONTROL_ROT_SAMPLE 768	-0.342048	-0.92002	0.191222	1.43253
			*CONTROL_ROT_SAMPLE 960	-0.327562	-0.930944	0.161391	1.41388
		}
		*CONTROL_SCALE_TRACK {
			*CONTROL_SCALE_SAMPLE	0	1	1	1	0	0	0	0
		}
	}
}
*HELPEROBJECT {
	*NODE_NAME "Bip01 L Forearm"
	*NODE_PARENT "Bip01 L UpperArm"
	*NODE_TM {
		*NODE_NAME "Bip01 L Forearm"
		*TM_ROW0 0.0455122	-0.291882	-0.955371
		*TM_ROW1 0.478489	0.845886	-0.235638
		*TM_ROW2 0.876913	-0.44641	0.17816
		*TM_ROW3 27.2982	-1.21526	117.966
		*TM_POS 27.2982	-1.21526	117.966
		*TM_ROTAXIS -0.10545	-0.916697	0.385419
		*TM_ROTANGLE 1.53601
		*TM_SCALE 1	1	1
		*TM_SCALEAXIS 0	0	0
		*TM_SCALEAXISANG 0	0	0
	}
	*TM_ANIMATION {
		*NODE_NAME  "Bip01 L Forearm"
		*CONTROL_POS_TRACK {
			*CONTROL_POS_SAMPLE 0	27.7148	-3.11474	119.502
			*CONTROL_POS_SAMPLE 192	27.6717	-3.18607	119.515
			*CONTROL_POS_SAMPLE 384	27.5586	-3.30875	119.542
			*CONTROL_POS_SAMPLE 576	27.475	-3.38628	119.561
			*CONTROL_POS_SAMPLE 768	27.5276	-3.37869	119.555
			*CONTROL_POS_SAMPLE 960	27.8207	-3.20191	119.506
		}
		*CONTROL_ROT_TRACK {
			*CONTROL_ROT_SAMPLE 0	-0.105467	-0.916675	0.385466	1.53601
			*CONTROL_ROT_SAMPLE 192	-0.10954	-0.913625	0.391523	1.54394
			*CONTROL_ROT_SAMPLE 384	-0.117296	-0.90768	0.402938	1.55968
			*CONTROL_ROT_SAMPLE 576	-0.123001	-0.903192	0.411235	1.57171
			*CONTROL_ROT_SAMPLE 768	-0.121612	-0.904446	0.408885	1.56819
			*CONTROL_ROT_SAMPLE 960	-0.107466	-0.915651	0.387343	1.53759
		}
		*CONTROL_SCALE_TRACK {
			*CONTROL_SCALE_SAMPLE	0	1	1	1	0	0	0	0
		}
	}
}
*HELPEROBJECT {
	*NODE_NAME "Bip01 L Hand"
	*NODE_PARENT "Bip01 L Forearm"
	*NODE_TM {
		*NODE_NAME "Bip01 L Hand"
		*TM_ROW0 0.0455132	-0.291886	-0.95537
		*TM_ROW1 -0.876533	0.44708	-0.17835
		*TM_ROW2 0.479185	0.845531	-0.2355
		*TM_ROW3 28.5642	-9.33438	91.391
		*TM_POS 28.5642	-9.33438	91.391
		*TM_ROTAXIS 0.551391	-0.772552	-0.314851
		*TM_ROTANGLE 1.95137
		*TM_SCALE 1	1	1
		*TM_SCALEAXIS 0	0	0
		*TM_SCALEAXISANG 0	0	0
	}
	*TM_ANIMATION {
		*NODE_NAME  "Bip01 L Hand"
		*CONTROL_POS_TRACK {
			*CONTROL_POS_SAMPLE 0	28.9805	-11.2348	92.9279
			*CONTROL_POS_SAMPLE 192	28.7429	-11.3638	92.9501
			*CONTROL_POS_SAMPLE 384	28.2458	-11.5877	92.9952
			*CONTROL_POS_SAMPLE 576	27.8704	-11.7323	93.0297
			*CONTROL_POS_SAMPLE 768	28.01	-11.7007	93.0171
			*CONTROL_POS_SAMPLE 960	29.0544	-11.3241	92.9311
		}
		*CONTROL_ROT_TRACK {
			*CONTROL_ROT_SAMPLE 0	0.551384	-0.772573	-0.314813	1.95135
			*CONTROL_ROT_SAMPLE 192	0.545086	-0.778287	-0.311689	1.95166
			*CONTROL_ROT_SAMPLE 384	0.532532	-0.789253	-0.305761	1.95256
			*CONTROL_ROT_SAMPLE 576	0.523004	-0.797276	-0.301361	1.95347
			*CONTROL_ROT_SAMPLE 768	0.525788	-0.794989	-0.302554	1.95278
			*CONTROL_ROT_SAMPLE 960	0.54996	-0.774115	-0.313512	1.94981
		}
		*CONTROL_SCALE_TRACK {
			*CONTROL_SCALE_SAMPLE	0	1	1	1	0	0	0	0
		}
	}
}
*HELPEROBJECT {
	*NODE_NAME "Bip01 L Finger0"
	*NODE_PARENT "Bip01 L Hand"
	*NODE_TM {
		*NODE_NAME "Bip01 L Finger0"
		*TM_ROW0 0.0455153	-0.291888	-0.955369
		*TM_ROW1 -0.876915	0.446405	-0.178165
		*TM_ROW2 0.478485	0.845886	-0.235643
		*TM_ROW3 29.15	-13.0909	79.0956
		*TM_POS 29.15	-13.0909	79.0956
		*TM_ROTAXIS 0.551581	-0.772311	-0.31511
		*TM_ROTANGLE 1.95181
		*TM_SCALE 1	1	1
		*TM_SCALEAXIS 0	0	0
		*TM_SCALEAXISANG 0	0	0
	}
	*TM_ANIMATION {
		*NODE_NAME  "Bip01 L Finger0"
		*CONTROL_POS_TRACK {
			*CONTROL_POS_SAMPLE 0	29.5664	-14.992	80.6329
			*CONTROL_POS_SAMPLE 192	29.2043	-15.1295	80.6524
			*CONTROL_POS_SAMPLE 384	28.4606	-15.3606	80.693
			*CONTROL_POS_SAMPLE 576	27.8997	-15.5049	80.7256
			*CONTROL_POS_SAMPLE 768	28.0969	-15.4726	80.7129
			*CONTROL_POS_SAMPLE 960	29.6254	-15.0823	80.6357
		}
		*CONTROL_ROT_TRACK {
			*CONTROL_ROT_SAMPLE 0	0.551565	-0.772341	-0.315064	1.95177
			*CONTROL_ROT_SAMPLE 192	0.545269	-0.778057	-0.311944	1.95208
			*CONTROL_ROT_SAMPLE 384	0.532718	-0.789026	-0.306022	1.95297
			*CONTROL_ROT_SAMPLE 576	0.523192	-0.797052	-0.301626	1.95387
			*CONTROL_ROT_SAMPLE 768	0.525976	-0.794764	-0.302818	1.95319
			*CONTROL_ROT_SAMPLE 960	0.550142	-0.773883	-0.313764	1.95024
		}
		*CONTROL_SCALE_TRACK {
			*CONTROL_SCALE_SAMPLE	0	1	1	1	0	0	0	0
		}
	}
}
*HELPEROBJECT {
	*NODE_NAME "ZS_LEFTHAND"
	*NODE_PARENT "Bip01 L Hand"
	*NODE_TM {
		*NODE_NAME "ZS_LEFTHAND"
		*TM_ROW0 0.435606	0.890062	-0.134303
		*TM_ROW1 0.180312	-0.232461	-0.955745
		*TM_ROW2 -0.881893	0.392112	-0.261751
		*TM_ROW3 26.7605	-11.5467	82.7857
		*TM_POS 26.7605	-11.5467	82.7857
		*TM_ROTAXIS 0.794322	0.440571	-0.418271
		*TM_ROTANGLE 2.12858
		*TM_SCALE 1	1	1
		*TM_SCALEAXIS 0	0	0
		*TM_SCALEAXISANG 0	0	0
	}
}
*HELPEROBJECT {
	*NODE_NAME "ZS_LEFTARM"
	*NODE_PARENT "Bip01 L Forearm"
	*NODE_TM {
		*NODE_NAME "ZS_LEFTARM"
		*TM_ROW0 0.0759923	-0.150176	-0.985735
		*TM_ROW1 0.524499	0.846792	-0.0885737
		*TM_ROW2 0.848013	-0.510286	0.143117
		*TM_ROW3 26.9101	-7.67833	110.055
		*TM_POS 26.9101	-7.67833	110.055
		*TM_ROTAXIS -0.21097	-0.917372	0.337521
		*TM_ROTANGLE 1.53784
		*TM_SCALE 1	1	1
		*TM_SCALEAXIS 0	0	0
		*TM_SCALEAXISANG 0	0	0
	}
}
*HELPEROBJECT {
	*NODE_NAME "Bip01 R Clavicle"
	*NODE_PARENT "Bip01 Neck"
	*NODE_TM {
		*NODE_NAME "Bip01 R Clavicle"
		*TM_ROW0 -0.935227	-0.203899	-0.28944
		*TM_ROW1 -0.156442	0.971369	-0.178799
		*TM_ROW2 0.317609	-0.121937	-0.940349
		*TM_ROW3 -7.96398	-1.25806	148.729
		*TM_POS -7.96398	-1.25806	148.729
		*TM_ROTAXIS -0.0929799	0.992639	-0.0776
		*TM_ROTANGLE 3.45235
		*TM_SCALE 1	1	1
		*TM_SCALEAXIS 0	0	0
		*TM_SCALEAXISANG 0	0	0
	}
	*TM_ANIMATION {
		*NODE_NAME  "Bip01 R Clavicle"
		*CONTROL_POS_TRACK {
			*CONTROL_POS_SAMPLE 0	-7.9698	-3.4976	148.835
			*CONTROL_POS_SAMPLE 192	-7.94964	-3.27801	148.868
			*CONTROL_POS_SAMPLE 384	-7.92778	-2.85648	148.934
			*CONTROL_POS_SAMPLE 576	-7.90267	-2.52964	148.983
			*CONTROL_POS_SAMPLE 768	-7.88484	-2.62243	148.967
			*CONTROL_POS_SAMPLE 960	-7.86877	-3.43271	148.835
		}
		*CONTROL_ROT_TRACK {
			*CONTROL_ROT_SAMPLE 0	-0.0850215	0.994777	-0.056486	3.33572
			*CONTROL_ROT_SAMPLE 192	-0.0822782	0.994963	-0.0572551	3.3354
			*CONTROL_ROT_SAMPLE 384	-0.0769744	0.995323	-0.0583647	3.33488
			*CONTROL_ROT_SAMPLE 576	-0.0729857	0.995563	-0.0593984	3.33435
			*CONTROL_ROT_SAMPLE 768	-0.073743	0.995526	-0.0590838	3.3345
			*CONTROL_ROT_SAMPLE 960	-0.0829367	0.994938	-0.056737	3.33558
		}
		*CONTROL_SCALE_TRACK {
			*CONTROL_SCALE_SAMPLE	0	1	1	1	0	0	0	0
		}
	}
}
*HELPEROBJECT {
	*NODE_NAME "Bip01 R UpperArm"
	*NODE_PARENT "Bip01 R Clavicle"
	*NODE_TM {
		*NODE_NAME "Bip01 R UpperArm"
		*TM_ROW0 -0.246232	0.0988932	-0.964153
		*TM_ROW1 -0.412793	0.889345	0.196642
		*TM_ROW2 0.876911	0.446415	-0.178163
		*TM_ROW3 -20.4269	-3.97513	144.872
		*TM_POS -20.4269	-3.97513	144.872
		*TM_ROTAXIS 0.12961	-0.955353	-0.265521
		*TM_ROTANGLE 1.84162
		*TM_SCALE 1	1	1
		*TM_SCALEAXIS 0	0	0
		*TM_SCALEAXISANG 0	0	0
	}
	*TM_ANIMATION {
		*NODE_NAME  "Bip01 R UpperArm"
		*CONTROL_POS_TRACK {
			*CONTROL_POS_SAMPLE 0	-20.8544	-5.87598	146.405
			*CONTROL_POS_SAMPLE 192	-20.8471	-5.58655	146.439
			*CONTROL_POS_SAMPLE 384	-20.8489	-5.02898	146.505
			*CONTROL_POS_SAMPLE 576	-20.841	-4.60011	146.556
			*CONTROL_POS_SAMPLE 768	-20.8198	-4.71202	146.539
			*CONTROL_POS_SAMPLE 960	-20.763	-5.75726	146.403
		}
		*CONTROL_ROT_TRACK {
			*CONTROL_ROT_SAMPLE 0	0.129753	-0.955317	-0.265581	1.84156
			*CONTROL_ROT_SAMPLE 192	0.124441	-0.956053	-0.265477	1.83811
			*CONTROL_ROT_SAMPLE 384	0.113666	-0.957282	-0.265878	1.83108
			*CONTROL_ROT_SAMPLE 576	0.105672	-0.9582	-0.26587	1.82589
			*CONTROL_ROT_SAMPLE 768	0.107801	-0.958073	-0.265473	1.82731
			*CONTROL_ROT_SAMPLE 960	0.127895	-0.95599	-0.264055	1.84036
		}
		*CONTROL_SCALE_TRACK {
			*CONTROL_SCALE_SAMPLE	0	1	1	1	0	0	0	0
		}
	}
}
*HELPEROBJECT {
	*NODE_NAME "Bip01 R Forearm"
	*NODE_PARENT "Bip01 R UpperArm"
	*NODE_TM {
		*NODE_NAME "Bip01 R Forearm"
		*TM_ROW0 -0.0455087	-0.291889	-0.955369
		*TM_ROW1 -0.478487	0.845885	-0.235646
		*TM_ROW2 0.876914	0.446408	-0.17816
		*TM_ROW3 -27.2982	-1.21534	117.966
		*TM_POS -27.2982	-1.21534	117.966
		*TM_ROTAXIS 0.347279	-0.932937	-0.0950097
		*TM_ROTANGLE 1.76083
		*TM_SCALE 1	1	1
		*TM_SCALEAXIS 0	0	0
		*TM_SCALEAXISANG 0	0	0
	}
	*TM_ANIMATION {
		*NODE_NAME  "Bip01 R Forearm"
		*CONTROL_POS_TRACK {
			*CONTROL_POS_SAMPLE 0	-27.7229	-3.11934	119.499
			*CONTROL_POS_SAMPLE 192	-27.672	-2.63865	119.542
			*CONTROL_POS_SAMPLE 384	-27.5773	-1.67756	119.63
			*CONTROL_POS_SAMPLE 576	-27.4925	-0.959851	119.7
			*CONTROL_POS_SAMPLE 768	-27.4932	-1.1599	119.677
			*CONTROL_POS_SAMPLE 960	-27.6167	-2.97563	119.496
		}
		*CONTROL_ROT_TRACK {
			*CONTROL_ROT_SAMPLE 0	0.347412	-0.932881	-0.0950727	1.76075
			*CONTROL_ROT_SAMPLE 192	0.342431	-0.93481	-0.0941908	1.75744
			*CONTROL_ROT_SAMPLE 384	0.3323	-0.938575	-0.0930206	1.75043
			*CONTROL_ROT_SAMPLE 576	0.324737	-0.941333	-0.0918616	1.7454
			*CONTROL_ROT_SAMPLE 768	0.326726	-0.940651	-0.0917913	1.74696
			*CONTROL_ROT_SAMPLE 960	0.345601	-0.933732	-0.0932964	1.76029
		}
		*CONTROL_SCALE_TRACK {
			*CONTROL_SCALE_SAMPLE	0	1	1	1	0	0	0	0
		}
	}
}
*HELPEROBJECT {
	*NODE_NAME "Bip01 R Hand"
	*NODE_PARENT "Bip01 R Forearm"
	*NODE_TM {
		*NODE_NAME "Bip01 R Hand"
		*TM_ROW0 -0.0455115	-0.291885	-0.95537
		*TM_ROW1 0.87653	0.447088	-0.17835
		*TM_ROW2 0.479192	-0.845527	0.235499
		*TM_ROW3 -28.5642	-9.33445	91.391
		*TM_POS -28.5642	-9.33445	91.391
		*TM_ROTAXIS -0.33922	-0.72939	0.59407
		*TM_ROTANGLE 1.75327
		*TM_SCALE 1	1	1
		*TM_SCALEAXIS 0	0	0
		*TM_SCALEAXISANG 0	0	0
	}
	*TM_ANIMATION {
		*NODE_NAME  "Bip01 R Hand"
		*CONTROL_POS_TRACK {
			*CONTROL_POS_SAMPLE 0	-28.9839	-11.2398	92.9243
			*CONTROL_POS_SAMPLE 192	-28.9669	-10.6209	92.9275
			*CONTROL_POS_SAMPLE 384	-28.9268	-9.35757	92.9299
			*CONTROL_POS_SAMPLE 576	-28.8819	-8.42388	92.9404
			*CONTROL_POS_SAMPLE 768	-28.8785	-8.69349	92.9363
			*CONTROL_POS_SAMPLE 960	-28.9082	-11.0942	92.9224
		}
		*CONTROL_ROT_TRACK {
			*CONTROL_ROT_SAMPLE 0	-0.339164	-0.729473	0.594001	1.75301
			*CONTROL_ROT_SAMPLE 192	-0.34485	-0.727576	0.593052	1.75659
			*CONTROL_ROT_SAMPLE 384	-0.356393	-0.724084	0.590497	1.76357
			*CONTROL_ROT_SAMPLE 576	-0.364841	-0.721218	0.588842	1.76889
			*CONTROL_ROT_SAMPLE 768	-0.362355	-0.721783	0.589686	1.7678
			*CONTROL_ROT_SAMPLE 960	-0.340327	-0.727973	0.595175	1.75534
		}
		*CONTROL_SCALE_TRACK {
			*CONTROL_SCALE_SAMPLE	0	1	1	1	0	0	0	0
		}
	}
}
*HELPEROBJECT {
	*NODE_NAME "Bip01 R Finger0"
	*NODE_PARENT "Bip01 R Hand"
	*NODE_TM {
		*NODE_NAME "Bip01 R Finger0"
		*TM_ROW0 -0.0455056	-0.291877	-0.955373
		*TM_ROW1 0.876914	0.446413	-0.178152
		*TM_ROW2 0.478489	-0.845886	0.235636
		*TM_ROW3 -29.1499	-13.0909	79.0956
		*TM_POS -29.1499	-13.0909	79.0956
		*TM_ROTAXIS -0.33952	-0.729071	0.594291
		*TM_ROTANGLE 1.75354
		*TM_SCALE 1	1	1
		*TM_SCALEAXIS 0	0	0
		*TM_SCALEAXISANG 0	0	0
	}
	*TM_ANIMATION {
		*NODE_NAME  "Bip01 R Finger0"
		*CONTROL_POS_TRACK {
			*CONTROL_POS_SAMPLE 0	-29.5676	-14.9967	80.6291
			*CONTROL_POS_SAMPLE 192	-29.5314	-14.2962	80.6068
			*CONTROL_POS_SAMPLE 384	-29.445	-12.8588	80.5565
			*CONTROL_POS_SAMPLE 576	-29.3647	-11.8009	80.5312
			*CONTROL_POS_SAMPLE 768	-29.3773	-12.1108	80.5388
			*CONTROL_POS_SAMPLE 960	-29.506	-14.8502	80.6277
		}
		*CONTROL_ROT_TRACK {
			*CONTROL_ROT_SAMPLE 0	-0.339447	-0.729165	0.594217	1.75327
			*CONTROL_ROT_SAMPLE 192	-0.345131	-0.727268	0.593267	1.75685
			*CONTROL_ROT_SAMPLE 384	-0.35667	-0.723775	0.590708	1.76384
			*CONTROL_ROT_SAMPLE 576	-0.365114	-0.720909	0.589051	1.76917
			*CONTROL_ROT_SAMPLE 768	-0.362628	-0.721473	0.589896	1.76808
			*CONTROL_ROT_SAMPLE 960	-0.340609	-0.727665	0.59539	1.75561
		}
		*CONTROL_SCALE_TRACK {
			*CONTROL_SCALE_SAMPLE	0	1	1	1	0	0	0	0
		}
	}
}
*HELPEROBJECT {
	*NODE_NAME "ZS_RIGHTHAND"
	*NODE_PARENT "Bip01 R Hand"
	*NODE_TM {
		*NODE_NAME "ZS_RIGHTHAND"
		*TM_ROW0 -0.464344	0.856417	-0.225687
		*TM_ROW1 0.177861	0.339806	0.923525
		*TM_ROW2 0.867612	0.388692	-0.31011
		*TM_ROW3 -20.9389	-19.9852	85.8932
		*TM_POS -20.9389	-19.9852	85.8932
		*TM_ROTAXIS 0.383811	0.784581	0.486951
		*TM_ROTANGLE 3.91244
		*TM_SCALE 1	1	1
		*TM_SCALEAXIS 0	0	0
		*TM_SCALEAXISANG 0	0	0
	}
}
*HELPEROBJECT {
	*NODE_NAME "ZS_CROSSBOW"
	*NODE_PARENT "Bip01 Spine2"
	*NODE_TM {
		*NODE_NAME "ZS_CROSSBOW"
		*TM_ROW0 -0.382687	-0.111464	0.91713
		*TM_ROW1 -0.923878	0.0461715	-0.379891
		*TM_ROW2 -1.2517e-006	-0.992695	-0.120648
		*TM_ROW3 -14.434	10.5915	165.98
		*TM_POS -14.434	10.5915	165.98
		*TM_ROTAXIS -0.447329	0.669479	-0.593039
		*TM_ROTANGLE 2.38705
		*TM_SCALE 1	1	1
		*TM_SCALEAXIS 0	0	0
		*TM_SCALEAXISANG 0	0	0
	}
}
*HELPEROBJECT {
	*NODE_NAME "ZS_LONGSWORD"
	*NODE_PARENT "Bip01 Spine2"
	*NODE_TM {
		*NODE_NAME "ZS_LONGSWORD"
		*TM_ROW0 -0.499829	-0.0915011	0.861277
		*TM_ROW1 -0.865729	0.0828188	-0.493614
		*TM_ROW2 -0.0261636	-0.992355	-0.12061
		*TM_ROW3 -18.1593	6.92629	157.64
		*TM_POS -18.1593	6.92629	157.64
		*TM_ROTAXIS -0.38996	0.69388	-0.60536
		*TM_ROTANGLE 2.44778
		*TM_SCALE 1	1	1
		*TM_SCALEAXIS 0	0	0
		*TM_SCALEAXISANG 0	0	0
	}
}
*HELPEROBJECT {
	*NODE_NAME "ZS_SHIELD"
	*NODE_PARENT "Bip01 Spine2"
	*NODE_TM {
		*NODE_NAME "ZS_SHIELD"
		*TM_ROW0 -0.0138681	0.114196	-0.993362
		*TM_ROW1 -0.908393	0.413755	0.0602465
		*TM_ROW2 0.417888	0.903198	0.0979964
		*TM_ROW3 8.76511	9.5282	131.875
		*TM_POS 8.76511	9.5282	131.875
		*TM_ROTAXIS 0.435421	-0.728972	-0.528212
		*TM_ROTANGLE 1.82457
		*TM_SCALE 1	1	1
		*TM_SCALEAXIS 0	0	0
		*TM_SCALEAXISANG 0	0	0
	}
}
*HELPEROBJECT {
	*NODE_NAME "ZS_BOW"
	*NODE_PARENT "Bip01 Spine2"
	*NODE_TM {
		*NODE_NAME "ZS_BOW"
		*TM_ROW0 -0.341816	-0.0868229	0.935748
		*TM_ROW1 0.0119438	0.995242	0.0967059
		*TM_ROW2 -0.939691	0.044232	-0.339153
		*TM_ROW3 0.5012	12.4143	124.55
		*TM_POS 0.5012	12.4143	124.55
		*TM_ROTAXIS -0.0279299	0.998227	0.0525698
		*TM_ROTANGLE 1.92076
		*TM_SCALE 1	1	1
		*TM_SCALEAXIS 0	0	0
		*TM_SCALEAXISANG 0	0	0
	}
}
*HELPEROBJECT {
	*NODE_NAME "ZS_SWORD"
	*NODE_PARENT "Bip01 Spine"
	*NODE_TM {
		*NODE_NAME "ZS_SWORD"
		*TM_ROW0 5.79282e-007	-0.347172	0.937802
		*TM_ROW1 1.04309e-007	0.937802	0.347172
		*TM_ROW2 -1	-1.04308e-007	5.79283e-007
		*TM_ROW3 17.5015	-4.36211	106.367
		*TM_POS 17.5015	-4.36211	106.367
		*TM_ROTAXIS -0.17367	0.96937	0.17367
		*TM_ROTANGLE 1.6019
		*TM_SCALE 1	1	1
		*TM_SCALEAXIS 0	0	0
		*TM_SCALEAXISANG 0	0	0
	}
}
*HELPEROBJECT {
	*NODE_NAME "Bip01 L Thigh"
	*NODE_PARENT "Bip01 Pelvis"
	*NODE_TM {
		*NODE_NAME "Bip01 L Thigh"
		*TM_ROW0 0.0534878	-0.0367886	-0.997891
		*TM_ROW1 -0.00216181	-0.999323	0.0367256
		*TM_ROW2 -0.998566	0.000192882	-0.0535313
		*TM_ROW3 9.01023	-8.01129	99.9496
		*TM_POS 9.01023	-8.01129	99.9496
		*TM_ROTAXIS 0.72572	-0.01342	-0.68786
		*TM_ROTANGLE 3.16677
		*TM_SCALE 1	1	1
		*TM_SCALEAXIS 0	0	0
		*TM_SCALEAXISANG 0	0	0
	}
	*TM_ANIMATION {
		*NODE_NAME  "Bip01 L Thigh"
		*CONTROL_POS_TRACK {
			*CONTROL_POS_SAMPLE 0	9.00945	-8.0102	99.9497
			*CONTROL_POS_SAMPLE 192	9.00758	-7.91985	99.988
			*CONTROL_POS_SAMPLE 384	8.98537	-7.73826	100.063
			*CONTROL_POS_SAMPLE 576	8.97153	-7.60141	100.119
			*CONTROL_POS_SAMPLE 768	8.99846	-7.64735	100.101
			*CONTROL_POS_SAMPLE 960	9.09665	-8.01328	99.9508
		}
		*CONTROL_ROT_TRACK {
			*CONTROL_ROT_SAMPLE 0	0.726383	-0.0103922	-0.687212	3.16122
			*CONTROL_ROT_SAMPLE 192	0.72596	-0.0120538	-0.687631	3.15474
			*CONTROL_ROT_SAMPLE 384	0.725842	-0.0150295	-0.687697	3.14217
			*CONTROL_ROT_SAMPLE 576	0.725477	-0.0172045	-0.688031	3.13247
			*CONTROL_ROT_SAMPLE 768	0.725327	-0.0168872	-0.688197	3.13496
			*CONTROL_ROT_SAMPLE 960	0.725542	-0.0119554	-0.688074	3.15835
		}
		*CONTROL_SCALE_TRACK {
			*CONTROL_SCALE_SAMPLE	0	1	1	1	0	0	0	0
		}
	}
}
*HELPEROBJECT {
	*NODE_NAME "Bip01 L Calf"
	*NODE_PARENT "Bip01 L Thigh"
	*NODE_TM {
		*NODE_NAME "Bip01 L Calf"
		*TM_ROW0 0.0525131	0.197552	-0.978885
		*TM_ROW1 0.0103904	-0.980292	-0.197278
		*TM_ROW2 -0.998566	0.000188708	-0.0535307
		*TM_ROW3 11.1149	-9.45845	60.6877
		*TM_POS 11.1149	-9.45845	60.6877
		*TM_ROTAXIS 0.723901	0.0721501	-0.686121
		*TM_ROTANGLE 3.00478
		*TM_SCALE 1	1	1
		*TM_SCALEAXIS 0	0	0
		*TM_SCALEAXISANG 0	0	0
	}
	*TM_ANIMATION {
		*NODE_NAME  "Bip01 L Calf"
		*CONTROL_POS_TRACK {
			*CONTROL_POS_SAMPLE 0	11.2747	-9.17939	59.1112
			*CONTROL_POS_SAMPLE 192	11.2205	-9.00546	59.1444
			*CONTROL_POS_SAMPLE 384	11.1827	-8.64691	59.2145
			*CONTROL_POS_SAMPLE 576	11.1263	-8.36499	59.2652
			*CONTROL_POS_SAMPLE 768	11.1351	-8.46278	59.2474
			*CONTROL_POS_SAMPLE 960	11.261	-9.1946	59.1072
		}
		*CONTROL_ROT_TRACK {
			*CONTROL_ROT_SAMPLE 0	0.724388	0.0747969	-0.685322	3.00026
			*CONTROL_ROT_SAMPLE 192	0.724458	0.0709752	-0.685655	2.99773
			*CONTROL_ROT_SAMPLE 384	0.725214	0.0634506	-0.685594	2.99381
			*CONTROL_ROT_SAMPLE 576	0.725453	0.0576264	-0.685855	2.99092
			*CONTROL_ROT_SAMPLE 768	0.72517	0.0592128	-0.68602	2.99094
			*CONTROL_ROT_SAMPLE 960	0.723811	0.0733857	-0.686085	2.99676
		}
		*CONTROL_SCALE_TRACK {
			*CONTROL_SCALE_SAMPLE	0	1	1	1	0	0	0	0
		}
	}
}
*HELPEROBJECT {
	*NODE_NAME "Bip01 L Foot"
	*NODE_PARENT "Bip01 L Calf"
	*NODE_TM {
		*NODE_NAME "Bip01 L Foot"
		*TM_ROW0 -5.93318e-007	7.27489e-006	-1
		*TM_ROW1 0.173652	-0.984807	-7.26412e-006
		*TM_ROW2 -0.984807	-0.173652	-5.97767e-007
		*TM_ROW3 13.6935	0.240668	12.6267
		*TM_POS 13.6935	0.240668	12.6267
		*TM_ROTAXIS 0.705757	0.0617498	-0.705757
		*TM_ROTANGLE 3.26493
		*TM_SCALE 1	1	1
		*TM_SCALEAXIS 0	0	0
		*TM_SCALEAXISANG 0	0	0
	}
	*TM_ANIMATION {
		*NODE_NAME  "Bip01 L Foot"
		*CONTROL_POS_TRACK {
			*CONTROL_POS_SAMPLE 0	13.7118	0.00626044	15.1799
			*CONTROL_POS_SAMPLE 192	13.6744	0.011462	15.1791
			*CONTROL_POS_SAMPLE 384	13.7475	0.0055633	15.1823
			*CONTROL_POS_SAMPLE 576	13.7304	-0.00079986	15.1797
			*CONTROL_POS_SAMPLE 768	13.7032	0.00332724	15.1793
			*CONTROL_POS_SAMPLE 960	13.6348	0.0063082	15.1757
		}
		*CONTROL_ROT_TRACK {
			*CONTROL_ROT_SAMPLE 0	0.706421	0.0617428	-0.705093	3.26507
			*CONTROL_ROT_SAMPLE 192	0.706266	0.061806	-0.705244	3.265
			*CONTROL_ROT_SAMPLE 384	0.706564	0.0617309	-0.704952	3.26503
			*CONTROL_ROT_SAMPLE 576	0.706496	0.0617071	-0.705022	3.2651
			*CONTROL_ROT_SAMPLE 768	0.706387	0.0617111	-0.705131	3.26505
			*CONTROL_ROT_SAMPLE 960	0.706102	0.0617592	-0.705412	3.26494
		}
		*CONTROL_SCALE_TRACK {
			*CONTROL_SCALE_SAMPLE	0	1	1	1	0	0	0	0
		}
	}
}
*HELPEROBJECT {
	*NODE_NAME "Bip01 L Toe0"
	*NODE_PARENT "Bip01 L Foot"
	*NODE_TM {
		*NODE_NAME "Bip01 L Toe0"
		*TM_ROW0 0.173646	-0.984808	5.05914e-006
		*TM_ROW1 5.06367e-006	5.91264e-006	1
		*TM_ROW2 -0.984808	-0.173646	5.92894e-006
		*TM_ROW3 17.6256	-22.0591	5.26591e-006
		*TM_POS 17.6256	-22.0591	5.26591e-006
		*TM_ROTAXIS -0.644398	0.540718	0.540718
		*TM_ROTANGLE 1.99673
		*TM_SCALE 1	1	1
		*TM_SCALEAXIS 0	0	0
		*TM_SCALEAXISANG 0	0	0
	}
	*TM_ANIMATION {
		*NODE_NAME  "Bip01 L Toe0"
		*CONTROL_POS_TRACK {
			*CONTROL_POS_SAMPLE 0	17.67	-22.2922	2.56019
			*CONTROL_POS_SAMPLE 192	17.6278	-22.2856	2.5553
			*CONTROL_POS_SAMPLE 384	17.7096	-22.2925	2.56304
			*CONTROL_POS_SAMPLE 576	17.6905	-22.3	2.5619
			*CONTROL_POS_SAMPLE 768	17.6588	-22.2959	2.56007
			*CONTROL_POS_SAMPLE 960	17.5799	-22.292	2.55153
		}
		*CONTROL_ROT_TRACK {
			*CONTROL_ROT_SAMPLE 0	-0.644756	0.54107	0.539938	1.99777
			*CONTROL_ROT_SAMPLE 192	-0.64472	0.540921	0.54013	1.99758
			*CONTROL_ROT_SAMPLE 384	-0.64481	0.541152	0.539791	1.99805
			*CONTROL_ROT_SAMPLE 576	-0.644768	0.541145	0.539849	1.99787
			*CONTROL_ROT_SAMPLE 768	-0.644711	0.541076	0.539986	1.99772
			*CONTROL_ROT_SAMPLE 960	-0.644594	0.540865	0.540337	1.99734
		}
		*CONTROL_SCALE_TRACK {
			*CONTROL_SCALE_SAMPLE	0	1	1	1	0	0	0	0
		}
	}
}
*HELPEROBJECT {
	*NODE_NAME "Bip01 R Thigh"
	*NODE_PARENT "Bip01 Pelvis"
	*NODE_TM {
		*NODE_NAME "Bip01 R Thigh"
		*TM_ROW0 -0.0535034	-0.0367749	-0.99789
		*TM_ROW1 0.00205776	-0.999324	0.0367174
		*TM_ROW2 -0.998566	-8.89041e-005	0.0535432
		*TM_ROW3 -9.01021	-8.01132	99.9496
		*TM_POS -9.01021	-8.01132	99.9496
		*TM_ROTAXIS 0.687862	-0.01262	-0.725732
		*TM_ROTANGLE 3.16835
		*TM_SCALE 1	1	1
		*TM_SCALEAXIS 0	0	0
		*TM_SCALEAXISANG 0	0	0
	}
	*TM_ANIMATION {
		*NODE_NAME  "Bip01 R Thigh"
		*CONTROL_POS_TRACK {
			*CONTROL_POS_SAMPLE 0	-9.01048	-8.01163	99.9484
			*CONTROL_POS_SAMPLE 192	-9.0119	-7.79404	99.9858
			*CONTROL_POS_SAMPLE 384	-9.03085	-7.37293	100.06
			*CONTROL_POS_SAMPLE 576	-9.04006	-7.05364	100.116
			*CONTROL_POS_SAMPLE 768	-9.0143	-7.13943	100.098
			*CONTROL_POS_SAMPLE 960	-8.92311	-7.93611	99.9473
		}
		*CONTROL_ROT_TRACK {
			*CONTROL_ROT_SAMPLE 0	0.68727	-0.00978064	-0.726336	3.16245
			*CONTROL_ROT_SAMPLE 192	0.687464	-0.012597	-0.726109	3.15819
			*CONTROL_ROT_SAMPLE 384	0.68688	-0.0177588	-0.726554	3.1499
			*CONTROL_ROT_SAMPLE 576	0.686195	-0.0216126	-0.727097	3.14348
			*CONTROL_ROT_SAMPLE 768	0.686244	-0.0208651	-0.727072	3.14511
			*CONTROL_ROT_SAMPLE 960	0.686752	-0.0117328	-0.726797	3.16046
		}
		*CONTROL_SCALE_TRACK {
			*CONTROL_SCALE_SAMPLE	0	1	1	1	0	0	0	0
		}
	}
}
*HELPEROBJECT {
	*NODE_NAME "Bip01 R Calf"
	*NODE_PARENT "Bip01 R Thigh"
	*NODE_TM {
		*NODE_NAME "Bip01 R Calf"
		*TM_ROW0 -0.0525025	0.197539	-0.978888
		*TM_ROW1 -0.0104967	-0.980295	-0.19726
		*TM_ROW2 -0.998566	-8.16064e-005	0.0535415
		*TM_ROW3 -11.1154	-9.45856	60.6878
		*TM_POS -11.1154	-9.45856	60.6878
		*TM_ROTAXIS 0.686298	0.0684898	-0.724088
		*TM_ROTANGLE 2.99744
		*TM_SCALE 1	1	1
		*TM_SCALEAXIS 0	0	0
		*TM_SCALEAXISANG 0	0	0
	}
	*TM_ANIMATION {
		*NODE_NAME  "Bip01 R Calf"
		*CONTROL_POS_TRACK {
			*CONTROL_POS_SAMPLE 0	-11.2683	-9.18112	59.1095
			*CONTROL_POS_SAMPLE 192	-11.2496	-8.99547	59.1467
			*CONTROL_POS_SAMPLE 384	-11.3364	-8.61803	59.2264
			*CONTROL_POS_SAMPLE 576	-11.4242	-8.32326	59.2877
			*CONTROL_POS_SAMPLE 768	-11.392	-8.41571	59.2691
			*CONTROL_POS_SAMPLE 960	-11.2408	-9.15617	59.1132
		}
		*CONTROL_ROT_TRACK {
			*CONTROL_ROT_SAMPLE 0	0.68557	0.0708634	-0.72455	2.99227
			*CONTROL_ROT_SAMPLE 192	0.686267	0.0669139	-0.724265	2.99055
			*CONTROL_ROT_SAMPLE 384	0.686602	0.059167	-0.724622	2.98757
			*CONTROL_ROT_SAMPLE 576	0.686576	0.053196	-0.725109	2.98539
			*CONTROL_ROT_SAMPLE 768	0.686482	0.054699	-0.725086	2.98543
			*CONTROL_ROT_SAMPLE 960	0.685333	0.0691094	-0.724943	2.98966
		}
		*CONTROL_SCALE_TRACK {
			*CONTROL_SCALE_SAMPLE	0	1	1	1	0	0	0	0
		}
	}
}
*HELPEROBJECT {
	*NODE_NAME "Bip01 R Foot"
	*NODE_PARENT "Bip01 R Calf"
	*NODE_TM {
		*NODE_NAME "Bip01 R Foot"
		*TM_ROW0 -5.86373e-007	-7.29557e-006	-1
		*TM_ROW1 -0.173652	-0.984807	7.26572e-006
		*TM_ROW2 -0.984807	0.173652	-5.93781e-007
		*TM_ROW3 -13.6935	0.24065	12.6267
		*TM_POS -13.6935	0.24065	12.6267
		*TM_ROTAXIS 0.705757	-0.0617498	-0.705757
		*TM_ROTANGLE 3.01826
		*TM_SCALE 1	1	1
		*TM_SCALEAXIS 0	0	0
		*TM_SCALEAXISANG 0	0	0
	}
	*TM_ANIMATION {
		*NODE_NAME  "Bip01 R Foot"
		*CONTROL_POS_TRACK {
			*CONTROL_POS_SAMPLE 0	-13.6993	0.00706595	15.1784
			*CONTROL_POS_SAMPLE 192	-13.5889	0.00756006	15.1723
			*CONTROL_POS_SAMPLE 384	-13.6231	0.00923413	15.174
			*CONTROL_POS_SAMPLE 576	-13.7068	0.0104533	15.1786
			*CONTROL_POS_SAMPLE 768	-13.6863	0.0082329	15.1778
			*CONTROL_POS_SAMPLE 960	-13.6915	0.00971264	15.1777
		}
		*CONTROL_ROT_TRACK {
			*CONTROL_ROT_SAMPLE 0	0.705146	-0.0617353	-0.70637	3.01832
			*CONTROL_ROT_SAMPLE 192	0.705616	-0.0617135	-0.705902	3.01828
			*CONTROL_ROT_SAMPLE 384	0.705467	-0.0617421	-0.706049	3.01824
			*CONTROL_ROT_SAMPLE 576	0.705106	-0.0617525	-0.706408	3.01828
			*CONTROL_ROT_SAMPLE 768	0.705209	-0.0617744	-0.706303	3.01831
			*CONTROL_ROT_SAMPLE 960	0.705194	-0.0617479	-0.706321	3.01831
		}
		*CONTROL_SCALE_TRACK {
			*CONTROL_SCALE_SAMPLE	0	1	1	1	0	0	0	0
		}
	}
}
*HELPEROBJECT {
	*NODE_NAME "Bip01 R Toe0"
	*NODE_PARENT "Bip01 R Foot"
	*NODE_TM {
		*NODE_NAME "Bip01 R Toe0"
		*TM_ROW0 -0.173651	-0.984807	3.52553e-006
		*TM_ROW1 3.507e-006	3.07854e-006	1
		*TM_ROW2 -0.984807	0.173651	3.0421e-006
		*TM_ROW3 -17.6255	-22.0592	2.91014e-005
		*TM_POS -17.6255	-22.0592	2.91014e-005
		*TM_ROTAXIS -0.510271	0.608121	0.608121
		*TM_ROTANGLE 2.19793
		*TM_SCALE 1	1	1
		*TM_SCALEAXIS 0	0	0
		*TM_SCALEAXISANG 0	0	0
	}
	*TM_ANIMATION {
		*NODE_NAME  "Bip01 R Toe0"
		*CONTROL_POS_TRACK {
			*CONTROL_POS_SAMPLE 0	-17.6515	-22.2913	2.55578
			*CONTROL_POS_SAMPLE 192	-17.5245	-22.2915	2.54569
			*CONTROL_POS_SAMPLE 384	-17.5654	-22.2892	2.54846
			*CONTROL_POS_SAMPLE 576	-17.6615	-22.2875	2.55612
			*CONTROL_POS_SAMPLE 768	-17.6377	-22.2907	2.55585
			*CONTROL_POS_SAMPLE 960	-17.6425	-22.2889	2.55517
		}
		*CONTROL_ROT_TRACK {
			*CONTROL_ROT_SAMPLE 0	0.509947	-0.607762	-0.608752	4.08624
			*CONTROL_ROT_SAMPLE 192	0.510235	-0.607996	-0.608277	4.08546
			*CONTROL_ROT_SAMPLE 384	0.510119	-0.607931	-0.60844	4.08566
			*CONTROL_ROT_SAMPLE 576	0.509905	-0.607748	-0.608801	4.08627
			*CONTROL_ROT_SAMPLE 768	0.509951	-0.607826	-0.608685	4.08612
			*CONTROL_ROT_SAMPLE 960	0.509964	-0.607797	-0.608702	4.08615
		}
		*CONTROL_SCALE_TRACK {
			*CONTROL_SCALE_SAMPLE	0	1	1	1	0	0	0	0
		}
	}
}
