*3DSMAX_ASCIIEXPORT	110
*COMMENT "[ GothicSourcer v3.14 ] - June 2007"
*SCENE {
	*SCENE_FILENAME "LURKER_LOOK_KP01.MAX"
	*SCENE_FIRSTFRAME 0
	*SCENE_LASTFRAME 8
	*SCENE_FRAMESPEED 25
	*SCENE_TICKSPERFRAME 192
	*SCENE_BACKGROUND_STATIC 0	0	0
	*SCENE_AMBIENT_STATIC 0.2	0.2	0.2
}
*HELPEROBJECT {
	*NODE_NAME "Bip01"
	*NODE_TM {
		*NODE_NAME "Bip01"
		*TM_ROW0 6.27438e-006	-1	0
		*TM_ROW1 1	6.27438e-006	0
		*TM_ROW2 -0	-0	1
		*TM_ROW3 1.22058	-1.79674	112.114
		*TM_POS 1.22058	-1.79674	112.114
		*TM_ROTAXIS 0	0	1
		*TM_ROTANGLE 1.57079
		*TM_SCALE 1	1	1
		*TM_SCALEAXIS 0	0	0
		*TM_SCALEAXISANG 0	0	0
	}
}
*HELPEROBJECT {
	*NODE_NAME "Bip01 Pelvis"
	*NODE_PARENT "Bip01"
	*NODE_TM {
		*NODE_NAME "Bip01 Pelvis"
		*TM_ROW0 -5.96046e-008	1.79264e-006	1
		*TM_ROW1 -1.79264e-006	-1	1.79264e-006
		*TM_ROW2 1	-1.79264e-006	-5.96046e-008
		*TM_ROW3 2.44115	-1.79664	112.114
		*TM_POS 2.44115	-1.79664	112.114
		*TM_ROTAXIS 0.707107	0	0.707107
		*TM_ROTANGLE 3.1416
		*TM_SCALE 1	1	1
		*TM_SCALEAXIS 0	0	0
		*TM_SCALEAXISANG 0	0	0
	}
}
*HELPEROBJECT {
	*NODE_NAME "Bip01 Spine"
	*NODE_PARENT "Bip01 Pelvis"
	*NODE_TM {
		*NODE_NAME "Bip01 Spine"
		*TM_ROW0 -2.74181e-006	-1	-0.000793874
		*TM_ROW1 -2.86102e-006	0.000793934	-1
		*TM_ROW2 1	-2.86102e-006	-2.74181e-006
		*TM_ROW3 2.44116	2.7806	120.428
		*TM_POS 2.44116	2.7806	120.428
		*TM_ROTAXIS 0.577197	-0.577657	0.577197
		*TM_ROTANGLE 2.09394
		*TM_SCALE 1	1	1
		*TM_SCALEAXIS 0	0	0
		*TM_SCALEAXISANG 0	0	0
	}
}
*HELPEROBJECT {
	*NODE_NAME "Bip01 Spine1"
	*NODE_PARENT "Bip01 Spine"
	*NODE_TM {
		*NODE_NAME "Bip01 Spine1"
		*TM_ROW0 -2.74181e-006	-1	-0.000793874
		*TM_ROW1 -2.86102e-006	0.000793934	-1
		*TM_ROW2 1	-2.86102e-006	-2.74181e-006
		*TM_ROW3 2.44121	-27.0678	120.431
		*TM_POS 2.44121	-27.0678	120.431
		*TM_ROTAXIS 0.577197	-0.577657	0.577197
		*TM_ROTANGLE 2.09394
		*TM_SCALE 1	1	1
		*TM_SCALEAXIS 0	0	0
		*TM_SCALEAXISANG 0	0	0
	}
}
*HELPEROBJECT {
	*NODE_NAME "Bip01 Spine2"
	*NODE_PARENT "Bip01 Spine1"
	*NODE_TM {
		*NODE_NAME "Bip01 Spine2"
		*TM_ROW0 -2.74181e-006	-1	-0.000793874
		*TM_ROW1 -2.86102e-006	0.000793934	-1
		*TM_ROW2 1	-2.86102e-006	-2.74181e-006
		*TM_ROW3 2.44126	-61.1301	120.432
		*TM_POS 2.44126	-61.1301	120.432
		*TM_ROTAXIS 0.577197	-0.577657	0.577197
		*TM_ROTANGLE 2.09394
		*TM_SCALE 1	1	1
		*TM_SCALEAXIS 0	0	0
		*TM_SCALEAXISANG 0	0	0
	}
}
*HELPEROBJECT {
	*NODE_NAME "Bip01 Neck"
	*NODE_PARENT "Bip01 Spine2"
	*NODE_TM {
		*NODE_NAME "Bip01 Neck"
		*TM_ROW0 -2.74181e-006	-1	-0.000793874
		*TM_ROW1 -2.86102e-006	0.000793934	-1
		*TM_ROW2 1	-2.86102e-006	-2.74181e-006
		*TM_ROW3 2.44132	-96.4214	120.416
		*TM_POS 2.44132	-96.4214	120.416
		*TM_ROTAXIS 0.577197	-0.577657	0.577197
		*TM_ROTANGLE 2.09394
		*TM_SCALE 1	1	1
		*TM_SCALEAXIS 0	0	0
		*TM_SCALEAXISANG 0	0	0
	}
}
*HELPEROBJECT {
	*NODE_NAME "Bip01 Neck1"
	*NODE_PARENT "Bip01 Neck"
	*NODE_TM {
		*NODE_NAME "Bip01 Neck1"
		*TM_ROW0 -2.74181e-006	-1	-0.000793874
		*TM_ROW1 -2.86102e-006	0.000793934	-1
		*TM_ROW2 1	-2.86102e-006	-2.74181e-006
		*TM_ROW3 2.44134	-111.497	120.416
		*TM_POS 2.44134	-111.497	120.416
		*TM_ROTAXIS 0.577197	-0.577657	0.577197
		*TM_ROTANGLE 2.09394
		*TM_SCALE 1	1	1
		*TM_SCALEAXIS 0	0	0
		*TM_SCALEAXISANG 0	0	0
	}
	*TM_ANIMATION {
		*NODE_NAME  "Bip01 Neck1"
		*CONTROL_POS_TRACK {
			*CONTROL_POS_SAMPLE 0	2.43695	-111.501	120.415
			*CONTROL_POS_SAMPLE 192	2.4411	-111.493	120.416
			*CONTROL_POS_SAMPLE 384	2.44572	-111.501	120.415
			*CONTROL_POS_SAMPLE 576	2.43916	-111.499	120.416
			*CONTROL_POS_SAMPLE 768	2.44124	-111.497	120.416
			*CONTROL_POS_SAMPLE 960	2.44434	-111.5	120.416
			*CONTROL_POS_SAMPLE 1152	2.44853	-111.498	120.414
			*CONTROL_POS_SAMPLE 1344	2.44121	-111.502	120.415
			*CONTROL_POS_SAMPLE 1536	2.44304	-111.502	120.415
		}
		*CONTROL_ROT_TRACK {
			*CONTROL_ROT_SAMPLE 0	0.817459	-0.259464	0.514237	1.30489
			*CONTROL_ROT_SAMPLE 192	0.627635	-0.460596	0.627635	2.27834
			*CONTROL_ROT_SAMPLE 384	-0.355786	0.809424	-0.467172	3.54748
			*CONTROL_ROT_SAMPLE 576	0.801915	-0.374319	0.465636	1.57132
			*CONTROL_ROT_SAMPLE 768	0.577197	-0.577657	0.577197	2.09394
			*CONTROL_ROT_SAMPLE 960	-0.356551	0.76539	-0.53577	3.63174
			*CONTROL_ROT_SAMPLE 1152	0.733553	-0.655834	0.178276	2.15834
			*CONTROL_ROT_SAMPLE 1344	0.473085	-0.743223	0.473086	1.8633
			*CONTROL_ROT_SAMPLE 1536	-0.318363	0.820758	-0.474343	3.83786
		}
		*CONTROL_SCALE_TRACK {
			*CONTROL_SCALE_SAMPLE	0	1	1	1	0	0	0	0
		}
	}
}
*HELPEROBJECT {
	*NODE_NAME "Bip01 Head"
	*NODE_PARENT "Bip01 Neck1"
	*NODE_TM {
		*NODE_NAME "Bip01 Head"
		*TM_ROW0 -5.96044e-008	1.79283e-006	1
		*TM_ROW1 -1.79264e-006	-1	1.79263e-006
		*TM_ROW2 1	-1.79264e-006	-5.96044e-008
		*TM_ROW3 2.44137	-126.982	120.404
		*TM_POS 2.44137	-126.982	120.404
		*TM_ROTAXIS -0.707107	4.01944e-012	-0.707107
		*TM_ROTANGLE 3.14159
		*TM_SCALE 1	1	1
		*TM_SCALEAXIS 0	0	0
		*TM_SCALEAXISANG 0	0	0
	}
	*TM_ANIMATION {
		*NODE_NAME  "Bip01 Head"
		*CONTROL_POS_TRACK {
			*CONTROL_POS_SAMPLE 0	14.1342	-121.605	121.337
			*CONTROL_POS_SAMPLE 192	2.4409	-126.265	125.06
			*CONTROL_POS_SAMPLE 384	-8.01979	-122.914	120.404
			*CONTROL_POS_SAMPLE 576	12.3937	-123.359	120.405
			*CONTROL_POS_SAMPLE 768	2.44116	-126.981	120.404
			*CONTROL_POS_SAMPLE 960	-7.51163	-123.359	120.404
			*CONTROL_POS_SAMPLE 1152	6.81611	-125.375	115.109
			*CONTROL_POS_SAMPLE 1344	2.44109	-125.531	113.86
			*CONTROL_POS_SAMPLE 1536	-6.66388	-123.363	116.397
		}
		*CONTROL_ROT_TRACK {
			*CONTROL_ROT_SAMPLE 0	-0.262318	-0.265991	-0.927598	3.72762
			*CONTROL_ROT_SAMPLE 192	0.687583	0.233372	0.68758	3.60013
			*CONTROL_ROT_SAMPLE 384	0.920694	-0.277153	0.274788	3.53624
			*CONTROL_ROT_SAMPLE 576	-0.587321	-0.154412	-0.794488	4.17332
			*CONTROL_ROT_SAMPLE 768	0.707024	0.0154105	0.707022	3.17242
			*CONTROL_ROT_SAMPLE 960	0.700501	-0.495712	0.513389	3.41217
			*CONTROL_ROT_SAMPLE 1152	0.877608	0.0708329	0.474117	1.82127
			*CONTROL_ROT_SAMPLE 1344	0.678596	-0.281099	0.678595	2.59354
			*CONTROL_ROT_SAMPLE 1536	-0.379102	0.613158	-0.693051	3.02846
		}
		*CONTROL_SCALE_TRACK {
			*CONTROL_SCALE_SAMPLE	0	1	1	1	0	0	0	0
		}
	}
}
*HELPEROBJECT {
	*NODE_NAME "Bip01 Ponytail1"
	*NODE_PARENT "Bip01 Head"
	*NODE_TM {
		*NODE_NAME "Bip01 Ponytail1"
		*TM_ROW0 8.09431e-005	-1	0.000248343
		*TM_ROW1 -5.78165e-006	-0.000248194	-1
		*TM_ROW2 1	8.07643e-005	-5.72205e-006
		*TM_ROW3 2.44136	-131.491	103.267
		*TM_POS 2.44136	-131.491	103.267
		*TM_ROTAXIS 0.57743	-0.57724	0.57738
		*TM_ROTANGLE 2.0945
		*TM_SCALE 1	1	1
		*TM_SCALEAXIS 0	0	0
		*TM_SCALEAXISANG 0	0	0
	}
}
*HELPEROBJECT {
	*NODE_NAME "ZS_JAW"
	*NODE_PARENT "Bip01 Ponytail1"
	*NODE_TM {
		*NODE_NAME "ZS_JAW"
		*TM_ROW0 1	8.71762e-005	-1.44005e-007
		*TM_ROW1 -8.71762e-005	1	8.24639e-005
		*TM_ROW2 1.51195e-007	-8.24637e-005	1
		*TM_ROW3 1.22258	-153.596	109.25
		*TM_POS 1.22258	-153.596	109.25
		*TM_ROTAXIS 0	0	0
		*TM_ROTANGLE 0
		*TM_SCALE 1	1	1
		*TM_SCALEAXIS 0	0	0
		*TM_SCALEAXISANG 0	0	0
	}
}
*HELPEROBJECT {
	*NODE_NAME "Bip01 L Clavicle"
	*NODE_PARENT "Bip01 Neck"
	*NODE_TM {
		*NODE_NAME "Bip01 L Clavicle"
		*TM_ROW0 0.811186	-0.13917	-0.567987
		*TM_ROW1 0.573569	-1.4304e-006	0.819158
		*TM_ROW2 -0.114003	-0.990268	0.0798225
		*TM_ROW3 10.4763	-74.1961	116.866
		*TM_POS 10.4763	-74.1961	116.866
		*TM_ROTAXIS -0.906059	-0.22733	0.3569
		*TM_ROTANGLE 1.62532
		*TM_SCALE 1	1	1
		*TM_SCALEAXIS 0	0	0
		*TM_SCALEAXISANG 0	0	0
	}
}
*HELPEROBJECT {
	*NODE_NAME "Bip01 L UpperArm"
	*NODE_PARENT "Bip01 L Clavicle"
	*NODE_TM {
		*NODE_NAME "Bip01 L UpperArm"
		*TM_ROW0 0.398251	0.0166714	-0.917125
		*TM_ROW1 0.683481	0.661426	0.308817
		*TM_ROW2 0.611759	-0.749825	0.252019
		*TM_ROW3 24.9994	-76.6878	106.697
		*TM_POS 24.9994	-76.6878	106.697
		*TM_ROTAXIS -0.535869	-0.773898	0.337529
		*TM_ROTANGLE 1.41431
		*TM_SCALE 1	1	1
		*TM_SCALEAXIS 0	0	0
		*TM_SCALEAXISANG 0	0	0
	}
}
*HELPEROBJECT {
	*NODE_NAME "Bip01 L Forearm"
	*NODE_PARENT "Bip01 L UpperArm"
	*NODE_TM {
		*NODE_NAME "Bip01 L Forearm"
		*TM_ROW0 0.3972	0.0156488	-0.917599
		*TM_ROW1 0.684097	0.661448	0.307405
		*TM_ROW2 0.611754	-0.749828	0.252022
		*TM_ROW3 41.2428	-76.0079	69.2904
		*TM_POS 41.2428	-76.0079	69.2904
		*TM_ROTAXIS -0.535112	-0.774072	0.338331
		*TM_ROTANGLE 1.41483
		*TM_SCALE 1	1	1
		*TM_SCALEAXIS 0	0	0
		*TM_SCALEAXISANG 0	0	0
	}
}
*HELPEROBJECT {
	*NODE_NAME "Bip01 L Hand"
	*NODE_PARENT "Bip01 L Forearm"
	*NODE_TM {
		*NODE_NAME "Bip01 L Hand"
		*TM_ROW0 0.216	-0.62764	-0.747938
		*TM_ROW1 -0.08038	0.751991	-0.654254
		*TM_ROW2 0.973079	0.201438	0.11198
		*TM_ROW3 61.8676	-75.1954	21.6428
		*TM_POS 61.8676	-75.1954	21.6428
		*TM_ROTAXIS 0.428189	-0.861197	0.273849
		*TM_ROTANGLE 1.5308
		*TM_SCALE 1	1	1
		*TM_SCALEAXIS 0	0	0
		*TM_SCALEAXISANG 0	0	0
	}
}
*HELPEROBJECT {
	*NODE_NAME "Bip01 L Finger0"
	*NODE_PARENT "Bip01 L Hand"
	*NODE_TM {
		*NODE_NAME "Bip01 L Finger0"
		*TM_ROW0 -0.760394	-0.0980293	-0.642021
		*TM_ROW1 0.64921	-0.0871636	-0.755599
		*TM_ROW2 0.01811	-0.991359	0.12992
		*TM_ROW3 52.486	-85.5986	11.4297
		*TM_POS 52.486	-85.5986	11.4297
		*TM_ROTAXIS 0.230109	0.644307	-0.729327
		*TM_ROTANGLE 3.67943
		*TM_SCALE 1	1	1
		*TM_SCALEAXIS 0	0	0
		*TM_SCALEAXISANG 0	0	0
	}
}
*HELPEROBJECT {
	*NODE_NAME "Bip01 L Finger01"
	*NODE_PARENT "Bip01 L Finger0"
	*NODE_TM {
		*NODE_NAME "Bip01 L Finger01"
		*TM_ROW0 -0.97617	-0.0456246	-0.212156
		*TM_ROW1 0.21625	-0.122974	-0.968563
		*TM_ROW2 0.0181005	-0.99136	0.12991
		*TM_ROW3 42.1571	-86.9301	2.7085
		*TM_POS 42.1571	-86.9301	2.7085
		*TM_ROTAXIS 0.0652398	0.658909	-0.749388
		*TM_ROTANGLE 3.31722
		*TM_SCALE 1	1	1
		*TM_SCALEAXIS 0	0	0
		*TM_SCALEAXISANG 0	0	0
	}
}
*HELPEROBJECT {
	*NODE_NAME "Bip01 L Finger02"
	*NODE_PARENT "Bip01 L Finger01"
	*NODE_TM {
		*NODE_NAME "Bip01 L Finger02"
		*TM_ROW0 -0.97617	-0.0456246	-0.212156
		*TM_ROW1 0.21625	-0.122974	-0.968563
		*TM_ROW2 0.0181005	-0.99136	0.12991
		*TM_ROW3 31.9229	-87.4085	0.484314
		*TM_POS 31.9229	-87.4085	0.484314
		*TM_ROTAXIS 0.0652398	0.658909	-0.749388
		*TM_ROTANGLE 3.31722
		*TM_SCALE 1	1	1
		*TM_SCALEAXIS 0	0	0
		*TM_SCALEAXISANG 0	0	0
	}
}
*HELPEROBJECT {
	*NODE_NAME "Bip01 L Finger1"
	*NODE_PARENT "Bip01 L Hand"
	*NODE_TM {
		*NODE_NAME "Bip01 L Finger1"
		*TM_ROW0 0.0128072	-0.996321	-0.0847339
		*TM_ROW1 0.0912199	0.0855517	-0.992149
		*TM_ROW2 0.995748	0.00497699	0.0919802
		*TM_ROW3 64.0832	-89.4281	4.95789
		*TM_POS 64.0832	-89.4281	4.95789
		*TM_ROTAXIS 0.54524	-0.59082	0.59468
		*TM_ROTANGLE 1.98759
		*TM_SCALE 1	1	1
		*TM_SCALEAXIS 0	0	0
		*TM_SCALEAXISANG 0	0	0
	}
}
*HELPEROBJECT {
	*NODE_NAME "Bip01 L Finger11"
	*NODE_PARENT "Bip01 L Finger1"
	*NODE_TM {
		*NODE_NAME "Bip01 L Finger11"
		*TM_ROW0 0.00961705	-0.9987	-0.0500514
		*TM_ROW1 0.0916239	0.0507231	-0.994501
		*TM_ROW2 0.995747	0.00497824	0.0919927
		*TM_ROW3 64.4004	-114.107	2.85902
		*TM_POS 64.4004	-114.107	2.85902
		*TM_ROTAXIS 0.551747	-0.577317	0.601897
		*TM_ROTANGLE 2.00847
		*TM_SCALE 1	1	1
		*TM_SCALEAXIS 0	0	0
		*TM_SCALEAXISANG 0	0	0
	}
}
*HELPEROBJECT {
	*NODE_NAME "Bip01 L Finger12"
	*NODE_PARENT "Bip01 L Finger11"
	*NODE_TM {
		*NODE_NAME "Bip01 L Finger12"
		*TM_ROW0 0.00961705	-0.9987	-0.0500514
		*TM_ROW1 0.0916239	0.0507231	-0.994501
		*TM_ROW2 0.995747	0.00497824	0.0919927
		*TM_ROW3 64.6231	-137.243	1.69946
		*TM_POS 64.6231	-137.243	1.69946
		*TM_ROTAXIS 0.551747	-0.577317	0.601897
		*TM_ROTANGLE 2.00847
		*TM_SCALE 1	1	1
		*TM_SCALEAXIS 0	0	0
		*TM_SCALEAXISANG 0	0	0
	}
}
*HELPEROBJECT {
	*NODE_NAME "Bip01 L Finger2"
	*NODE_PARENT "Bip01 L Hand"
	*NODE_TM {
		*NODE_NAME "Bip01 L Finger2"
		*TM_ROW0 0.707265	-0.706845	-0.0120921
		*TM_ROW1 0.062171	0.079228	-0.994916
		*TM_ROW2 0.704209	0.702918	0.0999806
		*TM_ROW3 75.8848	-88.521	4.44545
		*TM_POS 75.8848	-88.521	4.44545
		*TM_ROTAXIS 0.850288	-0.358729	0.385129
		*TM_ROTANGLE 1.62759
		*TM_SCALE 1	1	1
		*TM_SCALEAXIS 0	0	0
		*TM_SCALEAXISANG 0	0	0
	}
}
*HELPEROBJECT {
	*NODE_NAME "Bip01 L Finger21"
	*NODE_PARENT "Bip01 L Finger2"
	*NODE_TM {
		*NODE_NAME "Bip01 L Finger21"
		*TM_ROW0 0.704664	-0.70918	0.0226298
		*TM_ROW1 0.0868147	0.05452	-0.994731
		*TM_ROW2 0.70421	0.702916	0.0999857
		*TM_ROW3 94.3973	-107.022	4.12868
		*TM_POS 94.3973	-107.022	4.12868
		*TM_ROTAXIS 0.850936	-0.341638	0.398988
		*TM_ROTANGLE 1.64127
		*TM_SCALE 1	1	1
		*TM_SCALEAXIS 0	0	0
		*TM_SCALEAXISANG 0	0	0
	}
}
*HELPEROBJECT {
	*NODE_NAME "Bip01 L Finger22"
	*NODE_PARENT "Bip01 L Finger21"
	*NODE_TM {
		*NODE_NAME "Bip01 L Finger22"
		*TM_ROW0 0.704664	-0.70918	0.0226298
		*TM_ROW1 0.0868147	0.05452	-0.994731
		*TM_ROW2 0.70421	0.702916	0.0999857
		*TM_ROW3 110.82	-123.55	4.65603
		*TM_POS 110.82	-123.55	4.65603
		*TM_ROTAXIS 0.850936	-0.341638	0.398988
		*TM_ROTANGLE 1.64127
		*TM_SCALE 1	1	1
		*TM_SCALEAXIS 0	0	0
		*TM_SCALEAXISANG 0	0	0
	}
}
*HELPEROBJECT {
	*NODE_NAME "Bip01 R Clavicle"
	*NODE_PARENT "Bip01 Neck"
	*NODE_TM {
		*NODE_NAME "Bip01 R Clavicle"
		*TM_ROW0 -0.81118	-0.139167	-0.567997
		*TM_ROW1 -0.573577	-9.23859e-006	0.819152
		*TM_ROW2 -0.114004	0.990269	-0.0798158
		*TM_ROW3 -5.59369	-74.1961	116.866
		*TM_POS -5.59369	-74.1961	116.866
		*TM_ROTAXIS -0.26276	0.697129	0.667059
		*TM_ROTANGLE 3.47326
		*TM_SCALE 1	1	1
		*TM_SCALEAXIS 0	0	0
		*TM_SCALEAXISANG 0	0	0
	}
}
*HELPEROBJECT {
	*NODE_NAME "Bip01 R UpperArm"
	*NODE_PARENT "Bip01 R Clavicle"
	*NODE_TM {
		*NODE_NAME "Bip01 R UpperArm"
		*TM_ROW0 -0.397581	0.0167041	-0.917415
		*TM_ROW1 -0.683696	0.661429	0.308337
		*TM_ROW2 0.611955	0.749822	-0.251551
		*TM_ROW3 -20.1169	-76.6879	106.697
		*TM_POS -20.1169	-76.6879	106.697
		*TM_ROTAXIS 0.253859	-0.879407	-0.402739
		*TM_ROTANGLE 2.08731
		*TM_SCALE 1	1	1
		*TM_SCALEAXIS 0	0	0
		*TM_SCALEAXISANG 0	0	0
	}
}
*HELPEROBJECT {
	*NODE_NAME "Bip01 R Forearm"
	*NODE_PARENT "Bip01 R UpperArm"
	*NODE_TM {
		*NODE_NAME "Bip01 R Forearm"
		*TM_ROW0 -0.396405	0.015562	-0.917944
		*TM_ROW1 -0.68438	0.661456	0.306757
		*TM_ROW2 0.611953	0.749823	-0.251554
		*TM_ROW3 -36.3331	-76.0064	69.2786
		*TM_POS -36.3331	-76.0064	69.2786
		*TM_ROTAXIS 0.254669	-0.879366	-0.402318
		*TM_ROTANGLE 2.08662
		*TM_SCALE 1	1	1
		*TM_SCALEAXIS 0	0	0
		*TM_SCALEAXISANG 0	0	0
	}
}
*HELPEROBJECT {
	*NODE_NAME "Bip01 R Hand"
	*NODE_PARENT "Bip01 R Forearm"
	*NODE_TM {
		*NODE_NAME "Bip01 R Hand"
		*TM_ROW0 -0.215405	-0.627666	-0.748089
		*TM_ROW1 0.0809054	0.751968	-0.654216
		*TM_ROW2 0.973168	-0.201446	-0.111196
		*TM_ROW3 -56.9168	-75.1982	21.6132
		*TM_POS -56.9168	-75.1982	21.6132
		*TM_ROTAXIS 0.236351	-0.898513	0.369881
		*TM_ROTANGLE 1.86222
		*TM_SCALE 1	1	1
		*TM_SCALEAXIS 0	0	0
		*TM_SCALEAXISANG 0	0	0
	}
}
*HELPEROBJECT {
	*NODE_NAME "Bip01 R Finger0"
	*NODE_PARENT "Bip01 R Hand"
	*NODE_TM {
		*NODE_NAME "Bip01 R Finger0"
		*TM_ROW0 0.760903	-0.0980378	-0.641417
		*TM_ROW1 -0.648611	-0.0871881	-0.75611
		*TM_ROW2 0.0182034	0.991356	-0.12993
		*TM_ROW3 -47.527	-85.6018	11.4079
		*TM_POS -47.527	-85.6018	11.4079
		*TM_ROTAXIS 0.897392	-0.338741	-0.282741
		*TM_ROTANGLE 1.80093
		*TM_SCALE 1	1	1
		*TM_SCALEAXIS 0	0	0
		*TM_SCALEAXISANG 0	0	0
	}
}
*HELPEROBJECT {
	*NODE_NAME "Bip01 R Finger01"
	*NODE_PARENT "Bip01 R Finger0"
	*NODE_TM {
		*NODE_NAME "Bip01 R Finger01"
		*TM_ROW0 0.991406	-0.0347373	-0.12613
		*TM_ROW1 -0.129554	-0.126519	-0.983468
		*TM_ROW2 0.0182051	0.991356	-0.129932
		*TM_ROW3 -37.1911	-86.9336	2.69502
		*TM_POS -37.1911	-86.9336	2.69502
		*TM_ROTAXIS 0.996198	-0.0728098	-0.0478299
		*TM_ROTANGLE 1.70371
		*TM_SCALE 1	1	1
		*TM_SCALEAXIS 0	0	0
		*TM_SCALEAXISANG 0	0	0
	}
}
*HELPEROBJECT {
	*NODE_NAME "Bip01 R Finger02"
	*NODE_PARENT "Bip01 R Finger01"
	*NODE_TM {
		*NODE_NAME "Bip01 R Finger02"
		*TM_ROW0 0.991406	-0.0347373	-0.12613
		*TM_ROW1 -0.129554	-0.126519	-0.983468
		*TM_ROW2 0.0182051	0.991356	-0.129932
		*TM_ROW3 -26.7971	-87.2978	1.37264
		*TM_POS -26.7971	-87.2978	1.37264
		*TM_ROTAXIS 0.996198	-0.0728098	-0.0478299
		*TM_ROTANGLE 1.70371
		*TM_SCALE 1	1	1
		*TM_SCALEAXIS 0	0	0
		*TM_SCALEAXISANG 0	0	0
	}
}
*HELPEROBJECT {
	*NODE_NAME "Bip01 R Finger1"
	*NODE_PARENT "Bip01 R Hand"
	*NODE_TM {
		*NODE_NAME "Bip01 R Finger1"
		*TM_ROW0 -0.0127393	-0.996324	-0.0847181
		*TM_ROW1 -0.0904446	0.0855257	-0.992223
		*TM_ROW2 0.99582	-0.00497808	-0.0912014
		*TM_ROW3 -59.1189	-89.4315	4.92693
		*TM_POS -59.1189	-89.4315	4.92693
		*TM_ROTAXIS -0.57355	0.62775	-0.52628
		*TM_ROTANGLE 4.17813
		*TM_SCALE 1	1	1
		*TM_SCALEAXIS 0	0	0
		*TM_SCALEAXISANG 0	0	0
	}
}
*HELPEROBJECT {
	*NODE_NAME "Bip01 R Finger11"
	*NODE_PARENT "Bip01 R Finger1"
	*NODE_TM {
		*NODE_NAME "Bip01 R Finger11"
		*TM_ROW0 -0.0095729	-0.998702	-0.0500342
		*TM_ROW1 -0.0908233	0.0506979	-0.994576
		*TM_ROW2 0.995821	-0.0049768	-0.0911904
		*TM_ROW3 -59.4344	-114.111	2.82856
		*TM_POS -59.4344	-114.111	2.82856
		*TM_ROTAXIS -0.581377	0.614427	-0.533367
		*TM_ROTANGLE 4.15964
		*TM_SCALE 1	1	1
		*TM_SCALEAXIS 0	0	0
		*TM_SCALEAXISANG 0	0	0
	}
}
*HELPEROBJECT {
	*NODE_NAME "Bip01 R Finger12"
	*NODE_PARENT "Bip01 R Finger11"
	*NODE_TM {
		*NODE_NAME "Bip01 R Finger12"
		*TM_ROW0 -0.0095729	-0.998702	-0.0500342
		*TM_ROW1 -0.0908233	0.0506979	-0.994576
		*TM_ROW2 0.995821	-0.0049768	-0.0911904
		*TM_ROW3 -59.6562	-137.246	1.66952
		*TM_POS -59.6562	-137.246	1.66952
		*TM_ROTAXIS -0.581377	0.614427	-0.533367
		*TM_ROTANGLE 4.15964
		*TM_SCALE 1	1	1
		*TM_SCALEAXIS 0	0	0
		*TM_SCALEAXISANG 0	0	0
	}
}
*HELPEROBJECT {
	*NODE_NAME "Bip01 R Finger2"
	*NODE_PARENT "Bip01 R Hand"
	*NODE_TM {
		*NODE_NAME "Bip01 R Finger2"
		*TM_ROW0 -0.707255	-0.706845	-0.01264
		*TM_ROW1 -0.0613678	0.0791954	-0.994969
		*TM_ROW2 0.70429	-0.702921	-0.0993889
		*TM_ROW3 -70.9202	-88.5245	4.40502
		*TM_POS -70.9202	-88.5245	4.40502
		*TM_ROTAXIS -0.28975	0.71129	-0.6404
		*TM_ROTANGLE 3.66978
		*TM_SCALE 1	1	1
		*TM_SCALEAXIS 0	0	0
		*TM_SCALEAXISANG 0	0	0
	}
}
*HELPEROBJECT {
	*NODE_NAME "Bip01 R Finger21"
	*NODE_PARENT "Bip01 R Finger2"
	*NODE_TM {
		*NODE_NAME "Bip01 R Finger21"
		*TM_ROW0 -0.704678	-0.709183	0.0220905
		*TM_ROW1 -0.0860206	0.0544866	-0.994803
		*TM_ROW2 0.704294	-0.702915	-0.0993997
		*TM_ROW3 -89.4324	-107.026	4.07402
		*TM_POS -89.4324	-107.026	4.07402
		*TM_ROTAXIS -0.30123	0.704039	-0.643109
		*TM_ROTANGLE 3.64738
		*TM_SCALE 1	1	1
		*TM_SCALEAXIS 0	0	0
		*TM_SCALEAXISANG 0	0	0
	}
}
*HELPEROBJECT {
	*NODE_NAME "Bip01 R Finger22"
	*NODE_PARENT "Bip01 R Finger21"
	*NODE_TM {
		*NODE_NAME "Bip01 R Finger22"
		*TM_ROW0 -0.704678	-0.709183	0.0220905
		*TM_ROW1 -0.0860206	0.0544866	-0.994803
		*TM_ROW2 0.704294	-0.702915	-0.0993997
		*TM_ROW3 -105.855	-123.554	4.58873
		*TM_POS -105.855	-123.554	4.58873
		*TM_ROTAXIS -0.30123	0.704039	-0.643109
		*TM_ROTANGLE 3.64738
		*TM_SCALE 1	1	1
		*TM_SCALEAXIS 0	0	0
		*TM_SCALEAXISANG 0	0	0
	}
}
*HELPEROBJECT {
	*NODE_NAME "Bip01 L Thigh"
	*NODE_PARENT "Bip01 Spine"
	*NODE_TM {
		*NODE_NAME "Bip01 L Thigh"
		*TM_ROW0 0.202917	-0.44119	-0.874171
		*TM_ROW1 -0.0729662	-0.897075	0.435812
		*TM_ROW2 -0.976473	-0.0246488	-0.214224
		*TM_ROW3 25.2539	-1.79661	112.114
		*TM_POS 25.2539	-1.79661	112.114
		*TM_ROTAXIS 0.769491	-0.17096	-0.615351
		*TM_ROTANGLE 3.44545
		*TM_SCALE 1	1	1
		*TM_SCALEAXIS 0	0	0
		*TM_SCALEAXISANG 0	0	0
	}
}
*HELPEROBJECT {
	*NODE_NAME "Bip01 L Calf"
	*NODE_PARENT "Bip01 L Thigh"
	*NODE_TM {
		*NODE_NAME "Bip01 L Calf"
		*TM_ROW0 0.09378	0.846071	-0.524756
		*TM_ROW1 0.194185	-0.5325	-0.823855
		*TM_ROW2 -0.976472	-0.0246388	-0.214232
		*TM_ROW3 37.4618	-28.34	59.521
		*TM_POS 37.4618	-28.34	59.521
		*TM_ROTAXIS 0.709819	0.401189	-0.578969
		*TM_ROTANGLE 2.54362
		*TM_SCALE 1	1	1
		*TM_SCALEAXIS 0	0	0
		*TM_SCALEAXISANG 0	0	0
	}
}
*HELPEROBJECT {
	*NODE_NAME "Bip01 L HorseLink"
	*NODE_PARENT "Bip01 L Calf"
	*NODE_TM {
		*NODE_NAME "Bip01 L HorseLink"
		*TM_ROW0 0.196971	-0.506271	-0.839579
		*TM_ROW1 -0.0877658	-0.862022	0.499214
		*TM_ROW2 -0.976473	-0.0246444	-0.214227
		*TM_ROW3 41.7739	10.5669	35.3898
		*TM_POS 41.7739	10.5669	35.3898
		*TM_ROTAXIS 0.7655	-0.20004	-0.61155
		*TM_ROTANGLE 3.49082
		*TM_SCALE 1	1	1
		*TM_SCALEAXIS 0	0	0
		*TM_SCALEAXISANG 0	0	0
	}
}
*HELPEROBJECT {
	*NODE_NAME "Bip01 L Foot"
	*NODE_PARENT "Bip01 L HorseLink"
	*NODE_TM {
		*NODE_NAME "Bip01 L Foot"
		*TM_ROW0 -6.49288e-008	-1.70347e-006	-1
		*TM_ROW1 1.80883e-006	-1	1.80999e-006
		*TM_ROW2 -1	-1.8052e-006	-4.14214e-008
		*TM_ROW3 46.6821	-2.04864	14.4686
		*TM_POS 46.6821	-2.04864	14.4686
		*TM_ROTAXIS 0.707107	-1.69307e-009	-0.707107
		*TM_ROTANGLE 3.1416
		*TM_SCALE 1	1	1
		*TM_SCALEAXIS 0	0	0
		*TM_SCALEAXISANG 0	0	0
	}
}
*HELPEROBJECT {
	*NODE_NAME "Bip01 L Toe0"
	*NODE_PARENT "Bip01 L Foot"
	*NODE_TM {
		*NODE_NAME "Bip01 L Toe0"
		*TM_ROW0 0.573579	-0.81915	7.75239e-006
		*TM_ROW1 -1.18262e-005	1.05821e-006	1
		*TM_ROW2 -0.81915	-0.573579	-9.00526e-006
		*TM_ROW3 59.0547	-6.42747	-0.442124
		*TM_POS 59.0547	-6.42747	-0.442124
		*TM_ROTAXIS -0.805307	0.419219	0.419209
		*TM_ROTANGLE 1.78566
		*TM_SCALE 1	1	1
		*TM_SCALEAXIS 0	0	0
		*TM_SCALEAXISANG 0	0	0
	}
}
*HELPEROBJECT {
	*NODE_NAME "Bip01 L Toe01"
	*NODE_PARENT "Bip01 L Toe0"
	*NODE_TM {
		*NODE_NAME "Bip01 L Toe01"
		*TM_ROW0 0.573579	-0.81915	7.75239e-006
		*TM_ROW1 -1.18262e-005	1.05821e-006	1
		*TM_ROW2 -0.81915	-0.573579	-9.00526e-006
		*TM_ROW3 69.6204	-21.5167	-0.442103
		*TM_POS 69.6204	-21.5167	-0.442103
		*TM_ROTAXIS -0.805307	0.419219	0.419209
		*TM_ROTANGLE 1.78566
		*TM_SCALE 1	1	1
		*TM_SCALEAXIS 0	0	0
		*TM_SCALEAXISANG 0	0	0
	}
}
*HELPEROBJECT {
	*NODE_NAME "Bip01 L Toe1"
	*NODE_PARENT "Bip01 L Foot"
	*NODE_TM {
		*NODE_NAME "Bip01 L Toe1"
		*TM_ROW0 3.11562e-006	-1	2.96778e-006
		*TM_ROW1 2.95575e-006	3.01026e-006	1
		*TM_ROW2 -1	-2.96299e-006	3.11763e-006
		*TM_ROW3 45.5608	-16.5524	-0.442123
		*TM_POS 45.5608	-16.5524	-0.442123
		*TM_ROTAXIS -0.57735	0.57735	0.57735
		*TM_ROTANGLE 2.09439
		*TM_SCALE 1	1	1
		*TM_SCALEAXIS 0	0	0
		*TM_SCALEAXISANG 0	0	0
	}
}
*HELPEROBJECT {
	*NODE_NAME "Bip01 L Toe11"
	*NODE_PARENT "Bip01 L Toe1"
	*NODE_TM {
		*NODE_NAME "Bip01 L Toe11"
		*TM_ROW0 3.11562e-006	-1	2.96778e-006
		*TM_ROW1 2.95575e-006	3.01026e-006	1
		*TM_ROW2 -1	-2.96299e-006	3.11763e-006
		*TM_ROW3 45.5608	-41.7432	-0.442103
		*TM_POS 45.5608	-41.7432	-0.442103
		*TM_ROTAXIS -0.57735	0.57735	0.57735
		*TM_ROTANGLE 2.09439
		*TM_SCALE 1	1	1
		*TM_SCALEAXIS 0	0	0
		*TM_SCALEAXISANG 0	0	0
	}
}
*HELPEROBJECT {
	*NODE_NAME "Bip01 L Toe2"
	*NODE_PARENT "Bip01 L Foot"
	*NODE_TM {
		*NODE_NAME "Bip01 L Toe2"
		*TM_ROW0 -0.951055	-0.309021	-8.56514e-007
		*TM_ROW1 -8.73844e-007	-1.48782e-007	1
		*TM_ROW2 -0.309021	0.951055	-7.04855e-008
		*TM_ROW3 33.9447	-2.69023	-0.442143
		*TM_POS 33.9447	-2.69023	-0.442143
		*TM_ROTAXIS 0.111301	-0.702713	-0.702713
		*TM_ROTANGLE 3.36328
		*TM_SCALE 1	1	1
		*TM_SCALEAXIS 0	0	0
		*TM_SCALEAXISANG 0	0	0
	}
}
*HELPEROBJECT {
	*NODE_NAME "Bip01 L Toe21"
	*NODE_PARENT "Bip01 L Toe2"
	*NODE_TM {
		*NODE_NAME "Bip01 L Toe21"
		*TM_ROW0 -0.951055	-0.309021	-8.56514e-007
		*TM_ROW1 -8.73844e-007	-1.48782e-007	1
		*TM_ROW2 -0.309021	0.951055	-7.04855e-008
		*TM_ROW3 18.8616	-7.59104	-0.442152
		*TM_POS 18.8616	-7.59104	-0.442152
		*TM_ROTAXIS 0.111301	-0.702713	-0.702713
		*TM_ROTANGLE 3.36328
		*TM_SCALE 1	1	1
		*TM_SCALEAXIS 0	0	0
		*TM_SCALEAXISANG 0	0	0
	}
}
*HELPEROBJECT {
	*NODE_NAME "Bip01 R Thigh"
	*NODE_PARENT "Bip01 Spine"
	*NODE_TM {
		*NODE_NAME "Bip01 R Thigh"
		*TM_ROW0 -0.204547	-0.424159	-0.882185
		*TM_ROW1 0.0692689	-0.905253	0.419189
		*TM_ROW2 -0.976403	0.0246359	0.214548
		*TM_ROW3 -20.3716	-1.79668	112.114
		*TM_POS -20.3716	-1.79668	112.114
		*TM_ROTAXIS 0.617682	-0.1475	-0.772472
		*TM_ROTANGLE 3.46667
		*TM_SCALE 1	1	1
		*TM_SCALEAXIS 0	0	0
		*TM_SCALEAXISANG 0	0	0
	}
}
*HELPEROBJECT {
	*NODE_NAME "Bip01 R Calf"
	*NODE_PARENT "Bip01 R Thigh"
	*NODE_TM {
		*NODE_NAME "Bip01 R Calf"
		*TM_ROW0 -0.0914958	0.852714	-0.514304
		*TM_ROW1 -0.195611	-0.521798	-0.830339
		*TM_ROW2 -0.976404	0.0246308	0.214542
		*TM_ROW3 -32.6774	-27.3154	59.0389
		*TM_POS -32.6774	-27.3154	59.0389
		*TM_ROTAXIS 0.598087	0.323258	-0.733346
		*TM_ROTANGLE 2.34532
		*TM_SCALE 1	1	1
		*TM_SCALEAXIS 0	0	0
		*TM_SCALEAXISANG 0	0	0
	}
}
*HELPEROBJECT {
	*NODE_NAME "Bip01 R HorseLink"
	*NODE_PARENT "Bip01 R Calf"
	*NODE_TM {
		*NODE_NAME "Bip01 R HorseLink"
		*TM_ROW0 -0.197236	-0.506264	-0.839521
		*TM_ROW1 0.0879326	-0.862027	0.499177
		*TM_ROW2 -0.976405	0.0246343	0.214539
		*TM_ROW3 -36.8848	11.8969	35.3883
		*TM_POS -36.8848	11.8969	35.3883
		*TM_ROTAXIS 0.614171	-0.17716	-0.769031
		*TM_ROTANGLE 3.53824
		*TM_SCALE 1	1	1
		*TM_SCALEAXIS 0	0	0
		*TM_SCALEAXISANG 0	0	0
	}
}
*HELPEROBJECT {
	*NODE_NAME "Bip01 R Foot"
	*NODE_PARENT "Bip01 R HorseLink"
	*NODE_TM {
		*NODE_NAME "Bip01 R Foot"
		*TM_ROW0 -4.32553e-008	-1.63268e-006	-1
		*TM_ROW1 1.80286e-006	-1	1.85549e-006
		*TM_ROW2 -1	-1.75498e-006	-2.82599e-008
		*TM_ROW3 -41.7997	-0.718411	14.4685
		*TM_POS -41.7997	-0.718411	14.4685
		*TM_ROTAXIS 0.707107	-3.55385e-008	-0.707107
		*TM_ROTANGLE 3.1416
		*TM_SCALE 1	1	1
		*TM_SCALEAXIS 0	0	0
		*TM_SCALEAXISANG 0	0	0
	}
}
*HELPEROBJECT {
	*NODE_NAME "Bip01 R Toe0"
	*NODE_PARENT "Bip01 R Foot"
	*NODE_TM {
		*NODE_NAME "Bip01 R Toe0"
		*TM_ROW0 -0.573575	-0.819153	-2.88097e-006
		*TM_ROW1 -2.96678e-006	-1.59048e-006	1
		*TM_ROW2 -0.819153	0.573575	-1.44088e-006
		*TM_ROW3 -54.1723	-5.09728	-0.442181
		*TM_POS -54.1723	-5.09728	-0.442181
		*TM_ROTAXIS 0.345439	-0.663578	-0.663578
		*TM_ROTANGLE 3.8068
		*TM_SCALE 1	1	1
		*TM_SCALEAXIS 0	0	0
		*TM_SCALEAXISANG 0	0	0
	}
}
*HELPEROBJECT {
	*NODE_NAME "Bip01 R Toe01"
	*NODE_PARENT "Bip01 R Toe0"
	*NODE_TM {
		*NODE_NAME "Bip01 R Toe01"
		*TM_ROW0 -0.573575	-0.819154	-2.88097e-006
		*TM_ROW1 -2.96678e-006	-1.59048e-006	1
		*TM_ROW2 -0.819153	0.573575	-1.44088e-006
		*TM_ROW3 -64.7379	-20.1865	-0.44217
		*TM_POS -64.7379	-20.1865	-0.44217
		*TM_ROTAXIS 0.345439	-0.663578	-0.663578
		*TM_ROTANGLE 3.8068
		*TM_SCALE 1	1	1
		*TM_SCALEAXIS 0	0	0
		*TM_SCALEAXISANG 0	0	0
	}
}
*HELPEROBJECT {
	*NODE_NAME "Bip01 R Toe1"
	*NODE_PARENT "Bip01 R Foot"
	*NODE_TM {
		*NODE_NAME "Bip01 R Toe1"
		*TM_ROW0 3.10966e-006	-1	3.01328e-006
		*TM_ROW1 2.93408e-006	2.93947e-006	1
		*TM_ROW2 -1	-2.91276e-006	3.13079e-006
		*TM_ROW3 -40.6783	-15.2221	-0.44217
		*TM_POS -40.6783	-15.2221	-0.44217
		*TM_ROTAXIS -0.57735	0.57735	0.57735
		*TM_ROTANGLE 2.09439
		*TM_SCALE 1	1	1
		*TM_SCALEAXIS 0	0	0
		*TM_SCALEAXISANG 0	0	0
	}
}
*HELPEROBJECT {
	*NODE_NAME "Bip01 R Toe11"
	*NODE_PARENT "Bip01 R Toe1"
	*NODE_TM {
		*NODE_NAME "Bip01 R Toe11"
		*TM_ROW0 3.10966e-006	-1	3.01328e-006
		*TM_ROW1 2.93408e-006	2.93947e-006	1
		*TM_ROW2 -1	-2.91276e-006	3.13079e-006
		*TM_ROW3 -40.6783	-40.4129	-0.442168
		*TM_POS -40.6783	-40.4129	-0.442168
		*TM_ROTAXIS -0.57735	0.57735	0.57735
		*TM_ROTANGLE 2.09439
		*TM_SCALE 1	1	1
		*TM_SCALEAXIS 0	0	0
		*TM_SCALEAXISANG 0	0	0
	}
}
*HELPEROBJECT {
	*NODE_NAME "Bip01 R Toe2"
	*NODE_PARENT "Bip01 R Foot"
	*NODE_TM {
		*NODE_NAME "Bip01 R Toe2"
		*TM_ROW0 0.95106	-0.309008	-1.74302e-007
		*TM_ROW1 -1.80262e-007	-1.11178e-006	1
		*TM_ROW2 -0.309008	-0.95106	-8.82352e-007
		*TM_ROW3 -29.0623	-1.35994	-0.442171
		*TM_POS -29.0623	-1.35994	-0.442171
		*TM_ROTAXIS -0.975822	0.15455	0.15455
		*TM_ROTANGLE 1.59527
		*TM_SCALE 1	1	1
		*TM_SCALEAXIS 0	0	0
		*TM_SCALEAXISANG 0	0	0
	}
}
*HELPEROBJECT {
	*NODE_NAME "Bip01 R Toe21"
	*NODE_PARENT "Bip01 R Toe2"
	*NODE_TM {
		*NODE_NAME "Bip01 R Toe21"
		*TM_ROW0 0.95106	-0.309008	-1.74302e-007
		*TM_ROW1 -1.80262e-007	-1.11178e-006	1
		*TM_ROW2 -0.309008	-0.95106	-8.82352e-007
		*TM_ROW3 -13.9792	-6.2607	-0.442172
		*TM_POS -13.9792	-6.2607	-0.442172
		*TM_ROTAXIS -0.975822	0.15455	0.15455
		*TM_ROTANGLE 1.59527
		*TM_SCALE 1	1	1
		*TM_SCALEAXIS 0	0	0
		*TM_SCALEAXISANG 0	0	0
	}
}
*HELPEROBJECT {
	*NODE_NAME "Bip01 Tail"
	*NODE_PARENT "Bip01 Spine"
	*NODE_TM {
		*NODE_NAME "Bip01 Tail"
		*TM_ROW0 -5.66244e-007	0.974548	-0.22418
		*TM_ROW1 4.17233e-007	0.22418	0.974548
		*TM_ROW2 1	4.17232e-007	-5.66244e-007
		*TM_ROW3 2.44115	11.298	122.182
		*TM_POS 2.44115	11.298	122.182
		*TM_ROTAXIS -0.52867	-0.66409	-0.52867
		*TM_ROTANGLE 1.96916
		*TM_SCALE 1	1	1
		*TM_SCALEAXIS 0	0	0
		*TM_SCALEAXISANG 0	0	0
	}
}
*HELPEROBJECT {
	*NODE_NAME "Bip01 Tail1"
	*NODE_PARENT "Bip01 Tail"
	*NODE_TM {
		*NODE_NAME "Bip01 Tail1"
		*TM_ROW0 1.41561e-006	0.819608	-0.572924
		*TM_ROW1 -7.7486e-007	0.572924	0.819609
		*TM_ROW2 1	-7.74861e-007	1.41561e-006
		*TM_ROW3 2.44107	60.3657	110.862
		*TM_POS 2.44107	60.3657	110.862
		*TM_ROTAXIS -0.41948	-0.80503	-0.41948
		*TM_ROTANGLE 1.78599
		*TM_SCALE 1	1	1
		*TM_SCALEAXIS 0	0	0
		*TM_SCALEAXISANG 0	0	0
	}
}
*HELPEROBJECT {
	*NODE_NAME "Bip01 Tail2"
	*NODE_PARENT "Bip01 Tail1"
	*NODE_TM {
		*NODE_NAME "Bip01 Tail2"
		*TM_ROW0 -2.61143e-006	0.268006	-0.963417
		*TM_ROW1 -9.81987e-006	0.963417	0.268006
		*TM_ROW2 1	1.01775e-005	1.17347e-007
		*TM_ROW3 2.44101	95.2457	86.4368
		*TM_POS 2.44101	95.2457	86.4368
		*TM_ROTAXIS -0.13402	-0.981873	-0.13403
		*TM_ROTANGLE 1.58909
		*TM_SCALE 1	1	1
		*TM_SCALEAXIS 0	0	0
		*TM_SCALEAXISANG 0	0	0
	}
}
