*3DSMAX_ASCIIEXPORT	110
*COMMENT "[ GothicSourcer v3.14 ] - June 2007"
*SCENE {
	*SCENE_FILENAME "WOL_LOOK_KS01.MAX"
	*SCENE_FIRSTFRAME 0
	*SCENE_LASTFRAME 8
	*SCENE_FRAMESPEED 25
	*SCENE_TICKSPERFRAME 192
	*SCENE_BACKGROUND_STATIC 0	0	0
	*SCENE_AMBIENT_STATIC 0.2	0.2	0.2
}
*HELPEROBJECT {
	*NODE_NAME "Bip01"
	*NODE_TM {
		*NODE_NAME "Bip01"
		*TM_ROW0 6.27438e-006	-1	0
		*TM_ROW1 1	6.27438e-006	0
		*TM_ROW2 -0	-0	1
		*TM_ROW3 0	0	78.493
		*TM_POS 0	0	78.493
		*TM_ROTAXIS 0	0	1
		*TM_ROTANGLE 1.57079
		*TM_SCALE 1	1	1
		*TM_SCALEAXIS 0	0	0
		*TM_SCALEAXISANG 0	0	0
	}
}
*HELPEROBJECT {
	*NODE_NAME "Bip01 Pelvis"
	*NODE_PARENT "Bip01"
	*NODE_TM {
		*NODE_NAME "Bip01 Pelvis"
		*TM_ROW0 -5.96046e-008	1.79264e-006	1
		*TM_ROW1 -1.79264e-006	-1	1.79264e-006
		*TM_ROW2 1	-1.79264e-006	-5.96046e-008
		*TM_ROW3 1.8161e-015	-0.04048	78.493
		*TM_POS 1.8161e-015	-0.04048	78.493
		*TM_ROTAXIS 0.707107	0	0.707107
		*TM_ROTANGLE 3.1416
		*TM_SCALE 1	1	1
		*TM_SCALEAXIS 0	0	0
		*TM_SCALEAXISANG 0	0	0
	}
}
*HELPEROBJECT {
	*NODE_NAME "Bip01 Spine"
	*NODE_PARENT "Bip01 Pelvis"
	*NODE_TM {
		*NODE_NAME "Bip01 Spine"
		*TM_ROW0 -4.11272e-006	-0.999418	0.0341053
		*TM_ROW1 -4.32134e-006	-0.0341052	-0.999418
		*TM_ROW2 1	-4.32134e-006	-4.11272e-006
		*TM_ROW3 -1e-005	-6.61957	81.0226
		*TM_POS -1e-005	-6.61957	81.0226
		*TM_ROTAXIS 0.583803	-0.564223	0.583803
		*TM_ROTANGLE 2.11421
		*TM_SCALE 1	1	1
		*TM_SCALEAXIS 0	0	0
		*TM_SCALEAXISANG 0	0	0
	}
}
*HELPEROBJECT {
	*NODE_NAME "Bip01 Spine1"
	*NODE_PARENT "Bip01 Spine"
	*NODE_TM {
		*NODE_NAME "Bip01 Spine1"
		*TM_ROW0 -4.11272e-006	-0.999418	0.0341053
		*TM_ROW1 -4.32134e-006	-0.0341052	-0.999418
		*TM_ROW2 1	-4.32134e-006	-4.11272e-006
		*TM_ROW3 1e-005	-22.6755	81.589
		*TM_POS 1e-005	-22.6755	81.589
		*TM_ROTAXIS 0.583803	-0.564223	0.583803
		*TM_ROTANGLE 2.11421
		*TM_SCALE 1	1	1
		*TM_SCALEAXIS 0	0	0
		*TM_SCALEAXISANG 0	0	0
	}
}
*HELPEROBJECT {
	*NODE_NAME "Bip01 Spine2"
	*NODE_PARENT "Bip01 Spine1"
	*NODE_TM {
		*NODE_NAME "Bip01 Spine2"
		*TM_ROW0 2.14577e-006	-0.978311	0.20714
		*TM_ROW1 2.47359e-006	-0.20714	-0.978312
		*TM_ROW2 1	2.47359e-006	2.14577e-006
		*TM_ROW3 5e-005	-45.794	82.3916
		*TM_POS 5e-005	-45.794	82.3916
		*TM_ROTAXIS -0.613508	0.497208	-0.613508
		*TM_ROTANGLE 4.06442
		*TM_SCALE 1	1	1
		*TM_SCALEAXIS 0	0	0
		*TM_SCALEAXISANG 0	0	0
	}
}
*HELPEROBJECT {
	*NODE_NAME "Bip01 Neck"
	*NODE_PARENT "Bip01 Spine2"
	*NODE_TM {
		*NODE_NAME "Bip01 Neck"
		*TM_ROW0 3.93391e-006	-0.908038	-0.418888
		*TM_ROW1 2.44379e-006	0.418888	-0.908038
		*TM_ROW2 1	2.44379e-006	3.93391e-006
		*TM_ROW3 7e-005	-62.9324	86.0328
		*TM_POS 7e-005	-62.9324	86.0328
		*TM_ROTAXIS 0.47449	-0.74143	0.47449
		*TM_ROTANGLE 1.8656
		*TM_SCALE 1	1	1
		*TM_SCALEAXIS 0	0	0
		*TM_SCALEAXISANG 0	0	0
	}
}
*HELPEROBJECT {
	*NODE_NAME "Bip01 Neck1"
	*NODE_PARENT "Bip01 Neck"
	*NODE_TM {
		*NODE_NAME "Bip01 Neck1"
		*TM_ROW0 -2.44379e-006	-0.895062	-0.445941
		*TM_ROW1 -1.60933e-006	0.445941	-0.895063
		*TM_ROW2 1	-1.60933e-006	-2.44379e-006
		*TM_ROW3 8.99999e-005	-80.4562	77.96
		*TM_POS 8.99999e-005	-80.4562	77.96
		*TM_ROTAXIS 0.46576	-0.75242	0.46576
		*TM_ROTANGLE 1.8515
		*TM_SCALE 1	1	1
		*TM_SCALEAXIS 0	0	0
		*TM_SCALEAXISANG 0	0	0
	}
	*TM_ANIMATION {
		*NODE_NAME  "Bip01 Neck1"
		*CONTROL_POS_TRACK {
			*CONTROL_POS_SAMPLE 0	-0.00283021	-80.4549	77.9602
			*CONTROL_POS_SAMPLE 192	0.000116653	-80.4523	77.9611
			*CONTROL_POS_SAMPLE 384	0.00367609	-80.4559	77.9594
			*CONTROL_POS_SAMPLE 576	-9.03035e-006	-80.4563	77.9601
			*CONTROL_POS_SAMPLE 768	-1.66558e-005	-80.4563	77.9601
			*CONTROL_POS_SAMPLE 960	-1.66558e-005	-80.4563	77.9601
			*CONTROL_POS_SAMPLE 1152	0.00369989	-80.4571	77.9588
			*CONTROL_POS_SAMPLE 1344	-2.80023e-005	-80.4581	77.9589
			*CONTROL_POS_SAMPLE 1536	-0.0038674	-80.4568	77.9589
		}
		*CONTROL_ROT_TRACK {
			*CONTROL_ROT_SAMPLE 0	0.788073	-0.355502	0.502552	1.36029
			*CONTROL_ROT_SAMPLE 192	0.567065	-0.597389	0.567066	2.06459
			*CONTROL_ROT_SAMPLE 384	-0.339218	0.832264	-0.438483	3.53464
			*CONTROL_ROT_SAMPLE 576	0.651654	-0.645053	0.399066	1.51982
			*CONTROL_ROT_SAMPLE 768	0.465764	-0.752414	0.465764	1.8515
			*CONTROL_ROT_SAMPLE 960	-0.315071	0.806877	-0.499679	4.08365
			*CONTROL_ROT_SAMPLE 1152	0.578804	-0.786209	0.216477	1.80561
			*CONTROL_ROT_SAMPLE 1344	0.398573	-0.826003	0.398572	1.7608
			*CONTROL_ROT_SAMPLE 1536	0.208269	-0.780936	0.588866	1.79677
		}
		*CONTROL_SCALE_TRACK {
			*CONTROL_SCALE_SAMPLE	0	1	1	1	0	0	0	0
		}
	}
}
*HELPEROBJECT {
	*NODE_NAME "Bip01 Neck2"
	*NODE_PARENT "Bip01 Neck1"
	*NODE_TM {
		*NODE_NAME "Bip01 Neck2"
		*TM_ROW0 -8.94071e-007	-0.881284	-0.472587
		*TM_ROW1 -5.66244e-007	0.472587	-0.881284
		*TM_ROW2 1	-5.66245e-007	-8.94071e-007
		*TM_ROW3 0.00011	-91.9042	72.2645
		*TM_POS 0.00011	-91.9042	72.2645
		*TM_ROTAXIS 0.456812	-0.763313	0.456812
		*TM_ROTANGLE 1.83766
		*TM_SCALE 1	1	1
		*TM_SCALEAXIS 0	0	0
		*TM_SCALEAXISANG 0	0	0
	}
	*TM_ANIMATION {
		*NODE_NAME  "Bip01 Neck2"
		*CONTROL_POS_TRACK {
			*CONTROL_POS_SAMPLE 0	8.94782	-89.574	77.5276
			*CONTROL_POS_SAMPLE 192	0.000122529	-93.2205	77.303
			*CONTROL_POS_SAMPLE 384	-8.97366	-89.5498	77.5485
			*CONTROL_POS_SAMPLE 576	5.8045	-90.6566	72.8853
			*CONTROL_POS_SAMPLE 768	-0.000127989	-91.9042	72.2646
			*CONTROL_POS_SAMPLE 960	-5.50433	-90.7892	72.8193
			*CONTROL_POS_SAMPLE 1152	2.31138	-90.3254	70.1625
			*CONTROL_POS_SAMPLE 1344	-0.000145623	-90.4718	70.0079
			*CONTROL_POS_SAMPLE 1536	-2.19277	-90.3441	70.1524
		}
		*CONTROL_ROT_TRACK {
			*CONTROL_ROT_SAMPLE 0	0.774326	-0.280147	0.567395	1.44243
			*CONTROL_ROT_SAMPLE 192	-0.59586	0.538425	-0.595861	4.12942
			*CONTROL_ROT_SAMPLE 384	-0.39946	0.798903	-0.449651	3.46655
			*CONTROL_ROT_SAMPLE 576	0.645918	-0.658844	0.385635	1.50805
			*CONTROL_ROT_SAMPLE 768	0.456817	-0.763306	0.456817	1.83766
			*CONTROL_ROT_SAMPLE 960	-0.304098	0.814625	-0.493873	4.09856
			*CONTROL_ROT_SAMPLE 1152	0.653644	-0.744846	0.133993	1.57697
			*CONTROL_ROT_SAMPLE 1344	0.388038	-0.835975	0.388037	1.749
			*CONTROL_ROT_SAMPLE 1536	0.114119	-0.821825	0.558194	1.98329
		}
		*CONTROL_SCALE_TRACK {
			*CONTROL_SCALE_SAMPLE	0	1	1	1	0	0	0	0
		}
	}
}
*HELPEROBJECT {
	*NODE_NAME "Bip01 Head"
	*NODE_PARENT "Bip01 Neck2"
	*NODE_TM {
		*NODE_NAME "Bip01 Head"
		*TM_ROW0 -3.87431e-007	-0.984809	-0.17364
		*TM_ROW1 -4.47035e-007	0.17364	-0.984809
		*TM_ROW2 1	-4.47035e-007	-3.87431e-007
		*TM_ROW3 0.00012	-99.9027	67.9753
		*TM_POS 0.00012	-99.9027	67.9753
		*TM_ROTAXIS 0.540718	-0.644398	0.540718
		*TM_ROTANGLE 1.99674
		*TM_SCALE 1	1	1
		*TM_SCALEAXIS 0	0	0
		*TM_SCALEAXISANG 0	0	0
	}
	*TM_ANIMATION {
		*NODE_NAME  "Bip01 Head"
		*CONTROL_POS_TRACK {
			*CONTROL_POS_SAMPLE 0	14.8547	-96.3979	78.483
			*CONTROL_POS_SAMPLE 192	0.000112787	-102.25	78.2198
			*CONTROL_POS_SAMPLE 384	-14.7539	-96.4939	78.4086
			*CONTROL_POS_SAMPLE 576	9.92256	-97.77	69.0365
			*CONTROL_POS_SAMPLE 768	-0.000253551	-99.9028	67.9758
			*CONTROL_POS_SAMPLE 960	-9.40949	-97.9966	68.924
			*CONTROL_POS_SAMPLE 1152	6.15674	-95.9877	64.2026
			*CONTROL_POS_SAMPLE 1344	-0.000279191	-97.4039	64.1498
			*CONTROL_POS_SAMPLE 1536	-5.66584	-96.1776	64.1294
		}
		*CONTROL_ROT_TRACK {
			*CONTROL_ROT_SAMPLE 0	0.9187	0.269112	0.289084	1.46271
			*CONTROL_ROT_SAMPLE 192	-0.628952	0.456988	-0.628953	3.9989
			*CONTROL_ROT_SAMPLE 384	-0.243506	0.783832	-0.571238	2.84379
			*CONTROL_ROT_SAMPLE 576	0.995701	-0.0817958	0.0434725	0.981022
			*CONTROL_ROT_SAMPLE 768	0.42498	-0.79924	0.424979	1.79303
			*CONTROL_ROT_SAMPLE 960	-0.0102517	0.88287	-0.469505	3.1802
			*CONTROL_ROT_SAMPLE 1152	0.791497	-0.374031	-0.483356	1.30405
			*CONTROL_ROT_SAMPLE 1344	0.316647	-0.894131	0.316646	1.68246
			*CONTROL_ROT_SAMPLE 1536	0.223159	0.809725	-0.542721	3.57954
		}
		*CONTROL_SCALE_TRACK {
			*CONTROL_SCALE_SAMPLE	0	1	1	1	0	0	0	0
		}
	}
}
*HELPEROBJECT {
	*NODE_NAME "Bip01 Ponytail1"
	*NODE_PARENT "Bip01 Head"
	*NODE_TM {
		*NODE_NAME "Bip01 Ponytail1"
		*TM_ROW0 4.50015e-006	-0.923997	-0.382399
		*TM_ROW1 3.0458e-005	0.382399	-0.923997
		*TM_ROW2 1	-7.56979e-006	2.99215e-005
		*TM_ROW3 0.00013	-102.845	58.2558
		*TM_POS 0.00013	-102.845	58.2558
		*TM_ROTAXIS 0.485731	-0.726712	0.485751
		*TM_ROTANGLE 1.88471
		*TM_SCALE 1	1	1
		*TM_SCALEAXIS 0	0	0
		*TM_SCALEAXISANG 0	0	0
	}
	*TM_ANIMATION {
		*NODE_NAME  "Bip01 Ponytail1"
		*CONTROL_POS_TRACK {
			*CONTROL_POS_SAMPLE 0	23.4004	-95.1413	73.1475
			*CONTROL_POS_SAMPLE 192	0.000129665	-109.406	71.0179
			*CONTROL_POS_SAMPLE 384	-23.503	-95.2097	73.4209
			*CONTROL_POS_SAMPLE 576	14.4858	-93.0352	61.3014
			*CONTROL_POS_SAMPLE 768	-0.000380364	-98.6343	57.9029
			*CONTROL_POS_SAMPLE 960	-13.9857	-93.0969	61.3001
			*CONTROL_POS_SAMPLE 1152	3.27779	-91.5288	55.5479
			*CONTROL_POS_SAMPLE 1344	-0.000427859	-93.2458	54.8876
			*CONTROL_POS_SAMPLE 1536	-4.17455	-92.5394	54.7691
		}
		*CONTROL_ROT_TRACK {
			*CONTROL_ROT_SAMPLE 0	0.916149	0.272833	0.293653	1.46532
			*CONTROL_ROT_SAMPLE 192	-0.630185	0.453578	-0.630186	3.99325
			*CONTROL_ROT_SAMPLE 384	-0.247115	0.783035	-0.57078	2.83866
			*CONTROL_ROT_SAMPLE 576	0.995659	-0.0772972	0.0518516	0.981449
			*CONTROL_ROT_SAMPLE 768	0.427907	-0.79611	0.427907	1.79686
			*CONTROL_ROT_SAMPLE 960	-0.0142117	0.882782	-0.469569	3.17599
			*CONTROL_ROT_SAMPLE 1152	0.795418	-0.371528	-0.47883	1.29973
			*CONTROL_ROT_SAMPLE 1344	0.320247	-0.891563	0.320246	1.68532
			*CONTROL_ROT_SAMPLE 1536	0.219406	0.810281	-0.54342	3.57466
		}
		*CONTROL_SCALE_TRACK {
			*CONTROL_SCALE_SAMPLE	0	1	1	1	0	0	0	0
		}
	}
}
*HELPEROBJECT {
	*NODE_NAME "Bip01 L Clavicle"
	*NODE_PARENT "Bip01 Neck"
	*NODE_TM {
		*NODE_NAME "Bip01 L Clavicle"
		*TM_ROW0 0.978556	0.0741647	-0.192166
		*TM_ROW1 0.17365	0.204754	0.963287
		*TM_ROW2 0.110789	-0.976	0.187485
		*TM_ROW3 10.3833	-65.4927	78.4943
		*TM_POS 10.3833	-65.4927	78.4943
		*TM_ROTAXIS -0.98675	-0.15415	0.05062
		*TM_ROTANGLE 1.38432
		*TM_SCALE 1	1	1
		*TM_SCALEAXIS 0	0	0
		*TM_SCALEAXISANG 0	0	0
	}
}
*HELPEROBJECT {
	*NODE_NAME "Bip01 L UpperArm"
	*NODE_PARENT "Bip01 L Clavicle"
	*NODE_TM {
		*NODE_NAME "Bip01 L UpperArm"
		*TM_ROW0 -0.0391875	0.187527	-0.981478
		*TM_ROW1 -0.0150734	0.982009	0.188231
		*TM_ROW2 0.999118	0.0221705	-0.0356558
		*TM_ROW3 25.0882	-64.3782	75.6066
		*TM_POS 25.0882	-64.3782	75.6066
		*TM_ROTAXIS -0.0831197	-0.991366	-0.10141
		*TM_ROTANGLE 1.61723
		*TM_SCALE 1	1	1
		*TM_SCALEAXIS 0	0	0
		*TM_SCALEAXISANG 0	0	0
	}
}
*HELPEROBJECT {
	*NODE_NAME "Bip01 L Forearm"
	*NODE_PARENT "Bip01 L UpperArm"
	*NODE_TM {
		*NODE_NAME "Bip01 L Forearm"
		*TM_ROW0 -0.0270058	-0.31088	-0.950066
		*TM_ROW1 -0.0321424	0.950191	-0.310007
		*TM_ROW2 0.999118	0.0221654	-0.0356531
		*TM_ROW3 24.1399	-59.8395	51.8523
		*TM_POS 24.1399	-59.8395	51.8523
		*TM_ROTAXIS 0.166349	-0.976137	0.139589
		*TM_ROTANGLE 1.62706
		*TM_SCALE 1	1	1
		*TM_SCALEAXIS 0	0	0
		*TM_SCALEAXISANG 0	0	0
	}
}
*HELPEROBJECT {
	*NODE_NAME "Bip01 L Hand"
	*NODE_PARENT "Bip01 L Forearm"
	*NODE_TM {
		*NODE_NAME "Bip01 L Hand"
		*TM_ROW0 0.0134346	-0.382314	-0.923935
		*TM_ROW1 -0.999657	-0.0259267	-0.00380721
		*TM_ROW2 -0.0224992	0.923669	-0.382531
		*TM_ROW3 23.12	-71.5813	15.969
		*TM_POS 23.12	-71.5813	15.969
		*TM_ROTAXIS 0.64716	-0.62899	-0.43076
		*TM_ROTANGLE 2.34272
		*TM_SCALE 1	1	1
		*TM_SCALEAXIS 0	0	0
		*TM_SCALEAXISANG 0	0	0
	}
}
*HELPEROBJECT {
	*NODE_NAME "Bip01 L Finger0"
	*NODE_PARENT "Bip01 L Hand"
	*NODE_TM {
		*NODE_NAME "Bip01 L Finger0"
		*TM_ROW0 0.0268706	-0.995019	-0.0959981
		*TM_ROW1 -0.999639	-0.0266573	-0.003501
		*TM_ROW2 0.000924502	0.0960575	-0.995376
		*TM_ROW3 23.2422	-74.4861	6.68773
		*TM_POS 23.2422	-74.4861	6.68773
		*TM_ROTAXIS 0.716133	-0.697173	-0.0332301
		*TM_ROTANGLE 3.07203
		*TM_SCALE 1	1	1
		*TM_SCALEAXIS 0	0	0
		*TM_SCALEAXISANG 0	0	0
	}
}
*HELPEROBJECT {
	*NODE_NAME "Bip01 R Clavicle"
	*NODE_PARENT "Bip01 Neck"
	*NODE_TM {
		*NODE_NAME "Bip01 R Clavicle"
		*TM_ROW0 -0.978557	0.0741685	-0.192159
		*TM_ROW1 -0.173643	0.204745	0.963291
		*TM_ROW2 0.110789	0.976002	-0.187475
		*TM_ROW3 -10.3831	-65.4927	78.4943
		*TM_POS -10.3831	-65.4927	78.4943
		*TM_ROTAXIS -0.03246	0.773619	0.632819
		*TM_ROTANGLE 3.33867
		*TM_SCALE 1	1	1
		*TM_SCALEAXIS 0	0	0
		*TM_SCALEAXISANG 0	0	0
	}
}
*HELPEROBJECT {
	*NODE_NAME "Bip01 R UpperArm"
	*NODE_PARENT "Bip01 R Clavicle"
	*NODE_TM {
		*NODE_NAME "Bip01 R UpperArm"
		*TM_ROW0 0.0663164	0.190687	-0.979409
		*TM_ROW1 0.0216154	0.981064	0.192473
		*TM_ROW2 0.997565	-0.0339344	0.0609389
		*TM_ROW3 -25.0881	-64.3783	75.6066
		*TM_POS -25.0881	-64.3783	75.6066
		*TM_ROTAXIS -0.11337	-0.989939	-0.0846599
		*TM_ROTANGLE 1.51661
		*TM_SCALE 1	1	1
		*TM_SCALEAXIS 0	0	0
		*TM_SCALEAXISANG 0	0	0
	}
}
*HELPEROBJECT {
	*NODE_NAME "Bip01 R Forearm"
	*NODE_PARENT "Bip01 R UpperArm"
	*NODE_TM {
		*NODE_NAME "Bip01 R Forearm"
		*TM_ROW0 0.0435766	-0.379004	-0.924369
		*TM_ROW1 0.0544693	0.924773	-0.376602
		*TM_ROW2 0.997564	-0.0339387	0.0609425
		*TM_ROW3 -23.4829	-59.7631	51.9024
		*TM_POS -23.4829	-59.7631	51.9024
		*TM_ROTAXIS 0.17135	-0.961069	0.21676
		*TM_ROTANGLE 1.55615
		*TM_SCALE 1	1	1
		*TM_SCALEAXIS 0	0	0
		*TM_SCALEAXISANG 0	0	0
	}
}
*HELPEROBJECT {
	*NODE_NAME "Bip01 R Hand"
	*NODE_PARENT "Bip01 R Forearm"
	*NODE_TM {
		*NODE_NAME "Bip01 R Hand"
		*TM_ROW0 -0.00466661	-0.333313	-0.942805
		*TM_ROW1 0.999569	-0.0288674	0.00525806
		*TM_ROW2 -0.0289689	-0.942374	0.333304
		*TM_ROW3 -21.837	-74.0777	16.9896
		*TM_POS -21.837	-74.0777	16.9896
		*TM_ROTAXIS -0.505832	-0.487792	0.711473
		*TM_ROTANGLE 1.92849
		*TM_SCALE 1	1	1
		*TM_SCALEAXIS 0	0	0
		*TM_SCALEAXISANG 0	0	0
	}
}
*HELPEROBJECT {
	*NODE_NAME "Bip01 R Finger0"
	*NODE_PARENT "Bip01 R Hand"
	*NODE_TM {
		*NODE_NAME "Bip01 R Finger0"
		*TM_ROW0 -0.0284733	-0.988527	-0.148341
		*TM_ROW1 0.999546	-0.029621	0.00553265
		*TM_ROW2 -0.00986316	-0.148116	0.988921
		*TM_ROW3 -21.8686	-76.4915	7.56791
		*TM_POS -21.8686	-76.4915	7.56791
		*TM_ROTAXIS -0.0768701	-0.0692801	0.994631
		*TM_ROTANGLE 1.60539
		*TM_SCALE 1	1	1
		*TM_SCALEAXIS 0	0	0
		*TM_SCALEAXISANG 0	0	0
	}
}
*HELPEROBJECT {
	*NODE_NAME "Bip01 L Thigh"
	*NODE_PARENT "Bip01 Spine"
	*NODE_TM {
		*NODE_NAME "Bip01 L Thigh"
		*TM_ROW0 0.0444618	0.135232	-0.989816
		*TM_ROW1 -0.0219088	-0.990425	-0.1363
		*TM_ROW2 -0.998771	0.0277458	-0.0410731
		*TM_ROW3 14.4607	-0.0404608	78.493
		*TM_POS 14.4607	-0.0404608	78.493
		*TM_ROTAXIS 0.72158	0.03939	-0.69121
		*TM_ROTANGLE 3.02768
		*TM_SCALE 1	1	1
		*TM_SCALEAXIS 0	0	0
		*TM_SCALEAXISANG 0	0	0
	}
}
*HELPEROBJECT {
	*NODE_NAME "Bip01 L Calf"
	*NODE_PARENT "Bip01 L Thigh"
	*NODE_TM {
		*NODE_NAME "Bip01 L Calf"
		*TM_ROW0 0.0457426	0.834891	-0.548512
		*TM_ROW1 0.0190672	-0.549716	-0.835134
		*TM_ROW2 -0.998771	0.0277426	-0.0410643
		*TM_ROW3 15.8543	4.19939	47.4608
		*TM_POS 15.8543	4.19939	47.4608
		*TM_ROTAXIS 0.679439	0.35454	-0.642389
		*TM_ROTANGLE 2.4536
		*TM_SCALE 1	1	1
		*TM_SCALEAXIS 0	0	0
		*TM_SCALEAXISANG 0	0	0
	}
}
*HELPEROBJECT {
	*NODE_NAME "Bip01 L HorseLink"
	*NODE_PARENT "Bip01 L Calf"
	*NODE_TM {
		*NODE_NAME "Bip01 L HorseLink"
		*TM_ROW0 0.0456782	0.193508	-0.980035
		*TM_ROW1 -0.0192442	-0.980706	-0.194538
		*TM_ROW2 -0.998771	0.0277461	-0.0410728
		*TM_ROW3 17.1624	28.0749	31.7748
		*TM_POS 17.1624	28.0749	31.7748
		*TM_ROTAXIS 0.72109	0.06078	-0.69017
		*TM_ROTANGLE 2.98685
		*TM_SCALE 1	1	1
		*TM_SCALEAXIS 0	0	0
		*TM_SCALEAXISANG 0	0	0
	}
}
*HELPEROBJECT {
	*NODE_NAME "Bip01 L Foot"
	*NODE_PARENT "Bip01 L HorseLink"
	*NODE_TM {
		*NODE_NAME "Bip01 L Foot"
		*TM_ROW0 -5.77801e-008	1.81571e-006	-1
		*TM_ROW1 -1.79131e-006	-1	-1.83498e-006
		*TM_ROW2 -1	1.80299e-006	-6.66904e-008
		*TM_ROW3 18.1877	32.4193	9.77189
		*TM_POS 18.1877	32.4193	9.77189
		*TM_ROTAXIS 0.707107	8.627e-009	-0.707107
		*TM_ROTANGLE 3.14159
		*TM_SCALE 1	1	1
		*TM_SCALEAXIS 0	0	0
		*TM_SCALEAXISANG 0	0	0
	}
}
*HELPEROBJECT {
	*NODE_NAME "Bip01 L Toe0"
	*NODE_PARENT "Bip01 L Foot"
	*NODE_TM {
		*NODE_NAME "Bip01 L Toe0"
		*TM_ROW0 3.10078e-006	-1	2.9081e-006
		*TM_ROW1 2.94861e-006	3.07638e-006	1
		*TM_ROW2 -1	-2.94008e-006	3.09236e-006
		*TM_ROW3 18.1877	15.1062	0.377825
		*TM_POS 18.1877	15.1062	0.377825
		*TM_ROTAXIS -0.57735	0.57735	0.57735
		*TM_ROTANGLE 2.09439
		*TM_SCALE 1	1	1
		*TM_SCALEAXIS 0	0	0
		*TM_SCALEAXISANG 0	0	0
	}
}
*HELPEROBJECT {
	*NODE_NAME "Bip01 R Thigh"
	*NODE_PARENT "Bip01 Spine"
	*NODE_TM {
		*NODE_NAME "Bip01 R Thigh"
		*TM_ROW0 -0.0647877	0.251345	-0.965727
		*TM_ROW1 0.0162307	-0.967367	-0.252861
		*TM_ROW2 -0.997767	-0.0320566	0.058594
		*TM_ROW3 -14.4607	-0.0405001	78.493
		*TM_POS -14.4607	-0.0405001	78.493
		*TM_ROTAXIS 0.681222	0.0988503	-0.725372
		*TM_ROTANGLE 2.97881
		*TM_SCALE 1	1	1
		*TM_SCALEAXIS 0	0	0
		*TM_SCALEAXISANG 0	0	0
	}
}
*HELPEROBJECT {
	*NODE_NAME "Bip01 R Calf"
	*NODE_PARENT "Bip01 R Thigh"
	*NODE_TM {
		*NODE_NAME "Bip01 R Calf"
		*TM_ROW0 -0.0606076	0.803113	-0.592737
		*TM_ROW1 -0.0280552	-0.594964	-0.803263
		*TM_ROW2 -0.997767	-0.0320545	0.058591
		*TM_ROW3 -16.492	7.83973	48.2161
		*TM_POS -16.492	7.83973	48.2161
		*TM_ROTAXIS 0.64053	0.3364	-0.69033
		*TM_ROTANGLE 2.49558
		*TM_SCALE 1	1	1
		*TM_SCALEAXIS 0	0	0
		*TM_SCALEAXISANG 0	0	0
	}
}
*HELPEROBJECT {
	*NODE_NAME "Bip01 R HorseLink"
	*NODE_PARENT "Bip01 R Calf"
	*NODE_TM {
		*NODE_NAME "Bip01 R HorseLink"
		*TM_ROW0 -0.0636918	0.192962	-0.979137
		*TM_ROW1 0.0200862	-0.980682	-0.194573
		*TM_ROW2 -0.997767	-0.0320599	0.0585856
		*TM_ROW3 -18.2255	30.8065	31.2654
		*TM_POS -18.2255	30.8065	31.2654
		*TM_ROTAXIS 0.682831	0.0782801	-0.726371
		*TM_ROTANGLE 3.02231
		*TM_SCALE 1	1	1
		*TM_SCALEAXIS 0	0	0
		*TM_SCALEAXISANG 0	0	0
	}
}
*HELPEROBJECT {
	*NODE_NAME "Bip01 R Foot"
	*NODE_PARENT "Bip01 R HorseLink"
	*NODE_TM {
		*NODE_NAME "Bip01 R Foot"
		*TM_ROW0 -6.75488e-008	-1.77017e-006	-1
		*TM_ROW1 1.79568e-006	-1	1.88356e-006
		*TM_ROW2 -1	-1.77859e-006	-6.16527e-008
		*TM_ROW3 -19.6557	35.1386	9.28271
		*TM_POS -19.6557	35.1386	9.28271
		*TM_ROTAXIS 0.707107	-3.71113e-008	-0.707107
		*TM_ROTANGLE 3.1416
		*TM_SCALE 1	1	1
		*TM_SCALEAXIS 0	0	0
		*TM_SCALEAXISANG 0	0	0
	}
}
*HELPEROBJECT {
	*NODE_NAME "Bip01 R Toe0"
	*NODE_PARENT "Bip01 R Foot"
	*NODE_TM {
		*NODE_NAME "Bip01 R Toe0"
		*TM_ROW0 3.10247e-006	-1	3.04134e-006
		*TM_ROW1 2.95837e-006	3.07697e-006	1
		*TM_ROW2 -1	-2.93638e-006	3.09739e-006
		*TM_ROW3 -19.6556	17.8256	-0.111324
		*TM_POS -19.6556	17.8256	-0.111324
		*TM_ROTAXIS -0.57735	0.57735	0.57735
		*TM_ROTANGLE 2.09439
		*TM_SCALE 1	1	1
		*TM_SCALEAXIS 0	0	0
		*TM_SCALEAXISANG 0	0	0
	}
}
*HELPEROBJECT {
	*NODE_NAME "Bip01 Tail"
	*NODE_PARENT "Bip01 Spine"
	*NODE_TM {
		*NODE_NAME "Bip01 Tail"
		*TM_ROW0 -5.94556e-006	0.70067	-0.713486
		*TM_ROW1 -9.05991e-006	0.713486	0.70067
		*TM_ROW2 1	1.0699e-005	2.11597e-006
		*TM_ROW3 -9.99999e-006	8.69728	85.3587
		*TM_POS -9.99999e-006	8.69728	85.3587
		*TM_ROTAXIS -0.353981	-0.865672	-0.353991
		*TM_ROTANGLE 1.71455
		*TM_SCALE 1	1	1
		*TM_SCALEAXIS 0	0	0
		*TM_SCALEAXISANG 0	0	0
	}
}
*HELPEROBJECT {
	*NODE_NAME "Bip01 Tail1"
	*NODE_PARENT "Bip01 Tail"
	*NODE_TM {
		*NODE_NAME "Bip01 Tail1"
		*TM_ROW0 5.0813e-006	0.332424	-0.94313
		*TM_ROW1 -8.64267e-007	0.94313	0.332424
		*TM_ROW2 1	-8.64266e-007	5.0813e-006
		*TM_ROW3 -2.99999e-005	25.0963	68.6374
		*TM_POS -2.99999e-005	25.0963	68.6374
		*TM_ROTAXIS -0.16628	-0.971958	-0.16628
		*TM_ROTANGLE 1.59923
		*TM_SCALE 1	1	1
		*TM_SCALEAXIS 0	0	0
		*TM_SCALEAXISANG 0	0	0
	}
}
*HELPEROBJECT {
	*NODE_NAME "Bip01 Tail2"
	*NODE_PARENT "Bip01 Tail1"
	*NODE_TM {
		*NODE_NAME "Bip01 Tail2"
		*TM_ROW0 -1.98139e-006	0.145238	-0.989397
		*TM_ROW1 1.49012e-007	0.989397	0.145238
		*TM_ROW2 1	1.49012e-007	-1.98139e-006
		*TM_ROW3 -3.99999e-005	32.2467	48.3103
		*TM_POS -3.99999e-005	32.2467	48.3103
		*TM_ROTAXIS -0.0726201	-0.994712	-0.0726202
		*TM_ROTANGLE 1.5761
		*TM_SCALE 1	1	1
		*TM_SCALEAXIS 0	0	0
		*TM_SCALEAXISANG 0	0	0
	}
}
*HELPEROBJECT {
	*NODE_NAME "Bip01 Tail3"
	*NODE_PARENT "Bip01 Tail2"
	*NODE_TM {
		*NODE_NAME "Bip01 Tail3"
		*TM_ROW0 2.64496e-007	0.363019	-0.931782
		*TM_ROW1 -1.0401e-005	0.931782	0.363019
		*TM_ROW2 1	9.58145e-006	4.01959e-006
		*TM_ROW3 -3.99999e-005	34.7228	31.3306
		*TM_POS -3.99999e-005	34.7228	31.3306
		*TM_ROTAXIS -0.181611	-0.966453	-0.181621
		*TM_ROTANGLE 1.60491
		*TM_SCALE 1	1	1
		*TM_SCALEAXIS 0	0	0
		*TM_SCALEAXISANG 0	0	0
	}
}
*HELPEROBJECT {
	*NODE_NAME "Bip01 Tail4"
	*NODE_PARENT "Bip01 Tail3"
	*NODE_TM {
		*NODE_NAME "Bip01 Tail4"
		*TM_ROW0 -4.23193e-006	0.876482	-0.481435
		*TM_ROW1 2.563e-006	0.481435	0.876482
		*TM_ROW2 1	2.563e-006	-4.23193e-006
		*TM_ROW3 -5.99999e-005	42.2798	11.8941
		*TM_POS -5.99999e-005	42.2798	11.8941
		*TM_ROTAXIS -0.453758	-0.766947	-0.453758
		*TM_ROTANGLE 1.83308
		*TM_SCALE 1	1	1
		*TM_SCALEAXIS 0	0	0
		*TM_SCALEAXISANG 0	0	0
	}
}
