*3DSMAX_ASCIIEXPORT	110
*COMMENT "[ GothicSourcer v3.14 ] - June 2007"
*SCENE {
	*SCENE_FILENAME "SNA_ATTACKMOVE_A03.MAX"
	*SCENE_FIRSTFRAME 0
	*SCENE_LASTFRAME 15
	*SCENE_FRAMESPEED 25
	*SCENE_TICKSPERFRAME 192
	*SCENE_BACKGROUND_STATIC 0	0	0
	*SCENE_AMBIENT_STATIC 0.2	0.2	0.2
}
*HELPEROBJECT {
	*NODE_NAME "Bip01"
	*NODE_TM {
		*NODE_NAME "Bip01"
		*TM_ROW0 -3.61999e-006	-1	0
		*TM_ROW1 1	-3.61999e-006	0
		*TM_ROW2 -0	-0	1
		*TM_ROW3 -0.18707	-1.82162	102.349
		*TM_POS -0.18707	-1.82162	102.349
		*TM_ROTAXIS 0	0	1
		*TM_ROTANGLE 1.5708
		*TM_SCALE 1	1	1
		*TM_SCALEAXIS 0	0	0
		*TM_SCALEAXISANG 0	0	0
	}
}
*HELPEROBJECT {
	*NODE_NAME "Bip01 Pelvis"
	*NODE_PARENT "Bip01"
	*NODE_TM {
		*NODE_NAME "Bip01 Pelvis"
		*TM_ROW0 -5.96046e-008	1.79264e-006	1
		*TM_ROW1 -1.79264e-006	-1	1.79264e-006
		*TM_ROW2 1	-1.79264e-006	-5.96046e-008
		*TM_ROW3 -0.1872	-12.6201	102.349
		*TM_POS -0.1872	-12.6201	102.349
		*TM_ROTAXIS 0.707107	0	0.707107
		*TM_ROTANGLE 3.1416
		*TM_SCALE 1	1	1
		*TM_SCALEAXIS 0	0	0
		*TM_SCALEAXISANG 0	0	0
	}
}
*HELPEROBJECT {
	*NODE_NAME "Bip01 Spine"
	*NODE_PARENT "Bip01 Pelvis"
	*NODE_TM {
		*NODE_NAME "Bip01 Spine"
		*TM_ROW0 -4.66406e-005	-0.967939	-0.251187
		*TM_ROW1 8.31485e-006	0.251187	-0.967939
		*TM_ROW2 1	-4.72367e-005	-3.63588e-006
		*TM_ROW3 -0.18708	27.3684	106.435
		*TM_POS -0.18708	27.3684	106.435
		*TM_ROTAXIS 0.521912	-0.674673	0.521942
		*TM_ROTANGLE 1.95458
		*TM_SCALE 1	1	1
		*TM_SCALEAXIS 0	0	0
		*TM_SCALEAXISANG 0	0	0
	}
}
*HELPEROBJECT {
	*NODE_NAME "Bip01 L Thigh"
	*NODE_PARENT "Bip01 Spine"
	*NODE_TM {
		*NODE_NAME "Bip01 L Thigh"
		*TM_ROW0 0.110567	-0.326897	-0.93857
		*TM_ROW1 -0.0126293	-0.944746	0.327561
		*TM_ROW2 -0.993789	-0.0243639	-0.108586
		*TM_ROW3 20.4224	-12.6201	102.349
		*TM_POS 20.4224	-12.6201	102.349
		*TM_ROTAXIS 0.740829	-0.11624	-0.661559
		*TM_ROTANGLE 3.38141
		*TM_SCALE 1	1	1
		*TM_SCALEAXIS 0	0	0
		*TM_SCALEAXISANG 0	0	0
	}
}
*HELPEROBJECT {
	*NODE_NAME "Bip01 L Calf"
	*NODE_PARENT "Bip01 L Thigh"
	*NODE_TM {
		*NODE_NAME "Bip01 L Calf"
		*TM_ROW0 0.0148543	0.937948	-0.346458
		*TM_ROW1 0.110289	-0.345919	-0.93176
		*TM_ROW2 -0.993789	-0.0243699	-0.108584
		*TM_ROW3 26.5028	-30.5971	50.7339
		*TM_POS 26.5028	-30.5971	50.7339
		*TM_ROTAXIS 0.653592	0.466271	-0.596162
		*TM_ROTANGLE 2.37435
		*TM_SCALE 1	1	1
		*TM_SCALEAXIS 0	0	0
		*TM_SCALEAXISANG 0	0	0
	}
}
*HELPEROBJECT {
	*NODE_NAME "Bip01 L HorseLink"
	*NODE_PARENT "Bip01 L Calf"
	*NODE_TM {
		*NODE_NAME "Bip01 L HorseLink"
		*TM_ROW0 0.105744	-0.510692	-0.853236
		*TM_ROW1 -0.0346649	-0.859419	0.510096
		*TM_ROW2 -0.993789	-0.024362	-0.108581
		*TM_ROW3 27.0147	1.7203	38.7964
		*TM_POS 27.0147	1.7203	38.7964
		*TM_ROTAXIS 0.732752	-0.192701	-0.652642
		*TM_ROTANGLE 3.5149
		*TM_SCALE 1	1	1
		*TM_SCALEAXIS 0	0	0
		*TM_SCALEAXISANG 0	0	0
	}
}
*HELPEROBJECT {
	*NODE_NAME "Bip01 L Foot"
	*NODE_PARENT "Bip01 L HorseLink"
	*NODE_TM {
		*NODE_NAME "Bip01 L Foot"
		*TM_ROW0 -6.05227e-008	-1.8001e-006	-1
		*TM_ROW1 1.78765e-006	-1	1.92096e-006
		*TM_ROW2 -1	-1.79746e-006	-5.66134e-008
		*TM_ROW3 30.0308	-12.8453	14.461
		*TM_POS 30.0308	-12.8453	14.461
		*TM_ROTAXIS 0.707107	-4.36608e-008	-0.707107
		*TM_ROTANGLE 3.1416
		*TM_SCALE 1	1	1
		*TM_SCALEAXIS 0	0	0
		*TM_SCALEAXISANG 0	0	0
	}
}
*HELPEROBJECT {
	*NODE_NAME "Bip01 L Toe0"
	*NODE_PARENT "Bip01 L Foot"
	*NODE_TM {
		*NODE_NAME "Bip01 L Toe0"
		*TM_ROW0 -6.45949e-008	-1	-1.69712e-007
		*TM_ROW1 -2.97105e-007	-5.21507e-008	1
		*TM_ROW2 -1	2.93203e-007	-5.66137e-008
		*TM_ROW3 39.677	-29.0018	-0.522867
		*TM_POS 39.677	-29.0018	-0.522867
		*TM_ROTAXIS -0.57735	0.57735	0.57735
		*TM_ROTANGLE 2.0944
		*TM_SCALE 1	1	1
		*TM_SCALEAXIS 0	0	0
		*TM_SCALEAXISANG 0	0	0
	}
}
*HELPEROBJECT {
	*NODE_NAME "Bip01 L Toe1"
	*NODE_PARENT "Bip01 L Foot"
	*NODE_TM {
		*NODE_NAME "Bip01 L Toe1"
		*TM_ROW0 -6.45949e-008	-1	-1.69712e-007
		*TM_ROW1 -2.97105e-007	-5.21507e-008	1
		*TM_ROW2 -1	2.93203e-007	-5.66137e-008
		*TM_ROW3 20.3845	-29.0018	-0.522867
		*TM_POS 20.3845	-29.0018	-0.522867
		*TM_ROTAXIS -0.57735	0.57735	0.57735
		*TM_ROTANGLE 2.0944
		*TM_SCALE 1	1	1
		*TM_SCALEAXIS 0	0	0
		*TM_SCALEAXISANG 0	0	0
	}
}
*HELPEROBJECT {
	*NODE_NAME "Bip01 R Thigh"
	*NODE_PARENT "Bip01 Spine"
	*NODE_TM {
		*NODE_NAME "Bip01 R Thigh"
		*TM_ROW0 -0.110556	-0.3269	-0.93857
		*TM_ROW1 0.0126123	-0.944745	0.327565
		*TM_ROW2 -0.99379	0.0243766	0.10857
		*TM_ROW3 -20.7968	-12.62	102.349
		*TM_POS -20.7968	-12.62	102.349
		*TM_ROTAXIS 0.661232	-0.12043	-0.740452
		*TM_ROTANGLE 3.37291
		*TM_SCALE 1	1	1
		*TM_SCALEAXIS 0	0	0
		*TM_SCALEAXISANG 0	0	0
	}
}
*HELPEROBJECT {
	*NODE_NAME "Bip01 R Calf"
	*NODE_PARENT "Bip01 R Thigh"
	*NODE_TM {
		*NODE_NAME "Bip01 R Calf"
		*TM_ROW0 -0.0148529	0.937949	-0.346455
		*TM_ROW1 -0.110286	-0.345916	-0.931762
		*TM_ROW2 -0.993789	0.0243698	0.108581
		*TM_ROW3 -26.877	-30.5971	50.7339
		*TM_POS -26.877	-30.5971	50.7339
		*TM_ROTAXIS 0.613103	0.415092	-0.672163
		*TM_ROTANGLE 2.24733
		*TM_SCALE 1	1	1
		*TM_SCALEAXIS 0	0	0
		*TM_SCALEAXISANG 0	0	0
	}
}
*HELPEROBJECT {
	*NODE_NAME "Bip01 R HorseLink"
	*NODE_PARENT "Bip01 R Calf"
	*NODE_TM {
		*NODE_NAME "Bip01 R HorseLink"
		*TM_ROW0 -0.105748	-0.510688	-0.853238
		*TM_ROW1 0.0346556	-0.859421	0.510093
		*TM_ROW2 -0.993789	0.0243718	0.10858
		*TM_ROW3 -27.3888	1.72032	38.7965
		*TM_POS -27.3888	1.72032	38.7965
		*TM_ROTAXIS 0.653121	-0.18899	-0.733291
		*TM_ROTANGLE 3.52259
		*TM_SCALE 1	1	1
		*TM_SCALEAXIS 0	0	0
		*TM_SCALEAXISANG 0	0	0
	}
}
*HELPEROBJECT {
	*NODE_NAME "Bip01 R Foot"
	*NODE_PARENT "Bip01 R HorseLink"
	*NODE_TM {
		*NODE_NAME "Bip01 R Foot"
		*TM_ROW0 -5.96234e-008	1.68226e-006	-1
		*TM_ROW1 -1.79322e-006	-1	-1.78936e-006
		*TM_ROW2 -1	1.7945e-006	-1.87005e-008
		*TM_ROW3 -30.4048	-12.8453	14.461
		*TM_POS -30.4048	-12.8453	14.461
		*TM_ROTAXIS 0.707107	-1.81924e-009	-0.707107
		*TM_ROTANGLE 3.14159
		*TM_SCALE 1	1	1
		*TM_SCALEAXIS 0	0	0
		*TM_SCALEAXISANG 0	0	0
	}
}
*HELPEROBJECT {
	*NODE_NAME "Bip01 R Toe0"
	*NODE_PARENT "Bip01 R Foot"
	*NODE_TM {
		*NODE_NAME "Bip01 R Toe0"
		*TM_ROW0 -6.01824e-008	-1	-2.94735e-007
		*TM_ROW1 -2.98005e-007	5.07825e-008	1
		*TM_ROW2 -1	2.99881e-007	-1.87004e-008
		*TM_ROW3 -40.0511	-29.0017	-0.52284
		*TM_POS -40.0511	-29.0017	-0.52284
		*TM_ROTAXIS -0.57735	0.57735	0.57735
		*TM_ROTANGLE 2.0944
		*TM_SCALE 1	1	1
		*TM_SCALEAXIS 0	0	0
		*TM_SCALEAXISANG 0	0	0
	}
}
*HELPEROBJECT {
	*NODE_NAME "Bip01 R Toe1"
	*NODE_PARENT "Bip01 R Foot"
	*NODE_TM {
		*NODE_NAME "Bip01 R Toe1"
		*TM_ROW0 -6.01824e-008	-1	-2.94735e-007
		*TM_ROW1 -2.98005e-007	5.07825e-008	1
		*TM_ROW2 -1	2.99881e-007	-1.87004e-008
		*TM_ROW3 -20.7585	-29.0017	-0.522851
		*TM_POS -20.7585	-29.0017	-0.522851
		*TM_ROTAXIS -0.57735	0.57735	0.57735
		*TM_ROTANGLE 2.0944
		*TM_SCALE 1	1	1
		*TM_SCALEAXIS 0	0	0
		*TM_SCALEAXISANG 0	0	0
	}
}
*HELPEROBJECT {
	*NODE_NAME "Bip01 Tail"
	*NODE_PARENT "Bip01 Spine"
	*NODE_TM {
		*NODE_NAME "Bip01 Tail"
		*TM_ROW0 -3.95179e-005	0.981684	0.190519
		*TM_ROW1 8.46386e-006	-0.190519	0.981684
		*TM_ROW2 1	4.05312e-005	-5.96046e-007
		*TM_ROW3 -0.18709	26.813	108.597
		*TM_POS -0.18709	26.813	108.597
		*TM_ROTAXIS -0.61084	-0.50371	-0.61086
		*TM_ROTANGLE 2.20841
		*TM_SCALE 1	1	1
		*TM_SCALEAXIS 0	0	0
		*TM_SCALEAXISANG 0	0	0
	}
}
*HELPEROBJECT {
	*NODE_NAME "Bip01 Tail1"
	*NODE_PARENT "Bip01 Tail"
	*NODE_TM {
		*NODE_NAME "Bip01 Tail1"
		*TM_ROW0 -4.03523e-005	0.998704	0.0509054
		*TM_ROW1 6.70552e-006	-0.0509053	0.998704
		*TM_ROW2 1	4.07994e-005	-4.47035e-006
		*TM_ROW3 -0.18834	56.8596	114.399
		*TM_POS -0.18834	56.8596	114.399
		*TM_ROTAXIS -0.58689	-0.55776	-0.58691
		*TM_ROTANGLE 2.12407
		*TM_SCALE 1	1	1
		*TM_SCALEAXIS 0	0	0
		*TM_SCALEAXISANG 0	0	0
	}
}
*HELPEROBJECT {
	*NODE_NAME "Bip01 Tail2"
	*NODE_PARENT "Bip01 Tail1"
	*NODE_TM {
		*NODE_NAME "Bip01 Tail2"
		*TM_ROW0 -4.42863e-005	0.97941	-0.201883
		*TM_ROW1 -9.68575e-006	0.201883	0.97941
		*TM_ROW2 1	4.53591e-005	6.25848e-007
		*TM_ROW3 -0.18985	93.4832	116.223
		*TM_POS -0.18985	93.4832	116.223
		*TM_ROTAXIS -0.534054	-0.655394	-0.534084
		*TM_ROTANGLE 1.98131
		*TM_SCALE 1	1	1
		*TM_SCALEAXIS 0	0	0
		*TM_SCALEAXISANG 0	0	0
	}
}
*HELPEROBJECT {
	*NODE_NAME "Bip01 Tail3"
	*NODE_PARENT "Bip01 Tail2"
	*NODE_TM {
		*NODE_NAME "Bip01 Tail3"
		*TM_ROW0 -3.67463e-005	0.885297	-0.465027
		*TM_ROW1 -1.72853e-005	0.465027	0.885297
		*TM_ROW2 1	4.05312e-005	-1.78814e-006
		*TM_ROW3 -0.19207	147.24	105.108
		*TM_POS -0.19207	147.24	105.108
		*TM_ROTAXIS -0.459369	-0.760219	-0.459399
		*TM_ROTANGLE 1.8416
		*TM_SCALE 1	1	1
		*TM_SCALEAXIS 0	0	0
		*TM_SCALEAXISANG 0	0	0
	}
}
*HELPEROBJECT {
	*NODE_NAME "Bip01 Spine1"
	*NODE_PARENT "Bip01 Spine"
	*NODE_TM {
		*NODE_NAME "Bip01 Spine1"
		*TM_ROW0 -5.04255e-005	-0.999954	-0.00956443
		*TM_ROW1 1.75834e-006	0.00956446	-0.999954
		*TM_ROW2 1	-5.04553e-005	1.3113e-006
		*TM_ROW3 -0.18824	1.28668	99.6916
		*TM_POS -0.18824	1.28668	99.6916
		*TM_ROTAXIS 0.575481	-0.581041	0.575511
		*TM_ROTANGLE 2.08891
		*TM_SCALE 1	1	1
		*TM_SCALEAXIS 0	0	0
		*TM_SCALEAXISANG 0	0	0
	}
}
*HELPEROBJECT {
	*NODE_NAME "Bip01 Spine2"
	*NODE_PARENT "Bip01 Spine1"
	*NODE_TM {
		*NODE_NAME "Bip01 Spine2"
		*TM_ROW0 -4.26173e-005	-0.939979	0.341234
		*TM_ROW1 -1.57058e-005	-0.341234	-0.939979
		*TM_ROW2 1	-4.54485e-005	-2.38419e-007
		*TM_ROW3 -0.1896	-29.6918	99.4154
		*TM_POS -0.1896	-29.6918	99.4154
		*TM_ROTAXIS -0.633562	0.444042	-0.633582
		*TM_ROTANGLE 3.97732
		*TM_SCALE 1	1	1
		*TM_SCALEAXIS 0	0	0
		*TM_SCALEAXISANG 0	0	0
	}
	*TM_ANIMATION {
		*NODE_NAME  "Bip01 Spine2"
		*CONTROL_POS_TRACK {
			*CONTROL_POS_SAMPLE 0	-0.190104	-29.6916	99.4158
			*CONTROL_POS_SAMPLE 192	-0.190104	-29.6865	99.4128
			*CONTROL_POS_SAMPLE 384	-0.190104	-29.6819	99.4088
			*CONTROL_POS_SAMPLE 576	-0.190104	-29.6809	99.4068
			*CONTROL_POS_SAMPLE 768	-0.191624	-29.6845	99.4113
			*CONTROL_POS_SAMPLE 960	-0.193651	-29.6921	99.4153
			*CONTROL_POS_SAMPLE 1152	-0.195171	-29.6977	99.4163
			*CONTROL_POS_SAMPLE 1344	-0.194665	-29.6982	99.4163
			*CONTROL_POS_SAMPLE 1536	-0.194665	-29.6987	99.4163
			*CONTROL_POS_SAMPLE 1728	-0.193651	-29.6982	99.4168
			*CONTROL_POS_SAMPLE 1920	-0.193144	-29.6972	99.4168
			*CONTROL_POS_SAMPLE 2112	-0.192638	-29.6962	99.4168
			*CONTROL_POS_SAMPLE 2304	-0.191624	-29.6947	99.4163
			*CONTROL_POS_SAMPLE 2496	-0.191118	-29.6936	99.4163
			*CONTROL_POS_SAMPLE 2688	-0.190611	-29.6926	99.4158
			*CONTROL_POS_SAMPLE 2880	-0.190104	-29.6916	99.4158
		}
		*CONTROL_ROT_TRACK {
			*CONTROL_ROT_SAMPLE 0	-0.633559	0.444046	-0.633582	3.97732
			*CONTROL_ROT_SAMPLE 192	-0.630844	0.350726	-0.692118	3.7744
			*CONTROL_ROT_SAMPLE 384	-0.623126	0.257843	-0.738398	3.56901
			*CONTROL_ROT_SAMPLE 576	-0.604217	0.224884	-0.764427	3.49358
			*CONTROL_ROT_SAMPLE 768	-0.558424	0.312741	-0.768346	3.67137
			*CONTROL_ROT_SAMPLE 960	-0.48482	0.461465	-0.742967	3.97468
			*CONTROL_ROT_SAMPLE 1152	-0.437231	0.55214	-0.709908	4.15127
			*CONTROL_ROT_SAMPLE 1344	-0.441703	0.565403	-0.696576	4.17854
			*CONTROL_ROT_SAMPLE 1536	-0.455997	0.567246	-0.685783	4.18508
			*CONTROL_ROT_SAMPLE 1728	-0.477729	0.559739	-0.677102	4.17478
			*CONTROL_ROT_SAMPLE 1920	-0.504199	0.545	-0.669894	4.15127
			*CONTROL_ROT_SAMPLE 2112	-0.532819	0.525315	-0.663436	4.1184
			*CONTROL_ROT_SAMPLE 2304	-0.561502	0.503002	-0.657042	4.08001
			*CONTROL_ROT_SAMPLE 2496	-0.588586	0.480461	-0.650172	4.04067
			*CONTROL_ROT_SAMPLE 2688	-0.612899	0.460007	-0.642455	4.00482
			*CONTROL_ROT_SAMPLE 2880	-0.633559	0.444046	-0.633582	3.97732
		}
		*CONTROL_SCALE_TRACK {
			*CONTROL_SCALE_SAMPLE	0	1	1	1	0	0	0	0
		}
	}
}
*HELPEROBJECT {
	*NODE_NAME "Bip01 Neck"
	*NODE_PARENT "Bip01 Spine2"
	*NODE_TM {
		*NODE_NAME "Bip01 Neck"
		*TM_ROW0 -3.16501e-005	-0.804354	0.59415
		*TM_ROW1 -3.34382e-005	-0.59415	-0.804355
		*TM_ROW2 1	-4.5538e-005	-7.74861e-006
		*TM_ROW3 -0.19072	-55.0112	108.622
		*TM_POS -0.19072	-55.0112	108.622
		*TM_ROTAXIS -0.66598	0.33605	-0.665989
		*TM_ROTANGLE 3.78992
		*TM_SCALE 1	1	1
		*TM_SCALEAXIS 0	0	0
		*TM_SCALEAXISANG 0	0	0
	}
	*TM_ANIMATION {
		*NODE_NAME  "Bip01 Neck"
		*CONTROL_POS_TRACK {
			*CONTROL_POS_SAMPLE 0	-0.191695	-55.0106	108.622
			*CONTROL_POS_SAMPLE 192	-2.54823	-51.4724	115.083
			*CONTROL_POS_SAMPLE 384	-4.72725	-46.1836	120.212
			*CONTROL_POS_SAMPLE 576	-6.41139	-43.8657	121.447
			*CONTROL_POS_SAMPLE 768	-7.79007	-48.8996	116.697
			*CONTROL_POS_SAMPLE 960	-7.7262	-54.5827	106.461
			*CONTROL_POS_SAMPLE 1152	-6.64505	-55.8582	99.6487
			*CONTROL_POS_SAMPLE 1344	-5.97562	-56.0085	98.8252
			*CONTROL_POS_SAMPLE 1536	-5.3323	-56.1414	98.8888
			*CONTROL_POS_SAMPLE 1728	-4.69368	-56.261	99.656
			*CONTROL_POS_SAMPLE 1920	-4.03662	-56.3198	100.942
			*CONTROL_POS_SAMPLE 2112	-3.34223	-56.2685	102.556
			*CONTROL_POS_SAMPLE 2304	-2.60137	-56.0773	104.314
			*CONTROL_POS_SAMPLE 2496	-1.81582	-55.7614	106.024
			*CONTROL_POS_SAMPLE 2688	-1.00378	-55.3748	107.515
			*CONTROL_POS_SAMPLE 2880	-0.191695	-55.0106	108.622
		}
		*CONTROL_ROT_TRACK {
			*CONTROL_ROT_SAMPLE 0	-0.665969	0.336077	-0.665986	3.78997
			*CONTROL_ROT_SAMPLE 192	-0.61916	0.217382	-0.754576	3.49591
			*CONTROL_ROT_SAMPLE 384	-0.562956	0.0889453	-0.821687	3.21413
			*CONTROL_ROT_SAMPLE 576	-0.518485	0.0485881	-0.853705	3.12054
			*CONTROL_ROT_SAMPLE 768	-0.49258	0.194665	-0.848216	3.37447
			*CONTROL_ROT_SAMPLE 960	-0.451484	0.420285	-0.787097	3.83295
			*CONTROL_ROT_SAMPLE 1152	-0.428721	0.559612	-0.709248	4.12975
			*CONTROL_ROT_SAMPLE 1344	-0.474834	0.56907	-0.671336	4.09023
			*CONTROL_ROT_SAMPLE 1536	-0.52009	0.546641	-0.65627	3.99407
			*CONTROL_ROT_SAMPLE 1728	-0.543624	0.525953	-0.654099	3.96751
			*CONTROL_ROT_SAMPLE 1920	-0.567104	0.498631	-0.655561	3.93615
			*CONTROL_ROT_SAMPLE 2112	-0.589847	0.46675	-0.658957	3.90248
			*CONTROL_ROT_SAMPLE 2304	-0.61137	0.432418	-0.662752	3.86863
			*CONTROL_ROT_SAMPLE 2496	-0.631337	0.397712	-0.665761	3.8373
			*CONTROL_ROT_SAMPLE 2688	-0.649586	0.364829	-0.667036	3.81038
			*CONTROL_ROT_SAMPLE 2880	-0.665969	0.336077	-0.665986	3.78997
		}
		*CONTROL_SCALE_TRACK {
			*CONTROL_SCALE_SAMPLE	0	1	1	1	0	0	0	0
		}
	}
}
*HELPEROBJECT {
	*NODE_NAME "Bip01 Neck1"
	*NODE_PARENT "Bip01 Neck"
	*NODE_TM {
		*NODE_NAME "Bip01 Neck1"
		*TM_ROW0 -5.08428e-005	-0.991553	0.1297
		*TM_ROW1 -1.19209e-006	-0.1297	-0.991554
		*TM_ROW2 1	-5.06938e-005	5.54324e-006
		*TM_ROW3 -0.19138	-69.8575	119.608
		*TM_POS -0.19138	-69.8575	119.608
		*TM_ROTAXIS -0.600781	0.527341	-0.600811
		*TM_ROTANGLE 4.11211
		*TM_SCALE 1	1	1
		*TM_SCALEAXIS 0	0	0
		*TM_SCALEAXISANG 0	0	0
	}
	*TM_ANIMATION {
		*NODE_NAME  "Bip01 Neck1"
		*CONTROL_POS_TRACK {
			*CONTROL_POS_SAMPLE 0	-0.19276	-69.8573	119.607
			*CONTROL_POS_SAMPLE 192	-6.14955	-61.1107	130.421
			*CONTROL_POS_SAMPLE 384	-11.4561	-49.1143	137.16
			*CONTROL_POS_SAMPLE 576	-14.9458	-44.4471	137.813
			*CONTROL_POS_SAMPLE 768	-16.918	-55.9918	131.097
			*CONTROL_POS_SAMPLE 960	-15.2915	-70.0415	113.144
			*CONTROL_POS_SAMPLE 1152	-11.5494	-73.6564	99.7412
			*CONTROL_POS_SAMPLE 1344	-10.1507	-73.978	99.6201
			*CONTROL_POS_SAMPLE 1536	-9.20423	-73.9708	101.756
			*CONTROL_POS_SAMPLE 1728	-8.05585	-73.9995	103.55
			*CONTROL_POS_SAMPLE 1920	-6.87453	-73.8373	106.062
			*CONTROL_POS_SAMPLE 2112	-5.63813	-73.4232	109.004
			*CONTROL_POS_SAMPLE 2304	-4.33944	-72.7371	112.095
			*CONTROL_POS_SAMPLE 2496	-2.98046	-71.8318	115.052
			*CONTROL_POS_SAMPLE 2688	-1.58663	-70.8154	117.632
			*CONTROL_POS_SAMPLE 2880	-0.19276	-69.8573	119.607
		}
		*CONTROL_ROT_TRACK {
			*CONTROL_ROT_SAMPLE 0	-0.600776	0.527354	-0.600804	4.11213
			*CONTROL_ROT_SAMPLE 192	-0.531125	0.393761	-0.750239	3.80873
			*CONTROL_ROT_SAMPLE 384	-0.443581	0.242971	-0.862671	3.53228
			*CONTROL_ROT_SAMPLE 576	-0.382173	0.173986	-0.907564	3.42025
			*CONTROL_ROT_SAMPLE 768	-0.379449	0.277287	-0.882684	3.5736
			*CONTROL_ROT_SAMPLE 960	-0.392857	0.437075	-0.809092	3.96083
			*CONTROL_ROT_SAMPLE 1152	0.405673	-0.532937	0.742569	1.99903
			*CONTROL_ROT_SAMPLE 1344	0.413641	-0.641091	0.646455	1.94173
			*CONTROL_ROT_SAMPLE 1536	0.399721	-0.718881	0.568712	1.97714
			*CONTROL_ROT_SAMPLE 1728	0.419109	-0.715899	0.558422	1.99356
			*CONTROL_ROT_SAMPLE 1920	0.446644	-0.697762	0.560034	2.01915
			*CONTROL_ROT_SAMPLE 2112	0.479083	-0.668519	0.568825	2.05052
			*CONTROL_ROT_SAMPLE 2304	0.513176	-0.632236	0.580455	2.08482
			*CONTROL_ROT_SAMPLE 2496	-0.546211	0.593281	-0.591331	4.16458
			*CONTROL_ROT_SAMPLE 2688	-0.575971	0.556565	-0.598742	4.13459
			*CONTROL_ROT_SAMPLE 2880	-0.600776	0.527354	-0.600804	4.11213
		}
		*CONTROL_SCALE_TRACK {
			*CONTROL_SCALE_SAMPLE	0	1	1	1	0	0	0	0
		}
	}
}
*HELPEROBJECT {
	*NODE_NAME "Bip01 Head"
	*NODE_PARENT "Bip01 Neck1"
	*NODE_TM {
		*NODE_NAME "Bip01 Head"
		*TM_ROW0 5.95987e-008	-0.104523	0.994523
		*TM_ROW1 7.18973e-007	-0.994523	-0.104522
		*TM_ROW2 1	7.18976e-007	5.9606e-008
		*TM_ROW3 -0.19237	-92.3773	122.554
		*TM_POS -0.19237	-92.3773	122.554
		*TM_ROTAXIS -0.706622	0.0370301	-0.706622
		*TM_ROTANGLE 3.21562
		*TM_SCALE 1	1	1
		*TM_SCALEAXIS 0	0	0
		*TM_SCALEAXISANG 0	0	0
	}
	*TM_ANIMATION {
		*NODE_NAME  "Bip01 Head"
		*CONTROL_POS_TRACK {
			*CONTROL_POS_SAMPLE 0	-0.194201	-92.3767	122.553
			*CONTROL_POS_SAMPLE 192	-12.5519	-80.1342	141.047
			*CONTROL_POS_SAMPLE 384	-23.8554	-61.2863	151.785
			*CONTROL_POS_SAMPLE 576	-30.2749	-53.0785	152.177
			*CONTROL_POS_SAMPLE 768	-31.3033	-68.9446	142.975
			*CONTROL_POS_SAMPLE 960	-24.9001	-90.0291	118.039
			*CONTROL_POS_SAMPLE 1152	-15.6913	-95.9471	98.4132
			*CONTROL_POS_SAMPLE 1344	-13.0892	-95.8669	94.325
			*CONTROL_POS_SAMPLE 1536	-13.1183	-94.9408	93.9623
			*CONTROL_POS_SAMPLE 1728	-11.7482	-95.1754	96.2185
			*CONTROL_POS_SAMPLE 1920	-10.2251	-95.4453	99.9254
			*CONTROL_POS_SAMPLE 2112	-8.50196	-95.5147	104.581
			*CONTROL_POS_SAMPLE 2304	-6.5847	-95.208	109.683
			*CONTROL_POS_SAMPLE 2496	-4.50446	-94.4891	114.706
			*CONTROL_POS_SAMPLE 2688	-2.34196	-93.4629	119.154
			*CONTROL_POS_SAMPLE 2880	-0.194201	-92.3767	122.553
		}
		*CONTROL_ROT_TRACK {
			*CONTROL_ROT_SAMPLE 0	-0.706619	0.0370726	-0.706622	3.21563
			*CONTROL_ROT_SAMPLE 192	-0.630556	0.015023	-0.775998	3.2482
			*CONTROL_ROT_SAMPLE 384	-0.547315	-0.00715603	-0.836896	3.27951
			*CONTROL_ROT_SAMPLE 576	-0.476105	-0.0230083	-0.879087	3.3049
			*CONTROL_ROT_SAMPLE 768	-0.407368	-0.0308168	-0.912744	3.31829
			*CONTROL_ROT_SAMPLE 960	-0.355685	-0.0321967	-0.934051	3.32681
			*CONTROL_ROT_SAMPLE 1152	-0.381436	-0.0256273	-0.92404	3.34741
			*CONTROL_ROT_SAMPLE 1344	-0.631421	0.0047405	-0.775425	3.40831
			*CONTROL_ROT_SAMPLE 1536	0.814743	-0.0329633	0.578885	2.85672
			*CONTROL_ROT_SAMPLE 1728	0.829255	-0.0381497	0.557567	2.87887
			*CONTROL_ROT_SAMPLE 1920	0.8265	-0.0405887	0.561472	2.90585
			*CONTROL_ROT_SAMPLE 2112	0.811112	-0.0410086	0.583452	2.93605
			*CONTROL_ROT_SAMPLE 2304	0.786791	-0.0401536	0.615913	2.96866
			*CONTROL_ROT_SAMPLE 2496	0.757644	-0.0386437	0.651523	3.00233
			*CONTROL_ROT_SAMPLE 2688	0.728854	-0.0373119	0.683652	3.03576
			*CONTROL_ROT_SAMPLE 2880	-0.706619	0.0370726	-0.706622	3.21563
		}
		*CONTROL_SCALE_TRACK {
			*CONTROL_SCALE_SAMPLE	0	1	1	1	0	0	0	0
		}
	}
}
*HELPEROBJECT {
	*NODE_NAME "Bip01 Bone01"
	*NODE_PARENT "Bip01 Head"
	*NODE_TM {
		*NODE_NAME "Bip01 Bone01"
		*TM_ROW0 1	-2.24949e-006	2.56294e-007
		*TM_ROW1 2.24949e-006	0.974371	-0.224948
		*TM_ROW2 2.5629e-007	0.224948	0.974371
		*TM_ROW3 -0.1922	-92.7345	120.286
		*TM_POS -0.1922	-92.7345	120.286
		*TM_ROTAXIS 1	9.85512e-012	1e-005
		*TM_ROTANGLE 0.22689
		*TM_SCALE 1	1	1
		*TM_SCALEAXIS 0	0	0
		*TM_SCALEAXISANG 0	0	0
	}
	*TM_ANIMATION {
		*NODE_NAME  "Bip01 Bone01"
		*CONTROL_POS_TRACK {
			*CONTROL_POS_SAMPLE 0	-0.194518	-92.7335	120.285
			*CONTROL_POS_SAMPLE 192	-12.0678	-80.4976	138.832
			*CONTROL_POS_SAMPLE 384	-22.9085	-61.6347	149.723
			*CONTROL_POS_SAMPLE 576	-28.988	-53.3933	150.302
			*CONTROL_POS_SAMPLE 768	-29.7408	-69.2257	141.316
			*CONTROL_POS_SAMPLE 960	-23.1614	-90.2787	116.561
			*CONTROL_POS_SAMPLE 1152	-14.0357	-96.1499	96.836
			*CONTROL_POS_SAMPLE 1344	-12.5697	-95.9717	92.0913
			*CONTROL_POS_SAMPLE 1536	-13.8102	-95.0301	91.7752
			*CONTROL_POS_SAMPLE 1728	-12.5558	-95.2863	94.0725
			*CONTROL_POS_SAMPLE 1920	-11.0186	-95.5815	97.7756
			*CONTROL_POS_SAMPLE 2112	-9.18714	-95.6822	102.397
			*CONTROL_POS_SAMPLE 2304	-7.10004	-95.4151	107.456
			*CONTROL_POS_SAMPLE 2496	-4.82324	-94.7438	112.447
			*CONTROL_POS_SAMPLE 2688	-2.47596	-93.7695	116.883
			*CONTROL_POS_SAMPLE 2880	-0.194518	-92.7335	120.285
		}
		*CONTROL_ROT_TRACK {
			*CONTROL_ROT_SAMPLE 0	1	-3.99711e-005	0.000611572	0.226912
			*CONTROL_ROT_SAMPLE 192	-0.292785	0.928597	-0.228	0.222533
			*CONTROL_ROT_SAMPLE 384	-0.635789	0.713272	-0.294984	0.554529
			*CONTROL_ROT_SAMPLE 576	-0.615514	0.708338	-0.345545	0.76329
			*CONTROL_ROT_SAMPLE 768	-0.38433	0.866103	-0.319617	0.814994
			*CONTROL_ROT_SAMPLE 960	-0.00806777	0.9857	-0.168314	0.859404
			*CONTROL_ROT_SAMPLE 1152	0.326146	0.94501	-0.0241909	0.85576
			*CONTROL_ROT_SAMPLE 1344	0.621354	0.678521	-0.391827	0.347792
			*CONTROL_ROT_SAMPLE 1536	0.401431	-0.732374	-0.549984	0.400514
			*CONTROL_ROT_SAMPLE 1728	0.381671	-0.793144	-0.474605	0.439415
			*CONTROL_ROT_SAMPLE 1920	0.425755	-0.797597	-0.427284	0.431904
			*CONTROL_ROT_SAMPLE 2112	0.525823	-0.757439	-0.387036	0.392624
			*CONTROL_ROT_SAMPLE 2304	0.680596	-0.652729	-0.332767	0.342023
			*CONTROL_ROT_SAMPLE 2496	0.857092	-0.4546	-0.242348	0.303679
			*CONTROL_ROT_SAMPLE 2688	0.973278	-0.197535	-0.117089	0.294425
			*CONTROL_ROT_SAMPLE 2880	0.999999	-9.19666e-005	0.00151424	0.309526
		}
		*CONTROL_SCALE_TRACK {
			*CONTROL_SCALE_SAMPLE	0	1	1	1	0	0	0	0
		}
	}
}
