*3DSMAX_ASCIIEXPORT	110
*COMMENT "[ GothicSourcer v3.14 ] - June 2007"
*SCENE {
	*SCENE_FILENAME "SNAPPER_LOOK_KW01.MAX"
	*SCENE_FIRSTFRAME 0
	*SCENE_LASTFRAME 8
	*SCENE_FRAMESPEED 25
	*SCENE_TICKSPERFRAME 192
	*SCENE_BACKGROUND_STATIC 0	0	0
	*SCENE_AMBIENT_STATIC 0.2	0.2	0.2
}
*HELPEROBJECT {
	*NODE_NAME "Bip01"
	*NODE_TM {
		*NODE_NAME "Bip01"
		*TM_ROW0 -3.61999e-006	-1	0
		*TM_ROW1 1	-3.61999e-006	0
		*TM_ROW2 -0	-0	1
		*TM_ROW3 -0.18707	-1.82162	102.349
		*TM_POS -0.18707	-1.82162	102.349
		*TM_ROTAXIS 0	0	1
		*TM_ROTANGLE 1.5708
		*TM_SCALE 1	1	1
		*TM_SCALEAXIS 0	0	0
		*TM_SCALEAXISANG 0	0	0
	}
}
*HELPEROBJECT {
	*NODE_NAME "Bip01 Pelvis"
	*NODE_PARENT "Bip01"
	*NODE_TM {
		*NODE_NAME "Bip01 Pelvis"
		*TM_ROW0 -5.96046e-008	1.79264e-006	1
		*TM_ROW1 -1.79264e-006	-1	1.79264e-006
		*TM_ROW2 1	-1.79264e-006	-5.96046e-008
		*TM_ROW3 -0.1872	-12.6201	102.349
		*TM_POS -0.1872	-12.6201	102.349
		*TM_ROTAXIS 0.707107	0	0.707107
		*TM_ROTANGLE 3.1416
		*TM_SCALE 1	1	1
		*TM_SCALEAXIS 0	0	0
		*TM_SCALEAXISANG 0	0	0
	}
}
*HELPEROBJECT {
	*NODE_NAME "Bip01 Spine"
	*NODE_PARENT "Bip01 Pelvis"
	*NODE_TM {
		*NODE_NAME "Bip01 Spine"
		*TM_ROW0 -4.66406e-005	-0.967939	-0.251187
		*TM_ROW1 8.31485e-006	0.251187	-0.967939
		*TM_ROW2 1	-4.72367e-005	-3.63588e-006
		*TM_ROW3 -0.18708	27.3684	106.435
		*TM_POS -0.18708	27.3684	106.435
		*TM_ROTAXIS 0.521912	-0.674673	0.521942
		*TM_ROTANGLE 1.95458
		*TM_SCALE 1	1	1
		*TM_SCALEAXIS 0	0	0
		*TM_SCALEAXISANG 0	0	0
	}
}
*HELPEROBJECT {
	*NODE_NAME "Bip01 L Thigh"
	*NODE_PARENT "Bip01 Spine"
	*NODE_TM {
		*NODE_NAME "Bip01 L Thigh"
		*TM_ROW0 0.110567	-0.326897	-0.93857
		*TM_ROW1 -0.0126293	-0.944746	0.327561
		*TM_ROW2 -0.993789	-0.0243639	-0.108586
		*TM_ROW3 20.4224	-12.6201	102.349
		*TM_POS 20.4224	-12.6201	102.349
		*TM_ROTAXIS 0.740829	-0.11624	-0.661559
		*TM_ROTANGLE 3.38141
		*TM_SCALE 1	1	1
		*TM_SCALEAXIS 0	0	0
		*TM_SCALEAXISANG 0	0	0
	}
}
*HELPEROBJECT {
	*NODE_NAME "Bip01 L Calf"
	*NODE_PARENT "Bip01 L Thigh"
	*NODE_TM {
		*NODE_NAME "Bip01 L Calf"
		*TM_ROW0 0.0148543	0.937948	-0.346458
		*TM_ROW1 0.110289	-0.345919	-0.93176
		*TM_ROW2 -0.993789	-0.0243699	-0.108584
		*TM_ROW3 26.5028	-30.5971	50.7339
		*TM_POS 26.5028	-30.5971	50.7339
		*TM_ROTAXIS 0.653592	0.466271	-0.596162
		*TM_ROTANGLE 2.37435
		*TM_SCALE 1	1	1
		*TM_SCALEAXIS 0	0	0
		*TM_SCALEAXISANG 0	0	0
	}
}
*HELPEROBJECT {
	*NODE_NAME "Bip01 L HorseLink"
	*NODE_PARENT "Bip01 L Calf"
	*NODE_TM {
		*NODE_NAME "Bip01 L HorseLink"
		*TM_ROW0 0.105744	-0.510692	-0.853236
		*TM_ROW1 -0.0346649	-0.859419	0.510096
		*TM_ROW2 -0.993789	-0.024362	-0.108581
		*TM_ROW3 27.0147	1.7203	38.7964
		*TM_POS 27.0147	1.7203	38.7964
		*TM_ROTAXIS 0.732752	-0.192701	-0.652642
		*TM_ROTANGLE 3.5149
		*TM_SCALE 1	1	1
		*TM_SCALEAXIS 0	0	0
		*TM_SCALEAXISANG 0	0	0
	}
}
*HELPEROBJECT {
	*NODE_NAME "Bip01 L Foot"
	*NODE_PARENT "Bip01 L HorseLink"
	*NODE_TM {
		*NODE_NAME "Bip01 L Foot"
		*TM_ROW0 -6.05227e-008	-1.8001e-006	-1
		*TM_ROW1 1.78765e-006	-1	1.92096e-006
		*TM_ROW2 -1	-1.79746e-006	-5.66134e-008
		*TM_ROW3 30.0308	-12.8453	14.461
		*TM_POS 30.0308	-12.8453	14.461
		*TM_ROTAXIS 0.707107	-4.36608e-008	-0.707107
		*TM_ROTANGLE 3.1416
		*TM_SCALE 1	1	1
		*TM_SCALEAXIS 0	0	0
		*TM_SCALEAXISANG 0	0	0
	}
}
*HELPEROBJECT {
	*NODE_NAME "Bip01 L Toe0"
	*NODE_PARENT "Bip01 L Foot"
	*NODE_TM {
		*NODE_NAME "Bip01 L Toe0"
		*TM_ROW0 -6.45949e-008	-1	-1.69712e-007
		*TM_ROW1 -2.97105e-007	-5.21507e-008	1
		*TM_ROW2 -1	2.93203e-007	-5.66137e-008
		*TM_ROW3 39.677	-29.0018	-0.522867
		*TM_POS 39.677	-29.0018	-0.522867
		*TM_ROTAXIS -0.57735	0.57735	0.57735
		*TM_ROTANGLE 2.0944
		*TM_SCALE 1	1	1
		*TM_SCALEAXIS 0	0	0
		*TM_SCALEAXISANG 0	0	0
	}
}
*HELPEROBJECT {
	*NODE_NAME "Bip01 L Toe1"
	*NODE_PARENT "Bip01 L Foot"
	*NODE_TM {
		*NODE_NAME "Bip01 L Toe1"
		*TM_ROW0 -6.45949e-008	-1	-1.69712e-007
		*TM_ROW1 -2.97105e-007	-5.21507e-008	1
		*TM_ROW2 -1	2.93203e-007	-5.66137e-008
		*TM_ROW3 20.3845	-29.0018	-0.522867
		*TM_POS 20.3845	-29.0018	-0.522867
		*TM_ROTAXIS -0.57735	0.57735	0.57735
		*TM_ROTANGLE 2.0944
		*TM_SCALE 1	1	1
		*TM_SCALEAXIS 0	0	0
		*TM_SCALEAXISANG 0	0	0
	}
}
*HELPEROBJECT {
	*NODE_NAME "Bip01 R Thigh"
	*NODE_PARENT "Bip01 Spine"
	*NODE_TM {
		*NODE_NAME "Bip01 R Thigh"
		*TM_ROW0 -0.110556	-0.3269	-0.93857
		*TM_ROW1 0.0126123	-0.944745	0.327565
		*TM_ROW2 -0.99379	0.0243766	0.10857
		*TM_ROW3 -20.7968	-12.62	102.349
		*TM_POS -20.7968	-12.62	102.349
		*TM_ROTAXIS 0.661232	-0.12043	-0.740452
		*TM_ROTANGLE 3.37291
		*TM_SCALE 1	1	1
		*TM_SCALEAXIS 0	0	0
		*TM_SCALEAXISANG 0	0	0
	}
}
*HELPEROBJECT {
	*NODE_NAME "Bip01 R Calf"
	*NODE_PARENT "Bip01 R Thigh"
	*NODE_TM {
		*NODE_NAME "Bip01 R Calf"
		*TM_ROW0 -0.0148529	0.937949	-0.346455
		*TM_ROW1 -0.110286	-0.345916	-0.931762
		*TM_ROW2 -0.993789	0.0243698	0.108581
		*TM_ROW3 -26.877	-30.5971	50.7339
		*TM_POS -26.877	-30.5971	50.7339
		*TM_ROTAXIS 0.613103	0.415092	-0.672163
		*TM_ROTANGLE 2.24733
		*TM_SCALE 1	1	1
		*TM_SCALEAXIS 0	0	0
		*TM_SCALEAXISANG 0	0	0
	}
}
*HELPEROBJECT {
	*NODE_NAME "Bip01 R HorseLink"
	*NODE_PARENT "Bip01 R Calf"
	*NODE_TM {
		*NODE_NAME "Bip01 R HorseLink"
		*TM_ROW0 -0.105748	-0.510688	-0.853238
		*TM_ROW1 0.0346556	-0.859421	0.510093
		*TM_ROW2 -0.993789	0.0243718	0.10858
		*TM_ROW3 -27.3888	1.72032	38.7965
		*TM_POS -27.3888	1.72032	38.7965
		*TM_ROTAXIS 0.653121	-0.18899	-0.733291
		*TM_ROTANGLE 3.52259
		*TM_SCALE 1	1	1
		*TM_SCALEAXIS 0	0	0
		*TM_SCALEAXISANG 0	0	0
	}
}
*HELPEROBJECT {
	*NODE_NAME "Bip01 R Foot"
	*NODE_PARENT "Bip01 R HorseLink"
	*NODE_TM {
		*NODE_NAME "Bip01 R Foot"
		*TM_ROW0 -5.96234e-008	1.68226e-006	-1
		*TM_ROW1 -1.79322e-006	-1	-1.78936e-006
		*TM_ROW2 -1	1.7945e-006	-1.87005e-008
		*TM_ROW3 -30.4048	-12.8453	14.461
		*TM_POS -30.4048	-12.8453	14.461
		*TM_ROTAXIS 0.707107	-1.81924e-009	-0.707107
		*TM_ROTANGLE 3.14159
		*TM_SCALE 1	1	1
		*TM_SCALEAXIS 0	0	0
		*TM_SCALEAXISANG 0	0	0
	}
}
*HELPEROBJECT {
	*NODE_NAME "Bip01 R Toe0"
	*NODE_PARENT "Bip01 R Foot"
	*NODE_TM {
		*NODE_NAME "Bip01 R Toe0"
		*TM_ROW0 -6.01824e-008	-1	-2.94735e-007
		*TM_ROW1 -2.98005e-007	5.07825e-008	1
		*TM_ROW2 -1	2.99881e-007	-1.87004e-008
		*TM_ROW3 -40.0511	-29.0017	-0.52284
		*TM_POS -40.0511	-29.0017	-0.52284
		*TM_ROTAXIS -0.57735	0.57735	0.57735
		*TM_ROTANGLE 2.0944
		*TM_SCALE 1	1	1
		*TM_SCALEAXIS 0	0	0
		*TM_SCALEAXISANG 0	0	0
	}
}
*HELPEROBJECT {
	*NODE_NAME "Bip01 R Toe1"
	*NODE_PARENT "Bip01 R Foot"
	*NODE_TM {
		*NODE_NAME "Bip01 R Toe1"
		*TM_ROW0 -6.01824e-008	-1	-2.94735e-007
		*TM_ROW1 -2.98005e-007	5.07825e-008	1
		*TM_ROW2 -1	2.99881e-007	-1.87004e-008
		*TM_ROW3 -20.7585	-29.0017	-0.522851
		*TM_POS -20.7585	-29.0017	-0.522851
		*TM_ROTAXIS -0.57735	0.57735	0.57735
		*TM_ROTANGLE 2.0944
		*TM_SCALE 1	1	1
		*TM_SCALEAXIS 0	0	0
		*TM_SCALEAXISANG 0	0	0
	}
}
*HELPEROBJECT {
	*NODE_NAME "Bip01 Tail"
	*NODE_PARENT "Bip01 Spine"
	*NODE_TM {
		*NODE_NAME "Bip01 Tail"
		*TM_ROW0 -3.95179e-005	0.981684	0.190519
		*TM_ROW1 8.46386e-006	-0.190519	0.981684
		*TM_ROW2 1	4.05312e-005	-5.96046e-007
		*TM_ROW3 -0.18709	26.813	108.597
		*TM_POS -0.18709	26.813	108.597
		*TM_ROTAXIS -0.61084	-0.50371	-0.61086
		*TM_ROTANGLE 2.20841
		*TM_SCALE 1	1	1
		*TM_SCALEAXIS 0	0	0
		*TM_SCALEAXISANG 0	0	0
	}
}
*HELPEROBJECT {
	*NODE_NAME "Bip01 Tail1"
	*NODE_PARENT "Bip01 Tail"
	*NODE_TM {
		*NODE_NAME "Bip01 Tail1"
		*TM_ROW0 -4.03523e-005	0.998704	0.0509054
		*TM_ROW1 6.70552e-006	-0.0509053	0.998704
		*TM_ROW2 1	4.07994e-005	-4.47035e-006
		*TM_ROW3 -0.18834	56.8596	114.399
		*TM_POS -0.18834	56.8596	114.399
		*TM_ROTAXIS -0.58689	-0.55776	-0.58691
		*TM_ROTANGLE 2.12407
		*TM_SCALE 1	1	1
		*TM_SCALEAXIS 0	0	0
		*TM_SCALEAXISANG 0	0	0
	}
}
*HELPEROBJECT {
	*NODE_NAME "Bip01 Tail2"
	*NODE_PARENT "Bip01 Tail1"
	*NODE_TM {
		*NODE_NAME "Bip01 Tail2"
		*TM_ROW0 -4.42863e-005	0.97941	-0.201883
		*TM_ROW1 -9.68575e-006	0.201883	0.97941
		*TM_ROW2 1	4.53591e-005	6.25848e-007
		*TM_ROW3 -0.18985	93.4832	116.223
		*TM_POS -0.18985	93.4832	116.223
		*TM_ROTAXIS -0.534054	-0.655394	-0.534084
		*TM_ROTANGLE 1.98131
		*TM_SCALE 1	1	1
		*TM_SCALEAXIS 0	0	0
		*TM_SCALEAXISANG 0	0	0
	}
}
*HELPEROBJECT {
	*NODE_NAME "Bip01 Tail3"
	*NODE_PARENT "Bip01 Tail2"
	*NODE_TM {
		*NODE_NAME "Bip01 Tail3"
		*TM_ROW0 -3.67463e-005	0.885297	-0.465027
		*TM_ROW1 -1.72853e-005	0.465027	0.885297
		*TM_ROW2 1	4.05312e-005	-1.78814e-006
		*TM_ROW3 -0.19207	147.24	105.108
		*TM_POS -0.19207	147.24	105.108
		*TM_ROTAXIS -0.459369	-0.760219	-0.459399
		*TM_ROTANGLE 1.8416
		*TM_SCALE 1	1	1
		*TM_SCALEAXIS 0	0	0
		*TM_SCALEAXISANG 0	0	0
	}
}
*HELPEROBJECT {
	*NODE_NAME "Bip01 Spine1"
	*NODE_PARENT "Bip01 Spine"
	*NODE_TM {
		*NODE_NAME "Bip01 Spine1"
		*TM_ROW0 -5.04255e-005	-0.999954	-0.00956443
		*TM_ROW1 1.75834e-006	0.00956446	-0.999954
		*TM_ROW2 1	-5.04553e-005	1.3113e-006
		*TM_ROW3 -0.18824	1.28668	99.6916
		*TM_POS -0.18824	1.28668	99.6916
		*TM_ROTAXIS 0.575481	-0.581041	0.575511
		*TM_ROTANGLE 2.08891
		*TM_SCALE 1	1	1
		*TM_SCALEAXIS 0	0	0
		*TM_SCALEAXISANG 0	0	0
	}
}
*HELPEROBJECT {
	*NODE_NAME "Bip01 Spine2"
	*NODE_PARENT "Bip01 Spine1"
	*NODE_TM {
		*NODE_NAME "Bip01 Spine2"
		*TM_ROW0 -4.26173e-005	-0.939979	0.341234
		*TM_ROW1 -1.57058e-005	-0.341234	-0.939979
		*TM_ROW2 1	-4.54485e-005	-2.38419e-007
		*TM_ROW3 -0.1896	-29.6918	99.4154
		*TM_POS -0.1896	-29.6918	99.4154
		*TM_ROTAXIS -0.633562	0.444042	-0.633582
		*TM_ROTANGLE 3.97732
		*TM_SCALE 1	1	1
		*TM_SCALEAXIS 0	0	0
		*TM_SCALEAXISANG 0	0	0
	}
	*TM_ANIMATION {
		*NODE_NAME  "Bip01 Spine2"
		*CONTROL_POS_TRACK {
			*CONTROL_POS_SAMPLE 0	-0.191798	-29.6883	99.4135
			*CONTROL_POS_SAMPLE 192	-0.190237	-29.6889	99.4145
			*CONTROL_POS_SAMPLE 384	-0.188252	-29.6883	99.4135
			*CONTROL_POS_SAMPLE 576	-0.190086	-29.6915	99.4153
			*CONTROL_POS_SAMPLE 768	-0.190051	-29.6918	99.4158
			*CONTROL_POS_SAMPLE 960	-0.190065	-29.6915	99.4153
			*CONTROL_POS_SAMPLE 1152	-0.188638	-29.6977	99.4168
			*CONTROL_POS_SAMPLE 1344	-0.190198	-29.6971	99.4169
			*CONTROL_POS_SAMPLE 1536	-0.191171	-29.6977	99.4168
		}
		*CONTROL_ROT_TRACK {
			*CONTROL_ROT_SAMPLE 0	0.735803	-0.301785	0.606234	2.28792
			*CONTROL_ROT_SAMPLE 192	-0.651668	0.388113	-0.651688	3.88197
			*CONTROL_ROT_SAMPLE 384	-0.573859	0.430581	-0.696625	3.69809
			*CONTROL_ROT_SAMPLE 576	0.778361	-0.353793	0.518638	2.15358
			*CONTROL_ROT_SAMPLE 768	-0.633559	0.444046	-0.633582	3.97732
			*CONTROL_ROT_SAMPLE 960	-0.480505	0.499001	-0.721188	3.77505
			*CONTROL_ROT_SAMPLE 1152	0.702578	-0.507292	0.499038	2.0225
			*CONTROL_ROT_SAMPLE 1344	-0.594788	0.540759	-0.594816	4.13299
			*CONTROL_ROT_SAMPLE 1536	-0.468397	0.587924	-0.659507	4.03035
		}
		*CONTROL_SCALE_TRACK {
			*CONTROL_SCALE_SAMPLE	0	1	1	1	0	0	0	0
		}
	}
}
*HELPEROBJECT {
	*NODE_NAME "Bip01 Neck"
	*NODE_PARENT "Bip01 Spine2"
	*NODE_TM {
		*NODE_NAME "Bip01 Neck"
		*TM_ROW0 -3.16501e-005	-0.804354	0.59415
		*TM_ROW1 -3.34382e-005	-0.59415	-0.804355
		*TM_ROW2 1	-4.5538e-005	-7.74861e-006
		*TM_ROW3 -0.19072	-55.0112	108.622
		*TM_POS -0.19072	-55.0112	108.622
		*TM_ROTAXIS -0.66598	0.33605	-0.665989
		*TM_ROTANGLE 3.78992
		*TM_SCALE 1	1	1
		*TM_SCALEAXIS 0	0	0
		*TM_SCALEAXISANG 0	0	0
	}
	*TM_ANIMATION {
		*NODE_NAME  "Bip01 Neck"
		*CONTROL_POS_TRACK {
			*CONTROL_POS_SAMPLE 0	6.27119	-51.9058	113.214
			*CONTROL_POS_SAMPLE 192	-0.191882	-53.3687	112.261
			*CONTROL_POS_SAMPLE 384	-6.65604	-51.9046	113.213
			*CONTROL_POS_SAMPLE 576	10.2874	-52.8543	108.332
			*CONTROL_POS_SAMPLE 768	-0.191588	-55.0108	108.622
			*CONTROL_POS_SAMPLE 960	-10.6699	-52.8532	108.332
			*CONTROL_POS_SAMPLE 1152	7.15913	-55.5916	100.704
			*CONTROL_POS_SAMPLE 1344	-0.19195	-56.5194	101.991
			*CONTROL_POS_SAMPLE 1536	-7.54227	-55.5907	100.705
		}
		*CONTROL_ROT_TRACK {
			*CONTROL_ROT_SAMPLE 0	0.872916	-0.0580218	0.484407	2.29748
			*CONTROL_ROT_SAMPLE 192	-0.68414	0.252756	-0.684154	3.63667
			*CONTROL_ROT_SAMPLE 384	-0.442431	0.410241	-0.797469	3.24738
			*CONTROL_ROT_SAMPLE 576	0.893441	-0.128024	0.43055	2.26027
			*CONTROL_ROT_SAMPLE 768	-0.665969	0.336077	-0.665986	3.78997
			*CONTROL_ROT_SAMPLE 960	-0.392032	0.429443	-0.813566	3.37362
			*CONTROL_ROT_SAMPLE 1152	0.84963	-0.456153	0.264676	1.81479
			*CONTROL_ROT_SAMPLE 1344	-0.588586	0.554166	-0.588615	4.15362
			*CONTROL_ROT_SAMPLE 1536	-0.223434	0.659893	-0.717369	3.87678
		}
		*CONTROL_SCALE_TRACK {
			*CONTROL_SCALE_SAMPLE	0	1	1	1	0	0	0	0
		}
	}
}
*HELPEROBJECT {
	*NODE_NAME "Bip01 Neck1"
	*NODE_PARENT "Bip01 Neck"
	*NODE_TM {
		*NODE_NAME "Bip01 Neck1"
		*TM_ROW0 -5.08428e-005	-0.991553	0.1297
		*TM_ROW1 -1.19209e-006	-0.1297	-0.991554
		*TM_ROW2 1	-5.06938e-005	5.54324e-006
		*TM_ROW3 -0.19138	-69.8575	119.608
		*TM_POS -0.19138	-69.8575	119.608
		*TM_ROTAXIS -0.600781	0.527341	-0.600811
		*TM_ROTANGLE 4.11211
		*TM_SCALE 1	1	1
		*TM_SCALEAXIS 0	0	0
		*TM_SCALEAXISANG 0	0	0
	}
	*TM_ANIMATION {
		*NODE_NAME  "Bip01 Neck1"
		*CONTROL_POS_TRACK {
			*CONTROL_POS_SAMPLE 0	17.4091	-60.1376	125.419
			*CONTROL_POS_SAMPLE 192	-0.192433	-65.3593	126.302
			*CONTROL_POS_SAMPLE 384	-17.797	-60.134	125.418
			*CONTROL_POS_SAMPLE 576	22.6525	-62.4353	118.144
			*CONTROL_POS_SAMPLE 768	-0.192599	-69.8578	119.607
			*CONTROL_POS_SAMPLE 960	-23.0365	-62.4326	118.144
			*CONTROL_POS_SAMPLE 1152	19.2537	-69.2218	97.7019
			*CONTROL_POS_SAMPLE 1344	-0.193277	-74.9563	103.118
			*CONTROL_POS_SAMPLE 1536	-19.6382	-69.2195	97.7018
		}
		*CONTROL_ROT_TRACK {
			*CONTROL_ROT_SAMPLE 0	0.941298	0.183775	0.28317	2.05501
			*CONTROL_ROT_SAMPLE 192	-0.666785	0.332824	-0.666803	3.78412
			*CONTROL_ROT_SAMPLE 384	-0.245353	0.523501	-0.815934	2.82555
			*CONTROL_ROT_SAMPLE 576	0.991857	-0.0566164	0.114082	1.93231
			*CONTROL_ROT_SAMPLE 768	-0.600776	0.527354	-0.600804	4.11213
			*CONTROL_ROT_SAMPLE 960	-0.0939254	0.569065	-0.816911	3.23473
			*CONTROL_ROT_SAMPLE 1152	0.849882	-0.514925	-0.112038	1.47645
			*CONTROL_ROT_SAMPLE 1344	0.416017	-0.808594	0.416059	1.7817
			*CONTROL_ROT_SAMPLE 1536	0.0804191	0.788509	-0.609743	3.84928
		}
		*CONTROL_SCALE_TRACK {
			*CONTROL_SCALE_SAMPLE	0	1	1	1	0	0	0	0
		}
	}
}
*HELPEROBJECT {
	*NODE_NAME "Bip01 Head"
	*NODE_PARENT "Bip01 Neck1"
	*NODE_TM {
		*NODE_NAME "Bip01 Head"
		*TM_ROW0 5.95987e-008	-0.104523	0.994523
		*TM_ROW1 7.18973e-007	-0.994523	-0.104522
		*TM_ROW2 1	7.18976e-007	5.9606e-008
		*TM_ROW3 -0.19237	-92.3773	122.554
		*TM_POS -0.19237	-92.3773	122.554
		*TM_ROTAXIS -0.706622	0.0370301	-0.706622
		*TM_ROTANGLE 3.21562
		*TM_SCALE 1	1	1
		*TM_SCALEAXIS 0	0	0
		*TM_SCALEAXISANG 0	0	0
	}
	*TM_ANIMATION {
		*NODE_NAME  "Bip01 Head"
		*CONTROL_POS_TRACK {
			*CONTROL_POS_SAMPLE 0	36.3273	-60.0716	137.985
			*CONTROL_POS_SAMPLE 192	-0.193801	-83.5091	139.954
			*CONTROL_POS_SAMPLE 384	-36.7171	-60.0637	137.981
			*CONTROL_POS_SAMPLE 576	44.8651	-66.5854	120.42
			*CONTROL_POS_SAMPLE 768	-0.193987	-92.3776	122.553
			*CONTROL_POS_SAMPLE 960	-45.2496	-66.5803	120.419
			*CONTROL_POS_SAMPLE 1152	36.2523	-75.6918	84.1006
			*CONTROL_POS_SAMPLE 1344	-0.194588	-93.4357	89.9146
			*CONTROL_POS_SAMPLE 1536	-36.6378	-75.6871	84.1005
		}
		*CONTROL_ROT_TRACK {
			*CONTROL_ROT_SAMPLE 0	0.549387	0.62134	0.558668	2.28948
			*CONTROL_ROT_SAMPLE 192	0.705001	0.0771511	0.704998	3.29566
			*CONTROL_ROT_SAMPLE 384	-0.616896	0.501334	-0.606715	1.93873
			*CONTROL_ROT_SAMPLE 576	0.590298	0.550445	0.590389	2.01294
			*CONTROL_ROT_SAMPLE 768	-0.706619	0.0370726	-0.706622	3.21563
			*CONTROL_ROT_SAMPLE 960	-0.56349	0.604157	-0.563447	2.17409
			*CONTROL_ROT_SAMPLE 1152	0.752272	0.408768	0.516715	1.77668
			*CONTROL_ROT_SAMPLE 1344	-0.690645	0.21448	-0.690657	3.56409
			*CONTROL_ROT_SAMPLE 1536	-0.422806	0.665066	-0.615566	2.49601
		}
		*CONTROL_SCALE_TRACK {
			*CONTROL_SCALE_SAMPLE	0	1	1	1	0	0	0	0
		}
	}
}
*HELPEROBJECT {
	*NODE_NAME "Bip01 Bone01"
	*NODE_PARENT "Bip01 Head"
	*NODE_TM {
		*NODE_NAME "Bip01 Bone01"
		*TM_ROW0 1	-2.24949e-006	2.56294e-007
		*TM_ROW1 2.24949e-006	0.974371	-0.224948
		*TM_ROW2 2.5629e-007	0.224948	0.974371
		*TM_ROW3 -0.1922	-92.7345	120.286
		*TM_POS -0.1922	-92.7345	120.286
		*TM_ROTAXIS 1	9.85512e-012	1e-005
		*TM_ROTANGLE 0.22689
		*TM_SCALE 1	1	1
		*TM_SCALEAXIS 0	0	0
		*TM_SCALEAXISANG 0	0	0
	}
	*TM_ANIMATION {
		*NODE_NAME  "Bip01 Bone01"
		*CONTROL_POS_TRACK {
			*CONTROL_POS_SAMPLE 0	37.2616	-60.4053	135.915
			*CONTROL_POS_SAMPLE 192	-0.19378	-84.5671	137.917
			*CONTROL_POS_SAMPLE 384	-37.6512	-60.3973	135.91
			*CONTROL_POS_SAMPLE 576	45.301	-66.4283	118.172
			*CONTROL_POS_SAMPLE 768	-0.194251	-92.7343	120.285
			*CONTROL_POS_SAMPLE 960	-45.6855	-66.4229	118.171
			*CONTROL_POS_SAMPLE 1152	35.7126	-75.3932	81.8895
			*CONTROL_POS_SAMPLE 1344	-0.194436	-92.6672	87.7515
			*CONTROL_POS_SAMPLE 1536	-36.098	-75.3888	81.8894
		}
		*CONTROL_ROT_TRACK {
			*CONTROL_ROT_SAMPLE 0	0.308025	0.165169	-0.936931	1.6299
			*CONTROL_ROT_SAMPLE 192	1	-5.2191e-006	0.000251829	0.549747
			*CONTROL_ROT_SAMPLE 384	0.307914	-0.165092	0.936981	1.63024
			*CONTROL_ROT_SAMPLE 576	0.0954809	0.164418	-0.981759	1.5797
			*CONTROL_ROT_SAMPLE 768	0.999999	-6.09261e-005	0.00101118	0.226912
			*CONTROL_ROT_SAMPLE 960	0.0954826	-0.164363	0.981768	1.58005
			*CONTROL_ROT_SAMPLE 1152	-0.150147	-0.024389	-0.988363	1.52415
			*CONTROL_ROT_SAMPLE 1344	-1	-0.000166816	0.000818484	0.270469
			*CONTROL_ROT_SAMPLE 1536	-0.150165	0.0243618	0.988361	1.52436
		}
		*CONTROL_SCALE_TRACK {
			*CONTROL_SCALE_SAMPLE	0	1	1	1	0	0	0	0
		}
	}
}
