*3DSMAX_ASCIIEXPORT	110
*COMMENT "[ GothicSourcer v3.14 ] - June 2007"
*SCENE {
	*SCENE_FILENAME "HUM_MAGIE_ARMOR.MAX"
	*SCENE_FIRSTFRAME 0
	*SCENE_LASTFRAME 100
	*SCENE_FRAMESPEED 25
	*SCENE_TICKSPERFRAME 192
	*SCENE_BACKGROUND_STATIC 0	0	0
	*SCENE_AMBIENT_STATIC 0.2	0.2	0.2
}
*MATERIAL_LIST {
	*MATERIAL_COUNT 1
	*MATERIAL 0 {
		*MATERIAL_NAME "MATERIAL #335"
		*MATERIAL_CLASS "Standard"
		*MATERIAL_AMBIENT 0.235294	0.223529	0.235294
		*MATERIAL_DIFFUSE 0.235294	0.223529	0.235294
		*MATERIAL_SPECULAR 0.9	0.9	0.9
		*MATERIAL_SHINE 0.1
		*MATERIAL_SHINESTRENGTH 0
		*MATERIAL_TRANSPARENCY 0
		*MATERIAL_WIRESIZE 1
		*MATERIAL_SHADING Blinn
		*MATERIAL_XP_FALLOFF 0
		*MATERIAL_SELFILLUM 0
		*MATERIAL_FALLOFF In
		*MATERIAL_XP_TYPE Filter
		*MAP_DIFFUSE {
			*MAP_NAME "Map #1"
			*MAP_CLASS "Bitmap"
			*MAP_SUBNO 1
			*MAP_AMOUNT 1
			*BITMAP "HUM_MAGIE_ARMOR_V0.TGA"
			*MAP_TYPE Screen
			*UVW_U_OFFSET 0
			*UVW_V_OFFSET 0
			*UVW_U_TILING 1
			*UVW_V_TILING 1
			*UVW_ANGLE 0
			*UVW_BLUR 1
			*UVW_BLUR_OFFSET 0
			*UVW_NOUSE_AMT 1
			*UVW_NOISE_SIZE 1
			*UVW_NOISE_LEVEL 1
			*UVW_NOISE_PHASE 0
			*BITMAP_FILTER Pyramidal
		}
	}
}
*HELPEROBJECT {
	*NODE_NAME "Bip01"
	*NODE_TM {
		*NODE_NAME "Bip01"
		*TM_ROW0 6.27438e-006	-1	0
		*TM_ROW1 1	6.27438e-006	0
		*TM_ROW2 -0	-0	1
		*TM_ROW3 0	-7.37745	99.9496
		*TM_POS 0	-7.37745	99.9496
		*TM_ROTAXIS 0	0	1
		*TM_ROTANGLE 1.57079
		*TM_SCALE 1	1	1
		*TM_SCALEAXIS 0	0	0
		*TM_SCALEAXISANG 0	0	0
	}
}
*HELPEROBJECT {
	*NODE_NAME "Bip01 Pelvis"
	*NODE_PARENT "Bip01"
	*NODE_TM {
		*NODE_NAME "Bip01 Pelvis"
		*TM_ROW0 -5.96046e-008	1.79264e-006	1
		*TM_ROW1 -1.79264e-006	-1	1.79264e-006
		*TM_ROW2 1	-1.79264e-006	-5.96046e-008
		*TM_ROW3 1e-005	-8.0113	99.9496
		*TM_POS 1e-005	-8.0113	99.9496
		*TM_ROTAXIS 0.707107	0	0.707107
		*TM_ROTANGLE 3.1416
		*TM_SCALE 1	1	1
		*TM_SCALEAXIS 0	0	0
		*TM_SCALEAXISANG 0	0	0
	}
}
*HELPEROBJECT {
	*NODE_NAME "Bip01 Spine"
	*NODE_PARENT "Bip01 Pelvis"
	*NODE_TM {
		*NODE_NAME "Bip01 Spine"
		*TM_ROW0 5.96047e-008	-0.0205947	0.999788
		*TM_ROW1 5.48642e-006	-0.999788	-0.0205947
		*TM_ROW2 1	5.48642e-006	5.96047e-008
		*TM_ROW3 1e-005	-7.92216	102.35
		*TM_POS 1e-005	-7.92216	102.35
		*TM_ROTAXIS 0.707088	-0.00727998	0.707088
		*TM_ROTANGLE 3.12703
		*TM_SCALE 1	1	1
		*TM_SCALEAXIS 0	0	0
		*TM_SCALEAXISANG 0	0	0
	}
}
*HELPEROBJECT {
	*NODE_NAME "Bip01 Spine1"
	*NODE_PARENT "Bip01 Spine"
	*NODE_TM {
		*NODE_NAME "Bip01 Spine1"
		*TM_ROW0 5.96047e-008	-0.00276992	0.999996
		*TM_ROW1 -1.92621e-006	-0.999996	-0.00276991
		*TM_ROW2 1	-1.92621e-006	5.96047e-008
		*TM_ROW3 1e-005	-8.11442	112.175
		*TM_POS 1e-005	-8.11442	112.175
		*TM_ROTAXIS 0.707106	-0.000979995	0.707107
		*TM_ROTANGLE 3.13964
		*TM_SCALE 1	1	1
		*TM_SCALEAXIS 0	0	0
		*TM_SCALEAXISANG 0	0	0
	}
}
*HELPEROBJECT {
	*NODE_NAME "Bip01 Spine2"
	*NODE_PARENT "Bip01 Spine1"
	*NODE_TM {
		*NODE_NAME "Bip01 Spine2"
		*TM_ROW0 5.96048e-008	0.180243	0.983622
		*TM_ROW1 1.67638e-006	-0.983622	0.180243
		*TM_ROW2 1	1.67638e-006	5.96047e-008
		*TM_ROW3 1e-005	-8.1264	124.961
		*TM_POS 1e-005	-8.1264	124.961
		*TM_ROTAXIS 0.705652	0.0641202	0.705652
		*TM_ROTANGLE 3.26966
		*TM_SCALE 1	1	1
		*TM_SCALEAXIS 0	0	0
		*TM_SCALEAXISANG 0	0	0
	}
}
*HELPEROBJECT {
	*NODE_NAME "Bip01 Neck"
	*NODE_PARENT "Bip01 Spine2"
	*NODE_TM {
		*NODE_NAME "Bip01 Neck"
		*TM_ROW0 5.96046e-007	-0.167043	0.98595
		*TM_ROW1 4.70132e-006	-0.98595	-0.167043
		*TM_ROW2 1	4.70132e-006	5.96047e-007
		*TM_ROW3 1.03264e-011	-2.71656	154.454
		*TM_POS 1.03264e-011	-2.71656	154.454
		*TM_ROTAXIS -0.70586	0.05937	-0.705859
		*TM_ROTANGLE 3.2602
		*TM_SCALE 1	1	1
		*TM_SCALEAXIS 0	0	0
		*TM_SCALEAXISANG 0	0	0
	}
}
*HELPEROBJECT {
	*NODE_NAME "Bip01 Head"
	*NODE_PARENT "Bip01 Neck"
	*NODE_TM {
		*NODE_NAME "Bip01 Head"
		*TM_ROW0 -5.96047e-008	1.76447e-006	1
		*TM_ROW1 -1.79264e-006	-1	1.80855e-006
		*TM_ROW2 1	-1.79264e-006	-5.96046e-008
		*TM_ROW3 2.27758e-011	-3.85901	161.198
		*TM_POS 2.27758e-011	-3.85901	161.198
		*TM_ROTAXIS -0.707107	-5.62215e-009	-0.707107
		*TM_ROTANGLE 3.14159
		*TM_SCALE 1	1	1
		*TM_SCALEAXIS 0	0	0
		*TM_SCALEAXISANG 0	0	0
	}
}
*HELPEROBJECT {
	*NODE_NAME "ZS_HELMET"
	*NODE_PARENT "Bip01 Head"
	*NODE_TM {
		*NODE_NAME "ZS_HELMET"
		*TM_ROW0 1	7.87298e-013	7.61567e-014
		*TM_ROW1 -1.53811e-013	0.996917	-0.0784593
		*TM_ROW2 -5.53111e-014	0.0784593	0.996918
		*TM_ROW3 1e-005	-7.06248	173.704
		*TM_POS 1e-005	-7.06248	173.704
		*TM_ROTAXIS 1	8.37809e-013	-5.99744e-012
		*TM_ROTANGLE 0.078541
		*TM_SCALE 1	1	1
		*TM_SCALEAXIS 0	0	0
		*TM_SCALEAXISANG 0	0	0
	}
}
*HELPEROBJECT {
	*NODE_NAME "Bip01 L Clavicle"
	*NODE_PARENT "Bip01 Neck"
	*NODE_TM {
		*NODE_NAME "Bip01 L Clavicle"
		*TM_ROW0 0.935229	-0.203893	-0.289439
		*TM_ROW1 0.156435	0.971369	-0.178803
		*TM_ROW2 0.317608	0.121943	0.940348
		*TM_ROW3 7.96399	-1.25804	148.729
		*TM_POS 7.96399	-1.25804	148.729
		*TM_ROTAXIS 0.391939	-0.791119	0.469589
		*TM_ROTANGLE 0.39376
		*TM_SCALE 1	1	1
		*TM_SCALEAXIS 0	0	0
		*TM_SCALEAXISANG 0	0	0
	}
}
*HELPEROBJECT {
	*NODE_NAME "Bip01 L UpperArm"
	*NODE_PARENT "Bip01 L Clavicle"
	*NODE_TM {
		*NODE_NAME "Bip01 L UpperArm"
		*TM_ROW0 0.246229	0.0989027	-0.964152
		*TM_ROW1 0.412789	0.889345	0.196649
		*TM_ROW2 0.876913	-0.446412	0.178157
		*TM_ROW3 20.4269	-3.97508	144.872
		*TM_POS 20.4269	-3.97508	144.872
		*TM_ROTAXIS -0.325561	-0.932072	0.15891
		*TM_ROTANGLE 1.41328
		*TM_SCALE 1	1	1
		*TM_SCALEAXIS 0	0	0
		*TM_SCALEAXISANG 0	0	0
	}
}
*HELPEROBJECT {
	*NODE_NAME "Bip01 L Forearm"
	*NODE_PARENT "Bip01 L UpperArm"
	*NODE_TM {
		*NODE_NAME "Bip01 L Forearm"
		*TM_ROW0 0.0455122	-0.291882	-0.955371
		*TM_ROW1 0.478489	0.845886	-0.235638
		*TM_ROW2 0.876913	-0.44641	0.17816
		*TM_ROW3 27.2982	-1.21526	117.966
		*TM_POS 27.2982	-1.21526	117.966
		*TM_ROTAXIS -0.10545	-0.916697	0.385419
		*TM_ROTANGLE 1.53601
		*TM_SCALE 1	1	1
		*TM_SCALEAXIS 0	0	0
		*TM_SCALEAXISANG 0	0	0
	}
}
*HELPEROBJECT {
	*NODE_NAME "Bip01 L Hand"
	*NODE_PARENT "Bip01 L Forearm"
	*NODE_TM {
		*NODE_NAME "Bip01 L Hand"
		*TM_ROW0 0.0455132	-0.291886	-0.95537
		*TM_ROW1 -0.876533	0.44708	-0.17835
		*TM_ROW2 0.479185	0.845531	-0.2355
		*TM_ROW3 28.5642	-9.33438	91.391
		*TM_POS 28.5642	-9.33438	91.391
		*TM_ROTAXIS 0.551391	-0.772552	-0.314851
		*TM_ROTANGLE 1.95137
		*TM_SCALE 1	1	1
		*TM_SCALEAXIS 0	0	0
		*TM_SCALEAXISANG 0	0	0
	}
}
*HELPEROBJECT {
	*NODE_NAME "Bip01 L Finger0"
	*NODE_PARENT "Bip01 L Hand"
	*NODE_TM {
		*NODE_NAME "Bip01 L Finger0"
		*TM_ROW0 0.0455153	-0.291888	-0.955369
		*TM_ROW1 -0.876915	0.446405	-0.178165
		*TM_ROW2 0.478485	0.845886	-0.235643
		*TM_ROW3 29.15	-13.0909	79.0956
		*TM_POS 29.15	-13.0909	79.0956
		*TM_ROTAXIS 0.551581	-0.772311	-0.31511
		*TM_ROTANGLE 1.95181
		*TM_SCALE 1	1	1
		*TM_SCALEAXIS 0	0	0
		*TM_SCALEAXISANG 0	0	0
	}
}
*HELPEROBJECT {
	*NODE_NAME "ZS_LEFTHAND"
	*NODE_PARENT "Bip01 L Hand"
	*NODE_TM {
		*NODE_NAME "ZS_LEFTHAND"
		*TM_ROW0 0.435606	0.890062	-0.134303
		*TM_ROW1 0.180312	-0.232461	-0.955745
		*TM_ROW2 -0.881893	0.392112	-0.261751
		*TM_ROW3 26.7605	-11.5467	82.7857
		*TM_POS 26.7605	-11.5467	82.7857
		*TM_ROTAXIS 0.794322	0.440571	-0.418271
		*TM_ROTANGLE 2.12858
		*TM_SCALE 1	1	1
		*TM_SCALEAXIS 0	0	0
		*TM_SCALEAXISANG 0	0	0
	}
}
*HELPEROBJECT {
	*NODE_NAME "ZS_LEFTARM"
	*NODE_PARENT "Bip01 L Forearm"
	*NODE_TM {
		*NODE_NAME "ZS_LEFTARM"
		*TM_ROW0 0.0759923	-0.150176	-0.985735
		*TM_ROW1 0.524499	0.846792	-0.0885737
		*TM_ROW2 0.848013	-0.510286	0.143117
		*TM_ROW3 26.9101	-7.67833	110.055
		*TM_POS 26.9101	-7.67833	110.055
		*TM_ROTAXIS -0.21097	-0.917372	0.337521
		*TM_ROTANGLE 1.53784
		*TM_SCALE 1	1	1
		*TM_SCALEAXIS 0	0	0
		*TM_SCALEAXISANG 0	0	0
	}
}
*HELPEROBJECT {
	*NODE_NAME "Bip01 R Clavicle"
	*NODE_PARENT "Bip01 Neck"
	*NODE_TM {
		*NODE_NAME "Bip01 R Clavicle"
		*TM_ROW0 -0.935227	-0.203899	-0.28944
		*TM_ROW1 -0.156442	0.971369	-0.178799
		*TM_ROW2 0.317609	-0.121937	-0.940349
		*TM_ROW3 -7.96398	-1.25806	148.729
		*TM_POS -7.96398	-1.25806	148.729
		*TM_ROTAXIS -0.0929799	0.992639	-0.0776
		*TM_ROTANGLE 3.45235
		*TM_SCALE 1	1	1
		*TM_SCALEAXIS 0	0	0
		*TM_SCALEAXISANG 0	0	0
	}
}
*HELPEROBJECT {
	*NODE_NAME "Bip01 R UpperArm"
	*NODE_PARENT "Bip01 R Clavicle"
	*NODE_TM {
		*NODE_NAME "Bip01 R UpperArm"
		*TM_ROW0 -0.246232	0.0988932	-0.964153
		*TM_ROW1 -0.412793	0.889345	0.196642
		*TM_ROW2 0.876911	0.446415	-0.178163
		*TM_ROW3 -20.4269	-3.97513	144.872
		*TM_POS -20.4269	-3.97513	144.872
		*TM_ROTAXIS 0.12961	-0.955353	-0.265521
		*TM_ROTANGLE 1.84162
		*TM_SCALE 1	1	1
		*TM_SCALEAXIS 0	0	0
		*TM_SCALEAXISANG 0	0	0
	}
}
*HELPEROBJECT {
	*NODE_NAME "Bip01 R Forearm"
	*NODE_PARENT "Bip01 R UpperArm"
	*NODE_TM {
		*NODE_NAME "Bip01 R Forearm"
		*TM_ROW0 -0.0455087	-0.291889	-0.955369
		*TM_ROW1 -0.478487	0.845885	-0.235646
		*TM_ROW2 0.876914	0.446408	-0.17816
		*TM_ROW3 -27.2982	-1.21534	117.966
		*TM_POS -27.2982	-1.21534	117.966
		*TM_ROTAXIS 0.347279	-0.932937	-0.0950097
		*TM_ROTANGLE 1.76083
		*TM_SCALE 1	1	1
		*TM_SCALEAXIS 0	0	0
		*TM_SCALEAXISANG 0	0	0
	}
}
*HELPEROBJECT {
	*NODE_NAME "Bip01 R Hand"
	*NODE_PARENT "Bip01 R Forearm"
	*NODE_TM {
		*NODE_NAME "Bip01 R Hand"
		*TM_ROW0 -0.0455115	-0.291885	-0.95537
		*TM_ROW1 0.87653	0.447088	-0.17835
		*TM_ROW2 0.479192	-0.845527	0.235499
		*TM_ROW3 -28.5642	-9.33445	91.391
		*TM_POS -28.5642	-9.33445	91.391
		*TM_ROTAXIS -0.33922	-0.72939	0.59407
		*TM_ROTANGLE 1.75327
		*TM_SCALE 1	1	1
		*TM_SCALEAXIS 0	0	0
		*TM_SCALEAXISANG 0	0	0
	}
}
*HELPEROBJECT {
	*NODE_NAME "Bip01 R Finger0"
	*NODE_PARENT "Bip01 R Hand"
	*NODE_TM {
		*NODE_NAME "Bip01 R Finger0"
		*TM_ROW0 -0.0455056	-0.291877	-0.955373
		*TM_ROW1 0.876914	0.446413	-0.178152
		*TM_ROW2 0.478489	-0.845886	0.235636
		*TM_ROW3 -29.1499	-13.0909	79.0956
		*TM_POS -29.1499	-13.0909	79.0956
		*TM_ROTAXIS -0.33952	-0.729071	0.594291
		*TM_ROTANGLE 1.75354
		*TM_SCALE 1	1	1
		*TM_SCALEAXIS 0	0	0
		*TM_SCALEAXISANG 0	0	0
	}
}
*HELPEROBJECT {
	*NODE_NAME "ZS_RIGHTHAND"
	*NODE_PARENT "Bip01 R Hand"
	*NODE_TM {
		*NODE_NAME "ZS_RIGHTHAND"
		*TM_ROW0 -0.464344	0.856417	-0.225687
		*TM_ROW1 0.177861	0.339806	0.923525
		*TM_ROW2 0.867612	0.388692	-0.31011
		*TM_ROW3 -20.9389	-19.9852	85.8932
		*TM_POS -20.9389	-19.9852	85.8932
		*TM_ROTAXIS 0.383811	0.784581	0.486951
		*TM_ROTANGLE 3.91244
		*TM_SCALE 1	1	1
		*TM_SCALEAXIS 0	0	0
		*TM_SCALEAXISANG 0	0	0
	}
}
*HELPEROBJECT {
	*NODE_NAME "ZS_CROSSBOW"
	*NODE_PARENT "Bip01 Spine2"
	*NODE_TM {
		*NODE_NAME "ZS_CROSSBOW"
		*TM_ROW0 -0.382687	-0.111464	0.91713
		*TM_ROW1 -0.923878	0.0461715	-0.379891
		*TM_ROW2 -1.2517e-006	-0.992695	-0.120648
		*TM_ROW3 -14.434	10.5915	165.98
		*TM_POS -14.434	10.5915	165.98
		*TM_ROTAXIS -0.447329	0.669479	-0.593039
		*TM_ROTANGLE 2.38705
		*TM_SCALE 1	1	1
		*TM_SCALEAXIS 0	0	0
		*TM_SCALEAXISANG 0	0	0
	}
}
*HELPEROBJECT {
	*NODE_NAME "ZS_LONGSWORD"
	*NODE_PARENT "Bip01 Spine2"
	*NODE_TM {
		*NODE_NAME "ZS_LONGSWORD"
		*TM_ROW0 -0.499829	-0.0915011	0.861277
		*TM_ROW1 -0.865729	0.0828188	-0.493614
		*TM_ROW2 -0.0261636	-0.992355	-0.12061
		*TM_ROW3 -18.1593	6.92629	157.64
		*TM_POS -18.1593	6.92629	157.64
		*TM_ROTAXIS -0.38996	0.69388	-0.60536
		*TM_ROTANGLE 2.44778
		*TM_SCALE 1	1	1
		*TM_SCALEAXIS 0	0	0
		*TM_SCALEAXISANG 0	0	0
	}
}
*HELPEROBJECT {
	*NODE_NAME "ZS_SHIELD"
	*NODE_PARENT "Bip01 Spine2"
	*NODE_TM {
		*NODE_NAME "ZS_SHIELD"
		*TM_ROW0 -0.0138681	0.114196	-0.993362
		*TM_ROW1 -0.908393	0.413755	0.0602465
		*TM_ROW2 0.417888	0.903198	0.0979964
		*TM_ROW3 8.76511	9.5282	131.875
		*TM_POS 8.76511	9.5282	131.875
		*TM_ROTAXIS 0.435421	-0.728972	-0.528212
		*TM_ROTANGLE 1.82457
		*TM_SCALE 1	1	1
		*TM_SCALEAXIS 0	0	0
		*TM_SCALEAXISANG 0	0	0
	}
}
*HELPEROBJECT {
	*NODE_NAME "ZS_BOW"
	*NODE_PARENT "Bip01 Spine2"
	*NODE_TM {
		*NODE_NAME "ZS_BOW"
		*TM_ROW0 -0.341816	-0.0868229	0.935748
		*TM_ROW1 0.0119438	0.995242	0.0967059
		*TM_ROW2 -0.939691	0.044232	-0.339153
		*TM_ROW3 0.5012	12.4143	124.55
		*TM_POS 0.5012	12.4143	124.55
		*TM_ROTAXIS -0.0279299	0.998227	0.0525698
		*TM_ROTANGLE 1.92076
		*TM_SCALE 1	1	1
		*TM_SCALEAXIS 0	0	0
		*TM_SCALEAXISANG 0	0	0
	}
}
*HELPEROBJECT {
	*NODE_NAME "ZS_SWORD"
	*NODE_PARENT "Bip01 Spine"
	*NODE_TM {
		*NODE_NAME "ZS_SWORD"
		*TM_ROW0 5.79282e-007	-0.347172	0.937802
		*TM_ROW1 1.04309e-007	0.937802	0.347172
		*TM_ROW2 -1	-1.04308e-007	5.79283e-007
		*TM_ROW3 17.5015	-4.36211	106.367
		*TM_POS 17.5015	-4.36211	106.367
		*TM_ROTAXIS -0.17367	0.96937	0.17367
		*TM_ROTANGLE 1.6019
		*TM_SCALE 1	1	1
		*TM_SCALEAXIS 0	0	0
		*TM_SCALEAXISANG 0	0	0
	}
}
*HELPEROBJECT {
	*NODE_NAME "Bip01 L Thigh"
	*NODE_PARENT "Bip01 Pelvis"
	*NODE_TM {
		*NODE_NAME "Bip01 L Thigh"
		*TM_ROW0 0.0534878	-0.0367886	-0.997891
		*TM_ROW1 -0.00216181	-0.999323	0.0367256
		*TM_ROW2 -0.998566	0.000192882	-0.0535313
		*TM_ROW3 9.01023	-8.01129	99.9496
		*TM_POS 9.01023	-8.01129	99.9496
		*TM_ROTAXIS 0.72572	-0.01342	-0.68786
		*TM_ROTANGLE 3.16677
		*TM_SCALE 1	1	1
		*TM_SCALEAXIS 0	0	0
		*TM_SCALEAXISANG 0	0	0
	}
}
*HELPEROBJECT {
	*NODE_NAME "Bip01 L Calf"
	*NODE_PARENT "Bip01 L Thigh"
	*NODE_TM {
		*NODE_NAME "Bip01 L Calf"
		*TM_ROW0 0.0525131	0.197552	-0.978885
		*TM_ROW1 0.0103904	-0.980292	-0.197278
		*TM_ROW2 -0.998566	0.000188708	-0.0535307
		*TM_ROW3 11.1149	-9.45845	60.6877
		*TM_POS 11.1149	-9.45845	60.6877
		*TM_ROTAXIS 0.723901	0.0721501	-0.686121
		*TM_ROTANGLE 3.00478
		*TM_SCALE 1	1	1
		*TM_SCALEAXIS 0	0	0
		*TM_SCALEAXISANG 0	0	0
	}
}
*HELPEROBJECT {
	*NODE_NAME "Bip01 L Foot"
	*NODE_PARENT "Bip01 L Calf"
	*NODE_TM {
		*NODE_NAME "Bip01 L Foot"
		*TM_ROW0 -5.93318e-007	7.27489e-006	-1
		*TM_ROW1 0.173652	-0.984807	-7.26412e-006
		*TM_ROW2 -0.984807	-0.173652	-5.97767e-007
		*TM_ROW3 13.6935	0.240668	12.6267
		*TM_POS 13.6935	0.240668	12.6267
		*TM_ROTAXIS 0.705757	0.0617498	-0.705757
		*TM_ROTANGLE 3.26493
		*TM_SCALE 1	1	1
		*TM_SCALEAXIS 0	0	0
		*TM_SCALEAXISANG 0	0	0
	}
}
*HELPEROBJECT {
	*NODE_NAME "Bip01 L Toe0"
	*NODE_PARENT "Bip01 L Foot"
	*NODE_TM {
		*NODE_NAME "Bip01 L Toe0"
		*TM_ROW0 0.173646	-0.984808	5.05914e-006
		*TM_ROW1 5.06367e-006	5.91264e-006	1
		*TM_ROW2 -0.984808	-0.173646	5.92894e-006
		*TM_ROW3 17.6256	-22.0591	5.26591e-006
		*TM_POS 17.6256	-22.0591	5.26591e-006
		*TM_ROTAXIS -0.644398	0.540718	0.540718
		*TM_ROTANGLE 1.99673
		*TM_SCALE 1	1	1
		*TM_SCALEAXIS 0	0	0
		*TM_SCALEAXISANG 0	0	0
	}
}
*HELPEROBJECT {
	*NODE_NAME "Bip01 R Thigh"
	*NODE_PARENT "Bip01 Pelvis"
	*NODE_TM {
		*NODE_NAME "Bip01 R Thigh"
		*TM_ROW0 -0.0535034	-0.0367749	-0.99789
		*TM_ROW1 0.00205776	-0.999324	0.0367174
		*TM_ROW2 -0.998566	-8.89041e-005	0.0535432
		*TM_ROW3 -9.01021	-8.01132	99.9496
		*TM_POS -9.01021	-8.01132	99.9496
		*TM_ROTAXIS 0.687862	-0.01262	-0.725732
		*TM_ROTANGLE 3.16835
		*TM_SCALE 1	1	1
		*TM_SCALEAXIS 0	0	0
		*TM_SCALEAXISANG 0	0	0
	}
}
*HELPEROBJECT {
	*NODE_NAME "Bip01 R Calf"
	*NODE_PARENT "Bip01 R Thigh"
	*NODE_TM {
		*NODE_NAME "Bip01 R Calf"
		*TM_ROW0 -0.0525025	0.197539	-0.978888
		*TM_ROW1 -0.0104967	-0.980295	-0.19726
		*TM_ROW2 -0.998566	-8.16064e-005	0.0535415
		*TM_ROW3 -11.1154	-9.45856	60.6878
		*TM_POS -11.1154	-9.45856	60.6878
		*TM_ROTAXIS 0.686298	0.0684898	-0.724088
		*TM_ROTANGLE 2.99744
		*TM_SCALE 1	1	1
		*TM_SCALEAXIS 0	0	0
		*TM_SCALEAXISANG 0	0	0
	}
}
*HELPEROBJECT {
	*NODE_NAME "Bip01 R Foot"
	*NODE_PARENT "Bip01 R Calf"
	*NODE_TM {
		*NODE_NAME "Bip01 R Foot"
		*TM_ROW0 -5.86373e-007	-7.29557e-006	-1
		*TM_ROW1 -0.173652	-0.984807	7.26572e-006
		*TM_ROW2 -0.984807	0.173652	-5.93781e-007
		*TM_ROW3 -13.6935	0.24065	12.6267
		*TM_POS -13.6935	0.24065	12.6267
		*TM_ROTAXIS 0.705757	-0.0617498	-0.705757
		*TM_ROTANGLE 3.01826
		*TM_SCALE 1	1	1
		*TM_SCALEAXIS 0	0	0
		*TM_SCALEAXISANG 0	0	0
	}
}
*HELPEROBJECT {
	*NODE_NAME "Bip01 R Toe0"
	*NODE_PARENT "Bip01 R Foot"
	*NODE_TM {
		*NODE_NAME "Bip01 R Toe0"
		*TM_ROW0 -0.173651	-0.984807	3.52553e-006
		*TM_ROW1 3.507e-006	3.07854e-006	1
		*TM_ROW2 -0.984807	0.173651	3.0421e-006
		*TM_ROW3 -17.6255	-22.0592	2.91014e-005
		*TM_POS -17.6255	-22.0592	2.91014e-005
		*TM_ROTAXIS -0.510271	0.608121	0.608121
		*TM_ROTANGLE 2.19793
		*TM_SCALE 1	1	1
		*TM_SCALEAXIS 0	0	0
		*TM_SCALEAXISANG 0	0	0
	}
}
*HELPEROBJECT {
	*NODE_NAME "Dummy"
	*NODE_PARENT "Bip01 L Finger0"
	*NODE_TM {
		*NODE_NAME "Dummy"
		*TM_ROW0 -1	-0	0
		*TM_ROW1 -0	-1	0
		*TM_ROW2 -0	-0	1
		*TM_ROW3 29.4428	-14.9691	72.9478
		*TM_POS 29.4428	-14.9691	72.9478
		*TM_ROTAXIS 0	0	-1
		*TM_ROTANGLE 3.14159
		*TM_SCALE 1	1	1
		*TM_SCALEAXIS 0	0	0
		*TM_SCALEAXISANG 0	0	0
	}
}
*HELPEROBJECT {
	*NODE_NAME "Dummy1"
	*NODE_PARENT "Bip01 R Finger0"
	*NODE_TM {
		*NODE_NAME "Dummy1"
		*TM_ROW0 -1	-0	0
		*TM_ROW1 -0	-1	0
		*TM_ROW2 -0	-0	1
		*TM_ROW3 -29.4428	-14.9692	72.9478
		*TM_POS -29.4428	-14.9692	72.9478
		*TM_ROTAXIS 0	0	-1
		*TM_ROTANGLE 3.14159
		*TM_SCALE 1	1	1
		*TM_SCALEAXIS 0	0	0
		*TM_SCALEAXISANG 0	0	0
	}
}
*HELPEROBJECT {
	*NODE_NAME "Dummy2"
	*NODE_PARENT "Bip01 L Toe0"
	*NODE_TM {
		*NODE_NAME "Dummy2"
		*TM_ROW0 -1	-0	0
		*TM_ROW1 -0	-1	0
		*TM_ROW2 -0	-0	1
		*TM_ROW3 19.5916	-33.209	-6.31335
		*TM_POS 19.5916	-33.209	-6.31335
		*TM_ROTAXIS 0	0	-1
		*TM_ROTANGLE 3.14159
		*TM_SCALE 1	1	1
		*TM_SCALEAXIS 0	0	0
		*TM_SCALEAXISANG 0	0	0
	}
}
*HELPEROBJECT {
	*NODE_NAME "Dummy3"
	*NODE_PARENT "Bip01 R Toe0"
	*NODE_TM {
		*NODE_NAME "Dummy3"
		*TM_ROW0 -1	-0	0
		*TM_ROW1 -0	-1	0
		*TM_ROW2 -0	-0	1
		*TM_ROW3 -19.5915	-33.2091	-6.31333
		*TM_POS -19.5915	-33.2091	-6.31333
		*TM_ROTAXIS 0	0	-1
		*TM_ROTANGLE 3.14159
		*TM_SCALE 1	1	1
		*TM_SCALEAXIS 0	0	0
		*TM_SCALEAXISANG 0	0	0
	}
}
*GEOMOBJECT {
	*NODE_NAME "zm_Skin"
	*NODE_PARENT "Bip01"
	*NODE_TM {
		*NODE_NAME "zm_Skin"
		*TM_ROW0 -1	-0	0
		*TM_ROW1 -0	-1	0
		*TM_ROW2 -0	-0	1
		*TM_ROW3 -0	-0	0
		*TM_POS -0	-0	0
		*TM_ROTAXIS 0	0	-1
		*TM_ROTANGLE 3.14159
		*TM_SCALE 1	1	1
		*TM_SCALEAXIS 0	0	0
		*TM_SCALEAXISANG 0	0	0
	}
	*MATERIAL_REF 0
	*MESH_SOFTSKIN {
		*TIMEVALUE 0
		*MESH_NUMVERTEX 381
		*MESH_NUMFACES 706
		*MESH_VERTEX_LIST {
			*MESH_VERTEX 0	18.1022	-27.4492	74.2736
			*MESH_VERTEX 1	12.3671	2.86775	119.115
			*MESH_VERTEX 2	-18.6524	0.130137	66.4916
			*MESH_VERTEX 3	-16.0767	7.73207	118.994
			*MESH_VERTEX 4	22.7537	-15.2873	142.49
			*MESH_VERTEX 5	-19.4508	-16.8069	76.7455
			*MESH_VERTEX 6	-29.1454	-15.594	145.543
			*MESH_VERTEX 7	19.4507	-16.8071	76.7456
			*MESH_VERTEX 8	28.1221	13.0971	151.617
			*MESH_VERTEX 9	-14.667	15.2531	10.4566
			*MESH_VERTEX 10	-11.2486	-19.7465	45.7556
			*MESH_VERTEX 11	-12.4276	6.53856	47.0447
			*MESH_VERTEX 12	12.8746	-4.32388	34.0925
			*MESH_VERTEX 13	14.848	14.3951	11.2174
			*MESH_VERTEX 14	16.8997	-13.1008	11.15
			*MESH_VERTEX 15	13.591	-11.6115	33.8252
			*MESH_VERTEX 16	2.52286	0.619748	81.252
			*MESH_VERTEX 17	3.55792	-20.8842	84.9436
			*MESH_VERTEX 18	-12.854	5.37838	35.0179
			*MESH_VERTEX 19	-2.17846	0.670054	80.8372
			*MESH_VERTEX 20	-19.4481	-10.1127	84.6757
			*MESH_VERTEX 21	10.4759	-19.7838	45.8601
			*MESH_VERTEX 22	-11.3531	7.70762	30.6751
			*MESH_VERTEX 23	-23.5251	0.796802	11.6475
			*MESH_VERTEX 24	13.4668	5.11671	34.8234
			*MESH_VERTEX 25	12.2898	6.13848	47.0194
			*MESH_VERTEX 26	16.4569	-6.94231	116.966
			*MESH_VERTEX 27	-12.4913	-17.1957	116.744
			*MESH_VERTEX 28	-10.969	1.41343	116.288
			*MESH_VERTEX 29	-19.9198	-6.88663	125.08
			*MESH_VERTEX 30	-3.06092	-20.9612	84.3621
			*MESH_VERTEX 31	19.6126	-10.3856	84.6897
			*MESH_VERTEX 32	18.8744	0.775269	67.9983
			*MESH_VERTEX 33	-28.2305	-7.09489	75.8985
			*MESH_VERTEX 34	28.2304	-7.0951	75.8985
			*MESH_VERTEX 35	24.064	0.857147	12.3767
			*MESH_VERTEX 36	19.0064	-1.66993	31.0191
			*MESH_VERTEX 37	23.6846	-14.3044	0.017545
			*MESH_VERTEX 38	7.2025	0.467127	29.752
			*MESH_VERTEX 39	-18.0059	-27.2205	73.8889
			*MESH_VERTEX 40	-12.9232	2.61765	118.659
			*MESH_VERTEX 41	-32.0155	9.69211	161.445
			*MESH_VERTEX 42	-9.72002	12.4348	2.4364
			*MESH_VERTEX 43	-17.8936	-0.255782	30.0682
			*MESH_VERTEX 44	18.0662	-13.7004	86.7419
			*MESH_VERTEX 45	23.8818	-6.72089	90.8883
			*MESH_VERTEX 46	-14.1758	-8.47117	137.34
			*MESH_VERTEX 47	-28.6086	-20.7651	81.0676
			*MESH_VERTEX 48	-18.0743	-13.6774	86.748
			*MESH_VERTEX 49	-23.8805	-6.721	90.8883
			*MESH_VERTEX 50	14.1296	-19.3101	119.485
			*MESH_VERTEX 51	-14.0379	-19.3118	118.985
			*MESH_VERTEX 52	2.82736	0.667014	10.2818
			*MESH_VERTEX 53	38.5528	4.06258	109.615
			*MESH_VERTEX 54	37.6428	-5.92354	152.577
			*MESH_VERTEX 55	29.1663	-15.2575	146.238
			*MESH_VERTEX 56	15.4659	-22.1502	121.348
			*MESH_VERTEX 57	0.0649805	-24.4093	125.544
			*MESH_VERTEX 58	-14.7659	-17.481	125.334
			*MESH_VERTEX 59	-3.34689	0.746232	11.2112
			*MESH_VERTEX 60	-10.8299	-12.976	10.9266
			*MESH_VERTEX 61	-6.27079	1.36824	29.6062
			*MESH_VERTEX 62	-7.01386	14.4164	10.6558
			*MESH_VERTEX 63	7.18523	13.8036	10.7106
			*MESH_VERTEX 64	0.0130533	-9.11358	88.1203
			*MESH_VERTEX 65	12.4675	6.57932	30.9299
			*MESH_VERTEX 66	10.714	12.3223	2.58144
			*MESH_VERTEX 67	7.35679	1.65554	156.346
			*MESH_VERTEX 68	0.0479166	-10.4988	148.117
			*MESH_VERTEX 69	-7.13532	1.39539	156.255
			*MESH_VERTEX 70	4.84096	-8.31395	162.898
			*MESH_VERTEX 71	-19.4861	9.55189	133.162
			*MESH_VERTEX 72	-35.7948	6.17657	147.803
			*MESH_VERTEX 73	-17.8134	8.46941	139.162
			*MESH_VERTEX 74	22.6662	-11.1061	43.9653
			*MESH_VERTEX 75	-23.1689	-10.1705	44.42
			*MESH_VERTEX 76	-12.2927	-2.31748	33.6125
			*MESH_VERTEX 77	14.9374	8.04606	119.468
			*MESH_VERTEX 78	19.0841	-6.31523	125.59
			*MESH_VERTEX 79	-13.0299	-10.567	27.0876
			*MESH_VERTEX 80	-23.6811	-13.7609	-0.325161
			*MESH_VERTEX 81	10.5991	-21.2144	0.335553
			*MESH_VERTEX 82	-15.1437	-22.5707	120.811
			*MESH_VERTEX 83	-15.5301	-21.8148	144.081
			*MESH_VERTEX 84	-10.6746	-20.7632	0.458168
			*MESH_VERTEX 85	18.3085	-3.71551	32.6209
			*MESH_VERTEX 86	-12.5857	3.95151	125.041
			*MESH_VERTEX 87	-3.56158	0.348905	166.724
			*MESH_VERTEX 88	-4.69042	-8.25984	162.865
			*MESH_VERTEX 89	28.6085	-20.7652	81.0677
			*MESH_VERTEX 90	35.5192	-11.7132	79.0467
			*MESH_VERTEX 91	-15.098	-5.50006	15.9843
			*MESH_VERTEX 92	3.35825	-10.7669	43.6975
			*MESH_VERTEX 93	-12.714	-12.0221	33.7249
			*MESH_VERTEX 94	-4.10076	-10.992	44.0396
			*MESH_VERTEX 95	16.184	-8.93575	138.259
			*MESH_VERTEX 96	3.76219	0.185121	166.728
			*MESH_VERTEX 97	29.0631	0.326757	165.824
			*MESH_VERTEX 98	-30.1003	-0.844569	165.783
			*MESH_VERTEX 99	-22.136	-10.695	51.512
			*MESH_VERTEX 100	-35.5193	-11.713	79.0466
			*MESH_VERTEX 101	27.843	-8.09746	119.51
			*MESH_VERTEX 102	12.4036	-16.99	117.153
			*MESH_VERTEX 103	-18.054	-0.970136	33.2614
			*MESH_VERTEX 104	9.68018	-13.5922	10.5365
			*MESH_VERTEX 105	19.8888	4.0926	14.9738
			*MESH_VERTEX 106	14.584	-6.05429	16.0382
			*MESH_VERTEX 107	13.5705	-11.5543	26.5062
			*MESH_VERTEX 108	-17.2834	-7.16146	116.404
			*MESH_VERTEX 109	-22.0991	-6.76433	121.439
			*MESH_VERTEX 110	-25.4908	8.62328	143.851
			*MESH_VERTEX 111	-31.8876	11.5437	125.738
			*MESH_VERTEX 112	18.4077	9.88454	133.243
			*MESH_VERTEX 113	26.1966	12.0503	141.717
			*MESH_VERTEX 114	16.9503	-4.13745	120.985
			*MESH_VERTEX 115	-7.92829	0.755806	31.2296
			*MESH_VERTEX 116	8.69333	-0.210731	31.3291
			*MESH_VERTEX 117	-13.1165	-20.954	86.3084
			*MESH_VERTEX 118	11.4943	4.10191	125.35
			*MESH_VERTEX 119	18.8205	-7.7925	119.493
			*MESH_VERTEX 120	24.8545	-14.6955	93.3855
			*MESH_VERTEX 121	-24.8804	-12.0227	69.106
			*MESH_VERTEX 122	-6.81569	2.82999	14.1939
			*MESH_VERTEX 123	-19.0802	-8.47619	118.804
			*MESH_VERTEX 124	-24.8625	-14.6998	93.3569
			*MESH_VERTEX 125	13.2608	-20.8741	86.5694
			*MESH_VERTEX 126	0.0071705	-19.8328	154.955
			*MESH_VERTEX 127	15.7725	-21.5864	144.278
			*MESH_VERTEX 128	18.9701	-13.2253	134.002
			*MESH_VERTEX 129	21.472	-6.31709	122.157
			*MESH_VERTEX 130	1.05177	-10.2553	82.0251
			*MESH_VERTEX 131	12.4457	3.02346	52.887
			*MESH_VERTEX 132	10.0461	0.554036	81.8209
			*MESH_VERTEX 133	-22.1753	0.0515547	47.5057
			*MESH_VERTEX 134	6.44317	2.55158	14.1123
			*MESH_VERTEX 135	15.0935	-21.1608	6.31672
			*MESH_VERTEX 136	17.8697	-13.0141	139.205
			*MESH_VERTEX 137	-16.8814	-4.23728	120.91
			*MESH_VERTEX 138	-15.3456	-20.6631	6.29154
			*MESH_VERTEX 139	-0.0386086	-10.3334	82.3002
			*MESH_VERTEX 140	-10.128	1.27861	81.2973
			*MESH_VERTEX 141	-12.4309	3.61394	52.652
			*MESH_VERTEX 142	24.5069	-10.7897	70.2391
			*MESH_VERTEX 143	-38.4822	3.92674	109.627
			*MESH_VERTEX 144	-38.2822	-6.94261	151.813
			*MESH_VERTEX 145	10.0566	1.54176	116.636
			*MESH_VERTEX 146	-18.1698	-12.3514	11.5318
			*MESH_VERTEX 147	-26.7578	11.5749	141.323
			*MESH_VERTEX 148	-17.0729	-12.6532	138.501
			*MESH_VERTEX 149	-22.8942	-15.5117	142.199
			*MESH_VERTEX 150	-14.7208	-13.1641	132.191
			*MESH_VERTEX 151	37.2719	-2.72284	117.732
			*MESH_VERTEX 152	30.7105	9.73829	162.387
			*MESH_VERTEX 153	9.70935	-18.572	54.7785
			*MESH_VERTEX 154	3.45001	-11.3757	49.1739
			*MESH_VERTEX 155	-17.6848	9.10365	-0.265669
			*MESH_VERTEX 156	-20.1666	4.86074	14.677
			*MESH_VERTEX 157	-27.8312	-8.06023	119.642
			*MESH_VERTEX 158	-38.3223	-4.50722	124.249
			*MESH_VERTEX 159	14.2407	-17.5395	125.715
			*MESH_VERTEX 160	0.0619842	-27.8793	118.129
			*MESH_VERTEX 161	18.5607	8.62141	0.190641
			*MESH_VERTEX 162	21.6273	-11.319	50.7358
			*MESH_VERTEX 163	24.6495	11.9454	124.81
			*MESH_VERTEX 164	25.3614	8.74625	143.617
			*MESH_VERTEX 165	32.7767	3.07779	146.466
			*MESH_VERTEX 166	26.4407	-16.1878	153.766
			*MESH_VERTEX 167	0.0591105	-8.4433	124.455
			*MESH_VERTEX 168	-4.26061	-1.70276	46.4823
			*MESH_VERTEX 169	-32.8011	2.74413	146.77
			*MESH_VERTEX 170	-26.4564	-16.309	153.69
			*MESH_VERTEX 171	20.5636	-8.92301	120.679
			*MESH_VERTEX 172	-20.5017	-9.01899	120.641
			*MESH_VERTEX 173	-5.91423	6.02293	59.6183
			*MESH_VERTEX 174	4.476	11.2549	102.287
			*MESH_VERTEX 175	-17.7897	-19.1444	46.3779
			*MESH_VERTEX 176	0.0496375	-23.5791	119.575
			*MESH_VERTEX 177	-15.0792	-19.1191	55.141
			*MESH_VERTEX 178	-8.48189	-9.71841	9.76989
			*MESH_VERTEX 179	-21.1642	-7.21141	9.57071
			*MESH_VERTEX 180	22.1181	-3.30825	46.8473
			*MESH_VERTEX 181	8.1434	-10.115	9.51677
			*MESH_VERTEX 182	20.863	-7.79565	9.91837
			*MESH_VERTEX 183	-9.29416	-19.0456	54.4099
			*MESH_VERTEX 184	-3.98128	-10.8598	48.8459
			*MESH_VERTEX 185	21.8493	-4.9218	50.8528
			*MESH_VERTEX 186	16.8796	-2.2512	59.8117
			*MESH_VERTEX 187	7.74043	-2.04678	59.5159
			*MESH_VERTEX 188	26.2545	-13.9063	143.298
			*MESH_VERTEX 189	-25.9175	-14.2581	142.419
			*MESH_VERTEX 190	-33.4528	-7.78572	146.354
			*MESH_VERTEX 191	30.4842	10.8251	136.261
			*MESH_VERTEX 192	3.71951	-3.0313	46.447
			*MESH_VERTEX 193	-15.6079	-21.6657	0.245648
			*MESH_VERTEX 194	15.5285	-22.1486	0.281437
			*MESH_VERTEX 195	3.774	-4.80227	49.4687
			*MESH_VERTEX 196	-21.5877	-17.837	89.6707
			*MESH_VERTEX 197	21.5796	-17.8574	89.676
			*MESH_VERTEX 198	-21.5078	-19.5237	76.9627
			*MESH_VERTEX 199	-23.3901	-17.6062	77.1274
			*MESH_VERTEX 200	21.5077	-19.5239	76.9627
			*MESH_VERTEX 201	23.3901	-17.6064	77.1275
			*MESH_VERTEX 202	-0.0100358	11.5837	117.308
			*MESH_VERTEX 203	32.0026	11.5928	125.849
			*MESH_VERTEX 204	32.0102	8.06685	108.62
			*MESH_VERTEX 205	20.3081	-4.29723	118.888
			*MESH_VERTEX 206	20.0244	2.4351	119.442
			*MESH_VERTEX 207	29.2555	-5.86734	85.7709
			*MESH_VERTEX 208	27.7497	-5.36704	80.8281
			*MESH_VERTEX 209	-29.2055	-5.88769	85.748
			*MESH_VERTEX 210	-31.938	7.92784	108.617
			*MESH_VERTEX 211	-27.7559	-5.36214	80.809
			*MESH_VERTEX 212	14.9075	-18.5947	55.106
			*MESH_VERTEX 213	-37.2689	-2.70107	117.815
			*MESH_VERTEX 214	-34.6876	-9.27891	114.739
			*MESH_VERTEX 215	-24.541	11.8807	124.639
			*MESH_VERTEX 216	34.7579	-9.14111	114.721
			*MESH_VERTEX 217	34.4539	7.00903	148.242
			*MESH_VERTEX 218	-20.3028	-4.2452	119
			*MESH_VERTEX 219	-20.032	2.46015	119.398
			*MESH_VERTEX 220	-6.41084	-4.81543	164.577
			*MESH_VERTEX 221	15.8308	-19.5019	46.3482
			*MESH_VERTEX 222	0.0501349	-20.6182	117.053
			*MESH_VERTEX 223	7.0999	6.26608	0.340662
			*MESH_VERTEX 224	0.0228488	-25.6752	146.546
			*MESH_VERTEX 225	-22.2691	-3.51021	51.9815
			*MESH_VERTEX 226	-16.6344	-1.48883	60.087
			*MESH_VERTEX 227	-7.91654	-1.26382	59.4212
			*MESH_VERTEX 228	-4.22828	-3.43518	49.5248
			*MESH_VERTEX 229	15.901	13.4937	138.98
			*MESH_VERTEX 230	6.44834	-5.04707	164.556
			*MESH_VERTEX 231	-6.36524	6.35222	0.56863
			*MESH_VERTEX 232	29.5677	-10.5819	121.825
			*MESH_VERTEX 233	-31.6466	-15.7399	93.0645
			*MESH_VERTEX 234	-24.5736	-6.55358	-0.488495
			*MESH_VERTEX 235	24.9665	8.91881	121.818
			*MESH_VERTEX 236	25.162	9.19643	115.822
			*MESH_VERTEX 237	20.3895	8.36831	137
			*MESH_VERTEX 238	22.0217	11.301	134.619
			*MESH_VERTEX 239	18.0587	-2.18303	136.266
			*MESH_VERTEX 240	14.8611	-6.66887	129.542
			*MESH_VERTEX 241	15.2613	1.94034	131.409
			*MESH_VERTEX 242	31.6437	-15.7465	93.0488
			*MESH_VERTEX 243	-16.9513	12.6628	139.001
			*MESH_VERTEX 244	-24.4561	-17.299	84.0211
			*MESH_VERTEX 245	-10.7281	-21.8425	135.696
			*MESH_VERTEX 246	24.4527	-17.315	84.0015
			*MESH_VERTEX 247	32.7009	-10.1255	75.917
			*MESH_VERTEX 248	-32.701	-10.1254	75.917
			*MESH_VERTEX 249	-0.0113468	5.7158	118.596
			*MESH_VERTEX 250	24.7086	-7.11848	-0.0225199
			*MESH_VERTEX 251	33.5725	-7.37967	146.209
			*MESH_VERTEX 252	-4.57511	-11.1332	59.1914
			*MESH_VERTEX 253	0.0702198	6.91633	125.143
			*MESH_VERTEX 254	7.76216	-31.2382	66.4569
			*MESH_VERTEX 255	-33.2236	9.05154	149.955
			*MESH_VERTEX 256	-0.00244524	17.1948	143.102
			*MESH_VERTEX 257	-29.4957	-10.669	121.875
			*MESH_VERTEX 258	37.5772	-2.68122	120.842
			*MESH_VERTEX 259	7.32529	6.15004	59.7441
			*MESH_VERTEX 260	4.10296	-10.8388	59.3874
			*MESH_VERTEX 261	37.941	-6.13188	134.181
			*MESH_VERTEX 262	0.0449122	3.57692	156.288
			*MESH_VERTEX 263	19.8716	-19.4712	84.5135
			*MESH_VERTEX 264	-24.8837	8.83103	121.794
			*MESH_VERTEX 265	-25.1529	7.66701	109.404
			*MESH_VERTEX 266	-19.8744	-19.451	84.5453
			*MESH_VERTEX 267	39.4252	-2.31618	112.007
			*MESH_VERTEX 268	36.7368	5.71838	136.429
			*MESH_VERTEX 269	-37.8095	3.71959	116.827
			*MESH_VERTEX 270	-38.5227	6.02352	125.887
			*MESH_VERTEX 271	0.00710996	-0.0143632	163.034
			*MESH_VERTEX 272	11.3932	-10.9506	158.775
			*MESH_VERTEX 273	-21.7413	11.3874	134.309
			*MESH_VERTEX 274	0.0228787	1.55969	167.161
			*MESH_VERTEX 275	28.0936	-2.79029	89.0744
			*MESH_VERTEX 276	-39.356	-2.45732	112.01
			*MESH_VERTEX 277	-16.2558	5.26077	102.616
			*MESH_VERTEX 278	-5.40985	11.1523	101.656
			*MESH_VERTEX 279	-33.1506	-4.87482	89.5131
			*MESH_VERTEX 280	15.4183	5.60899	103.859
			*MESH_VERTEX 281	-12.7063	-11.3737	158.407
			*MESH_VERTEX 282	-33.4521	-6.25273	84.7651
			*MESH_VERTEX 283	33.1577	-4.85557	89.5525
			*MESH_VERTEX 284	33.4461	-6.26409	84.7824
			*MESH_VERTEX 285	-19.5586	-11.6067	60.226
			*MESH_VERTEX 286	-33.1089	8.54972	116.496
			*MESH_VERTEX 287	-30.2135	11.0509	135.956
			*MESH_VERTEX 288	-0.108621	14.2854	159.268
			*MESH_VERTEX 289	-0.00899297	3.58088	116.395
			*MESH_VERTEX 290	17.8715	-16.4293	82.7187
			*MESH_VERTEX 291	-17.8737	-16.4131	82.745
			*MESH_VERTEX 292	19.6547	-11.4325	59.8688
			*MESH_VERTEX 293	0.125192	-9.62184	161.977
			*MESH_VERTEX 294	7.43032	-11.4753	0.394811
			*MESH_VERTEX 295	-27.9268	-8.18272	117.72
			*MESH_VERTEX 296	27.8934	-8.19775	117.843
			*MESH_VERTEX 297	-28.0884	-2.80132	89.0547
			*MESH_VERTEX 298	35.2437	-11.7848	91.4287
			*MESH_VERTEX 299	-15.1023	1.88648	131.301
			*MESH_VERTEX 300	-17.912	3.54945	122.348
			*MESH_VERTEX 301	-37.8666	-5.88877	134.245
			*MESH_VERTEX 302	17.9979	3.64127	122.469
			*MESH_VERTEX 303	6.22827	-3.99824	155.779
			*MESH_VERTEX 304	33.1572	8.53339	116.214
			*MESH_VERTEX 305	18.7939	-7.05924	110.398
			*MESH_VERTEX 306	23.2943	-8.58429	94.1179
			*MESH_VERTEX 307	24.8357	-18.9999	77.2195
			*MESH_VERTEX 308	-24.8358	-18.9997	77.2194
			*MESH_VERTEX 309	-14.7948	-6.75196	129.616
			*MESH_VERTEX 310	38.6354	6.07394	125.869
			*MESH_VERTEX 311	37.8376	3.70249	116.634
			*MESH_VERTEX 312	-36.5354	6.01476	136.232
			*MESH_VERTEX 313	-7.8724	-31.2834	65.8166
			*MESH_VERTEX 314	-0.046444	7.40414	109.769
			*MESH_VERTEX 315	-5.97412	-4.21748	155.703
			*MESH_VERTEX 316	-7.40948	-11.0877	0.649188
			*MESH_VERTEX 317	-35.2418	-11.7926	91.4179
			*MESH_VERTEX 318	-19.3586	-7.35185	109.357
			*MESH_VERTEX 319	-23.6213	-9.17766	92.5965
			*MESH_VERTEX 320	20.0174	-13.5161	81.6682
			*MESH_VERTEX 321	28.7957	-10.2067	115.646
			*MESH_VERTEX 322	-20.0199	-13.5043	81.6828
			*MESH_VERTEX 323	-28.7234	-10.3273	115.708
			*MESH_VERTEX 324	21.1072	-4.48114	116.842
			*MESH_VERTEX 325	15.5399	-21.5832	136.823
			*MESH_VERTEX 326	18.5869	4.34327	92.4914
			*MESH_VERTEX 327	-12.0512	10.5716	16.2655
			*MESH_VERTEX 328	-19.0774	-11.7882	129.417
			*MESH_VERTEX 329	38.419	-4.43582	124.132
			*MESH_VERTEX 330	21.2392	2.29659	116.074
			*MESH_VERTEX 331	20.5324	1.18291	111.986
			*MESH_VERTEX 332	-21.2381	2.30059	116.082
			*MESH_VERTEX 333	0.00201133	-24.7389	110.39
			*MESH_VERTEX 334	-37.5495	-2.71828	120.897
			*MESH_VERTEX 335	-21.1307	-4.46537	116.761
			*MESH_VERTEX 336	-20.4602	1.05267	111.996
			*MESH_VERTEX 337	-18.5009	4.21053	91.3307
			*MESH_VERTEX 338	-32.2863	9.77909	122.822
			*MESH_VERTEX 339	-27.848	-12.6001	130.984
			*MESH_VERTEX 340	19.1018	-11.748	129.235
			*MESH_VERTEX 341	-0.10871	16.9289	152.38
			*MESH_VERTEX 342	25.2246	7.81079	109.43
			*MESH_VERTEX 343	11.9191	10.0336	16.6202
			*MESH_VERTEX 344	0.0655383	-27.7999	136.687
			*MESH_VERTEX 345	5.97587	10.7671	90.2666
			*MESH_VERTEX 346	32.3843	9.86481	122.733
			*MESH_VERTEX 347	11.3451	-2.27744	163.85
			*MESH_VERTEX 348	14.85	-19.4618	110.606
			*MESH_VERTEX 349	27.8668	-12.6717	130.779
			*MESH_VERTEX 350	-17.3299	-22.0277	92.8016
			*MESH_VERTEX 351	13.4721	4.13096	110.031
			*MESH_VERTEX 352	-14.624	3.92137	108.959
			*MESH_VERTEX 353	-12.8243	-2.37707	163.77
			*MESH_VERTEX 354	-19.1917	-12.8847	73.1083
			*MESH_VERTEX 355	-6.45677	-26.1884	93.2428
			*MESH_VERTEX 356	-15.5641	-1.68637	136.062
			*MESH_VERTEX 357	21.9474	-6.61261	114.863
			*MESH_VERTEX 358	5.678	-25.6389	93.8087
			*MESH_VERTEX 359	20.7448	-7.57336	105.088
			*MESH_VERTEX 360	14.654	-20.3022	104.178
			*MESH_VERTEX 361	-21.8752	-6.71769	114.948
			*MESH_VERTEX 362	-25.1246	9.19361	115.992
			*MESH_VERTEX 363	-37.7532	4.79074	122.191
			*MESH_VERTEX 364	-8.29122	-19.5862	62.9568
			*MESH_VERTEX 365	-0.108586	5.57155	162.251
			*MESH_VERTEX 366	37.8483	4.86953	121.951
			*MESH_VERTEX 367	19.7277	-12.2496	72.8993
			*MESH_VERTEX 368	0.00714414	-10.3443	158.011
			*MESH_VERTEX 369	-15.1954	-19.7147	109.908
			*MESH_VERTEX 370	-21.2956	-7.64891	103.717
			*MESH_VERTEX 371	8.14361	-18.7691	63.6165
			*MESH_VERTEX 372	-6.29044	10.2953	90.2707
			*MESH_VERTEX 373	-4.54905	-24.5712	104.671
			*MESH_VERTEX 374	4.21213	-24.3922	104.851
			*MESH_VERTEX 375	-20.8298	-15.1383	76.9645
			*MESH_VERTEX 376	20.8298	-15.1386	76.9646
			*MESH_VERTEX 377	-15.0452	-19.8808	63.9141
			*MESH_VERTEX 378	16.4916	-21.924	94.1735
			*MESH_VERTEX 379	15.2269	-19.031	64.2305
			*MESH_VERTEX 380	-15.7296	-20.5174	103.385
		}
		*MESH_FACE_LIST {
			*MESH_FACE    0:    A:    372 B:    259 C:    173 AB:    1 BC:    1 CA:    1	 *MESH_SMOOTHING 1 	*MESH_MTLID 0
			*MESH_FACE    1:    A:    358 B:    313 C:    254 AB:    1 BC:    1 CA:    1	 *MESH_SMOOTHING 1 	*MESH_MTLID 0
			*MESH_FACE    2:    A:    109 B:    82 C:    150 AB:    1 BC:    1 CA:    1	 *MESH_SMOOTHING 1 	*MESH_MTLID 0
			*MESH_FACE    3:    A:    265 B:    336 C:    297 AB:    1 BC:    1 CA:    1	 *MESH_SMOOTHING 1 	*MESH_MTLID 0
			*MESH_FACE    4:    A:    210 B:    265 C:    297 AB:    1 BC:    1 CA:    1	 *MESH_SMOOTHING 1 	*MESH_MTLID 0
			*MESH_FACE    5:    A:    341 B:    255 C:    41 AB:    1 BC:    1 CA:    1	 *MESH_SMOOTHING 1 	*MESH_MTLID 0
			*MESH_FACE    6:    A:    8 B:    229 C:    256 AB:    1 BC:    1 CA:    1	 *MESH_SMOOTHING 1 	*MESH_MTLID 0
			*MESH_FACE    7:    A:    342 B:    275 C:    331 AB:    1 BC:    1 CA:    1	 *MESH_SMOOTHING 1 	*MESH_MTLID 0
			*MESH_FACE    8:    A:    272 B:    127 C:    166 AB:    1 BC:    1 CA:    1	 *MESH_SMOOTHING 1 	*MESH_MTLID 0
			*MESH_FACE    9:    A:    261 B:    232 C:    329 AB:    1 BC:    1 CA:    1	 *MESH_SMOOTHING 1 	*MESH_MTLID 0
			*MESH_FACE    10:    A:    11 B:    168 C:    62 AB:    1 BC:    1 CA:    1	 *MESH_SMOOTHING 1 	*MESH_MTLID 0
			*MESH_FACE    11:    A:    133 B:    11 C:    9 AB:    1 BC:    1 CA:    1	 *MESH_SMOOTHING 1 	*MESH_MTLID 0
			*MESH_FACE    12:    A:    104 B:    92 C:    52 AB:    1 BC:    1 CA:    1	 *MESH_SMOOTHING 1 	*MESH_MTLID 0
			*MESH_FACE    13:    A:    180 B:    35 C:    13 AB:    1 BC:    1 CA:    1	 *MESH_SMOOTHING 1 	*MESH_MTLID 0
			*MESH_FACE    14:    A:    17 B:    139 C:    371 AB:    1 BC:    1 CA:    1	 *MESH_SMOOTHING 1 	*MESH_MTLID 0
			*MESH_FACE    15:    A:    31 B:    186 C:    132 AB:    1 BC:    1 CA:    1	 *MESH_SMOOTHING 1 	*MESH_MTLID 0
			*MESH_FACE    16:    A:    226 B:    20 C:    140 AB:    1 BC:    1 CA:    1	 *MESH_SMOOTHING 1 	*MESH_MTLID 0
			*MESH_FACE    17:    A:    130 B:    30 C:    364 AB:    1 BC:    1 CA:    1	 *MESH_SMOOTHING 1 	*MESH_MTLID 0
			*MESH_FACE    18:    A:    63 B:    192 C:    25 AB:    1 BC:    1 CA:    1	 *MESH_SMOOTHING 1 	*MESH_MTLID 0
			*MESH_FACE    19:    A:    13 B:    25 C:    180 AB:    1 BC:    1 CA:    1	 *MESH_SMOOTHING 1 	*MESH_MTLID 0
			*MESH_FACE    20:    A:    9 B:    23 C:    133 AB:    1 BC:    1 CA:    1	 *MESH_SMOOTHING 1 	*MESH_MTLID 0
			*MESH_FACE    21:    A:    23 B:    9 C:    43 AB:    1 BC:    1 CA:    1	 *MESH_SMOOTHING 1 	*MESH_MTLID 0
			*MESH_FACE    22:    A:    62 B:    59 C:    22 AB:    1 BC:    1 CA:    1	 *MESH_SMOOTHING 1 	*MESH_MTLID 0
			*MESH_FACE    23:    A:    168 B:    59 C:    62 AB:    1 BC:    1 CA:    1	 *MESH_SMOOTHING 1 	*MESH_MTLID 0
			*MESH_FACE    24:    A:    132 B:    186 C:    187 AB:    1 BC:    1 CA:    1	 *MESH_SMOOTHING 1 	*MESH_MTLID 0
			*MESH_FACE    25:    A:    371 B:    139 C:    260 AB:    1 BC:    1 CA:    1	 *MESH_SMOOTHING 1 	*MESH_MTLID 0
			*MESH_FACE    26:    A:    25 B:    192 C:    12 AB:    1 BC:    1 CA:    1	 *MESH_SMOOTHING 1 	*MESH_MTLID 0
			*MESH_FACE    27:    A:    180 B:    25 C:    12 AB:    1 BC:    1 CA:    1	 *MESH_SMOOTHING 1 	*MESH_MTLID 0
			*MESH_FACE    28:    A:    237 B:    238 C:    241 AB:    1 BC:    1 CA:    1	 *MESH_SMOOTHING 1 	*MESH_MTLID 0
			*MESH_FACE    29:    A:    82 B:    160 C:    344 AB:    1 BC:    1 CA:    1	 *MESH_SMOOTHING 1 	*MESH_MTLID 0
			*MESH_FACE    30:    A:    27 B:    222 C:    57 AB:    1 BC:    1 CA:    1	 *MESH_SMOOTHING 1 	*MESH_MTLID 0
			*MESH_FACE    31:    A:    3 B:    202 C:    86 AB:    1 BC:    1 CA:    1	 *MESH_SMOOTHING 1 	*MESH_MTLID 0
			*MESH_FACE    32:    A:    58 B:    109 C:    29 AB:    1 BC:    1 CA:    1	 *MESH_SMOOTHING 1 	*MESH_MTLID 0
			*MESH_FACE    33:    A:    108 B:    58 C:    29 AB:    1 BC:    1 CA:    1	 *MESH_SMOOTHING 1 	*MESH_MTLID 0
			*MESH_FACE    34:    A:    253 B:    28 C:    86 AB:    1 BC:    1 CA:    1	 *MESH_SMOOTHING 1 	*MESH_MTLID 0
			*MESH_FACE    35:    A:    377 B:    117 C:    354 AB:    1 BC:    1 CA:    1	 *MESH_SMOOTHING 1 	*MESH_MTLID 0
			*MESH_FACE    36:    A:    31 B:    125 C:    367 AB:    1 BC:    1 CA:    1	 *MESH_SMOOTHING 1 	*MESH_MTLID 0
			*MESH_FACE    37:    A:    259 B:    64 C:    173 AB:    1 BC:    1 CA:    1	 *MESH_SMOOTHING 1 	*MESH_MTLID 0
			*MESH_FACE    38:    A:    0 B:    142 C:    306 AB:    1 BC:    1 CA:    1	 *MESH_SMOOTHING 1 	*MESH_MTLID 0
			*MESH_FACE    39:    A:    336 B:    49 C:    297 AB:    1 BC:    1 CA:    1	 *MESH_SMOOTHING 1 	*MESH_MTLID 0
			*MESH_FACE    40:    A:    233 B:    214 C:    317 AB:    1 BC:    1 CA:    1	 *MESH_SMOOTHING 1 	*MESH_MTLID 0
			*MESH_FACE    41:    A:    331 B:    275 C:    45 AB:    1 BC:    1 CA:    1	 *MESH_SMOOTHING 1 	*MESH_MTLID 0
			*MESH_FACE    42:    A:    242 B:    216 C:    321 AB:    1 BC:    1 CA:    1	 *MESH_SMOOTHING 1 	*MESH_MTLID 0
			*MESH_FACE    43:    A:    36 B:    13 C:    35 AB:    1 BC:    1 CA:    1	 *MESH_SMOOTHING 1 	*MESH_MTLID 0
