*3DSMAX_ASCIIEXPORT	110
*COMMENT "[ GothicSourcer v3.14 ] - June 2007"
*SCENE {
	*SCENE_FILENAME "HUM_DMBM_ARMOR.MAX"
	*SCENE_FIRSTFRAME 0
	*SCENE_LASTFRAME 100
	*SCENE_FRAMESPEED 25
	*SCENE_TICKSPERFRAME 192
	*SCENE_BACKGROUND_STATIC 0	0	0
	*SCENE_AMBIENT_STATIC 0.2	0.2	0.2
}
*MATERIAL_LIST {
	*MATERIAL_COUNT 1
	*MATERIAL 0 {
		*MATERIAL_NAME "Compound Material #1"
		*MATERIAL_CLASS "Multi/Sub-Object"
		*NUMSUBMTLS 2
		*SUBMATERIAL 0 {
			*MATERIAL_NAME "NAKED;NECK"
			*MATERIAL_CLASS "Standard"
			*MATERIAL_AMBIENT 0.509804	0.407843	0.305882
			*MATERIAL_DIFFUSE 0.509804	0.407843	0.305882
			*MATERIAL_SPECULAR 0.9	0.9	0.9
			*MATERIAL_SHINE 0.1
			*MATERIAL_SHINESTRENGTH 0
			*MATERIAL_TRANSPARENCY 0
			*MATERIAL_WIRESIZE 1
			*MATERIAL_SHADING Blinn
			*MATERIAL_XP_FALLOFF 0
			*MATERIAL_SELFILLUM 0
			*MATERIAL_FALLOFF In
			*MATERIAL_XP_TYPE Filter
			*MAP_DIFFUSE {
				*MAP_NAME "Map #1-1"
				*MAP_CLASS "Bitmap"
				*MAP_SUBNO 1
				*MAP_AMOUNT 1
				*BITMAP "HUM_BODY_NAKED_V0_C0.TGA"
				*MAP_TYPE Screen
				*UVW_U_OFFSET 0
				*UVW_V_OFFSET 0
				*UVW_U_TILING 1
				*UVW_V_TILING 1
				*UVW_ANGLE 0
				*UVW_BLUR 1
				*UVW_BLUR_OFFSET 0
				*UVW_NOUSE_AMT 1
				*UVW_NOISE_SIZE 1
				*UVW_NOISE_LEVEL 1
				*UVW_NOISE_PHASE 0
				*BITMAP_FILTER Pyramidal
			}
		}
		*SUBMATERIAL 1 {
			*MATERIAL_NAME "PSINOVOBKP"
			*MATERIAL_CLASS "Standard"
			*MATERIAL_AMBIENT 0.0784314	0.054902	0.0784314
			*MATERIAL_DIFFUSE 0.0784314	0.054902	0.0784314
			*MATERIAL_SPECULAR 0.9	0.9	0.9
			*MATERIAL_SHINE 0.1
			*MATERIAL_SHINESTRENGTH 0
			*MATERIAL_TRANSPARENCY 0
			*MATERIAL_WIRESIZE 1
			*MATERIAL_SHADING Blinn
			*MATERIAL_XP_FALLOFF 0
			*MATERIAL_SELFILLUM 0
			*MATERIAL_FALLOFF In
			*MATERIAL_XP_TYPE Filter
			*MAP_DIFFUSE {
				*MAP_NAME "Map #1-2"
				*MAP_CLASS "Bitmap"
				*MAP_SUBNO 1
				*MAP_AMOUNT 1
				*BITMAP "HUM_DMBM_ARMOR_V0.TGA"
				*MAP_TYPE Screen
				*UVW_U_OFFSET 0
				*UVW_V_OFFSET 0
				*UVW_U_TILING 1
				*UVW_V_TILING 1
				*UVW_ANGLE 0
				*UVW_BLUR 1
				*UVW_BLUR_OFFSET 0
				*UVW_NOUSE_AMT 1
				*UVW_NOISE_SIZE 1
				*UVW_NOISE_LEVEL 1
				*UVW_NOISE_PHASE 0
				*BITMAP_FILTER Pyramidal
			}
		}
	}
}
*HELPEROBJECT {
	*NODE_NAME "Bip01"
	*NODE_TM {
		*NODE_NAME "Bip01"
		*TM_ROW0 6.27438e-006	-1	0
		*TM_ROW1 1	6.27438e-006	0
		*TM_ROW2 -0	-0	1
		*TM_ROW3 0	-7.37745	99.9496
		*TM_POS 0	-7.37745	99.9496
		*TM_ROTAXIS 0	0	1
		*TM_ROTANGLE 1.57079
		*TM_SCALE 1	1	1
		*TM_SCALEAXIS 0	0	0
		*TM_SCALEAXISANG 0	0	0
	}
}
*HELPEROBJECT {
	*NODE_NAME "Bip01 Pelvis"
	*NODE_PARENT "Bip01"
	*NODE_TM {
		*NODE_NAME "Bip01 Pelvis"
		*TM_ROW0 -5.96046e-008	1.79264e-006	1
		*TM_ROW1 -1.79264e-006	-1	1.79264e-006
		*TM_ROW2 1	-1.79264e-006	-5.96046e-008
		*TM_ROW3 1e-005	-8.0113	99.9496
		*TM_POS 1e-005	-8.0113	99.9496
		*TM_ROTAXIS 0.707107	0	0.707107
		*TM_ROTANGLE 3.1416
		*TM_SCALE 1	1	1
		*TM_SCALEAXIS 0	0	0
		*TM_SCALEAXISANG 0	0	0
	}
}
*HELPEROBJECT {
	*NODE_NAME "Bip01 Spine"
	*NODE_PARENT "Bip01 Pelvis"
	*NODE_TM {
		*NODE_NAME "Bip01 Spine"
		*TM_ROW0 5.96047e-008	-0.0205947	0.999788
		*TM_ROW1 5.48642e-006	-0.999788	-0.0205947
		*TM_ROW2 1	5.48642e-006	5.96047e-008
		*TM_ROW3 1e-005	-7.92216	102.35
		*TM_POS 1e-005	-7.92216	102.35
		*TM_ROTAXIS 0.707088	-0.00727998	0.707088
		*TM_ROTANGLE 3.12703
		*TM_SCALE 1	1	1
		*TM_SCALEAXIS 0	0	0
		*TM_SCALEAXISANG 0	0	0
	}
}
*HELPEROBJECT {
	*NODE_NAME "Bip01 Spine1"
	*NODE_PARENT "Bip01 Spine"
	*NODE_TM {
		*NODE_NAME "Bip01 Spine1"
		*TM_ROW0 5.96047e-008	-0.00276992	0.999996
		*TM_ROW1 -1.92621e-006	-0.999996	-0.00276991
		*TM_ROW2 1	-1.92621e-006	5.96047e-008
		*TM_ROW3 1e-005	-8.11442	112.175
		*TM_POS 1e-005	-8.11442	112.175
		*TM_ROTAXIS 0.707106	-0.000979995	0.707107
		*TM_ROTANGLE 3.13964
		*TM_SCALE 1	1	1
		*TM_SCALEAXIS 0	0	0
		*TM_SCALEAXISANG 0	0	0
	}
}
*HELPEROBJECT {
	*NODE_NAME "Bip01 Spine2"
	*NODE_PARENT "Bip01 Spine1"
	*NODE_TM {
		*NODE_NAME "Bip01 Spine2"
		*TM_ROW0 5.96048e-008	0.180243	0.983622
		*TM_ROW1 1.67638e-006	-0.983622	0.180243
		*TM_ROW2 1	1.67638e-006	5.96047e-008
		*TM_ROW3 1e-005	-8.1264	124.961
		*TM_POS 1e-005	-8.1264	124.961
		*TM_ROTAXIS 0.705652	0.0641202	0.705652
		*TM_ROTANGLE 3.26966
		*TM_SCALE 1	1	1
		*TM_SCALEAXIS 0	0	0
		*TM_SCALEAXISANG 0	0	0
	}
}
*HELPEROBJECT {
	*NODE_NAME "Bip01 Neck"
	*NODE_PARENT "Bip01 Spine2"
	*NODE_TM {
		*NODE_NAME "Bip01 Neck"
		*TM_ROW0 5.96046e-007	-0.167043	0.98595
		*TM_ROW1 4.70132e-006	-0.98595	-0.167043
		*TM_ROW2 1	4.70132e-006	5.96047e-007
		*TM_ROW3 1.03264e-011	-2.71656	154.454
		*TM_POS 1.03264e-011	-2.71656	154.454
		*TM_ROTAXIS -0.70586	0.05937	-0.705859
		*TM_ROTANGLE 3.2602
		*TM_SCALE 1	1	1
		*TM_SCALEAXIS 0	0	0
		*TM_SCALEAXISANG 0	0	0
	}
}
*HELPEROBJECT {
	*NODE_NAME "Bip01 Head"
	*NODE_PARENT "Bip01 Neck"
	*NODE_TM {
		*NODE_NAME "Bip01 Head"
		*TM_ROW0 -5.96047e-008	1.76447e-006	1
		*TM_ROW1 -1.79264e-006	-1	1.80855e-006
		*TM_ROW2 1	-1.79264e-006	-5.96046e-008
		*TM_ROW3 2.27758e-011	-3.85901	161.198
		*TM_POS 2.27758e-011	-3.85901	161.198
		*TM_ROTAXIS -0.707107	-5.62215e-009	-0.707107
		*TM_ROTANGLE 3.14159
		*TM_SCALE 1	1	1
		*TM_SCALEAXIS 0	0	0
		*TM_SCALEAXISANG 0	0	0
	}
}
*HELPEROBJECT {
	*NODE_NAME "ZS_HELMET"
	*NODE_PARENT "Bip01 Head"
	*NODE_TM {
		*NODE_NAME "ZS_HELMET"
		*TM_ROW0 1	7.87298e-013	7.61567e-014
		*TM_ROW1 -1.53811e-013	0.996917	-0.0784593
		*TM_ROW2 -5.53111e-014	0.0784593	0.996918
		*TM_ROW3 1e-005	-7.06248	173.704
		*TM_POS 1e-005	-7.06248	173.704
		*TM_ROTAXIS 1	8.37809e-013	-5.99744e-012
		*TM_ROTANGLE 0.078541
		*TM_SCALE 1	1	1
		*TM_SCALEAXIS 0	0	0
		*TM_SCALEAXISANG 0	0	0
	}
}
*HELPEROBJECT {
	*NODE_NAME "Bip01 L Clavicle"
	*NODE_PARENT "Bip01 Neck"
	*NODE_TM {
		*NODE_NAME "Bip01 L Clavicle"
		*TM_ROW0 0.935229	-0.203893	-0.289439
		*TM_ROW1 0.156435	0.971369	-0.178803
		*TM_ROW2 0.317608	0.121943	0.940348
		*TM_ROW3 7.96399	-1.25804	148.729
		*TM_POS 7.96399	-1.25804	148.729
		*TM_ROTAXIS 0.391939	-0.791119	0.469589
		*TM_ROTANGLE 0.39376
		*TM_SCALE 1	1	1
		*TM_SCALEAXIS 0	0	0
		*TM_SCALEAXISANG 0	0	0
	}
}
*HELPEROBJECT {
	*NODE_NAME "Bip01 L UpperArm"
	*NODE_PARENT "Bip01 L Clavicle"
	*NODE_TM {
		*NODE_NAME "Bip01 L UpperArm"
		*TM_ROW0 0.246229	0.0989027	-0.964152
		*TM_ROW1 0.412789	0.889345	0.196649
		*TM_ROW2 0.876913	-0.446412	0.178157
		*TM_ROW3 20.4269	-3.97508	144.872
		*TM_POS 20.4269	-3.97508	144.872
		*TM_ROTAXIS -0.325561	-0.932072	0.15891
		*TM_ROTANGLE 1.41328
		*TM_SCALE 1	1	1
		*TM_SCALEAXIS 0	0	0
		*TM_SCALEAXISANG 0	0	0
	}
}
*HELPEROBJECT {
	*NODE_NAME "Bip01 L Forearm"
	*NODE_PARENT "Bip01 L UpperArm"
	*NODE_TM {
		*NODE_NAME "Bip01 L Forearm"
		*TM_ROW0 0.0455122	-0.291882	-0.955371
		*TM_ROW1 0.478489	0.845886	-0.235638
		*TM_ROW2 0.876913	-0.44641	0.17816
		*TM_ROW3 27.2982	-1.21526	117.966
		*TM_POS 27.2982	-1.21526	117.966
		*TM_ROTAXIS -0.10545	-0.916697	0.385419
		*TM_ROTANGLE 1.53601
		*TM_SCALE 1	1	1
		*TM_SCALEAXIS 0	0	0
		*TM_SCALEAXISANG 0	0	0
	}
}
*HELPEROBJECT {
	*NODE_NAME "Bip01 L Hand"
	*NODE_PARENT "Bip01 L Forearm"
	*NODE_TM {
		*NODE_NAME "Bip01 L Hand"
		*TM_ROW0 0.0455132	-0.291886	-0.95537
		*TM_ROW1 -0.876533	0.44708	-0.17835
		*TM_ROW2 0.479185	0.845531	-0.2355
		*TM_ROW3 28.5642	-9.33438	91.391
		*TM_POS 28.5642	-9.33438	91.391
		*TM_ROTAXIS 0.551391	-0.772552	-0.314851
		*TM_ROTANGLE 1.95137
		*TM_SCALE 1	1	1
		*TM_SCALEAXIS 0	0	0
		*TM_SCALEAXISANG 0	0	0
	}
}
*HELPEROBJECT {
	*NODE_NAME "Bip01 L Finger0"
	*NODE_PARENT "Bip01 L Hand"
	*NODE_TM {
		*NODE_NAME "Bip01 L Finger0"
		*TM_ROW0 0.0455153	-0.291888	-0.955369
		*TM_ROW1 -0.876915	0.446405	-0.178165
		*TM_ROW2 0.478485	0.845886	-0.235643
		*TM_ROW3 29.15	-13.0909	79.0956
		*TM_POS 29.15	-13.0909	79.0956
		*TM_ROTAXIS 0.551581	-0.772311	-0.31511
		*TM_ROTANGLE 1.95181
		*TM_SCALE 1	1	1
		*TM_SCALEAXIS 0	0	0
		*TM_SCALEAXISANG 0	0	0
	}
}
*HELPEROBJECT {
	*NODE_NAME "ZS_LEFTHAND"
	*NODE_PARENT "Bip01 L Hand"
	*NODE_TM {
		*NODE_NAME "ZS_LEFTHAND"
		*TM_ROW0 0.435606	0.890062	-0.134303
		*TM_ROW1 0.180312	-0.232461	-0.955745
		*TM_ROW2 -0.881893	0.392112	-0.261751
		*TM_ROW3 26.7605	-11.5467	82.7857
		*TM_POS 26.7605	-11.5467	82.7857
		*TM_ROTAXIS 0.794322	0.440571	-0.418271
		*TM_ROTANGLE 2.12858
		*TM_SCALE 1	1	1
		*TM_SCALEAXIS 0	0	0
		*TM_SCALEAXISANG 0	0	0
	}
}
*HELPEROBJECT {
	*NODE_NAME "ZS_LEFTARM"
	*NODE_PARENT "Bip01 L Forearm"
	*NODE_TM {
		*NODE_NAME "ZS_LEFTARM"
		*TM_ROW0 0.0759923	-0.150176	-0.985735
		*TM_ROW1 0.524499	0.846792	-0.0885737
		*TM_ROW2 0.848013	-0.510286	0.143117
		*TM_ROW3 26.9101	-7.67833	110.055
		*TM_POS 26.9101	-7.67833	110.055
		*TM_ROTAXIS -0.21097	-0.917372	0.337521
		*TM_ROTANGLE 1.53784
		*TM_SCALE 1	1	1
		*TM_SCALEAXIS 0	0	0
		*TM_SCALEAXISANG 0	0	0
	}
}
*HELPEROBJECT {
	*NODE_NAME "Bip01 R Clavicle"
	*NODE_PARENT "Bip01 Neck"
	*NODE_TM {
		*NODE_NAME "Bip01 R Clavicle"
		*TM_ROW0 -0.935227	-0.203899	-0.28944
		*TM_ROW1 -0.156442	0.971369	-0.178799
		*TM_ROW2 0.317609	-0.121937	-0.940349
		*TM_ROW3 -7.96398	-1.25806	148.729
		*TM_POS -7.96398	-1.25806	148.729
		*TM_ROTAXIS -0.0929799	0.992639	-0.0776
		*TM_ROTANGLE 3.45235
		*TM_SCALE 1	1	1
		*TM_SCALEAXIS 0	0	0
		*TM_SCALEAXISANG 0	0	0
	}
}
*HELPEROBJECT {
	*NODE_NAME "Bip01 R UpperArm"
	*NODE_PARENT "Bip01 R Clavicle"
	*NODE_TM {
		*NODE_NAME "Bip01 R UpperArm"
		*TM_ROW0 -0.246232	0.0988932	-0.964153
		*TM_ROW1 -0.412793	0.889345	0.196642
		*TM_ROW2 0.876911	0.446415	-0.178163
		*TM_ROW3 -20.4269	-3.97513	144.872
		*TM_POS -20.4269	-3.97513	144.872
		*TM_ROTAXIS 0.12961	-0.955353	-0.265521
		*TM_ROTANGLE 1.84162
		*TM_SCALE 1	1	1
		*TM_SCALEAXIS 0	0	0
		*TM_SCALEAXISANG 0	0	0
	}
}
*HELPEROBJECT {
	*NODE_NAME "Bip01 R Forearm"
	*NODE_PARENT "Bip01 R UpperArm"
	*NODE_TM {
		*NODE_NAME "Bip01 R Forearm"
		*TM_ROW0 -0.0455087	-0.291889	-0.955369
		*TM_ROW1 -0.478487	0.845885	-0.235646
		*TM_ROW2 0.876914	0.446408	-0.17816
		*TM_ROW3 -27.2982	-1.21534	117.966
		*TM_POS -27.2982	-1.21534	117.966
		*TM_ROTAXIS 0.347279	-0.932937	-0.0950097
		*TM_ROTANGLE 1.76083
		*TM_SCALE 1	1	1
		*TM_SCALEAXIS 0	0	0
		*TM_SCALEAXISANG 0	0	0
	}
}
*HELPEROBJECT {
	*NODE_NAME "Bip01 R Hand"
	*NODE_PARENT "Bip01 R Forearm"
	*NODE_TM {
		*NODE_NAME "Bip01 R Hand"
		*TM_ROW0 -0.0455115	-0.291885	-0.95537
		*TM_ROW1 0.87653	0.447088	-0.17835
		*TM_ROW2 0.479192	-0.845527	0.235499
		*TM_ROW3 -28.5642	-9.33445	91.391
		*TM_POS -28.5642	-9.33445	91.391
		*TM_ROTAXIS -0.33922	-0.72939	0.59407
		*TM_ROTANGLE 1.75327
		*TM_SCALE 1	1	1
		*TM_SCALEAXIS 0	0	0
		*TM_SCALEAXISANG 0	0	0
	}
}
*HELPEROBJECT {
	*NODE_NAME "Bip01 R Finger0"
	*NODE_PARENT "Bip01 R Hand"
	*NODE_TM {
		*NODE_NAME "Bip01 R Finger0"
		*TM_ROW0 -0.0455056	-0.291877	-0.955373
		*TM_ROW1 0.876914	0.446413	-0.178152
		*TM_ROW2 0.478489	-0.845886	0.235636
		*TM_ROW3 -29.1499	-13.0909	79.0956
		*TM_POS -29.1499	-13.0909	79.0956
		*TM_ROTAXIS -0.33952	-0.729071	0.594291
		*TM_ROTANGLE 1.75354
		*TM_SCALE 1	1	1
		*TM_SCALEAXIS 0	0	0
		*TM_SCALEAXISANG 0	0	0
	}
}
*HELPEROBJECT {
	*NODE_NAME "ZS_RIGHTHAND"
	*NODE_PARENT "Bip01 R Hand"
	*NODE_TM {
		*NODE_NAME "ZS_RIGHTHAND"
		*TM_ROW0 -0.464344	0.856417	-0.225687
		*TM_ROW1 0.177861	0.339806	0.923525
		*TM_ROW2 0.867612	0.388692	-0.31011
		*TM_ROW3 -20.9389	-19.9852	85.8932
		*TM_POS -20.9389	-19.9852	85.8932
		*TM_ROTAXIS 0.383811	0.784581	0.486951
		*TM_ROTANGLE 3.91244
		*TM_SCALE 1	1	1
		*TM_SCALEAXIS 0	0	0
		*TM_SCALEAXISANG 0	0	0
	}
}
*HELPEROBJECT {
	*NODE_NAME "ZS_CROSSBOW"
	*NODE_PARENT "Bip01 Spine2"
	*NODE_TM {
		*NODE_NAME "ZS_CROSSBOW"
		*TM_ROW0 -0.382687	-0.111464	0.91713
		*TM_ROW1 -0.923878	0.0461715	-0.379891
		*TM_ROW2 -1.2517e-006	-0.992695	-0.120648
		*TM_ROW3 -14.434	10.5915	165.98
		*TM_POS -14.434	10.5915	165.98
		*TM_ROTAXIS -0.447329	0.669479	-0.593039
		*TM_ROTANGLE 2.38705
		*TM_SCALE 1	1	1
		*TM_SCALEAXIS 0	0	0
		*TM_SCALEAXISANG 0	0	0
	}
}
*HELPEROBJECT {
	*NODE_NAME "ZS_LONGSWORD"
	*NODE_PARENT "Bip01 Spine2"
	*NODE_TM {
		*NODE_NAME "ZS_LONGSWORD"
		*TM_ROW0 -0.499829	-0.0915011	0.861277
		*TM_ROW1 -0.865729	0.0828188	-0.493614
		*TM_ROW2 -0.0261636	-0.992355	-0.12061
		*TM_ROW3 -18.1593	6.92629	157.64
		*TM_POS -18.1593	6.92629	157.64
		*TM_ROTAXIS -0.38996	0.69388	-0.60536
		*TM_ROTANGLE 2.44778
		*TM_SCALE 1	1	1
		*TM_SCALEAXIS 0	0	0
		*TM_SCALEAXISANG 0	0	0
	}
}
*HELPEROBJECT {
	*NODE_NAME "ZS_SHIELD"
	*NODE_PARENT "Bip01 Spine2"
	*NODE_TM {
		*NODE_NAME "ZS_SHIELD"
		*TM_ROW0 -0.0138681	0.114196	-0.993362
		*TM_ROW1 -0.908393	0.413755	0.0602465
		*TM_ROW2 0.417888	0.903198	0.0979964
		*TM_ROW3 8.76511	9.5282	131.875
		*TM_POS 8.76511	9.5282	131.875
		*TM_ROTAXIS 0.435421	-0.728972	-0.528212
		*TM_ROTANGLE 1.82457
		*TM_SCALE 1	1	1
		*TM_SCALEAXIS 0	0	0
		*TM_SCALEAXISANG 0	0	0
	}
}
*HELPEROBJECT {
	*NODE_NAME "ZS_BOW"
	*NODE_PARENT "Bip01 Spine2"
	*NODE_TM {
		*NODE_NAME "ZS_BOW"
		*TM_ROW0 -0.341816	-0.0868229	0.935748
		*TM_ROW1 0.0119438	0.995242	0.0967059
		*TM_ROW2 -0.939691	0.044232	-0.339153
		*TM_ROW3 0.5012	12.4143	124.55
		*TM_POS 0.5012	12.4143	124.55
		*TM_ROTAXIS -0.0279299	0.998227	0.0525698
		*TM_ROTANGLE 1.92076
		*TM_SCALE 1	1	1
		*TM_SCALEAXIS 0	0	0
		*TM_SCALEAXISANG 0	0	0
	}
}
*HELPEROBJECT {
	*NODE_NAME "ZS_SWORD"
	*NODE_PARENT "Bip01 Spine"
	*NODE_TM {
		*NODE_NAME "ZS_SWORD"
		*TM_ROW0 5.79282e-007	-0.347172	0.937802
		*TM_ROW1 1.04309e-007	0.937802	0.347172
		*TM_ROW2 -1	-1.04308e-007	5.79283e-007
		*TM_ROW3 17.5015	-4.36211	106.367
		*TM_POS 17.5015	-4.36211	106.367
		*TM_ROTAXIS -0.17367	0.96937	0.17367
		*TM_ROTANGLE 1.6019
		*TM_SCALE 1	1	1
		*TM_SCALEAXIS 0	0	0
		*TM_SCALEAXISANG 0	0	0
	}
}
*HELPEROBJECT {
	*NODE_NAME "Bip01 L Thigh"
	*NODE_PARENT "Bip01 Pelvis"
	*NODE_TM {
		*NODE_NAME "Bip01 L Thigh"
		*TM_ROW0 0.0534878	-0.0367886	-0.997891
		*TM_ROW1 -0.00216181	-0.999323	0.0367256
		*TM_ROW2 -0.998566	0.000192882	-0.0535313
		*TM_ROW3 9.01023	-8.01129	99.9496
		*TM_POS 9.01023	-8.01129	99.9496
		*TM_ROTAXIS 0.72572	-0.01342	-0.68786
		*TM_ROTANGLE 3.16677
		*TM_SCALE 1	1	1
		*TM_SCALEAXIS 0	0	0
		*TM_SCALEAXISANG 0	0	0
	}
}
*HELPEROBJECT {
	*NODE_NAME "Bip01 L Calf"
	*NODE_PARENT "Bip01 L Thigh"
	*NODE_TM {
		*NODE_NAME "Bip01 L Calf"
		*TM_ROW0 0.0525131	0.197552	-0.978885
		*TM_ROW1 0.0103904	-0.980292	-0.197278
		*TM_ROW2 -0.998566	0.000188708	-0.0535307
		*TM_ROW3 11.1149	-9.45845	60.6877
		*TM_POS 11.1149	-9.45845	60.6877
		*TM_ROTAXIS 0.723901	0.0721501	-0.686121
		*TM_ROTANGLE 3.00478
		*TM_SCALE 1	1	1
		*TM_SCALEAXIS 0	0	0
		*TM_SCALEAXISANG 0	0	0
	}
}
*HELPEROBJECT {
	*NODE_NAME "Bip01 L Foot"
	*NODE_PARENT "Bip01 L Calf"
	*NODE_TM {
		*NODE_NAME "Bip01 L Foot"
		*TM_ROW0 -5.93318e-007	7.27489e-006	-1
		*TM_ROW1 0.173652	-0.984807	-7.26412e-006
		*TM_ROW2 -0.984807	-0.173652	-5.97767e-007
		*TM_ROW3 13.6935	0.240668	12.6267
		*TM_POS 13.6935	0.240668	12.6267
		*TM_ROTAXIS 0.705757	0.0617498	-0.705757
		*TM_ROTANGLE 3.26493
		*TM_SCALE 1	1	1
		*TM_SCALEAXIS 0	0	0
		*TM_SCALEAXISANG 0	0	0
	}
}
*HELPEROBJECT {
	*NODE_NAME "Bip01 L Toe0"
	*NODE_PARENT "Bip01 L Foot"
	*NODE_TM {
		*NODE_NAME "Bip01 L Toe0"
		*TM_ROW0 0.173646	-0.984808	5.05914e-006
		*TM_ROW1 5.06367e-006	5.91264e-006	1
		*TM_ROW2 -0.984808	-0.173646	5.92894e-006
		*TM_ROW3 17.6256	-22.0591	5.26591e-006
		*TM_POS 17.6256	-22.0591	5.26591e-006
		*TM_ROTAXIS -0.644398	0.540718	0.540718
		*TM_ROTANGLE 1.99673
		*TM_SCALE 1	1	1
		*TM_SCALEAXIS 0	0	0
		*TM_SCALEAXISANG 0	0	0
	}
}
*HELPEROBJECT {
	*NODE_NAME "Bip01 R Thigh"
	*NODE_PARENT "Bip01 Pelvis"
	*NODE_TM {
		*NODE_NAME "Bip01 R Thigh"
		*TM_ROW0 -0.0535034	-0.0367749	-0.99789
		*TM_ROW1 0.00205776	-0.999324	0.0367174
		*TM_ROW2 -0.998566	-8.89041e-005	0.0535432
		*TM_ROW3 -9.01021	-8.01132	99.9496
		*TM_POS -9.01021	-8.01132	99.9496
		*TM_ROTAXIS 0.687862	-0.01262	-0.725732
		*TM_ROTANGLE 3.16835
		*TM_SCALE 1	1	1
		*TM_SCALEAXIS 0	0	0
		*TM_SCALEAXISANG 0	0	0
	}
}
*HELPEROBJECT {
	*NODE_NAME "Bip01 R Calf"
	*NODE_PARENT "Bip01 R Thigh"
	*NODE_TM {
		*NODE_NAME "Bip01 R Calf"
		*TM_ROW0 -0.0525025	0.197539	-0.978888
		*TM_ROW1 -0.0104967	-0.980295	-0.19726
		*TM_ROW2 -0.998566	-8.16064e-005	0.0535415
		*TM_ROW3 -11.1154	-9.45856	60.6878
		*TM_POS -11.1154	-9.45856	60.6878
		*TM_ROTAXIS 0.686298	0.0684898	-0.724088
		*TM_ROTANGLE 2.99744
		*TM_SCALE 1	1	1
		*TM_SCALEAXIS 0	0	0
		*TM_SCALEAXISANG 0	0	0
	}
}
*HELPEROBJECT {
	*NODE_NAME "Bip01 R Foot"
	*NODE_PARENT "Bip01 R Calf"
	*NODE_TM {
		*NODE_NAME "Bip01 R Foot"
		*TM_ROW0 -5.86373e-007	-7.29557e-006	-1
		*TM_ROW1 -0.173652	-0.984807	7.26572e-006
		*TM_ROW2 -0.984807	0.173652	-5.93781e-007
		*TM_ROW3 -13.6935	0.24065	12.6267
		*TM_POS -13.6935	0.24065	12.6267
		*TM_ROTAXIS 0.705757	-0.0617498	-0.705757
		*TM_ROTANGLE 3.01826
		*TM_SCALE 1	1	1
		*TM_SCALEAXIS 0	0	0
		*TM_SCALEAXISANG 0	0	0
	}
}
*HELPEROBJECT {
	*NODE_NAME "Bip01 R Toe0"
	*NODE_PARENT "Bip01 R Foot"
	*NODE_TM {
		*NODE_NAME "Bip01 R Toe0"
		*TM_ROW0 -0.173651	-0.984807	3.52553e-006
		*TM_ROW1 3.507e-006	3.07854e-006	1
		*TM_ROW2 -0.984807	0.173651	3.0421e-006
		*TM_ROW3 -17.6255	-22.0592	2.91014e-005
		*TM_POS -17.6255	-22.0592	2.91014e-005
		*TM_ROTAXIS -0.510271	0.608121	0.608121
		*TM_ROTANGLE 2.19793
		*TM_SCALE 1	1	1
		*TM_SCALEAXIS 0	0	0
		*TM_SCALEAXISANG 0	0	0
	}
}
*HELPEROBJECT {
	*NODE_NAME "Dummy"
	*NODE_PARENT "Bip01 L Finger0"
	*NODE_TM {
		*NODE_NAME "Dummy"
		*TM_ROW0 -1	-0	0
		*TM_ROW1 -0	-1	0
		*TM_ROW2 -0	-0	1
		*TM_ROW3 29.4428	-14.9691	72.9478
		*TM_POS 29.4428	-14.9691	72.9478
		*TM_ROTAXIS 0	0	-1
		*TM_ROTANGLE 3.14159
		*TM_SCALE 1	1	1
		*TM_SCALEAXIS 0	0	0
		*TM_SCALEAXISANG 0	0	0
	}
}
*HELPEROBJECT {
	*NODE_NAME "Dummy1"
	*NODE_PARENT "Bip01 R Finger0"
	*NODE_TM {
		*NODE_NAME "Dummy1"
		*TM_ROW0 -1	-0	0
		*TM_ROW1 -0	-1	0
		*TM_ROW2 -0	-0	1
		*TM_ROW3 -29.4428	-14.9692	72.9478
		*TM_POS -29.4428	-14.9692	72.9478
		*TM_ROTAXIS 0	0	-1
		*TM_ROTANGLE 3.14159
		*TM_SCALE 1	1	1
		*TM_SCALEAXIS 0	0	0
		*TM_SCALEAXISANG 0	0	0
	}
}
*HELPEROBJECT {
	*NODE_NAME "Dummy2"
	*NODE_PARENT "Bip01 L Toe0"
	*NODE_TM {
		*NODE_NAME "Dummy2"
		*TM_ROW0 -1	-0	0
		*TM_ROW1 -0	-1	0
		*TM_ROW2 -0	-0	1
		*TM_ROW3 19.5916	-33.209	-6.31335
		*TM_POS 19.5916	-33.209	-6.31335
		*TM_ROTAXIS 0	0	-1
		*TM_ROTANGLE 3.14159
		*TM_SCALE 1	1	1
		*TM_SCALEAXIS 0	0	0
		*TM_SCALEAXISANG 0	0	0
	}
}
*HELPEROBJECT {
	*NODE_NAME "Dummy3"
	*NODE_PARENT "Bip01 R Toe0"
	*NODE_TM {
		*NODE_NAME "Dummy3"
		*TM_ROW0 -1	-0	0
		*TM_ROW1 -0	-1	0
		*TM_ROW2 -0	-0	1
		*TM_ROW3 -19.5915	-33.2091	-6.31333
		*TM_POS -19.5915	-33.2091	-6.31333
		*TM_ROTAXIS 0	0	-1
		*TM_ROTANGLE 3.14159
		*TM_SCALE 1	1	1
		*TM_SCALEAXIS 0	0	0
		*TM_SCALEAXISANG 0	0	0
	}
}
*GEOMOBJECT {
	*NODE_NAME "zm_Skin"
	*NODE_PARENT "Bip01"
	*NODE_TM {
		*NODE_NAME "zm_Skin"
		*TM_ROW0 -1	-0	0
		*TM_ROW1 -0	-1	0
		*TM_ROW2 -0	-0	1
		*TM_ROW3 -0	-0	0
		*TM_POS -0	-0	0
		*TM_ROTAXIS 0	0	-1
		*TM_ROTANGLE 3.14159
		*TM_SCALE 1	1	1
		*TM_SCALEAXIS 0	0	0
		*TM_SCALEAXISANG 0	0	0
	}
	*MATERIAL_REF 0
	*MESH_SOFTSKIN {
		*TIMEVALUE 0
		*MESH_NUMVERTEX 299
		*MESH_NUMFACES 544
		*MESH_VERTEX_LIST {
			*MESH_VERTEX 0	-30.7678	0.883525	91.2595
			*MESH_VERTEX 1	-31.6862	-2.49093	180.181
			*MESH_VERTEX 2	26.3067	-3.96255	182.657
			*MESH_VERTEX 3	22.6063	-23.9734	9.44605
			*MESH_VERTEX 4	-22.9637	-24.7983	9.56011
			*MESH_VERTEX 5	-22.785	4.41368	133.266
			*MESH_VERTEX 6	15.2265	-14.1885	129.948
			*MESH_VERTEX 7	-16.8987	-19.1482	135.341
			*MESH_VERTEX 8	-20.5065	-17.969	91.8859
			*MESH_VERTEX 9	-27.1104	-7.96869	110.014
			*MESH_VERTEX 10	29.6922	-0.212748	91.7482
			*MESH_VERTEX 11	23.3209	4.24401	132.548
			*MESH_VERTEX 12	12.0831	-7.16163	14.6866
			*MESH_VERTEX 13	11.9033	9.78957	2.97273
			*MESH_VERTEX 14	11.0551	-21.6491	0.283776
			*MESH_VERTEX 15	-11.5326	9.04407	3.26624
			*MESH_VERTEX 16	-13.2913	-22.3535	-0.0154613
			*MESH_VERTEX 17	-12.5004	-8.23679	14.3972
			*MESH_VERTEX 18	-19.9253	8.32325	11.165
			*MESH_VERTEX 19	-16.432	-8.998	118.462
			*MESH_VERTEX 20	27.1754	-6.74803	107.914
			*MESH_VERTEX 21	35.5759	-14.1489	91.7938
			*MESH_VERTEX 22	18.8513	8.4379	10.2352
			*MESH_VERTEX 23	-21.9646	10.7704	140.402
			*MESH_VERTEX 24	26.1691	-16.9737	84.5811
			*MESH_VERTEX 25	23.3812	-7.80318	109.099
			*MESH_VERTEX 26	31.1046	-3.39223	107.862
			*MESH_VERTEX 27	-22.8464	-8.54588	110.078
			*MESH_VERTEX 28	-26.1208	-16.9011	85.4906
			*MESH_VERTEX 29	-30.0177	-4.48864	109.017
			*MESH_VERTEX 30	-36.6755	-13.0259	91.5781
			*MESH_VERTEX 31	-24.677	-26.6931	143.024
			*MESH_VERTEX 32	7.35686	1.48205	156.321
			*MESH_VERTEX 33	0.0466935	-11.0954	148.754
			*MESH_VERTEX 34	-7.13548	1.21746	156.244
			*MESH_VERTEX 35	4.63256	-8.38269	163.224
			*MESH_VERTEX 36	31.5064	10.2942	142.05
			*MESH_VERTEX 37	-32.4892	10.7693	141.958
			*MESH_VERTEX 38	-22.9958	-1.74143	160.01
			*MESH_VERTEX 39	29.7955	0.826144	148.837
			*MESH_VERTEX 40	23.429	-27.1309	143.05
			*MESH_VERTEX 41	25.5765	-14.5915	148.791
			*MESH_VERTEX 42	22.3631	-1.80344	160.006
			*MESH_VERTEX 43	-0.261437	16.5425	153.103
			*MESH_VERTEX 44	21.8514	-17.4727	1.55311
			*MESH_VERTEX 45	-3.49986	0.541236	166.973
			*MESH_VERTEX 46	-4.81544	-7.99568	163.138
			*MESH_VERTEX 47	-18.5222	-5.54319	92.5741
			*MESH_VERTEX 48	-30.6345	-6.43852	151.491
			*MESH_VERTEX 49	-23.6395	-17.1943	1.36947
			*MESH_VERTEX 50	3.81826	0.215383	166.984
			*MESH_VERTEX 51	22.6253	-12.6058	87.3908
			*MESH_VERTEX 52	23.5757	-15.1452	78.4913
			*MESH_VERTEX 53	16.0592	-19.4994	135.551
			*MESH_VERTEX 54	16.7749	-15.8175	92.351
			*MESH_VERTEX 55	25.1816	-2.03854	107.393
			*MESH_VERTEX 56	-22.5422	-12.5064	88.2499
			*MESH_VERTEX 57	-23.6391	-15.1238	79.3458
			*MESH_VERTEX 58	18.3588	-16.106	153.255
			*MESH_VERTEX 59	-11.6616	-12.7768	157.51
			*MESH_VERTEX 60	29.0763	-7.7453	78.5089
			*MESH_VERTEX 61	-29.1187	-7.71724	79.3924
			*MESH_VERTEX 62	-24.5334	-3.25076	108.469
			*MESH_VERTEX 63	15.3941	-9.03342	119.133
			*MESH_VERTEX 64	23.0253	6.317	136.554
			*MESH_VERTEX 65	14.9641	8.40384	125.979
			*MESH_VERTEX 66	-12.5759	-2.34249	111.775
			*MESH_VERTEX 67	22.651	8.46304	153.845
			*MESH_VERTEX 68	-34.3839	-10.5957	82.3332
			*MESH_VERTEX 69	-28.4717	-18.5359	81.4045
			*MESH_VERTEX 70	34.387	-10.6489	81.3439
			*MESH_VERTEX 71	28.4428	-18.5786	80.4427
			*MESH_VERTEX 72	-12.2223	5.28372	14.9647
			*MESH_VERTEX 73	-17.3747	-0.38826	13.5157
			*MESH_VERTEX 74	11.2973	-2.56783	112.296
			*MESH_VERTEX 75	17.6029	-6.26415	93.216
			*MESH_VERTEX 76	-22.9131	8.81497	153.119
			*MESH_VERTEX 77	-37.3627	14.3162	162.078
			*MESH_VERTEX 78	-23.4887	6.79068	136.432
			*MESH_VERTEX 79	-27.1673	3.82228	143.529
			*MESH_VERTEX 80	27.6477	-20.0179	92.1555
			*MESH_VERTEX 81	-0.0833381	-7.97452	19.1956
			*MESH_VERTEX 82	29.4881	-8.41438	109.396
			*MESH_VERTEX 83	11.5779	6.44798	14.7862
			*MESH_VERTEX 84	6.74345	-0.0127815	11.8179
			*MESH_VERTEX 85	12.0595	7.00301	161.746
			*MESH_VERTEX 86	-18.9448	-15.7681	153.14
			*MESH_VERTEX 87	-36.1092	-22.4875	163.156
			*MESH_VERTEX 88	-0.551007	1.32043	118.483
			*MESH_VERTEX 89	-15.2628	-12.0166	120.101
			*MESH_VERTEX 90	-27.6335	-7.82761	9.75876
			*MESH_VERTEX 91	-28.573	-9.12164	110.401
			*MESH_VERTEX 92	16.5505	0.562228	13.2832
			*MESH_VERTEX 93	-7.55419	-1.18869	11.5883
			*MESH_VERTEX 94	-26.433	-14.4528	147.915
			*MESH_VERTEX 95	-15.1822	-1.40285	110.481
			*MESH_VERTEX 96	3.40302	16.781	136.97
			*MESH_VERTEX 97	3.58002	14.6845	9.81865
			*MESH_VERTEX 98	-26.1856	-16.0009	80.3779
			*MESH_VERTEX 99	-23.7487	-17.0744	84.7976
			*MESH_VERTEX 100	-26.2385	-13.8981	93.2287
			*MESH_VERTEX 101	12.774	-19.6686	145.265
			*MESH_VERTEX 102	29.623	-22.8005	150.226
			*MESH_VERTEX 103	26.0434	-6.66022	9.13068
			*MESH_VERTEX 104	35.9011	14.1095	162.173
			*MESH_VERTEX 105	26.1403	-16.0248	79.5023
			*MESH_VERTEX 106	23.787	-17.1411	83.9228
			*MESH_VERTEX 107	26.2763	-14.0205	92.2675
			*MESH_VERTEX 108	16.0926	-11.3211	114.991
			*MESH_VERTEX 109	15.5444	-1.69913	109.822
			*MESH_VERTEX 110	23.4091	6.81012	122.826
			*MESH_VERTEX 111	-17.5606	-12.226	115.858
			*MESH_VERTEX 112	35.3964	-5.3749	91.294
			*MESH_VERTEX 113	29.8473	-6.54311	152.002
			*MESH_VERTEX 114	-24.746	6.08922	123.368
			*MESH_VERTEX 115	-16.797	2.1972	57.3755
			*MESH_VERTEX 116	-14.7031	-14.0527	130.629
			*MESH_VERTEX 117	-36.4905	-4.26329	90.9717
			*MESH_VERTEX 118	21.0925	10.4413	140.417
			*MESH_VERTEX 119	-14.1217	-19.4833	145.196
			*MESH_VERTEX 120	-14.1373	-22.5655	126.816
			*MESH_VERTEX 121	-12.8766	7.14097	161.404
			*MESH_VERTEX 122	-13.8088	0.999176	105.165
			*MESH_VERTEX 123	-28.7462	-18.8947	91.8866
			*MESH_VERTEX 124	12.5282	-22.7726	126.99
			*MESH_VERTEX 125	11.1765	-17.959	118.87
			*MESH_VERTEX 126	19.6885	-5.69	115.776
			*MESH_VERTEX 127	7.92024	5.21049	-0.262884
			*MESH_VERTEX 128	23.1916	-15.4231	78.0767
			*MESH_VERTEX 129	-21.2433	-6.00716	116.697
			*MESH_VERTEX 130	-23.2618	-15.405	78.9272
			*MESH_VERTEX 131	-7.88828	4.1549	-0.198941
			*MESH_VERTEX 132	-30.4951	1.0837	148.096
			*MESH_VERTEX 133	27.725	-5.82823	83.9282
			*MESH_VERTEX 134	29.0094	-7.05289	86.9261
			*MESH_VERTEX 135	-17.8434	5.4815	1.648
			*MESH_VERTEX 136	17.9637	5.70914	1.30687
			*MESH_VERTEX 137	12.6463	0.954555	105.766
			*MESH_VERTEX 138	-12.2939	-17.7858	118.743
			*MESH_VERTEX 139	-0.764775	-21.6917	118.945
			*MESH_VERTEX 140	-27.6863	-5.75941	84.7863
			*MESH_VERTEX 141	-28.9377	-6.96444	87.8113
			*MESH_VERTEX 142	26.0901	3.70327	143.818
			*MESH_VERTEX 143	-0.16286	-23.5409	142.245
			*MESH_VERTEX 144	-30.8395	-22.3524	150.227
			*MESH_VERTEX 145	-33.2763	-12.7489	170.401
			*MESH_VERTEX 146	34.9551	-22.8905	163.136
			*MESH_VERTEX 147	-14.1723	-9.30288	10.7928
			*MESH_VERTEX 148	-16.5397	-23.4851	0.351859
			*MESH_VERTEX 149	-9.74401	-13.8274	6.24503
			*MESH_VERTEX 150	-15.8012	-22.5629	4.77826
			*MESH_VERTEX 151	30.5883	5.64996	116.539
			*MESH_VERTEX 152	13.1057	-8.53972	11.0606
			*MESH_VERTEX 153	14.1832	-23.0843	0.665236
			*MESH_VERTEX 154	8.35822	-12.7351	6.41355
			*MESH_VERTEX 155	13.5463	-22.0193	5.07335
			*MESH_VERTEX 156	-4.17453	4.524	104.185
			*MESH_VERTEX 157	-6.41582	-4.52636	164.844
			*MESH_VERTEX 158	-25.8548	-8.99667	92.0832
			*MESH_VERTEX 159	32.0285	-12.9038	170.463
			*MESH_VERTEX 160	-5.02672	-29.4311	8.70084
			*MESH_VERTEX 161	-24.5315	-14.0705	79.4107
			*MESH_VERTEX 162	24.4699	-14.0848	78.5782
			*MESH_VERTEX 163	6.35397	-5.1256	164.855
			*MESH_VERTEX 164	-24.9187	-17.3368	79.8919
			*MESH_VERTEX 165	24.862	-17.3631	79.0008
			*MESH_VERTEX 166	10.4945	-12.8879	157.539
			*MESH_VERTEX 167	25.8689	-9.12298	91.1121
			*MESH_VERTEX 168	-37.5678	-0.253146	118.22
			*MESH_VERTEX 169	35.4635	12.081	148.773
			*MESH_VERTEX 170	19.4107	-19.0831	92.2903
			*MESH_VERTEX 171	-16.1214	8.59092	125.476
			*MESH_VERTEX 172	-12.8873	-0.424492	118.415
			*MESH_VERTEX 173	11.9485	-0.620792	118.86
			*MESH_VERTEX 174	-0.520245	10.4977	123.466
			*MESH_VERTEX 175	-36.4814	12.7396	148.819
			*MESH_VERTEX 176	28.0924	-14.0725	118.942
			*MESH_VERTEX 177	21.553	-16.5267	132.262
			*MESH_VERTEX 178	-21.0686	-16.4281	133.168
			*MESH_VERTEX 179	0.0448583	3.39779	156.163
			*MESH_VERTEX 180	14.3539	-9.33501	112.311
			*MESH_VERTEX 181	-17.9809	-13.8841	91.868
			*MESH_VERTEX 182	-32.092	-7.68608	87.3762
			*MESH_VERTEX 183	-32.1469	-10.9835	93.032
			*MESH_VERTEX 184	0.103424	1.67299	167.414
			*MESH_VERTEX 185	-20.6489	-11.8896	7.9276
			*MESH_VERTEX 186	32.1608	-7.76785	86.4572
			*MESH_VERTEX 187	32.1617	-11.0577	92.1724
			*MESH_VERTEX 188	35.9157	-10.3451	136.337
			*MESH_VERTEX 189	26.4457	-9.21316	109.56
			*MESH_VERTEX 190	-25.761	-9.87919	110.548
			*MESH_VERTEX 191	-0.588955	1.46211	111.616
			*MESH_VERTEX 192	-31.9825	4.85397	117.361
			*MESH_VERTEX 193	-25.7816	0.346504	91.7914
			*MESH_VERTEX 194	19.4159	-11.7939	7.98425
			*MESH_VERTEX 195	16.2947	-20.4411	63.8901
			*MESH_VERTEX 196	19.7031	-8.97782	64.4667
			*MESH_VERTEX 197	18.4582	-9.24977	96.6987
			*MESH_VERTEX 198	-15.794	-9.25788	111.665
			*MESH_VERTEX 199	-3.82871	14.0657	10.4491
			*MESH_VERTEX 200	-5.62046	7.67828	64.2462
			*MESH_VERTEX 201	-21.8454	-14.9247	83.1879
			*MESH_VERTEX 202	21.8605	-14.9781	82.3606
			*MESH_VERTEX 203	-0.110579	-9.52827	162.284
			*MESH_VERTEX 204	12.3601	-19.8144	97.4396
			*MESH_VERTEX 205	23.5246	-4.2456	108.031
			*MESH_VERTEX 206	-22.9752	-5.29417	109.063
			*MESH_VERTEX 207	13.977	-11.1945	119.543
			*MESH_VERTEX 208	6.22834	-4.19371	156.051
			*MESH_VERTEX 209	-27.4291	5.57942	116.988
			*MESH_VERTEX 210	24.5072	-15.6244	88.9467
			*MESH_VERTEX 211	-5.97424	-4.41669	155.987
			*MESH_VERTEX 212	-24.4051	-15.5162	89.8465
			*MESH_VERTEX 213	30.0012	-13.8721	92.9031
			*MESH_VERTEX 214	29.325	-18.916	82.059
			*MESH_VERTEX 215	-29.977	-13.7812	93.7965
			*MESH_VERTEX 216	-29.3172	-18.8593	83.0341
			*MESH_VERTEX 217	3.43973	4.37242	104.411
			*MESH_VERTEX 218	32.0182	5.57533	170.234
			*MESH_VERTEX 219	-0.798551	-24.1325	126.048
			*MESH_VERTEX 220	24.456	-1.77568	92.3857
			*MESH_VERTEX 221	-16.1255	-22.5982	63.0638
			*MESH_VERTEX 222	-20.6665	-11.6056	63.3316
			*MESH_VERTEX 223	28.8962	-16.7005	134.303
			*MESH_VERTEX 224	0.0662452	8.38553	162.488
			*MESH_VERTEX 225	35.3033	-1.6949	136.263
			*MESH_VERTEX 226	-21.4722	-13.6935	117.494
			*MESH_VERTEX 227	5.11712	8.41715	64.4308
			*MESH_VERTEX 228	15.4448	3.08693	64.7323
			*MESH_VERTEX 229	28.8402	-2.16439	107.423
			*MESH_VERTEX 230	33.5608	-10.0846	80.0528
			*MESH_VERTEX 231	-33.5779	-10.0394	81.0316
			*MESH_VERTEX 232	30.9046	-6.1291	108.674
			*MESH_VERTEX 233	35.8107	-8.23081	120.829
			*MESH_VERTEX 234	-29.8712	-6.99383	109.746
			*MESH_VERTEX 235	-17.6897	-8.87157	104.734
			*MESH_VERTEX 236	-33.4742	5.73009	170.194
			*MESH_VERTEX 237	4.10655	5.98668	94.8738
			*MESH_VERTEX 238	-27.9282	-3.37889	108.598
			*MESH_VERTEX 239	-35.3828	-10.2271	137.462
			*MESH_VERTEX 240	31.2073	-7.02643	90.7212
			*MESH_VERTEX 241	-13.4146	-20.1358	97.6551
			*MESH_VERTEX 242	-19.5675	-9.8643	96.4212
			*MESH_VERTEX 243	22.0925	-11.4981	1.57435
			*MESH_VERTEX 244	20.6237	-16.4938	143.132
			*MESH_VERTEX 245	-31.2022	-6.95248	91.5723
			*MESH_VERTEX 246	-23.328	-11.2381	1.52282
			*MESH_VERTEX 247	-0.803478	-21.7271	112.429
			*MESH_VERTEX 248	4.13636	-28.9058	9.21749
			*MESH_VERTEX 249	20.0176	-12.9072	116.931
			*MESH_VERTEX 250	-29.4239	2.84719	135.756
			*MESH_VERTEX 251	0.0257554	-12.1989	156.838
			*MESH_VERTEX 252	-6.60758	-23.8783	62.4455
			*MESH_VERTEX 253	11.2843	-18.044	111.965
			*MESH_VERTEX 254	16.5678	-8.58559	105.535
			*MESH_VERTEX 255	-28.3781	-16.5962	135.339
			*MESH_VERTEX 256	-21.8144	-16.4133	142.774
			*MESH_VERTEX 257	3.17792	-22.2578	104.741
			*MESH_VERTEX 258	28.4243	-6.24402	90.4471
			*MESH_VERTEX 259	14.0198	1.3671	95.7263
			*MESH_VERTEX 260	-28.4224	-6.14687	91.3472
			*MESH_VERTEX 261	-15.2949	1.2346	95.056
			*MESH_VERTEX 262	12.2699	0.0712453	160.934
			*MESH_VERTEX 263	35.7186	0.629196	121.083
			*MESH_VERTEX 264	-5.13979	5.70629	94.5717
			*MESH_VERTEX 265	-16.5921	-22.4945	55.029
			*MESH_VERTEX 266	0.0172628	-0.531222	159.904
			*MESH_VERTEX 267	-34.777	-1.56143	137.32
			*MESH_VERTEX 268	25.9267	6.44182	116.18
			*MESH_VERTEX 269	4.05169	-22.0975	96.062
			*MESH_VERTEX 270	-12.8578	-17.9707	111.841
			*MESH_VERTEX 271	5.85196	-23.3035	55.7191
			*MESH_VERTEX 272	-16.5106	1.43066	63.6765
			*MESH_VERTEX 273	-3.99436	-22.2233	104.477
			*MESH_VERTEX 274	-13.2521	0.0764952	160.428
			*MESH_VERTEX 275	16.8476	-20.3193	56.3683
			*MESH_VERTEX 276	-37.5336	-9.09563	118.654
			*MESH_VERTEX 277	-29.4137	-14.9559	119.728
			*MESH_VERTEX 278	-4.73989	-22.1763	96.0739
			*MESH_VERTEX 279	36.1791	0.536883	117.268
			*MESH_VERTEX 280	29.9243	2.71344	134.817
			*MESH_VERTEX 281	15.8262	3.874	58.2927
			*MESH_VERTEX 282	6.41258	-23.2807	62.4815
			*MESH_VERTEX 283	30.1273	5.72639	120.352
			*MESH_VERTEX 284	-21.2631	-11.4316	55.9706
			*MESH_VERTEX 285	-13.2047	-19.0758	104.224
			*MESH_VERTEX 286	12.0547	-18.9665	104.433
			*MESH_VERTEX 287	-31.446	4.9345	121.191
			*MESH_VERTEX 288	20.0874	-13.1383	117.749
			*MESH_VERTEX 289	28.0365	-14.0342	117.771
			*MESH_VERTEX 290	5.42172	9.41385	58.8559
			*MESH_VERTEX 291	36.1199	-8.34652	117.673
			*MESH_VERTEX 292	-5.79141	-24.1706	55.618
			*MESH_VERTEX 293	-37.1282	-9.1385	121.639
			*MESH_VERTEX 294	-36.952	-0.254366	122.255
			*MESH_VERTEX 295	20.3835	-8.77493	57.3849
			*MESH_VERTEX 296	-29.4858	-14.7912	118.529
			*MESH_VERTEX 297	-21.405	-14.0001	118.442
			*MESH_VERTEX 298	-5.57642	8.60449	58.6854
		}
		*MESH_FACE_LIST {
			*MESH_FACE    0:    A:    84 B:    154 C:    152 AB:    1 BC:    1 CA:    1	 *MESH_SMOOTHING 1 	*MESH_MTLID 0
			*MESH_FACE    1:    A:    152 B:    194 C:    92 AB:    1 BC:    1 CA:    1	 *MESH_SMOOTHING 1 	*MESH_MTLID 0
			*MESH_FACE    2:    A:    147 B:    73 C:    185 AB:    1 BC:    1 CA:    1	 *MESH_SMOOTHING 1 	*MESH_MTLID 0
			*MESH_FACE    3:    A:    93 B:    147 C:    149 AB:    1 BC:    1 CA:    1	 *MESH_SMOOTHING 1 	*MESH_MTLID 0
			*MESH_FACE    4:    A:    189 B:    213 C:    82 AB:    1 BC:    1 CA:    1	 *MESH_SMOOTHING 1 	*MESH_MTLID 0
			*MESH_FACE    5:    A:    107 B:    25 C:    205 AB:    1 BC:    1 CA:    1	 *MESH_SMOOTHING 1 	*MESH_MTLID 0
			*MESH_FACE    6:    A:    215 B:    190 C:    91 AB:    1 BC:    1 CA:    1	 *MESH_SMOOTHING 1 	*MESH_MTLID 0
			*MESH_FACE    7:    A:    27 B:    100 C:    206 AB:    1 BC:    1 CA:    1	 *MESH_SMOOTHING 1 	*MESH_MTLID 0
			*MESH_FACE    8:    A:    33 B:    203 C:    46 AB:    1 BC:    1 CA:    1	 *MESH_SMOOTHING 1 	*MESH_MTLID 0
			*MESH_FACE    9:    A:    208 B:    35 C:    33 AB:    1 BC:    1 CA:    1	 *MESH_SMOOTHING 1 	*MESH_MTLID 0
			*MESH_FACE    10:    A:    32 B:    50 C:    163 AB:    1 BC:    1 CA:    1	 *MESH_SMOOTHING 1 	*MESH_MTLID 0
			*MESH_FACE    11:    A:    14 B:    136 C:    243 AB:    1 BC:    1 CA:    1	 *MESH_SMOOTHING 1 	*MESH_MTLID 0
			*MESH_FACE    12:    A:    194 B:    152 C:    155 AB:    1 BC:    1 CA:    1	 *MESH_SMOOTHING 1 	*MESH_MTLID 0
			*MESH_FACE    13:    A:    50 B:    32 C:    179 AB:    1 BC:    1 CA:    1	 *MESH_SMOOTHING 1 	*MESH_MTLID 0
			*MESH_FACE    14:    A:    33 B:    46 C:    211 AB:    1 BC:    1 CA:    1	 *MESH_SMOOTHING 1 	*MESH_MTLID 0
			*MESH_FACE    15:    A:    45 B:    34 C:    157 AB:    1 BC:    1 CA:    1	 *MESH_SMOOTHING 1 	*MESH_MTLID 0
			*MESH_FACE    16:    A:    16 B:    246 C:    135 AB:    1 BC:    1 CA:    1	 *MESH_SMOOTHING 1 	*MESH_MTLID 0
			*MESH_FACE    17:    A:    185 B:    150 C:    147 AB:    1 BC:    1 CA:    1	 *MESH_SMOOTHING 1 	*MESH_MTLID 0
			*MESH_FACE    18:    A:    184 B:    50 C:    179 AB:    1 BC:    1 CA:    1	 *MESH_SMOOTHING 1 	*MESH_MTLID 0
			*MESH_FACE    19:    A:    167 B:    205 C:    258 AB:    1 BC:    1 CA:    1	 *MESH_SMOOTHING 1 	*MESH_MTLID 0
			*MESH_FACE    20:    A:    189 B:    107 C:    213 AB:    1 BC:    1 CA:    1	 *MESH_SMOOTHING 1 	*MESH_MTLID 0
			*MESH_FACE    21:    A:    82 B:    213 C:    187 AB:    1 BC:    1 CA:    1	 *MESH_SMOOTHING 1 	*MESH_MTLID 0
			*MESH_FACE    22:    A:    55 B:    229 C:    258 AB:    1 BC:    1 CA:    1	 *MESH_SMOOTHING 1 	*MESH_MTLID 0
			*MESH_FACE    23:    A:    206 B:    158 C:    260 AB:    1 BC:    1 CA:    1	 *MESH_SMOOTHING 1 	*MESH_MTLID 0
			*MESH_FACE    24:    A:    100 B:    190 C:    215 AB:    1 BC:    1 CA:    1	 *MESH_SMOOTHING 1 	*MESH_MTLID 0
			*MESH_FACE    25:    A:    215 B:    91 C:    183 AB:    1 BC:    1 CA:    1	 *MESH_SMOOTHING 1 	*MESH_MTLID 0
			*MESH_FACE    26:    A:    60 B:    71 C:    52 AB:    1 BC:    1 CA:    1	 *MESH_SMOOTHING 1 	*MESH_MTLID 0
			*MESH_FACE    27:    A:    51 B:    60 C:    52 AB:    1 BC:    1 CA:    1	 *MESH_SMOOTHING 1 	*MESH_MTLID 0
			*MESH_FACE    28:    A:    69 B:    61 C:    57 AB:    1 BC:    1 CA:    1	 *MESH_SMOOTHING 1 	*MESH_MTLID 0
			*MESH_FACE    29:    A:    61 B:    56 C:    57 AB:    1 BC:    1 CA:    1	 *MESH_SMOOTHING 1 	*MESH_MTLID 0
			*MESH_FACE    30:    A:    238 B:    62 C:    260 AB:    1 BC:    1 CA:    1	 *MESH_SMOOTHING 1 	*MESH_MTLID 0
			*MESH_FACE    31:    A:    61 B:    69 C:    231 AB:    1 BC:    1 CA:    1	 *MESH_SMOOTHING 1 	*MESH_MTLID 0
			*MESH_FACE    32:    A:    29 B:    245 C:    183 AB:    1 BC:    1 CA:    1	 *MESH_SMOOTHING 1 	*MESH_MTLID 0
			*MESH_FACE    33:    A:    28 B:    69 C:    57 AB:    1 BC:    1 CA:    1	 *MESH_SMOOTHING 1 	*MESH_MTLID 0
			*MESH_FACE    34:    A:    212 B:    100 C:    215 AB:    1 BC:    1 CA:    1	 *MESH_SMOOTHING 1 	*MESH_MTLID 0
			*MESH_FACE    35:    A:    71 B:    60 C:    230 AB:    1 BC:    1 CA:    1	 *MESH_SMOOTHING 1 	*MESH_MTLID 0
			*MESH_FACE    36:    A:    240 B:    26 C:    187 AB:    1 BC:    1 CA:    1	 *MESH_SMOOTHING 1 	*MESH_MTLID 0
			*MESH_FACE    37:    A:    71 B:    24 C:    52 AB:    1 BC:    1 CA:    1	 *MESH_SMOOTHING 1 	*MESH_MTLID 0
			*MESH_FACE    38:    A:    107 B:    210 C:    213 AB:    1 BC:    1 CA:    1	 *MESH_SMOOTHING 1 	*MESH_MTLID 0
			*MESH_FACE    39:    A:    149 B:    131 C:    93 AB:    1 BC:    1 CA:    1	 *MESH_SMOOTHING 1 	*MESH_MTLID 0
			*MESH_FACE    40:    A:    73 B:    135 C:    185 AB:    1 BC:    1 CA:    1	 *MESH_SMOOTHING 1 	*MESH_MTLID 0
			*MESH_FACE    41:    A:    73 B:    72 C:    135 AB:    1 BC:    1 CA:    1	 *MESH_SMOOTHING 1 	*MESH_MTLID 0
			*MESH_FACE    42:    A:    187 B:    26 C:    232 AB:    1 BC:    1 CA:    1	 *MESH_SMOOTHING 1 	*MESH_MTLID 0
			*MESH_FACE    43:    A:    92 B:    194 C:    136 AB:    1 BC:    1 CA:    1	 *MESH_SMOOTHING 1 	*MESH_MTLID 0
			*MESH_FACE    44:    A:    154 B:    84 C:    127 AB:    1 BC:    1 CA:    1	 *MESH_SMOOTHING 1 	*MESH_MTLID 0
			*MESH_FACE    45:    A:    83 B:    127 C:    84 AB:    1 BC:    1 CA:    1	 *MESH_SMOOTHING 1 	*MESH_MTLID 0
			*MESH_FACE    46:    A:    29 B:    183 C:    234 AB:    1 BC:    1 CA:    1	 *MESH_SMOOTHING 1 	*MESH_MTLID 0
			*MESH_FACE    47:    A:    92 B:    136 C:    83 AB:    1 BC:    1 CA:    1	 *MESH_SMOOTHING 1 	*MESH_MTLID 0
			*MESH_FACE    48:    A:    72 B:    93 C:    131 AB:    1 BC:    1 CA:    1	 *MESH_SMOOTHING 1 	*MESH_MTLID 0
			*MESH_FACE    49:    A:    201 B:    56 C:    99 AB:    1 BC:    1 CA:    1	 *MESH_SMOOTHING 1 	*MESH_MTLID 0
			*MESH_FACE    50:    A:    164 B:    99 C:    28 AB:    1 BC:    1 CA:    1	 *MESH_SMOOTHING 1 	*MESH_MTLID 0
			*MESH_FACE    51:    A:    212 B:    216 C:    28 AB:    1 BC:    1 CA:    1	 *MESH_SMOOTHING 1 	*MESH_MTLID 0
			*MESH_FACE    52:    A:    206 B:    100 C:    158 AB:    1 BC:    1 CA:    1	 *MESH_SMOOTHING 1 	*MESH_MTLID 0
			*MESH_FACE    53:    A:    56 B:    100 C:    212 AB:    1 BC:    1 CA:    1	 *MESH_SMOOTHING 1 	*MESH_MTLID 0
			*MESH_FACE    54:    A:    51 B:    202 C:    106 AB:    1 BC:    1 CA:    1	 *MESH_SMOOTHING 1 	*MESH_MTLID 0
			*MESH_FACE    55:    A:    106 B:    165 C:    24 AB:    1 BC:    1 CA:    1	 *MESH_SMOOTHING 1 	*MESH_MTLID 0
			*MESH_FACE    56:    A:    214 B:    210 C:    24 AB:    1 BC:    1 CA:    1	 *MESH_SMOOTHING 1 	*MESH_MTLID 0
			*MESH_FACE    57:    A:    107 B:    205 C:    167 AB:    1 BC:    1 CA:    1	 *MESH_SMOOTHING 1 	*MESH_MTLID 0
			*MESH_FACE    58:    A:    107 B:    51 C:    210 AB:    1 BC:    1 CA:    1	 *MESH_SMOOTHING 1 	*MESH_MTLID 0
			*MESH_FACE    59:    A:    83 B:    13 C:    127 AB:    1 BC:    1 CA:    1	 *MESH_SMOOTHING 1 	*MESH_MTLID 0
			*MESH_FACE    60:    A:    127 B:    136 C:    14 AB:    1 BC:    1 CA:    1	 *MESH_SMOOTHING 1 	*MESH_MTLID 0
			*MESH_FACE    61:    A:    105 B:    24 C:    165 AB:    1 BC:    1 CA:    1	 *MESH_SMOOTHING 1 	*MESH_MTLID 0
			*MESH_FACE    62:    A:    105 B:    162 C:    51 AB:    1 BC:    1 CA:    1	 *MESH_SMOOTHING 1 	*MESH_MTLID 0
			*MESH_FACE    63:    A:    28 B:    98 C:    164 AB:    1 BC:    1 CA:    1	 *MESH_SMOOTHING 1 	*MESH_MTLID 0
			*MESH_FACE    64:    A:    161 B:    98 C:    56 AB:    1 BC:    1 CA:    1	 *MESH_SMOOTHING 1 	*MESH_MTLID 0
			*MESH_FACE    65:    A:    72 B:    131 C:    15 AB:    1 BC:    1 CA:    1	 *MESH_SMOOTHING 1 	*MESH_MTLID 0
			*MESH_FACE    66:    A:    131 B:    16 C:    135 AB:    1 BC:    1 CA:    1	 *MESH_SMOOTHING 1 	*MESH_MTLID 0
			*MESH_FACE    67:    A:    60 B:    51 C:    133 AB:    1 BC:    1 CA:    1	 *MESH_SMOOTHING 1 	*MESH_MTLID 0
