*3DSMAX_ASCIIEXPORT	110
*COMMENT "[ GothicSourcer v3.14 ] - June 2007"
*SCENE {
	*SCENE_FILENAME "HUM_TPLL_ARMOR.MAX"
	*SCENE_FIRSTFRAME 0
	*SCENE_LASTFRAME 100
	*SCENE_FRAMESPEED 25
	*SCENE_TICKSPERFRAME 192
	*SCENE_BACKGROUND_STATIC 0	0	0
	*SCENE_AMBIENT_STATIC 0.2	0.2	0.2
}
*MATERIAL_LIST {
	*MATERIAL_COUNT 1
	*MATERIAL 0 {
		*MATERIAL_NAME "Compound Material #1"
		*MATERIAL_CLASS "Multi/Sub-Object"
		*NUMSUBMTLS 2
		*SUBMATERIAL 0 {
			*MATERIAL_NAME "RUESTUNG"
			*MATERIAL_CLASS "Standard"
			*MATERIAL_AMBIENT 0.12549	0.113725	0.0980392
			*MATERIAL_DIFFUSE 0.12549	0.113725	0.0980392
			*MATERIAL_SPECULAR 0.9	0.9	0.9
			*MATERIAL_SHINE 0.1
			*MATERIAL_SHINESTRENGTH 0
			*MATERIAL_TRANSPARENCY 0
			*MATERIAL_WIRESIZE 1
			*MATERIAL_SHADING Blinn
			*MATERIAL_XP_FALLOFF 0
			*MATERIAL_SELFILLUM 0
			*MATERIAL_FALLOFF In
			*MATERIAL_XP_TYPE Filter
			*MAP_DIFFUSE {
				*MAP_NAME "Map #1-1"
				*MAP_CLASS "Bitmap"
				*MAP_SUBNO 1
				*MAP_AMOUNT 1
				*BITMAP "HUM_TPLL_ARMOR_V0.TGA"
				*MAP_TYPE Screen
				*UVW_U_OFFSET 0
				*UVW_V_OFFSET 0
				*UVW_U_TILING 1
				*UVW_V_TILING 1
				*UVW_ANGLE 0
				*UVW_BLUR 1
				*UVW_BLUR_OFFSET 0
				*UVW_NOUSE_AMT 1
				*UVW_NOISE_SIZE 1
				*UVW_NOISE_LEVEL 1
				*UVW_NOISE_PHASE 0
				*BITMAP_FILTER Pyramidal
			}
		}
		*SUBMATERIAL 1 {
			*MATERIAL_NAME "HAUT-TATOOS"
			*MATERIAL_CLASS "Standard"
			*MATERIAL_AMBIENT 0.509804	0.407843	0.305882
			*MATERIAL_DIFFUSE 0.509804	0.407843	0.305882
			*MATERIAL_SPECULAR 0.9	0.9	0.9
			*MATERIAL_SHINE 0.1
			*MATERIAL_SHINESTRENGTH 0
			*MATERIAL_TRANSPARENCY 0
			*MATERIAL_WIRESIZE 1
			*MATERIAL_SHADING Blinn
			*MATERIAL_XP_FALLOFF 0
			*MATERIAL_SELFILLUM 0
			*MATERIAL_FALLOFF In
			*MATERIAL_XP_TYPE Filter
			*MAP_DIFFUSE {
				*MAP_NAME "Map #1-2"
				*MAP_CLASS "Bitmap"
				*MAP_SUBNO 1
				*MAP_AMOUNT 1
				*BITMAP "HUM_BODY_NAKED_V0_C0.TGA"
				*MAP_TYPE Screen
				*UVW_U_OFFSET 0
				*UVW_V_OFFSET 0
				*UVW_U_TILING 1
				*UVW_V_TILING 1
				*UVW_ANGLE 0
				*UVW_BLUR 1
				*UVW_BLUR_OFFSET 0
				*UVW_NOUSE_AMT 1
				*UVW_NOISE_SIZE 1
				*UVW_NOISE_LEVEL 1
				*UVW_NOISE_PHASE 0
				*BITMAP_FILTER Pyramidal
			}
		}
	}
}
*HELPEROBJECT {
	*NODE_NAME "Bip01"
	*NODE_TM {
		*NODE_NAME "Bip01"
		*TM_ROW0 6.27438e-006	-1	0
		*TM_ROW1 1	6.27438e-006	0
		*TM_ROW2 -0	-0	1
		*TM_ROW3 0	-7.37745	99.9496
		*TM_POS 0	-7.37745	99.9496
		*TM_ROTAXIS 0	0	1
		*TM_ROTANGLE 1.57079
		*TM_SCALE 1	1	1
		*TM_SCALEAXIS 0	0	0
		*TM_SCALEAXISANG 0	0	0
	}
}
*HELPEROBJECT {
	*NODE_NAME "Bip01 Pelvis"
	*NODE_PARENT "Bip01"
	*NODE_TM {
		*NODE_NAME "Bip01 Pelvis"
		*TM_ROW0 -5.96046e-008	1.79264e-006	1
		*TM_ROW1 -1.79264e-006	-1	1.79264e-006
		*TM_ROW2 1	-1.79264e-006	-5.96046e-008
		*TM_ROW3 1e-005	-8.0113	99.9496
		*TM_POS 1e-005	-8.0113	99.9496
		*TM_ROTAXIS 0.707107	0	0.707107
		*TM_ROTANGLE 3.1416
		*TM_SCALE 1	1	1
		*TM_SCALEAXIS 0	0	0
		*TM_SCALEAXISANG 0	0	0
	}
}
*HELPEROBJECT {
	*NODE_NAME "Bip01 Spine"
	*NODE_PARENT "Bip01 Pelvis"
	*NODE_TM {
		*NODE_NAME "Bip01 Spine"
		*TM_ROW0 5.96047e-008	-0.0205947	0.999788
		*TM_ROW1 5.48642e-006	-0.999788	-0.0205947
		*TM_ROW2 1	5.48642e-006	5.96047e-008
		*TM_ROW3 1e-005	-7.92216	102.35
		*TM_POS 1e-005	-7.92216	102.35
		*TM_ROTAXIS 0.707088	-0.00727998	0.707088
		*TM_ROTANGLE 3.12703
		*TM_SCALE 1	1	1
		*TM_SCALEAXIS 0	0	0
		*TM_SCALEAXISANG 0	0	0
	}
}
*HELPEROBJECT {
	*NODE_NAME "Bip01 Spine1"
	*NODE_PARENT "Bip01 Spine"
	*NODE_TM {
		*NODE_NAME "Bip01 Spine1"
		*TM_ROW0 5.96047e-008	-0.00276992	0.999996
		*TM_ROW1 -1.92621e-006	-0.999996	-0.00276991
		*TM_ROW2 1	-1.92621e-006	5.96047e-008
		*TM_ROW3 1e-005	-8.11442	112.175
		*TM_POS 1e-005	-8.11442	112.175
		*TM_ROTAXIS 0.707106	-0.000979995	0.707107
		*TM_ROTANGLE 3.13964
		*TM_SCALE 1	1	1
		*TM_SCALEAXIS 0	0	0
		*TM_SCALEAXISANG 0	0	0
	}
}
*HELPEROBJECT {
	*NODE_NAME "Bip01 Spine2"
	*NODE_PARENT "Bip01 Spine1"
	*NODE_TM {
		*NODE_NAME "Bip01 Spine2"
		*TM_ROW0 5.96048e-008	0.180243	0.983622
		*TM_ROW1 1.67638e-006	-0.983622	0.180243
		*TM_ROW2 1	1.67638e-006	5.96047e-008
		*TM_ROW3 1e-005	-8.1264	124.961
		*TM_POS 1e-005	-8.1264	124.961
		*TM_ROTAXIS 0.705652	0.0641202	0.705652
		*TM_ROTANGLE 3.26966
		*TM_SCALE 1	1	1
		*TM_SCALEAXIS 0	0	0
		*TM_SCALEAXISANG 0	0	0
	}
}
*HELPEROBJECT {
	*NODE_NAME "Bip01 Neck"
	*NODE_PARENT "Bip01 Spine2"
	*NODE_TM {
		*NODE_NAME "Bip01 Neck"
		*TM_ROW0 5.96046e-007	-0.167043	0.98595
		*TM_ROW1 4.70132e-006	-0.98595	-0.167043
		*TM_ROW2 1	4.70132e-006	5.96047e-007
		*TM_ROW3 1.03264e-011	-2.71656	154.454
		*TM_POS 1.03264e-011	-2.71656	154.454
		*TM_ROTAXIS -0.70586	0.05937	-0.705859
		*TM_ROTANGLE 3.2602
		*TM_SCALE 1	1	1
		*TM_SCALEAXIS 0	0	0
		*TM_SCALEAXISANG 0	0	0
	}
}
*HELPEROBJECT {
	*NODE_NAME "Bip01 Head"
	*NODE_PARENT "Bip01 Neck"
	*NODE_TM {
		*NODE_NAME "Bip01 Head"
		*TM_ROW0 -5.96047e-008	1.76447e-006	1
		*TM_ROW1 -1.79264e-006	-1	1.80855e-006
		*TM_ROW2 1	-1.79264e-006	-5.96046e-008
		*TM_ROW3 2.27758e-011	-3.85901	161.198
		*TM_POS 2.27758e-011	-3.85901	161.198
		*TM_ROTAXIS -0.707107	-5.62215e-009	-0.707107
		*TM_ROTANGLE 3.14159
		*TM_SCALE 1	1	1
		*TM_SCALEAXIS 0	0	0
		*TM_SCALEAXISANG 0	0	0
	}
}
*HELPEROBJECT {
	*NODE_NAME "ZS_HELMET"
	*NODE_PARENT "Bip01 Head"
	*NODE_TM {
		*NODE_NAME "ZS_HELMET"
		*TM_ROW0 1	7.87298e-013	7.61567e-014
		*TM_ROW1 -1.53811e-013	0.996917	-0.0784593
		*TM_ROW2 -5.53111e-014	0.0784593	0.996918
		*TM_ROW3 1e-005	-7.06248	173.704
		*TM_POS 1e-005	-7.06248	173.704
		*TM_ROTAXIS 1	8.37809e-013	-5.99744e-012
		*TM_ROTANGLE 0.078541
		*TM_SCALE 1	1	1
		*TM_SCALEAXIS 0	0	0
		*TM_SCALEAXISANG 0	0	0
	}
}
*HELPEROBJECT {
	*NODE_NAME "Bip01 L Clavicle"
	*NODE_PARENT "Bip01 Neck"
	*NODE_TM {
		*NODE_NAME "Bip01 L Clavicle"
		*TM_ROW0 0.935229	-0.203893	-0.289439
		*TM_ROW1 0.156435	0.971369	-0.178803
		*TM_ROW2 0.317608	0.121943	0.940348
		*TM_ROW3 7.96399	-1.25804	148.729
		*TM_POS 7.96399	-1.25804	148.729
		*TM_ROTAXIS 0.391939	-0.791119	0.469589
		*TM_ROTANGLE 0.39376
		*TM_SCALE 1	1	1
		*TM_SCALEAXIS 0	0	0
		*TM_SCALEAXISANG 0	0	0
	}
}
*HELPEROBJECT {
	*NODE_NAME "Bip01 L UpperArm"
	*NODE_PARENT "Bip01 L Clavicle"
	*NODE_TM {
		*NODE_NAME "Bip01 L UpperArm"
		*TM_ROW0 0.246229	0.0989027	-0.964152
		*TM_ROW1 0.412789	0.889345	0.196649
		*TM_ROW2 0.876913	-0.446412	0.178157
		*TM_ROW3 20.4269	-3.97508	144.872
		*TM_POS 20.4269	-3.97508	144.872
		*TM_ROTAXIS -0.325561	-0.932072	0.15891
		*TM_ROTANGLE 1.41328
		*TM_SCALE 1	1	1
		*TM_SCALEAXIS 0	0	0
		*TM_SCALEAXISANG 0	0	0
	}
}
*HELPEROBJECT {
	*NODE_NAME "Bip01 L Forearm"
	*NODE_PARENT "Bip01 L UpperArm"
	*NODE_TM {
		*NODE_NAME "Bip01 L Forearm"
		*TM_ROW0 0.0455122	-0.291882	-0.955371
		*TM_ROW1 0.478489	0.845886	-0.235638
		*TM_ROW2 0.876913	-0.44641	0.17816
		*TM_ROW3 27.2982	-1.21526	117.966
		*TM_POS 27.2982	-1.21526	117.966
		*TM_ROTAXIS -0.10545	-0.916697	0.385419
		*TM_ROTANGLE 1.53601
		*TM_SCALE 1	1	1
		*TM_SCALEAXIS 0	0	0
		*TM_SCALEAXISANG 0	0	0
	}
}
*HELPEROBJECT {
	*NODE_NAME "Bip01 L Hand"
	*NODE_PARENT "Bip01 L Forearm"
	*NODE_TM {
		*NODE_NAME "Bip01 L Hand"
		*TM_ROW0 0.0455132	-0.291886	-0.95537
		*TM_ROW1 -0.876533	0.44708	-0.17835
		*TM_ROW2 0.479185	0.845531	-0.2355
		*TM_ROW3 28.5642	-9.33438	91.391
		*TM_POS 28.5642	-9.33438	91.391
		*TM_ROTAXIS 0.551391	-0.772552	-0.314851
		*TM_ROTANGLE 1.95137
		*TM_SCALE 1	1	1
		*TM_SCALEAXIS 0	0	0
		*TM_SCALEAXISANG 0	0	0
	}
}
*HELPEROBJECT {
	*NODE_NAME "Bip01 L Finger0"
	*NODE_PARENT "Bip01 L Hand"
	*NODE_TM {
		*NODE_NAME "Bip01 L Finger0"
		*TM_ROW0 0.0455153	-0.291888	-0.955369
		*TM_ROW1 -0.876915	0.446405	-0.178165
		*TM_ROW2 0.478485	0.845886	-0.235643
		*TM_ROW3 29.15	-13.0909	79.0956
		*TM_POS 29.15	-13.0909	79.0956
		*TM_ROTAXIS 0.551581	-0.772311	-0.31511
		*TM_ROTANGLE 1.95181
		*TM_SCALE 1	1	1
		*TM_SCALEAXIS 0	0	0
		*TM_SCALEAXISANG 0	0	0
	}
}
*HELPEROBJECT {
	*NODE_NAME "ZS_LEFTHAND"
	*NODE_PARENT "Bip01 L Hand"
	*NODE_TM {
		*NODE_NAME "ZS_LEFTHAND"
		*TM_ROW0 0.435606	0.890062	-0.134303
		*TM_ROW1 0.180312	-0.232461	-0.955745
		*TM_ROW2 -0.881893	0.392112	-0.261751
		*TM_ROW3 26.7605	-11.5467	82.7857
		*TM_POS 26.7605	-11.5467	82.7857
		*TM_ROTAXIS 0.794322	0.440571	-0.418271
		*TM_ROTANGLE 2.12858
		*TM_SCALE 1	1	1
		*TM_SCALEAXIS 0	0	0
		*TM_SCALEAXISANG 0	0	0
	}
}
*HELPEROBJECT {
	*NODE_NAME "ZS_LEFTARM"
	*NODE_PARENT "Bip01 L Forearm"
	*NODE_TM {
		*NODE_NAME "ZS_LEFTARM"
		*TM_ROW0 0.0759923	-0.150176	-0.985735
		*TM_ROW1 0.524499	0.846792	-0.0885737
		*TM_ROW2 0.848013	-0.510286	0.143117
		*TM_ROW3 26.9101	-7.67833	110.055
		*TM_POS 26.9101	-7.67833	110.055
		*TM_ROTAXIS -0.21097	-0.917372	0.337521
		*TM_ROTANGLE 1.53784
		*TM_SCALE 1	1	1
		*TM_SCALEAXIS 0	0	0
		*TM_SCALEAXISANG 0	0	0
	}
}
*HELPEROBJECT {
	*NODE_NAME "Bip01 R Clavicle"
	*NODE_PARENT "Bip01 Neck"
	*NODE_TM {
		*NODE_NAME "Bip01 R Clavicle"
		*TM_ROW0 -0.935227	-0.203899	-0.28944
		*TM_ROW1 -0.156442	0.971369	-0.178799
		*TM_ROW2 0.317609	-0.121937	-0.940349
		*TM_ROW3 -7.96398	-1.25806	148.729
		*TM_POS -7.96398	-1.25806	148.729
		*TM_ROTAXIS -0.0929799	0.992639	-0.0776
		*TM_ROTANGLE 3.45235
		*TM_SCALE 1	1	1
		*TM_SCALEAXIS 0	0	0
		*TM_SCALEAXISANG 0	0	0
	}
}
*HELPEROBJECT {
	*NODE_NAME "Bip01 R UpperArm"
	*NODE_PARENT "Bip01 R Clavicle"
	*NODE_TM {
		*NODE_NAME "Bip01 R UpperArm"
		*TM_ROW0 -0.246232	0.0988932	-0.964153
		*TM_ROW1 -0.412793	0.889345	0.196642
		*TM_ROW2 0.876911	0.446415	-0.178163
		*TM_ROW3 -20.4269	-3.97513	144.872
		*TM_POS -20.4269	-3.97513	144.872
		*TM_ROTAXIS 0.12961	-0.955353	-0.265521
		*TM_ROTANGLE 1.84162
		*TM_SCALE 1	1	1
		*TM_SCALEAXIS 0	0	0
		*TM_SCALEAXISANG 0	0	0
	}
}
*HELPEROBJECT {
	*NODE_NAME "Bip01 R Forearm"
	*NODE_PARENT "Bip01 R UpperArm"
	*NODE_TM {
		*NODE_NAME "Bip01 R Forearm"
		*TM_ROW0 -0.0455087	-0.291889	-0.955369
		*TM_ROW1 -0.478487	0.845885	-0.235646
		*TM_ROW2 0.876914	0.446408	-0.17816
		*TM_ROW3 -27.2982	-1.21534	117.966
		*TM_POS -27.2982	-1.21534	117.966
		*TM_ROTAXIS 0.347279	-0.932937	-0.0950097
		*TM_ROTANGLE 1.76083
		*TM_SCALE 1	1	1
		*TM_SCALEAXIS 0	0	0
		*TM_SCALEAXISANG 0	0	0
	}
}
*HELPEROBJECT {
	*NODE_NAME "Bip01 R Hand"
	*NODE_PARENT "Bip01 R Forearm"
	*NODE_TM {
		*NODE_NAME "Bip01 R Hand"
		*TM_ROW0 -0.0455115	-0.291885	-0.95537
		*TM_ROW1 0.87653	0.447088	-0.17835
		*TM_ROW2 0.479192	-0.845527	0.235499
		*TM_ROW3 -28.5642	-9.33445	91.391
		*TM_POS -28.5642	-9.33445	91.391
		*TM_ROTAXIS -0.33922	-0.72939	0.59407
		*TM_ROTANGLE 1.75327
		*TM_SCALE 1	1	1
		*TM_SCALEAXIS 0	0	0
		*TM_SCALEAXISANG 0	0	0
	}
}
*HELPEROBJECT {
	*NODE_NAME "Bip01 R Finger0"
	*NODE_PARENT "Bip01 R Hand"
	*NODE_TM {
		*NODE_NAME "Bip01 R Finger0"
		*TM_ROW0 -0.0455056	-0.291877	-0.955373
		*TM_ROW1 0.876914	0.446413	-0.178152
		*TM_ROW2 0.478489	-0.845886	0.235636
		*TM_ROW3 -29.1499	-13.0909	79.0956
		*TM_POS -29.1499	-13.0909	79.0956
		*TM_ROTAXIS -0.33952	-0.729071	0.594291
		*TM_ROTANGLE 1.75354
		*TM_SCALE 1	1	1
		*TM_SCALEAXIS 0	0	0
		*TM_SCALEAXISANG 0	0	0
	}
}
*HELPEROBJECT {
	*NODE_NAME "ZS_RIGHTHAND"
	*NODE_PARENT "Bip01 R Hand"
	*NODE_TM {
		*NODE_NAME "ZS_RIGHTHAND"
		*TM_ROW0 -0.464344	0.856417	-0.225687
		*TM_ROW1 0.177861	0.339806	0.923525
		*TM_ROW2 0.867612	0.388692	-0.31011
		*TM_ROW3 -20.9389	-19.9852	85.8932
		*TM_POS -20.9389	-19.9852	85.8932
		*TM_ROTAXIS 0.383811	0.784581	0.486951
		*TM_ROTANGLE 3.91244
		*TM_SCALE 1	1	1
		*TM_SCALEAXIS 0	0	0
		*TM_SCALEAXISANG 0	0	0
	}
}
*HELPEROBJECT {
	*NODE_NAME "ZS_CROSSBOW"
	*NODE_PARENT "Bip01 Spine2"
	*NODE_TM {
		*NODE_NAME "ZS_CROSSBOW"
		*TM_ROW0 -0.382687	-0.111464	0.91713
		*TM_ROW1 -0.923878	0.0461715	-0.379891
		*TM_ROW2 -1.2517e-006	-0.992695	-0.120648
		*TM_ROW3 -14.434	10.5915	165.98
		*TM_POS -14.434	10.5915	165.98
		*TM_ROTAXIS -0.447329	0.669479	-0.593039
		*TM_ROTANGLE 2.38705
		*TM_SCALE 1	1	1
		*TM_SCALEAXIS 0	0	0
		*TM_SCALEAXISANG 0	0	0
	}
}
*HELPEROBJECT {
	*NODE_NAME "ZS_LONGSWORD"
	*NODE_PARENT "Bip01 Spine2"
	*NODE_TM {
		*NODE_NAME "ZS_LONGSWORD"
		*TM_ROW0 -0.499829	-0.0915011	0.861277
		*TM_ROW1 -0.865729	0.0828188	-0.493614
		*TM_ROW2 -0.0261636	-0.992355	-0.12061
		*TM_ROW3 -18.1593	6.92629	157.64
		*TM_POS -18.1593	6.92629	157.64
		*TM_ROTAXIS -0.38996	0.69388	-0.60536
		*TM_ROTANGLE 2.44778
		*TM_SCALE 1	1	1
		*TM_SCALEAXIS 0	0	0
		*TM_SCALEAXISANG 0	0	0
	}
}
*HELPEROBJECT {
	*NODE_NAME "ZS_SHIELD"
	*NODE_PARENT "Bip01 Spine2"
	*NODE_TM {
		*NODE_NAME "ZS_SHIELD"
		*TM_ROW0 -0.0138681	0.114196	-0.993362
		*TM_ROW1 -0.908393	0.413755	0.0602465
		*TM_ROW2 0.417888	0.903198	0.0979964
		*TM_ROW3 8.76511	9.5282	131.875
		*TM_POS 8.76511	9.5282	131.875
		*TM_ROTAXIS 0.435421	-0.728972	-0.528212
		*TM_ROTANGLE 1.82457
		*TM_SCALE 1	1	1
		*TM_SCALEAXIS 0	0	0
		*TM_SCALEAXISANG 0	0	0
	}
}
*HELPEROBJECT {
	*NODE_NAME "ZS_BOW"
	*NODE_PARENT "Bip01 Spine2"
	*NODE_TM {
		*NODE_NAME "ZS_BOW"
		*TM_ROW0 -0.341816	-0.0868229	0.935748
		*TM_ROW1 0.0119438	0.995242	0.0967059
		*TM_ROW2 -0.939691	0.044232	-0.339153
		*TM_ROW3 0.5012	12.4143	124.55
		*TM_POS 0.5012	12.4143	124.55
		*TM_ROTAXIS -0.0279299	0.998227	0.0525698
		*TM_ROTANGLE 1.92076
		*TM_SCALE 1	1	1
		*TM_SCALEAXIS 0	0	0
		*TM_SCALEAXISANG 0	0	0
	}
}
*HELPEROBJECT {
	*NODE_NAME "ZS_SWORD"
	*NODE_PARENT "Bip01 Spine"
	*NODE_TM {
		*NODE_NAME "ZS_SWORD"
		*TM_ROW0 5.79282e-007	-0.347172	0.937802
		*TM_ROW1 1.04309e-007	0.937802	0.347172
		*TM_ROW2 -1	-1.04308e-007	5.79283e-007
		*TM_ROW3 17.5015	-4.36211	106.367
		*TM_POS 17.5015	-4.36211	106.367
		*TM_ROTAXIS -0.17367	0.96937	0.17367
		*TM_ROTANGLE 1.6019
		*TM_SCALE 1	1	1
		*TM_SCALEAXIS 0	0	0
		*TM_SCALEAXISANG 0	0	0
	}
}
*HELPEROBJECT {
	*NODE_NAME "Bip01 L Thigh"
	*NODE_PARENT "Bip01 Pelvis"
	*NODE_TM {
		*NODE_NAME "Bip01 L Thigh"
		*TM_ROW0 0.0534878	-0.0367886	-0.997891
		*TM_ROW1 -0.00216181	-0.999323	0.0367256
		*TM_ROW2 -0.998566	0.000192882	-0.0535313
		*TM_ROW3 9.01023	-8.01129	99.9496
		*TM_POS 9.01023	-8.01129	99.9496
		*TM_ROTAXIS 0.72572	-0.01342	-0.68786
		*TM_ROTANGLE 3.16677
		*TM_SCALE 1	1	1
		*TM_SCALEAXIS 0	0	0
		*TM_SCALEAXISANG 0	0	0
	}
}
*HELPEROBJECT {
	*NODE_NAME "Bip01 L Calf"
	*NODE_PARENT "Bip01 L Thigh"
	*NODE_TM {
		*NODE_NAME "Bip01 L Calf"
		*TM_ROW0 0.0525131	0.197552	-0.978885
		*TM_ROW1 0.0103904	-0.980292	-0.197278
		*TM_ROW2 -0.998566	0.000188708	-0.0535307
		*TM_ROW3 11.1149	-9.45845	60.6877
		*TM_POS 11.1149	-9.45845	60.6877
		*TM_ROTAXIS 0.723901	0.0721501	-0.686121
		*TM_ROTANGLE 3.00478
		*TM_SCALE 1	1	1
		*TM_SCALEAXIS 0	0	0
		*TM_SCALEAXISANG 0	0	0
	}
}
*HELPEROBJECT {
	*NODE_NAME "Bip01 L Foot"
	*NODE_PARENT "Bip01 L Calf"
	*NODE_TM {
		*NODE_NAME "Bip01 L Foot"
		*TM_ROW0 -5.93318e-007	7.27489e-006	-1
		*TM_ROW1 0.173652	-0.984807	-7.26412e-006
		*TM_ROW2 -0.984807	-0.173652	-5.97767e-007
		*TM_ROW3 13.6935	0.240668	12.6267
		*TM_POS 13.6935	0.240668	12.6267
		*TM_ROTAXIS 0.705757	0.0617498	-0.705757
		*TM_ROTANGLE 3.26493
		*TM_SCALE 1	1	1
		*TM_SCALEAXIS 0	0	0
		*TM_SCALEAXISANG 0	0	0
	}
}
*HELPEROBJECT {
	*NODE_NAME "Bip01 L Toe0"
	*NODE_PARENT "Bip01 L Foot"
	*NODE_TM {
		*NODE_NAME "Bip01 L Toe0"
		*TM_ROW0 0.173646	-0.984808	5.05914e-006
		*TM_ROW1 5.06367e-006	5.91264e-006	1
		*TM_ROW2 -0.984808	-0.173646	5.92894e-006
		*TM_ROW3 17.6256	-22.0591	5.26591e-006
		*TM_POS 17.6256	-22.0591	5.26591e-006
		*TM_ROTAXIS -0.644398	0.540718	0.540718
		*TM_ROTANGLE 1.99673
		*TM_SCALE 1	1	1
		*TM_SCALEAXIS 0	0	0
		*TM_SCALEAXISANG 0	0	0
	}
}
*HELPEROBJECT {
	*NODE_NAME "Bip01 R Thigh"
	*NODE_PARENT "Bip01 Pelvis"
	*NODE_TM {
		*NODE_NAME "Bip01 R Thigh"
		*TM_ROW0 -0.0535034	-0.0367749	-0.99789
		*TM_ROW1 0.00205776	-0.999324	0.0367174
		*TM_ROW2 -0.998566	-8.89041e-005	0.0535432
		*TM_ROW3 -9.01021	-8.01132	99.9496
		*TM_POS -9.01021	-8.01132	99.9496
		*TM_ROTAXIS 0.687862	-0.01262	-0.725732
		*TM_ROTANGLE 3.16835
		*TM_SCALE 1	1	1
		*TM_SCALEAXIS 0	0	0
		*TM_SCALEAXISANG 0	0	0
	}
}
*HELPEROBJECT {
	*NODE_NAME "Bip01 R Calf"
	*NODE_PARENT "Bip01 R Thigh"
	*NODE_TM {
		*NODE_NAME "Bip01 R Calf"
		*TM_ROW0 -0.0525025	0.197539	-0.978888
		*TM_ROW1 -0.0104967	-0.980295	-0.19726
		*TM_ROW2 -0.998566	-8.16064e-005	0.0535415
		*TM_ROW3 -11.1154	-9.45856	60.6878
		*TM_POS -11.1154	-9.45856	60.6878
		*TM_ROTAXIS 0.686298	0.0684898	-0.724088
		*TM_ROTANGLE 2.99744
		*TM_SCALE 1	1	1
		*TM_SCALEAXIS 0	0	0
		*TM_SCALEAXISANG 0	0	0
	}
}
*HELPEROBJECT {
	*NODE_NAME "Bip01 R Foot"
	*NODE_PARENT "Bip01 R Calf"
	*NODE_TM {
		*NODE_NAME "Bip01 R Foot"
		*TM_ROW0 -5.86373e-007	-7.29557e-006	-1
		*TM_ROW1 -0.173652	-0.984807	7.26572e-006
		*TM_ROW2 -0.984807	0.173652	-5.93781e-007
		*TM_ROW3 -13.6935	0.24065	12.6267
		*TM_POS -13.6935	0.24065	12.6267
		*TM_ROTAXIS 0.705757	-0.0617498	-0.705757
		*TM_ROTANGLE 3.01826
		*TM_SCALE 1	1	1
		*TM_SCALEAXIS 0	0	0
		*TM_SCALEAXISANG 0	0	0
	}
}
*HELPEROBJECT {
	*NODE_NAME "Bip01 R Toe0"
	*NODE_PARENT "Bip01 R Foot"
	*NODE_TM {
		*NODE_NAME "Bip01 R Toe0"
		*TM_ROW0 -0.173651	-0.984807	3.52553e-006
		*TM_ROW1 3.507e-006	3.07854e-006	1
		*TM_ROW2 -0.984807	0.173651	3.0421e-006
		*TM_ROW3 -17.6255	-22.0592	2.91014e-005
		*TM_POS -17.6255	-22.0592	2.91014e-005
		*TM_ROTAXIS -0.510271	0.608121	0.608121
		*TM_ROTANGLE 2.19793
		*TM_SCALE 1	1	1
		*TM_SCALEAXIS 0	0	0
		*TM_SCALEAXISANG 0	0	0
	}
}
*HELPEROBJECT {
	*NODE_NAME "Dummy"
	*NODE_PARENT "Bip01 L Finger0"
	*NODE_TM {
		*NODE_NAME "Dummy"
		*TM_ROW0 -1	-0	0
		*TM_ROW1 -0	-1	0
		*TM_ROW2 -0	-0	1
		*TM_ROW3 29.4428	-14.9691	72.9478
		*TM_POS 29.4428	-14.9691	72.9478
		*TM_ROTAXIS 0	0	-1
		*TM_ROTANGLE 3.14159
		*TM_SCALE 1	1	1
		*TM_SCALEAXIS 0	0	0
		*TM_SCALEAXISANG 0	0	0
	}
}
*HELPEROBJECT {
	*NODE_NAME "Dummy1"
	*NODE_PARENT "Bip01 R Finger0"
	*NODE_TM {
		*NODE_NAME "Dummy1"
		*TM_ROW0 -1	-0	0
		*TM_ROW1 -0	-1	0
		*TM_ROW2 -0	-0	1
		*TM_ROW3 -29.4428	-14.9692	72.9478
		*TM_POS -29.4428	-14.9692	72.9478
		*TM_ROTAXIS 0	0	-1
		*TM_ROTANGLE 3.14159
		*TM_SCALE 1	1	1
		*TM_SCALEAXIS 0	0	0
		*TM_SCALEAXISANG 0	0	0
	}
}
*HELPEROBJECT {
	*NODE_NAME "Dummy2"
	*NODE_PARENT "Bip01 L Toe0"
	*NODE_TM {
		*NODE_NAME "Dummy2"
		*TM_ROW0 -1	-0	0
		*TM_ROW1 -0	-1	0
		*TM_ROW2 -0	-0	1
		*TM_ROW3 19.5916	-33.209	-6.31335
		*TM_POS 19.5916	-33.209	-6.31335
		*TM_ROTAXIS 0	0	-1
		*TM_ROTANGLE 3.14159
		*TM_SCALE 1	1	1
		*TM_SCALEAXIS 0	0	0
		*TM_SCALEAXISANG 0	0	0
	}
}
*HELPEROBJECT {
	*NODE_NAME "Dummy3"
	*NODE_PARENT "Bip01 R Toe0"
	*NODE_TM {
		*NODE_NAME "Dummy3"
		*TM_ROW0 -1	-0	0
		*TM_ROW1 -0	-1	0
		*TM_ROW2 -0	-0	1
		*TM_ROW3 -19.5915	-33.2091	-6.31333
		*TM_POS -19.5915	-33.2091	-6.31333
		*TM_ROTAXIS 0	0	-1
		*TM_ROTANGLE 3.14159
		*TM_SCALE 1	1	1
		*TM_SCALEAXIS 0	0	0
		*TM_SCALEAXISANG 0	0	0
	}
}
*GEOMOBJECT {
	*NODE_NAME "zm_Skin"
	*NODE_PARENT "Bip01"
	*NODE_TM {
		*NODE_NAME "zm_Skin"
		*TM_ROW0 -1	-0	0
		*TM_ROW1 -0	-1	0
		*TM_ROW2 -0	-0	1
		*TM_ROW3 -0	-0	0
		*TM_POS -0	-0	0
		*TM_ROTAXIS 0	0	-1
		*TM_ROTANGLE 3.14159
		*TM_SCALE 1	1	1
		*TM_SCALEAXIS 0	0	0
		*TM_SCALEAXISANG 0	0	0
	}
	*MATERIAL_REF 0
	*MESH_SOFTSKIN {
		*TIMEVALUE 0
		*MESH_NUMVERTEX 347
		*MESH_NUMFACES 654
		*MESH_VERTEX_LIST {
			*MESH_VERTEX 0	17.8375	-18.6723	56.8487
			*MESH_VERTEX 1	11.0735	-16.0506	115.616
			*MESH_VERTEX 2	-18.7071	2.53571	55.7358
			*MESH_VERTEX 3	-23.2567	-13.7384	143.575
			*MESH_VERTEX 4	25.8006	-14.7645	79.267
			*MESH_VERTEX 5	25.4343	4.5533	118.536
			*MESH_VERTEX 6	22.9619	-7.62828	151.091
			*MESH_VERTEX 7	3.13261	2.16881	42.9209
			*MESH_VERTEX 8	10.3618	9.50673	0.168957
			*MESH_VERTEX 9	14.3112	-16.0853	60.0311
			*MESH_VERTEX 10	-12.1711	9.50155	0.0429262
			*MESH_VERTEX 11	-5.31905	2.22989	42.5573
			*MESH_VERTEX 12	-14.9434	-16.8735	59.5457
			*MESH_VERTEX 13	-8.31328	-0.572181	57.99
			*MESH_VERTEX 14	6.20649	-0.301503	58.4671
			*MESH_VERTEX 15	-29.121	-6.60378	78.5138
			*MESH_VERTEX 16	-18.8396	2.45396	138.217
			*MESH_VERTEX 17	-3.56147	0.625956	167.1
			*MESH_VERTEX 18	7.36959	1.91962	158.304
			*MESH_VERTEX 19	-11.3832	-15.7383	115.626
			*MESH_VERTEX 20	-16.1207	-21.4786	56.9891
			*MESH_VERTEX 21	18.6158	4.94152	56.4396
			*MESH_VERTEX 22	22.676	-11.4883	87.4175
			*MESH_VERTEX 23	-10.2962	2.49273	115.731
			*MESH_VERTEX 24	9.89594	2.4783	115.724
			*MESH_VERTEX 25	14.7125	-1.96797	155.366
			*MESH_VERTEX 26	-14.3181	-6.47811	115.105
			*MESH_VERTEX 27	14.3198	-6.48497	115.099
			*MESH_VERTEX 28	-0.00235272	-18.7313	115.078
			*MESH_VERTEX 29	20.7457	-10.3445	141.19
			*MESH_VERTEX 30	-20.7392	-10.3881	141.206
			*MESH_VERTEX 31	21.663	-13.616	82.332
			*MESH_VERTEX 32	0.00177956	-11.495	150.343
			*MESH_VERTEX 33	-4.7256	-7.98066	163.249
			*MESH_VERTEX 34	4.86711	-8.04251	163.287
			*MESH_VERTEX 35	-34.5128	-4.81492	108.748
			*MESH_VERTEX 36	31.5351	1.8946	106.769
			*MESH_VERTEX 37	19.0037	2.30084	138.104
			*MESH_VERTEX 38	27.0241	-0.0100784	144.906
			*MESH_VERTEX 39	-24.6724	2.72232	143.078
			*MESH_VERTEX 40	6.80628	0.0952811	11.9471
			*MESH_VERTEX 41	25.9295	-15.9181	84.3227
			*MESH_VERTEX 42	28.9052	-17.9124	81.6183
			*MESH_VERTEX 43	-21.6663	-13.6032	82.3447
			*MESH_VERTEX 44	-22.6835	-11.4683	87.424
			*MESH_VERTEX 45	-23.0549	-13.8394	78.1527
			*MESH_VERTEX 46	14.1379	0.167295	58.5993
			*MESH_VERTEX 47	-9.08231	0.557739	11.8473
			*MESH_VERTEX 48	-15.9133	-0.687639	58.2254
			*MESH_VERTEX 49	-25.1337	-15.4028	-0.27507
			*MESH_VERTEX 50	-14.6592	-20.3938	0.212733
			*MESH_VERTEX 51	-23.1484	-9.62365	7.27649
			*MESH_VERTEX 52	23.0121	-15.4721	-0.061144
			*MESH_VERTEX 53	12.5303	-20.4588	0.425569
			*MESH_VERTEX 54	21.0021	-9.67275	7.5035
			*MESH_VERTEX 55	3.76123	0.458511	167.106
			*MESH_VERTEX 56	23.0548	-13.8396	78.1527
			*MESH_VERTEX 57	29.1189	-6.60145	78.5304
			*MESH_VERTEX 58	-28.9054	-17.9068	81.6306
			*MESH_VERTEX 59	8.14737	-16.3398	59.569
			*MESH_VERTEX 60	-13.164	-19.489	137.655
			*MESH_VERTEX 61	-9.0259	-16.6788	58.9609
			*MESH_VERTEX 62	22.909	-4.11683	118.146
			*MESH_VERTEX 63	30.7654	-5.11062	119.313
			*MESH_VERTEX 64	34.3618	-9.88584	81.0667
			*MESH_VERTEX 65	13.2094	-19.4394	137.643
			*MESH_VERTEX 66	9.19871	0.629286	115.045
			*MESH_VERTEX 67	-31.465	1.77842	106.815
			*MESH_VERTEX 68	-34.3656	-9.88438	81.0511
			*MESH_VERTEX 69	23.8164	-13.6314	143.594
			*MESH_VERTEX 70	15.319	-6.43797	115.725
			*MESH_VERTEX 71	-25.8007	-14.7643	79.2671
			*MESH_VERTEX 72	-26.3537	-13.313	92.1495
			*MESH_VERTEX 73	-22.8779	-4.021	118.535
			*MESH_VERTEX 74	-17.7605	-20.0744	6.02828
			*MESH_VERTEX 75	15.6057	-20.1212	6.24153
			*MESH_VERTEX 76	-15.365	-6.70784	115.738
			*MESH_VERTEX 77	8.50849	3.24157	125.745
			*MESH_VERTEX 78	-10.314	-15.0964	115.127
			*MESH_VERTEX 79	-9.19388	0.633346	115.049
			*MESH_VERTEX 80	-23.1166	-7.81638	150.952
			*MESH_VERTEX 81	-8.58647	3.18407	125.75
			*MESH_VERTEX 82	4.21096	12.2355	56.125
			*MESH_VERTEX 83	-21.865	-10.708	55.5469
			*MESH_VERTEX 84	-20.5192	1.66927	11.6398
			*MESH_VERTEX 85	-16.6273	-7.00039	11.8431
			*MESH_VERTEX 86	-17.9559	-7.74992	130.314
			*MESH_VERTEX 87	10.2432	6.82732	43.8323
			*MESH_VERTEX 88	18.0592	1.68191	11.7298
			*MESH_VERTEX 89	15.3426	-7.16798	12.1665
			*MESH_VERTEX 90	9.96634	-11.6233	7.59816
			*MESH_VERTEX 91	-12.1183	-11.6033	7.41349
			*MESH_VERTEX 92	-13.1028	6.45482	43.7212
			*MESH_VERTEX 93	-7.31407	1.85484	158.282
			*MESH_VERTEX 94	0.274746	-20.0793	115.69
			*MESH_VERTEX 95	10.3113	-15.1017	115.122
			*MESH_VERTEX 96	-18.6378	6.44202	-2.01393
			*MESH_VERTEX 97	24.2553	2.95373	142.869
			*MESH_VERTEX 98	16.7477	6.39124	-1.77958
			*MESH_VERTEX 99	18.0105	-7.71127	130.218
			*MESH_VERTEX 100	18.3772	-10.6594	133.939
			*MESH_VERTEX 101	17.7712	-14.0438	143.619
			*MESH_VERTEX 102	-19.2964	3.14135	134.522
			*MESH_VERTEX 103	-22.7125	-1.24639	107.636
			*MESH_VERTEX 104	-18.429	-10.6648	134.079
			*MESH_VERTEX 105	-17.2754	-13.8056	143.345
			*MESH_VERTEX 106	-21.0548	2.01703	42.9431
			*MESH_VERTEX 107	6.72103	4.62433	-1.73528
			*MESH_VERTEX 108	-26.1467	-8.33937	91.2566
			*MESH_VERTEX 109	0.000740807	6.83358	154.048
			*MESH_VERTEX 110	-27.2094	-0.427523	145.162
			*MESH_VERTEX 111	21.2675	4.55847	148.989
			*MESH_VERTEX 112	-8.62445	4.60312	-1.82515
			*MESH_VERTEX 113	-25.9341	-15.9021	84.3358
			*MESH_VERTEX 114	-14.7154	-2.02659	155.392
			*MESH_VERTEX 115	-21.1865	4.36734	149.308
			*MESH_VERTEX 116	26.3511	-13.3222	92.1315
			*MESH_VERTEX 117	26.1468	-8.33956	91.2579
			*MESH_VERTEX 118	-0.238899	-5.1709	62.1224
			*MESH_VERTEX 119	-6.41136	-4.53682	164.964
			*MESH_VERTEX 120	22.7844	-1.11375	107.631
			*MESH_VERTEX 121	-30.7623	-5.05675	119.474
			*MESH_VERTEX 122	15.7921	-21.5527	0.51742
			*MESH_VERTEX 123	-17.9192	-21.4764	0.309148
			*MESH_VERTEX 124	0.00284769	2.84288	115.028
			*MESH_VERTEX 125	6.45403	-4.77681	164.942
			*MESH_VERTEX 126	4.19286	-5.54718	57.729
			*MESH_VERTEX 127	29.2079	-6.2973	86.961
			*MESH_VERTEX 128	32.8344	0.630659	116.846
			*MESH_VERTEX 129	30.401	-6.15875	136.211
			*MESH_VERTEX 130	-10.058	-13.0681	51.5787
			*MESH_VERTEX 131	-24.4465	-16.0168	78.7419
			*MESH_VERTEX 132	24.4465	-16.017	78.7418
			*MESH_VERTEX 133	21.3968	-6.22174	55.9166
			*MESH_VERTEX 134	28.0529	-4.84338	84.0767
			*MESH_VERTEX 135	-29.2032	-6.31104	86.9454
			*MESH_VERTEX 136	-28.063	-4.82859	84.064
			*MESH_VERTEX 137	-15.3781	-6.88948	124.949
			*MESH_VERTEX 138	0.0256364	-21.3957	138.443
			*MESH_VERTEX 139	19.4927	3.1013	134.653
			*MESH_VERTEX 140	15.3759	-6.85864	124.94
			*MESH_VERTEX 141	24.2054	-12.7075	78.4698
			*MESH_VERTEX 142	-24.2055	-12.7072	78.4699
			*MESH_VERTEX 143	-32.3602	-10.6508	92.0477
			*MESH_VERTEX 144	-32.8167	0.525042	116.677
			*MESH_VERTEX 145	6.24705	-3.72633	157.727
			*MESH_VERTEX 146	-6.18356	-3.78102	157.709
			*MESH_VERTEX 147	-13.8941	7.20491	13.5021
			*MESH_VERTEX 148	-5.21948	9.71797	100.529
			*MESH_VERTEX 149	9.09561	-12.6341	51.8769
			*MESH_VERTEX 150	-6.8251	-5.83132	57.3111
			*MESH_VERTEX 151	-26.8426	-6.09826	119.118
			*MESH_VERTEX 152	-30.3559	-5.90671	136.253
			*MESH_VERTEX 153	11.4743	7.06721	13.5751
			*MESH_VERTEX 154	18.2214	2.84966	42.8296
			*MESH_VERTEX 155	-17.0437	-6.0938	58.0164
			*MESH_VERTEX 156	26.8818	-6.17627	118.725
			*MESH_VERTEX 157	3.98363	9.76882	100.797
			*MESH_VERTEX 158	-26.1115	3.3449	115.636
			*MESH_VERTEX 159	-0.0160019	8.99801	138.527
			*MESH_VERTEX 160	-32.4289	-7.11806	86.3689
			*MESH_VERTEX 161	35.1053	-0.259322	107.482
			*MESH_VERTEX 162	-10.1784	3.1271	108.368
			*MESH_VERTEX 163	10.2265	3.58263	108.372
			*MESH_VERTEX 164	15.6539	-5.16274	58.2014
			*MESH_VERTEX 165	-14.7482	3.16003	100.018
			*MESH_VERTEX 166	-0.0215147	1.83481	167.541
			*MESH_VERTEX 167	-25.6407	4.88877	138.038
			*MESH_VERTEX 168	-5.52723	-22.748	56.9053
			*MESH_VERTEX 169	34.5793	-4.68926	108.73
			*MESH_VERTEX 170	31.585	-6.54236	90.7085
			*MESH_VERTEX 171	32.3604	-10.6493	92.0468
			*MESH_VERTEX 172	9.24009	-16.8247	125.064
			*MESH_VERTEX 173	14.2814	-16.7057	143.427
			*MESH_VERTEX 174	-4.92842	10.2979	55.3829
			*MESH_VERTEX 175	0.285458	4.61603	115.61
			*MESH_VERTEX 176	-9.23353	-16.8318	125.067
			*MESH_VERTEX 177	-23.5264	-15.921	83.7562
			*MESH_VERTEX 178	-16.2339	-5.90663	14.0323
			*MESH_VERTEX 179	-15.6769	-13.2807	51.7234
			*MESH_VERTEX 180	-20.762	-4.55985	43.6858
			*MESH_VERTEX 181	-35.037	-0.37557	107.527
			*MESH_VERTEX 182	25.8901	4.66936	138.203
			*MESH_VERTEX 183	14.812	-5.80463	108.149
			*MESH_VERTEX 184	19.2707	-6.20549	90.7893
			*MESH_VERTEX 185	32.3138	-3.0265	117.55
			*MESH_VERTEX 186	0.237815	-7.55429	117.946
			*MESH_VERTEX 187	24.4299	-14.6675	88.7868
			*MESH_VERTEX 188	23.5226	-15.9368	83.7393
			*MESH_VERTEX 189	-24.437	-14.6491	88.7898
			*MESH_VERTEX 190	-14.2627	-16.7326	143.438
			*MESH_VERTEX 191	0.15941	5.20245	108.004
			*MESH_VERTEX 192	-4.88491	-4.43492	43.2678
			*MESH_VERTEX 193	15.049	-5.86397	14.3147
			*MESH_VERTEX 194	0.114758	-9.35534	162.391
			*MESH_VERTEX 195	-32.2832	-3.10134	117.524
			*MESH_VERTEX 196	-25.555	2.23211	106.706
			*MESH_VERTEX 197	16.1168	6.3318	137.365
			*MESH_VERTEX 198	17.4963	-0.52566	130.893
			*MESH_VERTEX 199	-15.2526	-5.75966	108.148
			*MESH_VERTEX 200	-0.0137798	3.66843	125.216
			*MESH_VERTEX 201	-27.9975	-17.4649	80.038
			*MESH_VERTEX 202	14.0886	-12.4505	51.8146
			*MESH_VERTEX 203	18.3513	-3.42799	43.6967
			*MESH_VERTEX 204	27.9975	-17.4651	80.0379
			*MESH_VERTEX 205	22.6673	-12.6388	136.725
			*MESH_VERTEX 206	-32.0529	-8.43851	109.82
			*MESH_VERTEX 207	-30.0815	-13.3751	92.7104
			*MESH_VERTEX 208	-27.0731	-9.52962	110.004
			*MESH_VERTEX 209	-14.5377	1.32917	154.137
			*MESH_VERTEX 210	-22.219	-7.02628	109.245
			*MESH_VERTEX 211	-16.0895	6.35208	137.445
			*MESH_VERTEX 212	-23.7223	-0.585623	116.194
			*MESH_VERTEX 213	22.2887	-6.88226	109.272
			*MESH_VERTEX 214	32.1188	-8.30194	109.83
			*MESH_VERTEX 215	30.079	-13.3762	92.712
			*MESH_VERTEX 216	27.1401	-9.38563	110.033
			*MESH_VERTEX 217	14.5427	1.37276	154.069
			*MESH_VERTEX 218	25.6274	2.35535	106.676
			*MESH_VERTEX 219	-17.5347	-0.611561	130.909
			*MESH_VERTEX 220	-5.65489	-19.554	140.417
			*MESH_VERTEX 221	0.0402431	-20.8433	132.406
			*MESH_VERTEX 222	5.69058	-19.5377	140.412
			*MESH_VERTEX 223	-17.8506	-1.60039	132.08
			*MESH_VERTEX 224	26.5792	-7.82398	145.086
			*MESH_VERTEX 225	-26.3098	-8.16844	145.227
			*MESH_VERTEX 226	0.156936	-20.0967	108.186
			*MESH_VERTEX 227	6.29495	-21.6772	56.8518
			*MESH_VERTEX 228	32.4212	-7.12729	86.3835
			*MESH_VERTEX 229	23.7627	-0.52588	116.153
			*MESH_VERTEX 230	17.9702	-1.58601	132.115
			*MESH_VERTEX 231	15.4157	-12.0399	148.025
			*MESH_VERTEX 232	-17.9151	-6.44325	153.626
			*MESH_VERTEX 233	-22.8185	-12.5092	136.864
			*MESH_VERTEX 234	-31.582	-6.54559	90.7111
			*MESH_VERTEX 235	30.0886	4.28433	119.277
			*MESH_VERTEX 236	26.1288	3.44007	115.796
			*MESH_VERTEX 237	13.8624	3.48195	100.736
			*MESH_VERTEX 238	33.5244	-9.22498	79.8306
			*MESH_VERTEX 239	-33.5268	-9.22632	79.8149
			*MESH_VERTEX 240	-28.8957	1.64468	138.242
			*MESH_VERTEX 241	-24.8633	-9.65722	-0.783529
			*MESH_VERTEX 242	3.15233	-4.16814	43.7569
			*MESH_VERTEX 243	25.3278	-8.52102	122.194
			*MESH_VERTEX 244	22.7612	-9.72532	-0.55794
			*MESH_VERTEX 245	-19.887	-4.93626	139.663
			*MESH_VERTEX 246	-18.9184	-2.39681	136.119
			*MESH_VERTEX 247	-25.25	-8.61001	122.229
			*MESH_VERTEX 248	-30.436	3.12984	116.046
			*MESH_VERTEX 249	-25.5308	4.6067	118.185
			*MESH_VERTEX 250	29.0751	1.35874	138.352
			*MESH_VERTEX 251	-11.4469	-16.2762	107.857
			*MESH_VERTEX 252	-18.2513	-6.25486	99.7028
			*MESH_VERTEX 253	2.27654	7.18824	135.622
			*MESH_VERTEX 254	4.62328	6.48232	131.619
			*MESH_VERTEX 255	12.1159	6.5055	152.189
			*MESH_VERTEX 256	17.6094	3.59758	152.042
			*MESH_VERTEX 257	-2.31806	7.18223	135.624
			*MESH_VERTEX 258	-4.68354	6.46382	131.623
			*MESH_VERTEX 259	-15.5665	-12.1245	147.768
			*MESH_VERTEX 260	28.8437	-5.61618	90.4997
			*MESH_VERTEX 261	17.948	-6.27578	153.69
			*MESH_VERTEX 262	11.4807	-16.2694	107.857
			*MESH_VERTEX 263	23.456	-4.34157	116.855
			*MESH_VERTEX 264	-1.27584	8.20588	142.036
			*MESH_VERTEX 265	-28.8404	-5.61618	90.5094
			*MESH_VERTEX 266	-23.402	-4.37311	117.036
			*MESH_VERTEX 267	15.1175	3.36327	90.1246
			*MESH_VERTEX 268	-5.71553	-20.2886	90.4519
			*MESH_VERTEX 269	-5.61379	-19.9384	134.865
			*MESH_VERTEX 270	5.67392	-19.9107	134.86
			*MESH_VERTEX 271	-18.3784	0.929818	152.972
			*MESH_VERTEX 272	32.7924	1.42937	119.539
			*MESH_VERTEX 273	18.3884	1.02603	152.865
			*MESH_VERTEX 274	-12.0935	6.51412	152.271
			*MESH_VERTEX 275	-17.5957	3.55275	152.178
			*MESH_VERTEX 276	5.75667	-19.7905	90.5916
			*MESH_VERTEX 277	17.6991	-5.88924	100.476
			*MESH_VERTEX 278	0.00255076	-19.4362	125.688
			*MESH_VERTEX 279	-4.21184	10.4105	89.0388
			*MESH_VERTEX 280	-9.62267	-15.0727	145.595
			*MESH_VERTEX 281	-8.87553	-10.6438	150.9
			*MESH_VERTEX 282	30.7001	-5.21483	117.745
			*MESH_VERTEX 283	19.9107	-4.94542	139.654
			*MESH_VERTEX 284	19.0251	-2.43122	136.137
			*MESH_VERTEX 285	16.8216	-8.77146	130.704
			*MESH_VERTEX 286	17.3496	-6.34589	130.568
			*MESH_VERTEX 287	-30.6576	-5.26996	117.825
			*MESH_VERTEX 288	-16.818	-8.86987	130.718
			*MESH_VERTEX 289	-18.4846	-4.57532	153.914
			*MESH_VERTEX 290	-17.3602	-6.44415	130.582
			*MESH_VERTEX 291	9.63145	-15.0619	145.593
			*MESH_VERTEX 292	8.85586	-10.6511	150.883
			*MESH_VERTEX 293	3.8071	-19.9859	99.7486
			*MESH_VERTEX 294	32.3156	-2.90474	119.573
			*MESH_VERTEX 295	-32.8866	1.44739	119.128
			*MESH_VERTEX 296	-32.3526	-2.86349	119.505
			*MESH_VERTEX 297	3.46444	10.8841	89.3006
			*MESH_VERTEX 298	-30.2043	4.31492	118.784
			*MESH_VERTEX 299	27.1563	-10.6035	134.432
			*MESH_VERTEX 300	-12.4379	-11.4586	149.22
			*MESH_VERTEX 301	-3.58865	-19.8747	99.8575
			*MESH_VERTEX 302	13.3917	-15.1769	100.049
			*MESH_VERTEX 303	18.5136	-4.40468	153.927
			*MESH_VERTEX 304	-3.04454	8.19291	138.468
			*MESH_VERTEX 305	30.4443	3.24212	116.284
			*MESH_VERTEX 306	-15.7982	2.54692	89.4773
			*MESH_VERTEX 307	-19.563	-7.09727	90.4256
			*MESH_VERTEX 308	27.0287	-6.31537	117.591
			*MESH_VERTEX 309	1.20499	8.19875	141.985
			*MESH_VERTEX 310	3.01323	8.19847	138.465
			*MESH_VERTEX 311	-13.696	-15.4851	99.7723
			*MESH_VERTEX 312	11.2539	-18.4254	131.297
			*MESH_VERTEX 313	-11.1851	-18.4996	131.305
			*MESH_VERTEX 314	12.3212	-10.7813	115.111
			*MESH_VERTEX 315	8.84563	8.08093	144.366
			*MESH_VERTEX 316	-27.1751	-10.4428	134.572
			*MESH_VERTEX 317	12.4105	-11.4055	149.356
			*MESH_VERTEX 318	-26.9753	-6.34816	117.775
			*MESH_VERTEX 319	-12.3216	-10.7752	115.116
			*MESH_VERTEX 320	-8.84958	8.07021	144.398
			*MESH_VERTEX 321	14.0309	-15.8843	90.4138
			*MESH_VERTEX 322	-23.0215	-0.159476	118.205
			*MESH_VERTEX 323	-23.6796	-10.8197	131.501
			*MESH_VERTEX 324	22.9999	-0.240428	118.117
			*MESH_VERTEX 325	23.6968	-10.8639	131.338
			*MESH_VERTEX 326	13.3821	-4.61224	155.325
			*MESH_VERTEX 327	-13.9983	-16.5942	90.5497
			*MESH_VERTEX 328	-13.3937	-4.64006	155.324
			*MESH_VERTEX 329	-13.6406	-10.1892	150.174
			*MESH_VERTEX 330	-0.00880811	8.17304	142.49
			*MESH_VERTEX 331	-12.2838	4.81666	131.296
			*MESH_VERTEX 332	11.1685	-7.486	152.908
			*MESH_VERTEX 333	12.2268	4.86868	131.286
			*MESH_VERTEX 334	13.6256	-10.1242	150.301
			*MESH_VERTEX 335	-15.8698	5.85283	150.804
			*MESH_VERTEX 336	12.2625	-3.62694	115.078
			*MESH_VERTEX 337	15.8983	5.84363	150.674
			*MESH_VERTEX 338	-11.2061	-7.54572	152.877
			*MESH_VERTEX 339	-12.2595	-3.62126	115.082
			*MESH_VERTEX 340	-6.34543	-13.813	147.294
			*MESH_VERTEX 341	6.34822	-13.8064	147.287
			*MESH_VERTEX 342	0.00853695	-16.653	144.135
			*MESH_VERTEX 343	-3.55662	-16.5323	144.131
			*MESH_VERTEX 344	6.36129	-19.4852	131.783
			*MESH_VERTEX 345	3.57343	-16.5262	144.128
			*MESH_VERTEX 346	-6.28721	-19.526	131.788
		}
		*MESH_FACE_LIST {
			*MESH_FACE    0:    A:    174 B:    2 C:    279 AB:    1 BC:    1 CA:    1	 *MESH_SMOOTHING 1 	*MESH_MTLID 0
			*MESH_FACE    1:    A:    276 B:    168 C:    227 AB:    1 BC:    1 CA:    1	 *MESH_SMOOTHING 1 	*MESH_MTLID 0
			*MESH_FACE    2:    A:    77 B:    200 C:    254 AB:    1 BC:    1 CA:    1	 *MESH_SMOOTHING 1 	*MESH_MTLID 0
			*MESH_FACE    3:    A:    213 B:    120 C:    116 AB:    1 BC:    1 CA:    1	 *MESH_SMOOTHING 1 	*MESH_MTLID 0
			*MESH_FACE    4:    A:    95 B:    278 C:    28 AB:    1 BC:    1 CA:    1	 *MESH_SMOOTHING 1 	*MESH_MTLID 0
			*MESH_FACE    5:    A:    203 B:    202 C:    88 AB:    1 BC:    1 CA:    1	 *MESH_SMOOTHING 1 	*MESH_MTLID 0
			*MESH_FACE    6:    A:    40 B:    149 C:    242 AB:    1 BC:    1 CA:    1	 *MESH_SMOOTHING 1 	*MESH_MTLID 0
			*MESH_FACE    7:    A:    180 B:    106 C:    84 AB:    1 BC:    1 CA:    1	 *MESH_SMOOTHING 1 	*MESH_MTLID 0
			*MESH_FACE    8:    A:    130 B:    47 C:    192 AB:    1 BC:    1 CA:    1	 *MESH_SMOOTHING 1 	*MESH_MTLID 0
			*MESH_FACE    9:    A:    11 B:    192 C:    47 AB:    1 BC:    1 CA:    1	 *MESH_SMOOTHING 1 	*MESH_MTLID 0
			*MESH_FACE    10:    A:    147 B:    92 C:    11 AB:    1 BC:    1 CA:    1	 *MESH_SMOOTHING 1 	*MESH_MTLID 0
			*MESH_FACE    11:    A:    242 B:    7 C:    40 AB:    1 BC:    1 CA:    1	 *MESH_SMOOTHING 1 	*MESH_MTLID 0
			*MESH_FACE    12:    A:    87 B:    153 C:    7 AB:    1 BC:    1 CA:    1	 *MESH_SMOOTHING 1 	*MESH_MTLID 0
			*MESH_FACE    13:    A:    200 B:    66 C:    124 AB:    1 BC:    1 CA:    1	 *MESH_SMOOTHING 1 	*MESH_MTLID 0
			*MESH_FACE    14:    A:    208 B:    207 C:    72 AB:    1 BC:    1 CA:    1	 *MESH_SMOOTHING 1 	*MESH_MTLID 0
			*MESH_FACE    15:    A:    20 B:    268 C:    327 AB:    1 BC:    1 CA:    1	 *MESH_SMOOTHING 1 	*MESH_MTLID 0
			*MESH_FACE    16:    A:    321 B:    0 C:    184 AB:    1 BC:    1 CA:    1	 *MESH_SMOOTHING 1 	*MESH_MTLID 0
			*MESH_FACE    17:    A:    20 B:    327 C:    83 AB:    1 BC:    1 CA:    1	 *MESH_SMOOTHING 1 	*MESH_MTLID 0
			*MESH_FACE    18:    A:    168 B:    118 C:    227 AB:    1 BC:    1 CA:    1	 *MESH_SMOOTHING 1 	*MESH_MTLID 0
			*MESH_FACE    19:    A:    0 B:    133 C:    184 AB:    1 BC:    1 CA:    1	 *MESH_SMOOTHING 1 	*MESH_MTLID 0
			*MESH_FACE    20:    A:    118 B:    133 C:    0 AB:    1 BC:    1 CA:    1	 *MESH_SMOOTHING 1 	*MESH_MTLID 0
			*MESH_FACE    21:    A:    120 B:    117 C:    116 AB:    1 BC:    1 CA:    1	 *MESH_SMOOTHING 1 	*MESH_MTLID 0
			*MESH_FACE    22:    A:    120 B:    260 C:    117 AB:    1 BC:    1 CA:    1	 *MESH_SMOOTHING 1 	*MESH_MTLID 0
			*MESH_FACE    23:    A:    307 B:    306 C:    83 AB:    1 BC:    1 CA:    1	 *MESH_SMOOTHING 1 	*MESH_MTLID 0
			*MESH_FACE    24:    A:    19 B:    94 C:    186 AB:    1 BC:    1 CA:    1	 *MESH_SMOOTHING 1 	*MESH_MTLID 0
			*MESH_FACE    25:    A:    279 B:    297 C:    82 AB:    1 BC:    1 CA:    1	 *MESH_SMOOTHING 1 	*MESH_MTLID 0
			*MESH_FACE    26:    A:    23 B:    76 C:    186 AB:    1 BC:    1 CA:    1	 *MESH_SMOOTHING 1 	*MESH_MTLID 0
			*MESH_FACE    27:    A:    221 B:    346 C:    176 AB:    1 BC:    1 CA:    1	 *MESH_SMOOTHING 1 	*MESH_MTLID 0
			*MESH_FACE    28:    A:    200 B:    77 C:    66 AB:    1 BC:    1 CA:    1	 *MESH_SMOOTHING 1 	*MESH_MTLID 0
			*MESH_FACE    29:    A:    208 B:    206 C:    207 AB:    1 BC:    1 CA:    1	 *MESH_SMOOTHING 1 	*MESH_MTLID 0
			*MESH_FACE    30:    A:    36 B:    260 C:    218 AB:    1 BC:    1 CA:    1	 *MESH_SMOOTHING 1 	*MESH_MTLID 0
			*MESH_FACE    31:    A:    153 B:    40 C:    7 AB:    1 BC:    1 CA:    1	 *MESH_SMOOTHING 1 	*MESH_MTLID 0
			*MESH_FACE    32:    A:    193 B:    149 C:    40 AB:    1 BC:    1 CA:    1	 *MESH_SMOOTHING 1 	*MESH_MTLID 0
			*MESH_FACE    33:    A:    161 B:    169 C:    171 AB:    1 BC:    1 CA:    1	 *MESH_SMOOTHING 1 	*MESH_MTLID 0
			*MESH_FACE    34:    A:    108 B:    265 C:    103 AB:    1 BC:    1 CA:    1	 *MESH_SMOOTHING 1 	*MESH_MTLID 0
			*MESH_FACE    35:    A:    72 B:    103 C:    210 AB:    1 BC:    1 CA:    1	 *MESH_SMOOTHING 1 	*MESH_MTLID 0
			*MESH_FACE    36:    A:    7 B:    14 C:    87 AB:    1 BC:    1 CA:    1	 *MESH_SMOOTHING 1 	*MESH_MTLID 0
			*MESH_FACE    37:    A:    47 B:    147 C:    11 AB:    1 BC:    1 CA:    1	 *MESH_SMOOTHING 1 	*MESH_MTLID 0
			*MESH_FACE    38:    A:    130 B:    178 C:    47 AB:    1 BC:    1 CA:    1	 *MESH_SMOOTHING 1 	*MESH_MTLID 0
			*MESH_FACE    39:    A:    11 B:    92 C:    13 AB:    1 BC:    1 CA:    1	 *MESH_SMOOTHING 1 	*MESH_MTLID 0
			*MESH_FACE    40:    A:    106 B:    147 C:    84 AB:    1 BC:    1 CA:    1	 *MESH_SMOOTHING 1 	*MESH_MTLID 0
			*MESH_FACE    41:    A:    50 B:    112 C:    91 AB:    1 BC:    1 CA:    1	 *MESH_SMOOTHING 1 	*MESH_MTLID 0
			*MESH_FACE    42:    A:    50 B:    241 C:    96 AB:    1 BC:    1 CA:    1	 *MESH_SMOOTHING 1 	*MESH_MTLID 0
			*MESH_FACE    43:    A:    51 B:    74 C:    91 AB:    1 BC:    1 CA:    1	 *MESH_SMOOTHING 1 	*MESH_MTLID 0
			*MESH_FACE    44:    A:    49 B:    74 C:    51 AB:    1 BC:    1 CA:    1	 *MESH_SMOOTHING 1 	*MESH_MTLID 0
			*MESH_FACE    45:    A:    241 B:    51 C:    96 AB:    1 BC:    1 CA:    1	 *MESH_SMOOTHING 1 	*MESH_MTLID 0
			*MESH_FACE    46:    A:    153 B:    154 C:    88 AB:    1 BC:    1 CA:    1	 *MESH_SMOOTHING 1 	*MESH_MTLID 0
			*MESH_FACE    47:    A:    53 B:    90 C:    107 AB:    1 BC:    1 CA:    1	 *MESH_SMOOTHING 1 	*MESH_MTLID 0
			*MESH_FACE    48:    A:    53 B:    98 C:    244 AB:    1 BC:    1 CA:    1	 *MESH_SMOOTHING 1 	*MESH_MTLID 0
