*3DSMAX_ASCIIEXPORT	110
*COMMENT "[ GothicSourcer v3.14 ] - June 2007"
*SCENE {
	*SCENE_FILENAME "HUM_TPLM_ARMOR.MAX"
	*SCENE_FIRSTFRAME 0
	*SCENE_LASTFRAME 100
	*SCENE_FRAMESPEED 25
	*SCENE_TICKSPERFRAME 192
	*SCENE_BACKGROUND_STATIC 0	0	0
	*SCENE_AMBIENT_STATIC 0.2	0.2	0.2
}
*MATERIAL_LIST {
	*MATERIAL_COUNT 1
	*MATERIAL 0 {
		*MATERIAL_NAME "Compound Material #1"
		*MATERIAL_CLASS "Multi/Sub-Object"
		*NUMSUBMTLS 2
		*SUBMATERIAL 0 {
			*MATERIAL_NAME "RUESTUNG"
			*MATERIAL_CLASS "Standard"
			*MATERIAL_AMBIENT 0.133333	0.121569	0.113725
			*MATERIAL_DIFFUSE 0.133333	0.121569	0.113725
			*MATERIAL_SPECULAR 0.9	0.9	0.9
			*MATERIAL_SHINE 0.1
			*MATERIAL_SHINESTRENGTH 0
			*MATERIAL_TRANSPARENCY 0
			*MATERIAL_WIRESIZE 1
			*MATERIAL_SHADING Blinn
			*MATERIAL_XP_FALLOFF 0
			*MATERIAL_SELFILLUM 0
			*MATERIAL_FALLOFF In
			*MATERIAL_XP_TYPE Filter
			*MAP_DIFFUSE {
				*MAP_NAME "Map #1-1"
				*MAP_CLASS "Bitmap"
				*MAP_SUBNO 1
				*MAP_AMOUNT 1
				*BITMAP "HUM_TPLM_ARMOR_V0.TGA"
				*MAP_TYPE Screen
				*UVW_U_OFFSET 0
				*UVW_V_OFFSET 0
				*UVW_U_TILING 1
				*UVW_V_TILING 1
				*UVW_ANGLE 0
				*UVW_BLUR 1
				*UVW_BLUR_OFFSET 0
				*UVW_NOUSE_AMT 1
				*UVW_NOISE_SIZE 1
				*UVW_NOISE_LEVEL 1
				*UVW_NOISE_PHASE 0
				*BITMAP_FILTER Pyramidal
			}
		}
		*SUBMATERIAL 1 {
			*MATERIAL_NAME "HAUT-TATOOS"
			*MATERIAL_CLASS "Standard"
			*MATERIAL_AMBIENT 0.509804	0.407843	0.305882
			*MATERIAL_DIFFUSE 0.509804	0.407843	0.305882
			*MATERIAL_SPECULAR 0.9	0.9	0.9
			*MATERIAL_SHINE 0.1
			*MATERIAL_SHINESTRENGTH 0
			*MATERIAL_TRANSPARENCY 0
			*MATERIAL_WIRESIZE 1
			*MATERIAL_SHADING Blinn
			*MATERIAL_XP_FALLOFF 0
			*MATERIAL_SELFILLUM 0
			*MATERIAL_FALLOFF In
			*MATERIAL_XP_TYPE Filter
			*MAP_DIFFUSE {
				*MAP_NAME "Map #1-2"
				*MAP_CLASS "Bitmap"
				*MAP_SUBNO 1
				*MAP_AMOUNT 1
				*BITMAP "HUM_BODY_NAKED_V0_C0.TGA"
				*MAP_TYPE Screen
				*UVW_U_OFFSET 0
				*UVW_V_OFFSET 0
				*UVW_U_TILING 1
				*UVW_V_TILING 1
				*UVW_ANGLE 0
				*UVW_BLUR 1
				*UVW_BLUR_OFFSET 0
				*UVW_NOUSE_AMT 1
				*UVW_NOISE_SIZE 1
				*UVW_NOISE_LEVEL 1
				*UVW_NOISE_PHASE 0
				*BITMAP_FILTER Pyramidal
			}
		}
	}
}
*HELPEROBJECT {
	*NODE_NAME "Bip01"
	*NODE_TM {
		*NODE_NAME "Bip01"
		*TM_ROW0 6.27438e-006	-1	0
		*TM_ROW1 1	6.27438e-006	0
		*TM_ROW2 -0	-0	1
		*TM_ROW3 0	-7.37745	99.9496
		*TM_POS 0	-7.37745	99.9496
		*TM_ROTAXIS 0	0	1
		*TM_ROTANGLE 1.57079
		*TM_SCALE 1	1	1
		*TM_SCALEAXIS 0	0	0
		*TM_SCALEAXISANG 0	0	0
	}
}
*HELPEROBJECT {
	*NODE_NAME "Bip01 Pelvis"
	*NODE_PARENT "Bip01"
	*NODE_TM {
		*NODE_NAME "Bip01 Pelvis"
		*TM_ROW0 -5.96046e-008	1.79264e-006	1
		*TM_ROW1 -1.79264e-006	-1	1.79264e-006
		*TM_ROW2 1	-1.79264e-006	-5.96046e-008
		*TM_ROW3 1e-005	-8.0113	99.9496
		*TM_POS 1e-005	-8.0113	99.9496
		*TM_ROTAXIS 0.707107	0	0.707107
		*TM_ROTANGLE 3.1416
		*TM_SCALE 1	1	1
		*TM_SCALEAXIS 0	0	0
		*TM_SCALEAXISANG 0	0	0
	}
}
*HELPEROBJECT {
	*NODE_NAME "Bip01 Spine"
	*NODE_PARENT "Bip01 Pelvis"
	*NODE_TM {
		*NODE_NAME "Bip01 Spine"
		*TM_ROW0 5.96047e-008	-0.0205947	0.999788
		*TM_ROW1 5.48642e-006	-0.999788	-0.0205947
		*TM_ROW2 1	5.48642e-006	5.96047e-008
		*TM_ROW3 1e-005	-7.92216	102.35
		*TM_POS 1e-005	-7.92216	102.35
		*TM_ROTAXIS 0.707088	-0.00727998	0.707088
		*TM_ROTANGLE 3.12703
		*TM_SCALE 1	1	1
		*TM_SCALEAXIS 0	0	0
		*TM_SCALEAXISANG 0	0	0
	}
}
*HELPEROBJECT {
	*NODE_NAME "Bip01 Spine1"
	*NODE_PARENT "Bip01 Spine"
	*NODE_TM {
		*NODE_NAME "Bip01 Spine1"
		*TM_ROW0 5.96047e-008	-0.00276992	0.999996
		*TM_ROW1 -1.92621e-006	-0.999996	-0.00276991
		*TM_ROW2 1	-1.92621e-006	5.96047e-008
		*TM_ROW3 1e-005	-8.11442	112.175
		*TM_POS 1e-005	-8.11442	112.175
		*TM_ROTAXIS 0.707106	-0.000979995	0.707107
		*TM_ROTANGLE 3.13964
		*TM_SCALE 1	1	1
		*TM_SCALEAXIS 0	0	0
		*TM_SCALEAXISANG 0	0	0
	}
}
*HELPEROBJECT {
	*NODE_NAME "Bip01 Spine2"
	*NODE_PARENT "Bip01 Spine1"
	*NODE_TM {
		*NODE_NAME "Bip01 Spine2"
		*TM_ROW0 5.96048e-008	0.180243	0.983622
		*TM_ROW1 1.67638e-006	-0.983622	0.180243
		*TM_ROW2 1	1.67638e-006	5.96047e-008
		*TM_ROW3 1e-005	-8.1264	124.961
		*TM_POS 1e-005	-8.1264	124.961
		*TM_ROTAXIS 0.705652	0.0641202	0.705652
		*TM_ROTANGLE 3.26966
		*TM_SCALE 1	1	1
		*TM_SCALEAXIS 0	0	0
		*TM_SCALEAXISANG 0	0	0
	}
}
*HELPEROBJECT {
	*NODE_NAME "Bip01 Neck"
	*NODE_PARENT "Bip01 Spine2"
	*NODE_TM {
		*NODE_NAME "Bip01 Neck"
		*TM_ROW0 5.96046e-007	-0.167043	0.98595
		*TM_ROW1 4.70132e-006	-0.98595	-0.167043
		*TM_ROW2 1	4.70132e-006	5.96047e-007
		*TM_ROW3 1.03264e-011	-2.71656	154.454
		*TM_POS 1.03264e-011	-2.71656	154.454
		*TM_ROTAXIS -0.70586	0.05937	-0.705859
		*TM_ROTANGLE 3.2602
		*TM_SCALE 1	1	1
		*TM_SCALEAXIS 0	0	0
		*TM_SCALEAXISANG 0	0	0
	}
}
*HELPEROBJECT {
	*NODE_NAME "Bip01 Head"
	*NODE_PARENT "Bip01 Neck"
	*NODE_TM {
		*NODE_NAME "Bip01 Head"
		*TM_ROW0 -5.96047e-008	1.76447e-006	1
		*TM_ROW1 -1.79264e-006	-1	1.80855e-006
		*TM_ROW2 1	-1.79264e-006	-5.96046e-008
		*TM_ROW3 2.27758e-011	-3.85901	161.198
		*TM_POS 2.27758e-011	-3.85901	161.198
		*TM_ROTAXIS -0.707107	-5.62215e-009	-0.707107
		*TM_ROTANGLE 3.14159
		*TM_SCALE 1	1	1
		*TM_SCALEAXIS 0	0	0
		*TM_SCALEAXISANG 0	0	0
	}
}
*HELPEROBJECT {
	*NODE_NAME "ZS_HELMET"
	*NODE_PARENT "Bip01 Head"
	*NODE_TM {
		*NODE_NAME "ZS_HELMET"
		*TM_ROW0 1	7.87298e-013	7.61567e-014
		*TM_ROW1 -1.53811e-013	0.996917	-0.0784593
		*TM_ROW2 -5.53111e-014	0.0784593	0.996918
		*TM_ROW3 1e-005	-7.06248	173.704
		*TM_POS 1e-005	-7.06248	173.704
		*TM_ROTAXIS 1	8.37809e-013	-5.99744e-012
		*TM_ROTANGLE 0.078541
		*TM_SCALE 1	1	1
		*TM_SCALEAXIS 0	0	0
		*TM_SCALEAXISANG 0	0	0
	}
}
*HELPEROBJECT {
	*NODE_NAME "Bip01 L Clavicle"
	*NODE_PARENT "Bip01 Neck"
	*NODE_TM {
		*NODE_NAME "Bip01 L Clavicle"
		*TM_ROW0 0.935229	-0.203893	-0.289439
		*TM_ROW1 0.156435	0.971369	-0.178803
		*TM_ROW2 0.317608	0.121943	0.940348
		*TM_ROW3 7.96399	-1.25804	148.729
		*TM_POS 7.96399	-1.25804	148.729
		*TM_ROTAXIS 0.391939	-0.791119	0.469589
		*TM_ROTANGLE 0.39376
		*TM_SCALE 1	1	1
		*TM_SCALEAXIS 0	0	0
		*TM_SCALEAXISANG 0	0	0
	}
}
*HELPEROBJECT {
	*NODE_NAME "Bip01 L UpperArm"
	*NODE_PARENT "Bip01 L Clavicle"
	*NODE_TM {
		*NODE_NAME "Bip01 L UpperArm"
		*TM_ROW0 0.246229	0.0989027	-0.964152
		*TM_ROW1 0.412789	0.889345	0.196649
		*TM_ROW2 0.876913	-0.446412	0.178157
		*TM_ROW3 20.4269	-3.97508	144.872
		*TM_POS 20.4269	-3.97508	144.872
		*TM_ROTAXIS -0.325561	-0.932072	0.15891
		*TM_ROTANGLE 1.41328
		*TM_SCALE 1	1	1
		*TM_SCALEAXIS 0	0	0
		*TM_SCALEAXISANG 0	0	0
	}
}
*HELPEROBJECT {
	*NODE_NAME "Bip01 L Forearm"
	*NODE_PARENT "Bip01 L UpperArm"
	*NODE_TM {
		*NODE_NAME "Bip01 L Forearm"
		*TM_ROW0 0.0455122	-0.291882	-0.955371
		*TM_ROW1 0.478489	0.845886	-0.235638
		*TM_ROW2 0.876913	-0.44641	0.17816
		*TM_ROW3 27.2982	-1.21526	117.966
		*TM_POS 27.2982	-1.21526	117.966
		*TM_ROTAXIS -0.10545	-0.916697	0.385419
		*TM_ROTANGLE 1.53601
		*TM_SCALE 1	1	1
		*TM_SCALEAXIS 0	0	0
		*TM_SCALEAXISANG 0	0	0
	}
}
*HELPEROBJECT {
	*NODE_NAME "Bip01 L Hand"
	*NODE_PARENT "Bip01 L Forearm"
	*NODE_TM {
		*NODE_NAME "Bip01 L Hand"
		*TM_ROW0 0.0455132	-0.291886	-0.95537
		*TM_ROW1 -0.876533	0.44708	-0.17835
		*TM_ROW2 0.479185	0.845531	-0.2355
		*TM_ROW3 28.5642	-9.33438	91.391
		*TM_POS 28.5642	-9.33438	91.391
		*TM_ROTAXIS 0.551391	-0.772552	-0.314851
		*TM_ROTANGLE 1.95137
		*TM_SCALE 1	1	1
		*TM_SCALEAXIS 0	0	0
		*TM_SCALEAXISANG 0	0	0
	}
}
*HELPEROBJECT {
	*NODE_NAME "Bip01 L Finger0"
	*NODE_PARENT "Bip01 L Hand"
	*NODE_TM {
		*NODE_NAME "Bip01 L Finger0"
		*TM_ROW0 0.0455153	-0.291888	-0.955369
		*TM_ROW1 -0.876915	0.446405	-0.178165
		*TM_ROW2 0.478485	0.845886	-0.235643
		*TM_ROW3 29.15	-13.0909	79.0956
		*TM_POS 29.15	-13.0909	79.0956
		*TM_ROTAXIS 0.551581	-0.772311	-0.31511
		*TM_ROTANGLE 1.95181
		*TM_SCALE 1	1	1
		*TM_SCALEAXIS 0	0	0
		*TM_SCALEAXISANG 0	0	0
	}
}
*HELPEROBJECT {
	*NODE_NAME "ZS_LEFTHAND"
	*NODE_PARENT "Bip01 L Hand"
	*NODE_TM {
		*NODE_NAME "ZS_LEFTHAND"
		*TM_ROW0 0.435606	0.890062	-0.134303
		*TM_ROW1 0.180312	-0.232461	-0.955745
		*TM_ROW2 -0.881893	0.392112	-0.261751
		*TM_ROW3 26.7605	-11.5467	82.7857
		*TM_POS 26.7605	-11.5467	82.7857
		*TM_ROTAXIS 0.794322	0.440571	-0.418271
		*TM_ROTANGLE 2.12858
		*TM_SCALE 1	1	1
		*TM_SCALEAXIS 0	0	0
		*TM_SCALEAXISANG 0	0	0
	}
}
*HELPEROBJECT {
	*NODE_NAME "ZS_LEFTARM"
	*NODE_PARENT "Bip01 L Forearm"
	*NODE_TM {
		*NODE_NAME "ZS_LEFTARM"
		*TM_ROW0 0.0759923	-0.150176	-0.985735
		*TM_ROW1 0.524499	0.846792	-0.0885737
		*TM_ROW2 0.848013	-0.510286	0.143117
		*TM_ROW3 26.9101	-7.67833	110.055
		*TM_POS 26.9101	-7.67833	110.055
		*TM_ROTAXIS -0.21097	-0.917372	0.337521
		*TM_ROTANGLE 1.53784
		*TM_SCALE 1	1	1
		*TM_SCALEAXIS 0	0	0
		*TM_SCALEAXISANG 0	0	0
	}
}
*HELPEROBJECT {
	*NODE_NAME "Bip01 R Clavicle"
	*NODE_PARENT "Bip01 Neck"
	*NODE_TM {
		*NODE_NAME "Bip01 R Clavicle"
		*TM_ROW0 -0.935227	-0.203899	-0.28944
		*TM_ROW1 -0.156442	0.971369	-0.178799
		*TM_ROW2 0.317609	-0.121937	-0.940349
		*TM_ROW3 -7.96398	-1.25806	148.729
		*TM_POS -7.96398	-1.25806	148.729
		*TM_ROTAXIS -0.0929799	0.992639	-0.0776
		*TM_ROTANGLE 3.45235
		*TM_SCALE 1	1	1
		*TM_SCALEAXIS 0	0	0
		*TM_SCALEAXISANG 0	0	0
	}
}
*HELPEROBJECT {
	*NODE_NAME "Bip01 R UpperArm"
	*NODE_PARENT "Bip01 R Clavicle"
	*NODE_TM {
		*NODE_NAME "Bip01 R UpperArm"
		*TM_ROW0 -0.246232	0.0988932	-0.964153
		*TM_ROW1 -0.412793	0.889345	0.196642
		*TM_ROW2 0.876911	0.446415	-0.178163
		*TM_ROW3 -20.4269	-3.97513	144.872
		*TM_POS -20.4269	-3.97513	144.872
		*TM_ROTAXIS 0.12961	-0.955353	-0.265521
		*TM_ROTANGLE 1.84162
		*TM_SCALE 1	1	1
		*TM_SCALEAXIS 0	0	0
		*TM_SCALEAXISANG 0	0	0
	}
}
*HELPEROBJECT {
	*NODE_NAME "Bip01 R Forearm"
	*NODE_PARENT "Bip01 R UpperArm"
	*NODE_TM {
		*NODE_NAME "Bip01 R Forearm"
		*TM_ROW0 -0.0455087	-0.291889	-0.955369
		*TM_ROW1 -0.478487	0.845885	-0.235646
		*TM_ROW2 0.876914	0.446408	-0.17816
		*TM_ROW3 -27.2982	-1.21534	117.966
		*TM_POS -27.2982	-1.21534	117.966
		*TM_ROTAXIS 0.347279	-0.932937	-0.0950097
		*TM_ROTANGLE 1.76083
		*TM_SCALE 1	1	1
		*TM_SCALEAXIS 0	0	0
		*TM_SCALEAXISANG 0	0	0
	}
}
*HELPEROBJECT {
	*NODE_NAME "Bip01 R Hand"
	*NODE_PARENT "Bip01 R Forearm"
	*NODE_TM {
		*NODE_NAME "Bip01 R Hand"
		*TM_ROW0 -0.0455115	-0.291885	-0.95537
		*TM_ROW1 0.87653	0.447088	-0.17835
		*TM_ROW2 0.479192	-0.845527	0.235499
		*TM_ROW3 -28.5642	-9.33445	91.391
		*TM_POS -28.5642	-9.33445	91.391
		*TM_ROTAXIS -0.33922	-0.72939	0.59407
		*TM_ROTANGLE 1.75327
		*TM_SCALE 1	1	1
		*TM_SCALEAXIS 0	0	0
		*TM_SCALEAXISANG 0	0	0
	}
}
*HELPEROBJECT {
	*NODE_NAME "Bip01 R Finger0"
	*NODE_PARENT "Bip01 R Hand"
	*NODE_TM {
		*NODE_NAME "Bip01 R Finger0"
		*TM_ROW0 -0.0455056	-0.291877	-0.955373
		*TM_ROW1 0.876914	0.446413	-0.178152
		*TM_ROW2 0.478489	-0.845886	0.235636
		*TM_ROW3 -29.1499	-13.0909	79.0956
		*TM_POS -29.1499	-13.0909	79.0956
		*TM_ROTAXIS -0.33952	-0.729071	0.594291
		*TM_ROTANGLE 1.75354
		*TM_SCALE 1	1	1
		*TM_SCALEAXIS 0	0	0
		*TM_SCALEAXISANG 0	0	0
	}
}
*HELPEROBJECT {
	*NODE_NAME "ZS_RIGHTHAND"
	*NODE_PARENT "Bip01 R Hand"
	*NODE_TM {
		*NODE_NAME "ZS_RIGHTHAND"
		*TM_ROW0 -0.464344	0.856417	-0.225687
		*TM_ROW1 0.177861	0.339806	0.923525
		*TM_ROW2 0.867612	0.388692	-0.31011
		*TM_ROW3 -20.9389	-19.9852	85.8932
		*TM_POS -20.9389	-19.9852	85.8932
		*TM_ROTAXIS 0.383811	0.784581	0.486951
		*TM_ROTANGLE 3.91244
		*TM_SCALE 1	1	1
		*TM_SCALEAXIS 0	0	0
		*TM_SCALEAXISANG 0	0	0
	}
}
*HELPEROBJECT {
	*NODE_NAME "ZS_CROSSBOW"
	*NODE_PARENT "Bip01 Spine2"
	*NODE_TM {
		*NODE_NAME "ZS_CROSSBOW"
		*TM_ROW0 -0.382687	-0.111464	0.91713
		*TM_ROW1 -0.923878	0.0461715	-0.379891
		*TM_ROW2 -1.2517e-006	-0.992695	-0.120648
		*TM_ROW3 -14.434	10.5915	165.98
		*TM_POS -14.434	10.5915	165.98
		*TM_ROTAXIS -0.447329	0.669479	-0.593039
		*TM_ROTANGLE 2.38705
		*TM_SCALE 1	1	1
		*TM_SCALEAXIS 0	0	0
		*TM_SCALEAXISANG 0	0	0
	}
}
*HELPEROBJECT {
	*NODE_NAME "ZS_LONGSWORD"
	*NODE_PARENT "Bip01 Spine2"
	*NODE_TM {
		*NODE_NAME "ZS_LONGSWORD"
		*TM_ROW0 -0.499829	-0.0915011	0.861277
		*TM_ROW1 -0.865729	0.0828188	-0.493614
		*TM_ROW2 -0.0261636	-0.992355	-0.12061
		*TM_ROW3 -18.1593	6.92629	157.64
		*TM_POS -18.1593	6.92629	157.64
		*TM_ROTAXIS -0.38996	0.69388	-0.60536
		*TM_ROTANGLE 2.44778
		*TM_SCALE 1	1	1
		*TM_SCALEAXIS 0	0	0
		*TM_SCALEAXISANG 0	0	0
	}
}
*HELPEROBJECT {
	*NODE_NAME "ZS_SHIELD"
	*NODE_PARENT "Bip01 Spine2"
	*NODE_TM {
		*NODE_NAME "ZS_SHIELD"
		*TM_ROW0 -0.0138681	0.114196	-0.993362
		*TM_ROW1 -0.908393	0.413755	0.0602465
		*TM_ROW2 0.417888	0.903198	0.0979964
		*TM_ROW3 8.76511	9.5282	131.875
		*TM_POS 8.76511	9.5282	131.875
		*TM_ROTAXIS 0.435421	-0.728972	-0.528212
		*TM_ROTANGLE 1.82457
		*TM_SCALE 1	1	1
		*TM_SCALEAXIS 0	0	0
		*TM_SCALEAXISANG 0	0	0
	}
}
*HELPEROBJECT {
	*NODE_NAME "ZS_BOW"
	*NODE_PARENT "Bip01 Spine2"
	*NODE_TM {
		*NODE_NAME "ZS_BOW"
		*TM_ROW0 -0.341816	-0.0868229	0.935748
		*TM_ROW1 0.0119438	0.995242	0.0967059
		*TM_ROW2 -0.939691	0.044232	-0.339153
		*TM_ROW3 0.5012	12.4143	124.55
		*TM_POS 0.5012	12.4143	124.55
		*TM_ROTAXIS -0.0279299	0.998227	0.0525698
		*TM_ROTANGLE 1.92076
		*TM_SCALE 1	1	1
		*TM_SCALEAXIS 0	0	0
		*TM_SCALEAXISANG 0	0	0
	}
}
*HELPEROBJECT {
	*NODE_NAME "ZS_SWORD"
	*NODE_PARENT "Bip01 Spine"
	*NODE_TM {
		*NODE_NAME "ZS_SWORD"
		*TM_ROW0 5.79282e-007	-0.347172	0.937802
		*TM_ROW1 1.04309e-007	0.937802	0.347172
		*TM_ROW2 -1	-1.04308e-007	5.79283e-007
		*TM_ROW3 17.5015	-4.36211	106.367
		*TM_POS 17.5015	-4.36211	106.367
		*TM_ROTAXIS -0.17367	0.96937	0.17367
		*TM_ROTANGLE 1.6019
		*TM_SCALE 1	1	1
		*TM_SCALEAXIS 0	0	0
		*TM_SCALEAXISANG 0	0	0
	}
}
*HELPEROBJECT {
	*NODE_NAME "Bip01 L Thigh"
	*NODE_PARENT "Bip01 Pelvis"
	*NODE_TM {
		*NODE_NAME "Bip01 L Thigh"
		*TM_ROW0 0.0534878	-0.0367886	-0.997891
		*TM_ROW1 -0.00216181	-0.999323	0.0367256
		*TM_ROW2 -0.998566	0.000192882	-0.0535313
		*TM_ROW3 9.01023	-8.01129	99.9496
		*TM_POS 9.01023	-8.01129	99.9496
		*TM_ROTAXIS 0.72572	-0.01342	-0.68786
		*TM_ROTANGLE 3.16677
		*TM_SCALE 1	1	1
		*TM_SCALEAXIS 0	0	0
		*TM_SCALEAXISANG 0	0	0
	}
}
*HELPEROBJECT {
	*NODE_NAME "Bip01 L Calf"
	*NODE_PARENT "Bip01 L Thigh"
	*NODE_TM {
		*NODE_NAME "Bip01 L Calf"
		*TM_ROW0 0.0525131	0.197552	-0.978885
		*TM_ROW1 0.0103904	-0.980292	-0.197278
		*TM_ROW2 -0.998566	0.000188708	-0.0535307
		*TM_ROW3 11.1149	-9.45845	60.6877
		*TM_POS 11.1149	-9.45845	60.6877
		*TM_ROTAXIS 0.723901	0.0721501	-0.686121
		*TM_ROTANGLE 3.00478
		*TM_SCALE 1	1	1
		*TM_SCALEAXIS 0	0	0
		*TM_SCALEAXISANG 0	0	0
	}
}
*HELPEROBJECT {
	*NODE_NAME "Bip01 L Foot"
	*NODE_PARENT "Bip01 L Calf"
	*NODE_TM {
		*NODE_NAME "Bip01 L Foot"
		*TM_ROW0 -5.93318e-007	7.27489e-006	-1
		*TM_ROW1 0.173652	-0.984807	-7.26412e-006
		*TM_ROW2 -0.984807	-0.173652	-5.97767e-007
		*TM_ROW3 13.6935	0.240668	12.6267
		*TM_POS 13.6935	0.240668	12.6267
		*TM_ROTAXIS 0.705757	0.0617498	-0.705757
		*TM_ROTANGLE 3.26493
		*TM_SCALE 1	1	1
		*TM_SCALEAXIS 0	0	0
		*TM_SCALEAXISANG 0	0	0
	}
}
*HELPEROBJECT {
	*NODE_NAME "Bip01 L Toe0"
	*NODE_PARENT "Bip01 L Foot"
	*NODE_TM {
		*NODE_NAME "Bip01 L Toe0"
		*TM_ROW0 0.173646	-0.984808	5.05914e-006
		*TM_ROW1 5.06367e-006	5.91264e-006	1
		*TM_ROW2 -0.984808	-0.173646	5.92894e-006
		*TM_ROW3 17.6256	-22.0591	5.26591e-006
		*TM_POS 17.6256	-22.0591	5.26591e-006
		*TM_ROTAXIS -0.644398	0.540718	0.540718
		*TM_ROTANGLE 1.99673
		*TM_SCALE 1	1	1
		*TM_SCALEAXIS 0	0	0
		*TM_SCALEAXISANG 0	0	0
	}
}
*HELPEROBJECT {
	*NODE_NAME "Bip01 R Thigh"
	*NODE_PARENT "Bip01 Pelvis"
	*NODE_TM {
		*NODE_NAME "Bip01 R Thigh"
		*TM_ROW0 -0.0535034	-0.0367749	-0.99789
		*TM_ROW1 0.00205776	-0.999324	0.0367174
		*TM_ROW2 -0.998566	-8.89041e-005	0.0535432
		*TM_ROW3 -9.01021	-8.01132	99.9496
		*TM_POS -9.01021	-8.01132	99.9496
		*TM_ROTAXIS 0.687862	-0.01262	-0.725732
		*TM_ROTANGLE 3.16835
		*TM_SCALE 1	1	1
		*TM_SCALEAXIS 0	0	0
		*TM_SCALEAXISANG 0	0	0
	}
}
*HELPEROBJECT {
	*NODE_NAME "Bip01 R Calf"
	*NODE_PARENT "Bip01 R Thigh"
	*NODE_TM {
		*NODE_NAME "Bip01 R Calf"
		*TM_ROW0 -0.0525025	0.197539	-0.978888
		*TM_ROW1 -0.0104967	-0.980295	-0.19726
		*TM_ROW2 -0.998566	-8.16064e-005	0.0535415
		*TM_ROW3 -11.1154	-9.45856	60.6878
		*TM_POS -11.1154	-9.45856	60.6878
		*TM_ROTAXIS 0.686298	0.0684898	-0.724088
		*TM_ROTANGLE 2.99744
		*TM_SCALE 1	1	1
		*TM_SCALEAXIS 0	0	0
		*TM_SCALEAXISANG 0	0	0
	}
}
*HELPEROBJECT {
	*NODE_NAME "Bip01 R Foot"
	*NODE_PARENT "Bip01 R Calf"
	*NODE_TM {
		*NODE_NAME "Bip01 R Foot"
		*TM_ROW0 -5.86373e-007	-7.29557e-006	-1
		*TM_ROW1 -0.173652	-0.984807	7.26572e-006
		*TM_ROW2 -0.984807	0.173652	-5.93781e-007
		*TM_ROW3 -13.6935	0.24065	12.6267
		*TM_POS -13.6935	0.24065	12.6267
		*TM_ROTAXIS 0.705757	-0.0617498	-0.705757
		*TM_ROTANGLE 3.01826
		*TM_SCALE 1	1	1
		*TM_SCALEAXIS 0	0	0
		*TM_SCALEAXISANG 0	0	0
	}
}
*HELPEROBJECT {
	*NODE_NAME "Bip01 R Toe0"
	*NODE_PARENT "Bip01 R Foot"
	*NODE_TM {
		*NODE_NAME "Bip01 R Toe0"
		*TM_ROW0 -0.173651	-0.984807	3.52553e-006
		*TM_ROW1 3.507e-006	3.07854e-006	1
		*TM_ROW2 -0.984807	0.173651	3.0421e-006
		*TM_ROW3 -17.6255	-22.0592	2.91014e-005
		*TM_POS -17.6255	-22.0592	2.91014e-005
		*TM_ROTAXIS -0.510271	0.608121	0.608121
		*TM_ROTANGLE 2.19793
		*TM_SCALE 1	1	1
		*TM_SCALEAXIS 0	0	0
		*TM_SCALEAXISANG 0	0	0
	}
}
*HELPEROBJECT {
	*NODE_NAME "Dummy"
	*NODE_PARENT "Bip01 L Finger0"
	*NODE_TM {
		*NODE_NAME "Dummy"
		*TM_ROW0 -1	-0	0
		*TM_ROW1 -0	-1	0
		*TM_ROW2 -0	-0	1
		*TM_ROW3 29.4428	-14.9691	72.9478
		*TM_POS 29.4428	-14.9691	72.9478
		*TM_ROTAXIS 0	0	-1
		*TM_ROTANGLE 3.14159
		*TM_SCALE 1	1	1
		*TM_SCALEAXIS 0	0	0
		*TM_SCALEAXISANG 0	0	0
	}
}
*HELPEROBJECT {
	*NODE_NAME "Dummy1"
	*NODE_PARENT "Bip01 R Finger0"
	*NODE_TM {
		*NODE_NAME "Dummy1"
		*TM_ROW0 -1	-0	0
		*TM_ROW1 -0	-1	0
		*TM_ROW2 -0	-0	1
		*TM_ROW3 -29.4428	-14.9692	72.9478
		*TM_POS -29.4428	-14.9692	72.9478
		*TM_ROTAXIS 0	0	-1
		*TM_ROTANGLE 3.14159
		*TM_SCALE 1	1	1
		*TM_SCALEAXIS 0	0	0
		*TM_SCALEAXISANG 0	0	0
	}
}
*HELPEROBJECT {
	*NODE_NAME "Dummy2"
	*NODE_PARENT "Bip01 L Toe0"
	*NODE_TM {
		*NODE_NAME "Dummy2"
		*TM_ROW0 -1	-0	0
		*TM_ROW1 -0	-1	0
		*TM_ROW2 -0	-0	1
		*TM_ROW3 19.5916	-33.209	-6.31335
		*TM_POS 19.5916	-33.209	-6.31335
		*TM_ROTAXIS 0	0	-1
		*TM_ROTANGLE 3.14159
		*TM_SCALE 1	1	1
		*TM_SCALEAXIS 0	0	0
		*TM_SCALEAXISANG 0	0	0
	}
}
*HELPEROBJECT {
	*NODE_NAME "Dummy3"
	*NODE_PARENT "Bip01 R Toe0"
	*NODE_TM {
		*NODE_NAME "Dummy3"
		*TM_ROW0 -1	-0	0
		*TM_ROW1 -0	-1	0
		*TM_ROW2 -0	-0	1
		*TM_ROW3 -19.5915	-33.2091	-6.31333
		*TM_POS -19.5915	-33.2091	-6.31333
		*TM_ROTAXIS 0	0	-1
		*TM_ROTANGLE 3.14159
		*TM_SCALE 1	1	1
		*TM_SCALEAXIS 0	0	0
		*TM_SCALEAXISANG 0	0	0
	}
}
*GEOMOBJECT {
	*NODE_NAME "zm_Skin"
	*NODE_PARENT "Bip01"
	*NODE_TM {
		*NODE_NAME "zm_Skin"
		*TM_ROW0 -1	-0	0
		*TM_ROW1 -0	-1	0
		*TM_ROW2 -0	-0	1
		*TM_ROW3 -0	-0	0
		*TM_POS -0	-0	0
		*TM_ROTAXIS 0	0	-1
		*TM_ROTANGLE 3.14159
		*TM_SCALE 1	1	1
		*TM_SCALEAXIS 0	0	0
		*TM_SCALEAXISANG 0	0	0
	}
	*MATERIAL_REF 0
	*MESH_SOFTSKIN {
		*TIMEVALUE 0
		*MESH_NUMVERTEX 347
		*MESH_NUMFACES 626
		*MESH_VERTEX_LIST {
			*MESH_VERTEX 0	18.5909	5.07876	56.8926
			*MESH_VERTEX 1	11.0706	-16.0462	115.636
			*MESH_VERTEX 2	-18.6646	2.85918	56.5289
			*MESH_VERTEX 3	-13.0807	9.88247	0.231528
			*MESH_VERTEX 4	-14.9545	-16.8495	59.3391
			*MESH_VERTEX 5	-25.1338	-15.3915	-0.256371
			*MESH_VERTEX 6	2.97247	2.2464	43.0439
			*MESH_VERTEX 7	10.9241	9.88761	0.300466
			*MESH_VERTEX 8	14.3139	-16.0817	59.9828
			*MESH_VERTEX 9	-18.9737	2.29159	137.946
			*MESH_VERTEX 10	21.3603	4.62817	148.828
			*MESH_VERTEX 11	35.0646	-0.305814	107.439
			*MESH_VERTEX 12	18.704	-14.2215	143.082
			*MESH_VERTEX 13	-8.28267	-0.516789	58.2619
			*MESH_VERTEX 14	-22.2343	-6.87994	109.327
			*MESH_VERTEX 15	-18.7126	-14.2548	143.062
			*MESH_VERTEX 16	6.19053	-0.272351	58.661
			*MESH_VERTEX 17	10.3083	-15.099	115.139
			*MESH_VERTEX 18	0.00772	1.85677	167.543
			*MESH_VERTEX 19	-16.1626	-21.1941	56.2122
			*MESH_VERTEX 20	17.8514	-18.5439	56.5762
			*MESH_VERTEX 21	-25.8007	-14.7643	79.2671
			*MESH_VERTEX 22	-22.6453	-11.5342	87.4178
			*MESH_VERTEX 23	-30.0787	-13.3774	92.713
			*MESH_VERTEX 24	25.8006	-14.7645	79.267
			*MESH_VERTEX 25	22.6453	-11.5344	87.4177
			*MESH_VERTEX 26	30.0784	-13.3768	92.7127
			*MESH_VERTEX 27	-10.2936	2.49912	115.706
			*MESH_VERTEX 28	9.89616	2.4811	115.703
			*MESH_VERTEX 29	-14.3165	-6.47079	115.099
			*MESH_VERTEX 30	9.19943	0.63027	115.029
			*MESH_VERTEX 31	-11.3835	-15.7305	115.641
			*MESH_VERTEX 32	-21.3518	4.65819	148.842
			*MESH_VERTEX 33	-14.6574	-20.3914	0.205049
			*MESH_VERTEX 34	-21.6491	-13.6484	82.2841
			*MESH_VERTEX 35	21.649	-13.6486	82.284
			*MESH_VERTEX 36	6.81372	0.158588	11.7774
			*MESH_VERTEX 37	-28.9033	-17.9202	81.6002
			*MESH_VERTEX 38	28.9032	-17.9203	81.6001
			*MESH_VERTEX 39	-35.0673	-0.304418	107.439
			*MESH_VERTEX 40	-25.5898	2.33894	106.673
			*MESH_VERTEX 41	22.2363	-6.87885	109.326
			*MESH_VERTEX 42	25.5906	2.33669	106.673
			*MESH_VERTEX 43	-32.0657	-8.33	109.838
			*MESH_VERTEX 44	32.0641	-8.32846	109.837
			*MESH_VERTEX 45	14.1197	0.198269	58.7545
			*MESH_VERTEX 46	-15.8838	-0.6038	58.5013
			*MESH_VERTEX 47	-0.00488	-18.7261	115.101
			*MESH_VERTEX 48	23.0041	-15.453	-0.053894
			*MESH_VERTEX 49	20.9395	-9.63951	7.53648
			*MESH_VERTEX 50	12.5275	-20.4614	0.413746
			*MESH_VERTEX 51	-23.1583	-7.30431	151.225
			*MESH_VERTEX 52	23.1507	-7.29799	151.215
			*MESH_VERTEX 53	18.9738	2.29156	137.946
			*MESH_VERTEX 54	23.0548	-13.8396	78.1527
			*MESH_VERTEX 55	-23.0549	-13.8394	78.1527
			*MESH_VERTEX 56	-20.5803	1.64354	11.9915
			*MESH_VERTEX 57	-12.0437	-11.515	7.3216
			*MESH_VERTEX 58	8.15081	-16.3349	59.5145
			*MESH_VERTEX 59	4.17541	12.3539	56.8059
			*MESH_VERTEX 60	-9.03278	-16.666	58.8274
			*MESH_VERTEX 61	29.111	-6.59783	78.5546
			*MESH_VERTEX 62	-29.111	-6.59761	78.5547
			*MESH_VERTEX 63	-5.05992	2.35969	42.7547
			*MESH_VERTEX 64	-16.6658	-6.95745	11.9807
			*MESH_VERTEX 65	-9.10734	0.54598	11.619
			*MESH_VERTEX 66	4.77937	-8.1086	163.325
			*MESH_VERTEX 67	-4.81258	-7.88643	163.243
			*MESH_VERTEX 68	0.0008	-11.5003	150.359
			*MESH_VERTEX 69	7.36958	1.91965	158.304
			*MESH_VERTEX 70	34.345	-9.87836	81.1108
			*MESH_VERTEX 71	-34.3451	-9.87819	81.1109
			*MESH_VERTEX 72	-7.31405	1.8549	158.282
			*MESH_VERTEX 73	-28.8465	-5.61586	90.4906
			*MESH_VERTEX 74	28.8464	-5.61669	90.4907
			*MESH_VERTEX 75	15.3171	-6.43503	115.724
			*MESH_VERTEX 76	14.3182	-6.48421	115.099
			*MESH_VERTEX 77	-15.3635	-6.69996	115.731
			*MESH_VERTEX 78	-26.3476	-13.336	92.093
			*MESH_VERTEX 79	26.3479	-13.3354	92.0927
			*MESH_VERTEX 80	-17.7355	-20.0393	6.02995
			*MESH_VERTEX 81	-9.19105	0.638881	115.029
			*MESH_VERTEX 82	13.1868	-19.4917	137.656
			*MESH_VERTEX 83	9.89535	-11.5429	7.50258
			*MESH_VERTEX 84	15.5807	-20.0892	6.23631
			*MESH_VERTEX 85	8.54817	3.20171	125.781
			*MESH_VERTEX 86	23.7754	3.3536	143.42
			*MESH_VERTEX 87	-8.54692	3.20254	125.781
			*MESH_VERTEX 88	-23.7683	3.37796	143.434
			*MESH_VERTEX 89	-13.1867	-19.4917	137.656
			*MESH_VERTEX 90	10.0322	6.89972	43.9434
			*MESH_VERTEX 91	-21.857	-10.4739	55.4487
			*MESH_VERTEX 92	-0.22475	-5.23058	62.2408
			*MESH_VERTEX 93	-12.7767	6.57567	43.8995
			*MESH_VERTEX 94	15.36	-7.13139	12.2486
			*MESH_VERTEX 95	18.0861	1.68643	11.8673
			*MESH_VERTEX 96	-23.089	-9.6194	7.37248
			*MESH_VERTEX 97	-24.7888	-13.2829	143.39
			*MESH_VERTEX 98	24.7713	-13.2534	143.397
			*MESH_VERTEX 99	0.27264	-20.0728	115.718
			*MESH_VERTEX 100	-10.3146	-15.0894	115.14
			*MESH_VERTEX 101	3.99705	9.63925	101.623
			*MESH_VERTEX 102	-6.44465	-4.43014	164.953
			*MESH_VERTEX 103	6.41783	-4.84556	164.96
			*MESH_VERTEX 104	-30.2813	-6.36248	136.085
			*MESH_VERTEX 105	-30.7677	-5.11728	119.295
			*MESH_VERTEX 106	30.2812	-6.36242	136.085
			*MESH_VERTEX 107	30.7663	-5.11592	119.295
			*MESH_VERTEX 108	-31.5904	-6.53868	90.7063
			*MESH_VERTEX 109	31.5898	-6.53934	90.7063
			*MESH_VERTEX 110	7.08543	4.94442	-1.85655
			*MESH_VERTEX 111	-19.2875	6.51302	-1.7707
			*MESH_VERTEX 112	-9.23196	4.96587	-1.96236
			*MESH_VERTEX 113	-22.9118	-4.12669	118.103
			*MESH_VERTEX 114	22.9133	-4.12564	118.103
			*MESH_VERTEX 115	17.1403	6.50454	-1.66693
			*MESH_VERTEX 116	-13.5669	7.24179	13.4474
			*MESH_VERTEX 117	20.7429	-10.3882	141.208
			*MESH_VERTEX 118	18.2757	-10.884	133.753
			*MESH_VERTEX 119	-20.7428	-10.3882	141.208
			*MESH_VERTEX 120	-18.2756	-10.8841	133.753
			*MESH_VERTEX 121	-25.4214	4.54715	118.576
			*MESH_VERTEX 122	25.9121	-15.9477	84.2926
			*MESH_VERTEX 123	-25.9122	-15.9475	84.2927
			*MESH_VERTEX 124	25.422	4.54515	118.576
			*MESH_VERTEX 125	-26.672	0.584724	145.561
			*MESH_VERTEX 126	26.6678	0.569198	145.542
			*MESH_VERTEX 127	15.7912	-21.5528	0.515706
			*MESH_VERTEX 128	0.00523	2.84589	115.006
			*MESH_VERTEX 129	-17.9186	-21.4751	0.308829
			*MESH_VERTEX 130	4.18169	-5.53375	57.797
			*MESH_VERTEX 131	6.24703	-3.7263	157.727
			*MESH_VERTEX 132	-6.18356	-3.78096	157.709
			*MESH_VERTEX 133	-24.4466	-16.0168	78.7419
			*MESH_VERTEX 134	24.4465	-16.0169	78.7418
			*MESH_VERTEX 135	8e-005	-21.4226	138.452
			*MESH_VERTEX 136	-26.1447	-8.33851	91.2654
			*MESH_VERTEX 137	26.1451	-8.33882	91.2654
			*MESH_VERTEX 138	21.3809	-6.12531	55.9434
			*MESH_VERTEX 139	-16.1723	6.4279	137.317
			*MESH_VERTEX 140	-24.2054	-12.7073	78.4699
			*MESH_VERTEX 141	24.2054	-12.7074	78.4698
			*MESH_VERTEX 142	-32.3644	-10.6481	92.0438
			*MESH_VERTEX 143	32.3636	-10.648	92.0436
			*MESH_VERTEX 144	-5.09091	9.60186	101.638
			*MESH_VERTEX 145	-14.7132	3.36228	100.131
			*MESH_VERTEX 146	-10.1694	3.13167	108.375
			*MESH_VERTEX 147	10.2335	3.57304	108.378
			*MESH_VERTEX 148	-6.80483	-5.79124	57.4097
			*MESH_VERTEX 149	-27.083	-9.39667	110.073
			*MESH_VERTEX 150	27.0832	-9.39472	110.072
			*MESH_VERTEX 151	15.3778	-6.87986	124.947
			*MESH_VERTEX 152	-15.3767	-6.86815	124.946
			*MESH_VERTEX 153	3.77969	0.440629	167.109
			*MESH_VERTEX 154	-20.7716	2.22368	42.9659
			*MESH_VERTEX 155	11.2549	7.03261	13.4328
			*MESH_VERTEX 156	-10.0285	-12.8735	51.4514
			*MESH_VERTEX 157	-3.54166	0.684879	167.099
			*MESH_VERTEX 158	16.1804	6.41463	137.329
			*MESH_VERTEX 159	27.995	-4.86765	84.0923
			*MESH_VERTEX 160	29.2183	-6.27656	86.9915
			*MESH_VERTEX 161	-27.995	-4.86746	84.0924
			*MESH_VERTEX 162	-29.2184	-6.27598	86.9915
			*MESH_VERTEX 163	9.07462	-12.5407	51.826
			*MESH_VERTEX 164	17.8608	-1.78986	131.953
			*MESH_VERTEX 165	-17.8607	-1.78985	131.953
			*MESH_VERTEX 166	26.8871	-6.18316	118.682
			*MESH_VERTEX 167	-26.8871	-6.18493	118.682
			*MESH_VERTEX 168	18.0299	2.98307	42.8509
			*MESH_VERTEX 169	15.6426	-5.13991	58.2299
			*MESH_VERTEX 170	7e-005	8.9719	138.508
			*MESH_VERTEX 171	0.28738	4.62006	115.583
			*MESH_VERTEX 172	23.5078	-15.971	83.6942
			*MESH_VERTEX 173	-23.5079	-15.9708	83.6943
			*MESH_VERTEX 174	9.23296	-16.8341	125.046
			*MESH_VERTEX 175	-9.24098	-16.8255	125.045
			*MESH_VERTEX 176	32.3153	-3.0241	117.54
			*MESH_VERTEX 177	-32.3172	-3.02459	117.54
			*MESH_VERTEX 178	-4.75825	-4.00319	43.4133
			*MESH_VERTEX 179	-20.6304	-4.04629	43.7309
			*MESH_VERTEX 180	-22.7398	-1.11811	107.658
			*MESH_VERTEX 181	22.7416	-1.11909	107.658
			*MESH_VERTEX 182	-15.2491	-5.75063	108.151
			*MESH_VERTEX 183	-18.2671	-6.03634	99.8121
			*MESH_VERTEX 184	0.00075	6.83352	154.046
			*MESH_VERTEX 185	-16.2447	-5.84032	14.2177
			*MESH_VERTEX 186	-17.0278	-6.04125	58.0521
			*MESH_VERTEX 187	-15.6492	-13.0643	51.5528
			*MESH_VERTEX 188	19.3253	-6.16932	90.8141
			*MESH_VERTEX 189	14.812	-5.8164	108.15
			*MESH_VERTEX 190	0.24011	-7.5694	117.947
			*MESH_VERTEX 191	24.413	-14.7084	88.7817
			*MESH_VERTEX 192	-24.413	-14.7083	88.7818
			*MESH_VERTEX 193	0.16892	5.19984	108.016
			*MESH_VERTEX 194	11.9978	6.83092	151.696
			*MESH_VERTEX 195	17.719	3.62831	151.853
			*MESH_VERTEX 196	14.6634	1.60289	153.891
			*MESH_VERTEX 197	-15.2302	-11.997	148.315
			*MESH_VERTEX 198	15.2174	-11.9655	148.314
			*MESH_VERTEX 199	25.7387	4.44796	138.095
			*MESH_VERTEX 200	15.0378	-5.81665	14.4216
			*MESH_VERTEX 201	-25.7387	4.44804	138.095
			*MESH_VERTEX 202	-11.986	6.86589	151.715
			*MESH_VERTEX 203	-17.7127	3.65622	151.876
			*MESH_VERTEX 204	-14.6621	1.61908	153.918
			*MESH_VERTEX 205	-17.5155	-0.596159	130.907
			*MESH_VERTEX 206	17.5156	-0.596148	130.907
			*MESH_VERTEX 207	-0.00057	-9.34659	162.421
			*MESH_VERTEX 208	22.5539	-12.867	136.602
			*MESH_VERTEX 209	17.9345	-7.89225	129.983
			*MESH_VERTEX 210	-22.5539	-12.8671	136.602
			*MESH_VERTEX 211	-17.9345	-7.89232	129.983
			*MESH_VERTEX 212	-32.8381	0.634673	116.84
			*MESH_VERTEX 213	-31.499	1.85911	106.736
			*MESH_VERTEX 214	32.8361	0.633807	116.84
			*MESH_VERTEX 215	31.4976	1.85696	106.736
			*MESH_VERTEX 216	13.8538	3.57135	100.577
			*MESH_VERTEX 217	14.0668	-12.3419	51.7431
			*MESH_VERTEX 218	18.2627	-3.15375	43.7391
			*MESH_VERTEX 219	-23.7614	-0.517667	116.161
			*MESH_VERTEX 220	23.7627	-0.518041	116.161
			*MESH_VERTEX 221	0.00349	3.665	125.207
			*MESH_VERTEX 222	-5.54052	-22.5545	56.1775
			*MESH_VERTEX 223	-34.5331	-4.72894	108.71
			*MESH_VERTEX 224	34.5306	-4.72874	108.709
			*MESH_VERTEX 225	-4.85877	10.5802	56.6846
			*MESH_VERTEX 226	-27.9976	-17.4649	80.038
			*MESH_VERTEX 227	27.9975	-17.465	80.0379
			*MESH_VERTEX 228	14.2721	-16.738	143.452
			*MESH_VERTEX 229	-30.0746	4.27969	119.335
			*MESH_VERTEX 230	30.0735	4.27777	119.335
			*MESH_VERTEX 231	-14.272	-16.738	143.452
			*MESH_VERTEX 232	5.67281	-19.5698	140.43
			*MESH_VERTEX 233	-5.67265	-19.5698	140.43
			*MESH_VERTEX 234	8e-005	-20.8738	132.382
			*MESH_VERTEX 235	32.3775	-7.13273	86.3935
			*MESH_VERTEX 236	-32.3777	-7.1325	86.3936
			*MESH_VERTEX 237	-11.4511	-16.2686	107.853
			*MESH_VERTEX 238	3.06877	-3.97688	43.8407
			*MESH_VERTEX 239	-26.1289	3.44953	115.807
			*MESH_VERTEX 240	26.1294	3.44772	115.807
			*MESH_VERTEX 241	-33.5144	-9.21621	79.8708
			*MESH_VERTEX 242	33.5143	-9.21639	79.8707
			*MESH_VERTEX 243	25.3262	-8.55763	122.034
			*MESH_VERTEX 244	-25.3262	-8.5577	122.034
			*MESH_VERTEX 245	-4.29747	10.7171	89.3455
			*MESH_VERTEX 246	3.02895	8.16956	138.449
			*MESH_VERTEX 247	-2.29723	7.15645	135.611
			*MESH_VERTEX 248	-4.65334	6.44396	131.621
			*MESH_VERTEX 249	22.7706	-9.70482	-0.537844
			*MESH_VERTEX 250	-24.9027	-9.65445	-0.723711
			*MESH_VERTEX 251	4.65348	6.44395	131.621
			*MESH_VERTEX 252	-26.9247	-7.27952	145.364
			*MESH_VERTEX 253	-23.4543	-4.33541	116.859
			*MESH_VERTEX 254	23.4557	-4.33438	116.859
			*MESH_VERTEX 255	26.9095	-7.26959	145.356
			*MESH_VERTEX 256	28.9306	1.14374	138.246
			*MESH_VERTEX 257	-28.9307	1.14378	138.246
			*MESH_VERTEX 258	0.14903	-20.0971	108.183
			*MESH_VERTEX 259	6.30666	-21.549	56.3325
			*MESH_VERTEX 260	15.2143	3.41441	90.1156
			*MESH_VERTEX 261	-32.7832	1.42639	119.584
			*MESH_VERTEX 262	32.7811	1.42539	119.584
			*MESH_VERTEX 263	-5.64379	-19.9543	134.858
			*MESH_VERTEX 264	5.64394	-19.9543	134.858
			*MESH_VERTEX 265	11.4739	-16.2777	107.852
			*MESH_VERTEX 266	17.7093	-5.78995	100.147
			*MESH_VERTEX 267	8.64811	8.05275	144.12
			*MESH_VERTEX 268	19.3546	2.87883	134.537
			*MESH_VERTEX 269	19.9953	-4.86693	139.665
			*MESH_VERTEX 270	18.895	-2.66354	135.993
			*MESH_VERTEX 271	-19.3545	2.87889	134.537
			*MESH_VERTEX 272	-19.9933	-4.86774	139.661
			*MESH_VERTEX 273	-18.895	-2.66355	135.994
			*MESH_VERTEX 274	14.7747	-1.82047	155.311
			*MESH_VERTEX 275	2.29736	7.15646	135.611
			*MESH_VERTEX 276	-14.7794	-1.81916	155.337
			*MESH_VERTEX 277	-18.4376	1.05432	152.771
			*MESH_VERTEX 278	18.4389	1.03671	152.745
			*MESH_VERTEX 279	-1.26661	8.18616	142.015
			*MESH_VERTEX 280	-8.6382	8.06987	144.115
			*MESH_VERTEX 281	-3.02881	8.16956	138.449
			*MESH_VERTEX 282	-30.7023	-5.21336	117.734
			*MESH_VERTEX 283	30.7011	-5.21207	117.734
			*MESH_VERTEX 284	-5.71341	-20.2375	90.8222
			*MESH_VERTEX 285	5.62207	-19.6089	90.6262
			*MESH_VERTEX 286	4.00364	-19.9724	99.3735
			*MESH_VERTEX 287	13.3903	-15.0787	99.8039
			*MESH_VERTEX 288	-13.7459	-15.2986	99.9559
			*MESH_VERTEX 289	-16.0291	2.65499	89.4604
			*MESH_VERTEX 290	16.8199	-8.8476	130.711
			*MESH_VERTEX 291	-16.8198	-8.84761	130.711
			*MESH_VERTEX 292	-17.8842	-6.2788	153.701
			*MESH_VERTEX 293	-0.00521	-19.4383	125.676
			*MESH_VERTEX 294	3.42117	11.1787	89.5913
			*MESH_VERTEX 295	17.8728	-6.26539	153.676
			*MESH_VERTEX 296	27.0578	-10.8034	134.255
			*MESH_VERTEX 297	1.21509	8.17743	141.965
			*MESH_VERTEX 298	-32.3135	-2.91023	119.581
			*MESH_VERTEX 299	32.3116	-2.90968	119.58
			*MESH_VERTEX 300	-27.0578	-10.8035	134.255
			*MESH_VERTEX 301	-13.4126	-4.50944	155.376
			*MESH_VERTEX 302	13.4052	-4.50108	155.356
			*MESH_VERTEX 303	-17.3549	-6.42179	130.579
			*MESH_VERTEX 304	17.355	-6.42175	130.579
			*MESH_VERTEX 305	-27.0288	-6.31234	117.587
			*MESH_VERTEX 306	27.0288	-6.31062	117.587
			*MESH_VERTEX 307	-18.4728	-4.40651	153.916
			*MESH_VERTEX 308	-4.04325	-19.8887	99.3802
			*MESH_VERTEX 309	18.4642	-4.40129	153.889
			*MESH_VERTEX 310	-30.4467	3.24954	116.289
			*MESH_VERTEX 311	30.4456	3.24777	116.289
			*MESH_VERTEX 312	-11.2195	-18.4917	131.278
			*MESH_VERTEX 313	11.2196	-18.4917	131.278
			*MESH_VERTEX 314	14.0163	-15.8254	90.4329
			*MESH_VERTEX 315	-12.3211	-10.768	115.119
			*MESH_VERTEX 316	12.3188	-10.7796	115.119
			*MESH_VERTEX 317	-14.0264	-16.4641	90.6803
			*MESH_VERTEX 318	-19.6927	-7.02191	90.4881
			*MESH_VERTEX 319	8.66507	-10.7131	150.712
			*MESH_VERTEX 320	-8.66905	-10.7191	150.711
			*MESH_VERTEX 321	-22.9961	-0.24859	118.107
			*MESH_VERTEX 322	22.9976	-0.248944	118.107
			*MESH_VERTEX 323	11.1966	-7.24377	153.118
			*MESH_VERTEX 324	-11.2094	-7.26628	153.134
			*MESH_VERTEX 325	-23.6213	-11.0417	131.115
			*MESH_VERTEX 326	23.6214	-11.0416	131.115
			*MESH_VERTEX 327	7e-005	8.15618	142.472
			*MESH_VERTEX 328	-13.4953	-10.0764	150.451
			*MESH_VERTEX 329	13.4808	-10.0441	150.442
			*MESH_VERTEX 330	-12.2591	-11.3555	149.576
			*MESH_VERTEX 331	12.243	-11.3169	149.572
			*MESH_VERTEX 332	9.63723	-15.0881	145.651
			*MESH_VERTEX 333	12.2554	4.81403	131.294
			*MESH_VERTEX 334	-12.2552	4.81402	131.294
			*MESH_VERTEX 335	-9.63812	-15.0908	145.65
			*MESH_VERTEX 336	-12.2574	-3.61463	115.071
			*MESH_VERTEX 337	12.2618	-3.62611	115.071
			*MESH_VERTEX 338	16.0351	5.90905	150.38
			*MESH_VERTEX 339	-16.0239	5.94508	150.396
			*MESH_VERTEX 340	-6.29876	-13.8061	147.281
			*MESH_VERTEX 341	6.29892	-13.8061	147.281
			*MESH_VERTEX 342	7e-005	-16.6705	144.155
			*MESH_VERTEX 343	3.56509	-16.5468	144.15
			*MESH_VERTEX 344	-3.56494	-16.5468	144.15
			*MESH_VERTEX 345	6.32435	-19.5354	131.762
			*MESH_VERTEX 346	-6.32419	-19.5354	131.762
		}
		*MESH_FACE_LIST {
			*MESH_FACE    0:    A:    225 B:    2 C:    245 AB:    1 BC:    1 CA:    1	 *MESH_SMOOTHING 1 	*MESH_MTLID 0
			*MESH_FACE    1:    A:    259 B:    20 C:    285 AB:    1 BC:    1 CA:    1	 *MESH_SMOOTHING 1 	*MESH_MTLID 0
			*MESH_FACE    2:    A:    154 B:    116 C:    56 AB:    1 BC:    1 CA:    1	 *MESH_SMOOTHING 1 	*MESH_MTLID 0
			*MESH_FACE    3:    A:    65 B:    116 C:    63 AB:    1 BC:    1 CA:    1	 *MESH_SMOOTHING 1 	*MESH_MTLID 0
			*MESH_FACE    4:    A:    218 B:    217 C:    95 AB:    1 BC:    1 CA:    1	 *MESH_SMOOTHING 1 	*MESH_MTLID 0
			*MESH_FACE    5:    A:    36 B:    163 C:    238 AB:    1 BC:    1 CA:    1	 *MESH_SMOOTHING 1 	*MESH_MTLID 0
			*MESH_FACE    6:    A:    156 B:    65 C:    178 AB:    1 BC:    1 CA:    1	 *MESH_SMOOTHING 1 	*MESH_MTLID 0
			*MESH_FACE    7:    A:    187 B:    179 C:    56 AB:    1 BC:    1 CA:    1	 *MESH_SMOOTHING 1 	*MESH_MTLID 0
			*MESH_FACE    8:    A:    47 B:    293 C:    100 AB:    1 BC:    1 CA:    1	 *MESH_SMOOTHING 1 	*MESH_MTLID 0
			*MESH_FACE    9:    A:    238 B:    6 C:    36 AB:    1 BC:    1 CA:    1	 *MESH_SMOOTHING 1 	*MESH_MTLID 0
			*MESH_FACE    10:    A:    90 B:    155 C:    6 AB:    1 BC:    1 CA:    1	 *MESH_SMOOTHING 1 	*MESH_MTLID 0
			*MESH_FACE    11:    A:    174 B:    345 C:    234 AB:    1 BC:    1 CA:    1	 *MESH_SMOOTHING 1 	*MESH_MTLID 0
			*MESH_FACE    12:    A:    19 B:    91 C:    92 AB:    1 BC:    1 CA:    1	 *MESH_SMOOTHING 1 	*MESH_MTLID 0
			*MESH_FACE    13:    A:    19 B:    317 C:    91 AB:    1 BC:    1 CA:    1	 *MESH_SMOOTHING 1 	*MESH_MTLID 0
			*MESH_FACE    14:    A:    20 B:    259 C:    92 AB:    1 BC:    1 CA:    1	 *MESH_SMOOTHING 1 	*MESH_MTLID 0
			*MESH_FACE    15:    A:    20 B:    138 C:    188 AB:    1 BC:    1 CA:    1	 *MESH_SMOOTHING 1 	*MESH_MTLID 0
			*MESH_FACE    16:    A:    245 B:    294 C:    59 AB:    1 BC:    1 CA:    1	 *MESH_SMOOTHING 1 	*MESH_MTLID 0
			*MESH_FACE    17:    A:    19 B:    284 C:    317 AB:    1 BC:    1 CA:    1	 *MESH_SMOOTHING 1 	*MESH_MTLID 0
			*MESH_FACE    18:    A:    314 B:    20 C:    188 AB:    1 BC:    1 CA:    1	 *MESH_SMOOTHING 1 	*MESH_MTLID 0
			*MESH_FACE    19:    A:    31 B:    99 C:    190 AB:    1 BC:    1 CA:    1	 *MESH_SMOOTHING 1 	*MESH_MTLID 0
			*MESH_FACE    20:    A:    248 B:    221 C:    87 AB:    1 BC:    1 CA:    1	 *MESH_SMOOTHING 1 	*MESH_MTLID 0
			*MESH_FACE    21:    A:    151 B:    313 C:    174 AB:    1 BC:    1 CA:    1	 *MESH_SMOOTHING 1 	*MESH_MTLID 0
			*MESH_FACE    22:    A:    318 B:    289 C:    91 AB:    1 BC:    1 CA:    1	 *MESH_SMOOTHING 1 	*MESH_MTLID 0
			*MESH_FACE    23:    A:    27 B:    77 C:    190 AB:    1 BC:    1 CA:    1	 *MESH_SMOOTHING 1 	*MESH_MTLID 0
			*MESH_FACE    24:    A:    33 B:    250 C:    111 AB:    1 BC:    1 CA:    1	 *MESH_SMOOTHING 1 	*MESH_MTLID 0
			*MESH_FACE    25:    A:    56 B:    185 C:    187 AB:    1 BC:    1 CA:    1	 *MESH_SMOOTHING 1 	*MESH_MTLID 0
			*MESH_FACE    26:    A:    155 B:    36 C:    6 AB:    1 BC:    1 CA:    1	 *MESH_SMOOTHING 1 	*MESH_MTLID 0
			*MESH_FACE    27:    A:    200 B:    163 C:    36 AB:    1 BC:    1 CA:    1	 *MESH_SMOOTHING 1 	*MESH_MTLID 0
			*MESH_FACE    28:    A:    6 B:    16 C:    90 AB:    1 BC:    1 CA:    1	 *MESH_SMOOTHING 1 	*MESH_MTLID 0
			*MESH_FACE    29:    A:    116 B:    93 C:    63 AB:    1 BC:    1 CA:    1	 *MESH_SMOOTHING 1 	*MESH_MTLID 0
			*MESH_FACE    30:    A:    17 B:    293 C:    47 AB:    1 BC:    1 CA:    1	 *MESH_SMOOTHING 1 	*MESH_MTLID 0
			*MESH_FACE    31:    A:    83 B:    36 C:    110 AB:    1 BC:    1 CA:    1	 *MESH_SMOOTHING 1 	*MESH_MTLID 0
			*MESH_FACE    32:    A:    155 B:    168 C:    95 AB:    1 BC:    1 CA:    1	 *MESH_SMOOTHING 1 	*MESH_MTLID 0
			*MESH_FACE    33:    A:    249 B:    115 C:    49 AB:    1 BC:    1 CA:    1	 *MESH_SMOOTHING 1 	*MESH_MTLID 0
			*MESH_FACE    34:    A:    36 B:    83 C:    94 AB:    1 BC:    1 CA:    1	 *MESH_SMOOTHING 1 	*MESH_MTLID 0
			*MESH_FACE    35:    A:    50 B:    115 C:    249 AB:    1 BC:    1 CA:    1	 *MESH_SMOOTHING 1 	*MESH_MTLID 0
			*MESH_FACE    36:    A:    48 B:    49 C:    84 AB:    1 BC:    1 CA:    1	 *MESH_SMOOTHING 1 	*MESH_MTLID 0
			*MESH_FACE    37:    A:    250 B:    96 C:    111 AB:    1 BC:    1 CA:    1	 *MESH_SMOOTHING 1 	*MESH_MTLID 0
			*MESH_FACE    38:    A:    5 B:    80 C:    96 AB:    1 BC:    1 CA:    1	 *MESH_SMOOTHING 1 	*MESH_MTLID 0
			*MESH_FACE    39:    A:    96 B:    80 C:    57 AB:    1 BC:    1 CA:    1	 *MESH_SMOOTHING 1 	*MESH_MTLID 0
			*MESH_FACE    40:    A:    33 B:    112 C:    57 AB:    1 BC:    1 CA:    1	 *MESH_SMOOTHING 1 	*MESH_MTLID 0
			*MESH_FACE    41:    A:    217 B:    163 C:    200 AB:    1 BC:    1 CA:    1	 *MESH_SMOOTHING 1 	*MESH_MTLID 0
			*MESH_FACE    42:    A:    294 B:    0 C:    59 AB:    1 BC:    1 CA:    1	 *MESH_SMOOTHING 1 	*MESH_MTLID 0
			*MESH_FACE    43:    A:    92 B:    2 C:    225 AB:    1 BC:    1 CA:    1	 *MESH_SMOOTHING 1 	*MESH_MTLID 0
			*MESH_FACE    44:    A:    156 B:    187 C:    185 AB:    1 BC:    1 CA:    1	 *MESH_SMOOTHING 1 	*MESH_MTLID 0
			*MESH_FACE    45:    A:    63 B:    178 C:    65 AB:    1 BC:    1 CA:    1	 *MESH_SMOOTHING 1 	*MESH_MTLID 0
			*MESH_FACE    46:    A:    63 B:    93 C:    13 AB:    1 BC:    1 CA:    1	 *MESH_SMOOTHING 1 	*MESH_MTLID 0
			*MESH_FACE    47:    A:    96 B:    57 C:    64 AB:    1 BC:    1 CA:    1	 *MESH_SMOOTHING 1 	*MESH_MTLID 0
			*MESH_FACE    48:    A:    156 B:    185 C:    65 AB:    1 BC:    1 CA:    1	 *MESH_SMOOTHING 1 	*MESH_MTLID 0
