*3DSMAX_ASCIIEXPORT	110
*COMMENT "[ GothicSourcer v3.14 ] - June 2007"
*SCENE {
	*SCENE_FILENAME "HUM_VLKL_ARMOR.MAX"
	*SCENE_FIRSTFRAME 0
	*SCENE_LASTFRAME 100
	*SCENE_FRAMESPEED 25
	*SCENE_TICKSPERFRAME 192
	*SCENE_BACKGROUND_STATIC 0	0	0
	*SCENE_AMBIENT_STATIC 0.2	0.2	0.2
}
*MATERIAL_LIST {
	*MATERIAL_COUNT 1
	*MATERIAL 0 {
		*MATERIAL_NAME "Compound Material #1"
		*MATERIAL_CLASS "Multi/Sub-Object"
		*NUMSUBMTLS 2
		*SUBMATERIAL 0 {
			*MATERIAL_NAME "BUDDLER_TM"
			*MATERIAL_CLASS "Standard"
			*MATERIAL_AMBIENT 0.152941	0.141176	0.0980392
			*MATERIAL_DIFFUSE 0.152941	0.141176	0.0980392
			*MATERIAL_SPECULAR 0.9	0.9	0.9
			*MATERIAL_SHINE 0.1
			*MATERIAL_SHINESTRENGTH 0
			*MATERIAL_TRANSPARENCY 0
			*MATERIAL_WIRESIZE 1
			*MATERIAL_SHADING Blinn
			*MATERIAL_XP_FALLOFF 0
			*MATERIAL_SELFILLUM 0
			*MATERIAL_FALLOFF In
			*MATERIAL_XP_TYPE Filter
			*MAP_DIFFUSE {
				*MAP_NAME "Map #1-1"
				*MAP_CLASS "Bitmap"
				*MAP_SUBNO 1
				*MAP_AMOUNT 1
				*BITMAP "HUM_VLKL_ARMOR_V0.TGA"
				*MAP_TYPE Screen
				*UVW_U_OFFSET 0
				*UVW_V_OFFSET 0
				*UVW_U_TILING 1
				*UVW_V_TILING 1
				*UVW_ANGLE 0
				*UVW_BLUR 1
				*UVW_BLUR_OFFSET 0
				*UVW_NOUSE_AMT 1
				*UVW_NOISE_SIZE 1
				*UVW_NOISE_LEVEL 1
				*UVW_NOISE_PHASE 0
				*BITMAP_FILTER Pyramidal
			}
		}
		*SUBMATERIAL 1 {
			*MATERIAL_NAME "NACKED_MUSCEL0"
			*MATERIAL_CLASS "Standard"
			*MATERIAL_AMBIENT 0.509804	0.407843	0.305882
			*MATERIAL_DIFFUSE 0.509804	0.407843	0.305882
			*MATERIAL_SPECULAR 0.9	0.9	0.9
			*MATERIAL_SHINE 0.1
			*MATERIAL_SHINESTRENGTH 0
			*MATERIAL_TRANSPARENCY 0
			*MATERIAL_WIRESIZE 1
			*MATERIAL_SHADING Blinn
			*MATERIAL_XP_FALLOFF 0
			*MATERIAL_SELFILLUM 0
			*MATERIAL_FALLOFF In
			*MATERIAL_XP_TYPE Filter
			*MAP_DIFFUSE {
				*MAP_NAME "Map #1-2"
				*MAP_CLASS "Bitmap"
				*MAP_SUBNO 1
				*MAP_AMOUNT 1
				*BITMAP "HUM_BODY_NAKED_V0_C0.TGA"
				*MAP_TYPE Screen
				*UVW_U_OFFSET 0
				*UVW_V_OFFSET 0
				*UVW_U_TILING 1
				*UVW_V_TILING 1
				*UVW_ANGLE 0
				*UVW_BLUR 1
				*UVW_BLUR_OFFSET 0
				*UVW_NOUSE_AMT 1
				*UVW_NOISE_SIZE 1
				*UVW_NOISE_LEVEL 1
				*UVW_NOISE_PHASE 0
				*BITMAP_FILTER Pyramidal
			}
		}
	}
}
*HELPEROBJECT {
	*NODE_NAME "Bip01"
	*NODE_TM {
		*NODE_NAME "Bip01"
		*TM_ROW0 6.27438e-006	-1	0
		*TM_ROW1 1	6.27438e-006	0
		*TM_ROW2 -0	-0	1
		*TM_ROW3 0	-7.37745	99.9496
		*TM_POS 0	-7.37745	99.9496
		*TM_ROTAXIS 0	0	1
		*TM_ROTANGLE 1.57079
		*TM_SCALE 1	1	1
		*TM_SCALEAXIS 0	0	0
		*TM_SCALEAXISANG 0	0	0
	}
}
*HELPEROBJECT {
	*NODE_NAME "Bip01 Pelvis"
	*NODE_PARENT "Bip01"
	*NODE_TM {
		*NODE_NAME "Bip01 Pelvis"
		*TM_ROW0 -5.96046e-008	1.79264e-006	1
		*TM_ROW1 -1.79264e-006	-1	1.79264e-006
		*TM_ROW2 1	-1.79264e-006	-5.96046e-008
		*TM_ROW3 1e-005	-8.0113	99.9496
		*TM_POS 1e-005	-8.0113	99.9496
		*TM_ROTAXIS 0.707107	0	0.707107
		*TM_ROTANGLE 3.1416
		*TM_SCALE 1	1	1
		*TM_SCALEAXIS 0	0	0
		*TM_SCALEAXISANG 0	0	0
	}
}
*HELPEROBJECT {
	*NODE_NAME "Bip01 Spine"
	*NODE_PARENT "Bip01 Pelvis"
	*NODE_TM {
		*NODE_NAME "Bip01 Spine"
		*TM_ROW0 5.96047e-008	-0.0205947	0.999788
		*TM_ROW1 5.48642e-006	-0.999788	-0.0205947
		*TM_ROW2 1	5.48642e-006	5.96047e-008
		*TM_ROW3 1e-005	-7.92216	102.35
		*TM_POS 1e-005	-7.92216	102.35
		*TM_ROTAXIS 0.707088	-0.00727998	0.707088
		*TM_ROTANGLE 3.12703
		*TM_SCALE 1	1	1
		*TM_SCALEAXIS 0	0	0
		*TM_SCALEAXISANG 0	0	0
	}
}
*HELPEROBJECT {
	*NODE_NAME "Bip01 Spine1"
	*NODE_PARENT "Bip01 Spine"
	*NODE_TM {
		*NODE_NAME "Bip01 Spine1"
		*TM_ROW0 5.96047e-008	-0.00276992	0.999996
		*TM_ROW1 -1.92621e-006	-0.999996	-0.00276991
		*TM_ROW2 1	-1.92621e-006	5.96047e-008
		*TM_ROW3 1e-005	-8.11442	112.175
		*TM_POS 1e-005	-8.11442	112.175
		*TM_ROTAXIS 0.707106	-0.000979995	0.707107
		*TM_ROTANGLE 3.13964
		*TM_SCALE 1	1	1
		*TM_SCALEAXIS 0	0	0
		*TM_SCALEAXISANG 0	0	0
	}
}
*HELPEROBJECT {
	*NODE_NAME "Bip01 Spine2"
	*NODE_PARENT "Bip01 Spine1"
	*NODE_TM {
		*NODE_NAME "Bip01 Spine2"
		*TM_ROW0 5.96048e-008	0.180243	0.983622
		*TM_ROW1 1.67638e-006	-0.983622	0.180243
		*TM_ROW2 1	1.67638e-006	5.96047e-008
		*TM_ROW3 1e-005	-8.1264	124.961
		*TM_POS 1e-005	-8.1264	124.961
		*TM_ROTAXIS 0.705652	0.0641202	0.705652
		*TM_ROTANGLE 3.26966
		*TM_SCALE 1	1	1
		*TM_SCALEAXIS 0	0	0
		*TM_SCALEAXISANG 0	0	0
	}
}
*HELPEROBJECT {
	*NODE_NAME "Bip01 Neck"
	*NODE_PARENT "Bip01 Spine2"
	*NODE_TM {
		*NODE_NAME "Bip01 Neck"
		*TM_ROW0 5.96046e-007	-0.167043	0.98595
		*TM_ROW1 4.70132e-006	-0.98595	-0.167043
		*TM_ROW2 1	4.70132e-006	5.96047e-007
		*TM_ROW3 1.03264e-011	-2.71656	154.454
		*TM_POS 1.03264e-011	-2.71656	154.454
		*TM_ROTAXIS -0.70586	0.05937	-0.705859
		*TM_ROTANGLE 3.2602
		*TM_SCALE 1	1	1
		*TM_SCALEAXIS 0	0	0
		*TM_SCALEAXISANG 0	0	0
	}
}
*HELPEROBJECT {
	*NODE_NAME "Bip01 Head"
	*NODE_PARENT "Bip01 Neck"
	*NODE_TM {
		*NODE_NAME "Bip01 Head"
		*TM_ROW0 -5.96047e-008	1.76447e-006	1
		*TM_ROW1 -1.79264e-006	-1	1.80855e-006
		*TM_ROW2 1	-1.79264e-006	-5.96046e-008
		*TM_ROW3 2.27758e-011	-3.85901	161.198
		*TM_POS 2.27758e-011	-3.85901	161.198
		*TM_ROTAXIS -0.707107	-5.62215e-009	-0.707107
		*TM_ROTANGLE 3.14159
		*TM_SCALE 1	1	1
		*TM_SCALEAXIS 0	0	0
		*TM_SCALEAXISANG 0	0	0
	}
}
*HELPEROBJECT {
	*NODE_NAME "ZS_HELMET"
	*NODE_PARENT "Bip01 Head"
	*NODE_TM {
		*NODE_NAME "ZS_HELMET"
		*TM_ROW0 1	7.87298e-013	7.61567e-014
		*TM_ROW1 -1.53811e-013	0.996917	-0.0784593
		*TM_ROW2 -5.53111e-014	0.0784593	0.996918
		*TM_ROW3 1e-005	-7.06248	173.704
		*TM_POS 1e-005	-7.06248	173.704
		*TM_ROTAXIS 1	8.37809e-013	-5.99744e-012
		*TM_ROTANGLE 0.078541
		*TM_SCALE 1	1	1
		*TM_SCALEAXIS 0	0	0
		*TM_SCALEAXISANG 0	0	0
	}
}
*HELPEROBJECT {
	*NODE_NAME "Bip01 L Clavicle"
	*NODE_PARENT "Bip01 Neck"
	*NODE_TM {
		*NODE_NAME "Bip01 L Clavicle"
		*TM_ROW0 0.935229	-0.203893	-0.289439
		*TM_ROW1 0.156435	0.971369	-0.178803
		*TM_ROW2 0.317608	0.121943	0.940348
		*TM_ROW3 7.96399	-1.25804	148.729
		*TM_POS 7.96399	-1.25804	148.729
		*TM_ROTAXIS 0.391939	-0.791119	0.469589
		*TM_ROTANGLE 0.39376
		*TM_SCALE 1	1	1
		*TM_SCALEAXIS 0	0	0
		*TM_SCALEAXISANG 0	0	0
	}
}
*HELPEROBJECT {
	*NODE_NAME "Bip01 L UpperArm"
	*NODE_PARENT "Bip01 L Clavicle"
	*NODE_TM {
		*NODE_NAME "Bip01 L UpperArm"
		*TM_ROW0 0.246229	0.0989027	-0.964152
		*TM_ROW1 0.412789	0.889345	0.196649
		*TM_ROW2 0.876913	-0.446412	0.178157
		*TM_ROW3 20.4269	-3.97508	144.872
		*TM_POS 20.4269	-3.97508	144.872
		*TM_ROTAXIS -0.325561	-0.932072	0.15891
		*TM_ROTANGLE 1.41328
		*TM_SCALE 1	1	1
		*TM_SCALEAXIS 0	0	0
		*TM_SCALEAXISANG 0	0	0
	}
}
*HELPEROBJECT {
	*NODE_NAME "Bip01 L Forearm"
	*NODE_PARENT "Bip01 L UpperArm"
	*NODE_TM {
		*NODE_NAME "Bip01 L Forearm"
		*TM_ROW0 0.0455122	-0.291882	-0.955371
		*TM_ROW1 0.478489	0.845886	-0.235638
		*TM_ROW2 0.876913	-0.44641	0.17816
		*TM_ROW3 27.2982	-1.21526	117.966
		*TM_POS 27.2982	-1.21526	117.966
		*TM_ROTAXIS -0.10545	-0.916697	0.385419
		*TM_ROTANGLE 1.53601
		*TM_SCALE 1	1	1
		*TM_SCALEAXIS 0	0	0
		*TM_SCALEAXISANG 0	0	0
	}
}
*HELPEROBJECT {
	*NODE_NAME "Bip01 L Hand"
	*NODE_PARENT "Bip01 L Forearm"
	*NODE_TM {
		*NODE_NAME "Bip01 L Hand"
		*TM_ROW0 0.0455132	-0.291886	-0.95537
		*TM_ROW1 -0.876533	0.44708	-0.17835
		*TM_ROW2 0.479185	0.845531	-0.2355
		*TM_ROW3 28.5642	-9.33438	91.391
		*TM_POS 28.5642	-9.33438	91.391
		*TM_ROTAXIS 0.551391	-0.772552	-0.314851
		*TM_ROTANGLE 1.95137
		*TM_SCALE 1	1	1
		*TM_SCALEAXIS 0	0	0
		*TM_SCALEAXISANG 0	0	0
	}
}
*HELPEROBJECT {
	*NODE_NAME "Bip01 L Finger0"
	*NODE_PARENT "Bip01 L Hand"
	*NODE_TM {
		*NODE_NAME "Bip01 L Finger0"
		*TM_ROW0 0.0455153	-0.291888	-0.955369
		*TM_ROW1 -0.876915	0.446405	-0.178165
		*TM_ROW2 0.478485	0.845886	-0.235643
		*TM_ROW3 29.15	-13.0909	79.0956
		*TM_POS 29.15	-13.0909	79.0956
		*TM_ROTAXIS 0.551581	-0.772311	-0.31511
		*TM_ROTANGLE 1.95181
		*TM_SCALE 1	1	1
		*TM_SCALEAXIS 0	0	0
		*TM_SCALEAXISANG 0	0	0
	}
}
*HELPEROBJECT {
	*NODE_NAME "ZS_LEFTHAND"
	*NODE_PARENT "Bip01 L Hand"
	*NODE_TM {
		*NODE_NAME "ZS_LEFTHAND"
		*TM_ROW0 0.435606	0.890062	-0.134303
		*TM_ROW1 0.180312	-0.232461	-0.955745
		*TM_ROW2 -0.881893	0.392112	-0.261751
		*TM_ROW3 26.7605	-11.5467	82.7857
		*TM_POS 26.7605	-11.5467	82.7857
		*TM_ROTAXIS 0.794322	0.440571	-0.418271
		*TM_ROTANGLE 2.12858
		*TM_SCALE 1	1	1
		*TM_SCALEAXIS 0	0	0
		*TM_SCALEAXISANG 0	0	0
	}
}
*HELPEROBJECT {
	*NODE_NAME "ZS_LEFTARM"
	*NODE_PARENT "Bip01 L Forearm"
	*NODE_TM {
		*NODE_NAME "ZS_LEFTARM"
		*TM_ROW0 0.0759923	-0.150176	-0.985735
		*TM_ROW1 0.524499	0.846792	-0.0885737
		*TM_ROW2 0.848013	-0.510286	0.143117
		*TM_ROW3 26.9101	-7.67833	110.055
		*TM_POS 26.9101	-7.67833	110.055
		*TM_ROTAXIS -0.21097	-0.917372	0.337521
		*TM_ROTANGLE 1.53784
		*TM_SCALE 1	1	1
		*TM_SCALEAXIS 0	0	0
		*TM_SCALEAXISANG 0	0	0
	}
}
*HELPEROBJECT {
	*NODE_NAME "Bip01 R Clavicle"
	*NODE_PARENT "Bip01 Neck"
	*NODE_TM {
		*NODE_NAME "Bip01 R Clavicle"
		*TM_ROW0 -0.935227	-0.203899	-0.28944
		*TM_ROW1 -0.156442	0.971369	-0.178799
		*TM_ROW2 0.317609	-0.121937	-0.940349
		*TM_ROW3 -7.96398	-1.25806	148.729
		*TM_POS -7.96398	-1.25806	148.729
		*TM_ROTAXIS -0.0929799	0.992639	-0.0776
		*TM_ROTANGLE 3.45235
		*TM_SCALE 1	1	1
		*TM_SCALEAXIS 0	0	0
		*TM_SCALEAXISANG 0	0	0
	}
}
*HELPEROBJECT {
	*NODE_NAME "Bip01 R UpperArm"
	*NODE_PARENT "Bip01 R Clavicle"
	*NODE_TM {
		*NODE_NAME "Bip01 R UpperArm"
		*TM_ROW0 -0.246232	0.0988932	-0.964153
		*TM_ROW1 -0.412793	0.889345	0.196642
		*TM_ROW2 0.876911	0.446415	-0.178163
		*TM_ROW3 -20.4269	-3.97513	144.872
		*TM_POS -20.4269	-3.97513	144.872
		*TM_ROTAXIS 0.12961	-0.955353	-0.265521
		*TM_ROTANGLE 1.84162
		*TM_SCALE 1	1	1
		*TM_SCALEAXIS 0	0	0
		*TM_SCALEAXISANG 0	0	0
	}
}
*HELPEROBJECT {
	*NODE_NAME "Bip01 R Forearm"
	*NODE_PARENT "Bip01 R UpperArm"
	*NODE_TM {
		*NODE_NAME "Bip01 R Forearm"
		*TM_ROW0 -0.0455087	-0.291889	-0.955369
		*TM_ROW1 -0.478487	0.845885	-0.235646
		*TM_ROW2 0.876914	0.446408	-0.17816
		*TM_ROW3 -27.2982	-1.21534	117.966
		*TM_POS -27.2982	-1.21534	117.966
		*TM_ROTAXIS 0.347279	-0.932937	-0.0950097
		*TM_ROTANGLE 1.76083
		*TM_SCALE 1	1	1
		*TM_SCALEAXIS 0	0	0
		*TM_SCALEAXISANG 0	0	0
	}
}
*HELPEROBJECT {
	*NODE_NAME "Bip01 R Hand"
	*NODE_PARENT "Bip01 R Forearm"
	*NODE_TM {
		*NODE_NAME "Bip01 R Hand"
		*TM_ROW0 -0.0455115	-0.291885	-0.95537
		*TM_ROW1 0.87653	0.447088	-0.17835
		*TM_ROW2 0.479192	-0.845527	0.235499
		*TM_ROW3 -28.5642	-9.33445	91.391
		*TM_POS -28.5642	-9.33445	91.391
		*TM_ROTAXIS -0.33922	-0.72939	0.59407
		*TM_ROTANGLE 1.75327
		*TM_SCALE 1	1	1
		*TM_SCALEAXIS 0	0	0
		*TM_SCALEAXISANG 0	0	0
	}
}
*HELPEROBJECT {
	*NODE_NAME "Bip01 R Finger0"
	*NODE_PARENT "Bip01 R Hand"
	*NODE_TM {
		*NODE_NAME "Bip01 R Finger0"
		*TM_ROW0 -0.0455056	-0.291877	-0.955373
		*TM_ROW1 0.876914	0.446413	-0.178152
		*TM_ROW2 0.478489	-0.845886	0.235636
		*TM_ROW3 -29.1499	-13.0909	79.0956
		*TM_POS -29.1499	-13.0909	79.0956
		*TM_ROTAXIS -0.33952	-0.729071	0.594291
		*TM_ROTANGLE 1.75354
		*TM_SCALE 1	1	1
		*TM_SCALEAXIS 0	0	0
		*TM_SCALEAXISANG 0	0	0
	}
}
*HELPEROBJECT {
	*NODE_NAME "ZS_RIGHTHAND"
	*NODE_PARENT "Bip01 R Hand"
	*NODE_TM {
		*NODE_NAME "ZS_RIGHTHAND"
		*TM_ROW0 -0.464344	0.856417	-0.225687
		*TM_ROW1 0.177861	0.339806	0.923525
		*TM_ROW2 0.867612	0.388692	-0.31011
		*TM_ROW3 -20.9389	-19.9852	85.8932
		*TM_POS -20.9389	-19.9852	85.8932
		*TM_ROTAXIS 0.383811	0.784581	0.486951
		*TM_ROTANGLE 3.91244
		*TM_SCALE 1	1	1
		*TM_SCALEAXIS 0	0	0
		*TM_SCALEAXISANG 0	0	0
	}
}
*HELPEROBJECT {
	*NODE_NAME "ZS_CROSSBOW"
	*NODE_PARENT "Bip01 Spine2"
	*NODE_TM {
		*NODE_NAME "ZS_CROSSBOW"
		*TM_ROW0 -0.382687	-0.111464	0.91713
		*TM_ROW1 -0.923878	0.0461715	-0.379891
		*TM_ROW2 -1.2517e-006	-0.992695	-0.120648
		*TM_ROW3 -14.434	10.5915	165.98
		*TM_POS -14.434	10.5915	165.98
		*TM_ROTAXIS -0.447329	0.669479	-0.593039
		*TM_ROTANGLE 2.38705
		*TM_SCALE 1	1	1
		*TM_SCALEAXIS 0	0	0
		*TM_SCALEAXISANG 0	0	0
	}
}
*HELPEROBJECT {
	*NODE_NAME "ZS_LONGSWORD"
	*NODE_PARENT "Bip01 Spine2"
	*NODE_TM {
		*NODE_NAME "ZS_LONGSWORD"
		*TM_ROW0 -0.499829	-0.0915011	0.861277
		*TM_ROW1 -0.865729	0.0828188	-0.493614
		*TM_ROW2 -0.0261636	-0.992355	-0.12061
		*TM_ROW3 -18.1593	6.92629	157.64
		*TM_POS -18.1593	6.92629	157.64
		*TM_ROTAXIS -0.38996	0.69388	-0.60536
		*TM_ROTANGLE 2.44778
		*TM_SCALE 1	1	1
		*TM_SCALEAXIS 0	0	0
		*TM_SCALEAXISANG 0	0	0
	}
}
*HELPEROBJECT {
	*NODE_NAME "ZS_SHIELD"
	*NODE_PARENT "Bip01 Spine2"
	*NODE_TM {
		*NODE_NAME "ZS_SHIELD"
		*TM_ROW0 -0.0138681	0.114196	-0.993362
		*TM_ROW1 -0.908393	0.413755	0.0602465
		*TM_ROW2 0.417888	0.903198	0.0979964
		*TM_ROW3 8.76511	9.5282	131.875
		*TM_POS 8.76511	9.5282	131.875
		*TM_ROTAXIS 0.435421	-0.728972	-0.528212
		*TM_ROTANGLE 1.82457
		*TM_SCALE 1	1	1
		*TM_SCALEAXIS 0	0	0
		*TM_SCALEAXISANG 0	0	0
	}
}
*HELPEROBJECT {
	*NODE_NAME "ZS_BOW"
	*NODE_PARENT "Bip01 Spine2"
	*NODE_TM {
		*NODE_NAME "ZS_BOW"
		*TM_ROW0 -0.341816	-0.0868229	0.935748
		*TM_ROW1 0.0119438	0.995242	0.0967059
		*TM_ROW2 -0.939691	0.044232	-0.339153
		*TM_ROW3 0.5012	12.4143	124.55
		*TM_POS 0.5012	12.4143	124.55
		*TM_ROTAXIS -0.0279299	0.998227	0.0525698
		*TM_ROTANGLE 1.92076
		*TM_SCALE 1	1	1
		*TM_SCALEAXIS 0	0	0
		*TM_SCALEAXISANG 0	0	0
	}
}
*HELPEROBJECT {
	*NODE_NAME "ZS_SWORD"
	*NODE_PARENT "Bip01 Spine"
	*NODE_TM {
		*NODE_NAME "ZS_SWORD"
		*TM_ROW0 5.79282e-007	-0.347172	0.937802
		*TM_ROW1 1.04309e-007	0.937802	0.347172
		*TM_ROW2 -1	-1.04308e-007	5.79283e-007
		*TM_ROW3 17.5015	-4.36211	106.367
		*TM_POS 17.5015	-4.36211	106.367
		*TM_ROTAXIS -0.17367	0.96937	0.17367
		*TM_ROTANGLE 1.6019
		*TM_SCALE 1	1	1
		*TM_SCALEAXIS 0	0	0
		*TM_SCALEAXISANG 0	0	0
	}
}
*HELPEROBJECT {
	*NODE_NAME "Bip01 L Thigh"
	*NODE_PARENT "Bip01 Pelvis"
	*NODE_TM {
		*NODE_NAME "Bip01 L Thigh"
		*TM_ROW0 0.0534878	-0.0367886	-0.997891
		*TM_ROW1 -0.00216181	-0.999323	0.0367256
		*TM_ROW2 -0.998566	0.000192882	-0.0535313
		*TM_ROW3 9.01023	-8.01129	99.9496
		*TM_POS 9.01023	-8.01129	99.9496
		*TM_ROTAXIS 0.72572	-0.01342	-0.68786
		*TM_ROTANGLE 3.16677
		*TM_SCALE 1	1	1
		*TM_SCALEAXIS 0	0	0
		*TM_SCALEAXISANG 0	0	0
	}
}
*HELPEROBJECT {
	*NODE_NAME "Bip01 L Calf"
	*NODE_PARENT "Bip01 L Thigh"
	*NODE_TM {
		*NODE_NAME "Bip01 L Calf"
		*TM_ROW0 0.0525131	0.197552	-0.978885
		*TM_ROW1 0.0103904	-0.980292	-0.197278
		*TM_ROW2 -0.998566	0.000188708	-0.0535307
		*TM_ROW3 11.1149	-9.45845	60.6877
		*TM_POS 11.1149	-9.45845	60.6877
		*TM_ROTAXIS 0.723901	0.0721501	-0.686121
		*TM_ROTANGLE 3.00478
		*TM_SCALE 1	1	1
		*TM_SCALEAXIS 0	0	0
		*TM_SCALEAXISANG 0	0	0
	}
}
*HELPEROBJECT {
	*NODE_NAME "Bip01 L Foot"
	*NODE_PARENT "Bip01 L Calf"
	*NODE_TM {
		*NODE_NAME "Bip01 L Foot"
		*TM_ROW0 -5.93318e-007	7.27489e-006	-1
		*TM_ROW1 0.173652	-0.984807	-7.26412e-006
		*TM_ROW2 -0.984807	-0.173652	-5.97767e-007
		*TM_ROW3 13.6935	0.240668	12.6267
		*TM_POS 13.6935	0.240668	12.6267
		*TM_ROTAXIS 0.705757	0.0617498	-0.705757
		*TM_ROTANGLE 3.26493
		*TM_SCALE 1	1	1
		*TM_SCALEAXIS 0	0	0
		*TM_SCALEAXISANG 0	0	0
	}
}
*HELPEROBJECT {
	*NODE_NAME "Bip01 L Toe0"
	*NODE_PARENT "Bip01 L Foot"
	*NODE_TM {
		*NODE_NAME "Bip01 L Toe0"
		*TM_ROW0 0.173646	-0.984808	5.05914e-006
		*TM_ROW1 5.06367e-006	5.91264e-006	1
		*TM_ROW2 -0.984808	-0.173646	5.92894e-006
		*TM_ROW3 17.6256	-22.0591	5.26591e-006
		*TM_POS 17.6256	-22.0591	5.26591e-006
		*TM_ROTAXIS -0.644398	0.540718	0.540718
		*TM_ROTANGLE 1.99673
		*TM_SCALE 1	1	1
		*TM_SCALEAXIS 0	0	0
		*TM_SCALEAXISANG 0	0	0
	}
}
*HELPEROBJECT {
	*NODE_NAME "Bip01 R Thigh"
	*NODE_PARENT "Bip01 Pelvis"
	*NODE_TM {
		*NODE_NAME "Bip01 R Thigh"
		*TM_ROW0 -0.0535034	-0.0367749	-0.99789
		*TM_ROW1 0.00205776	-0.999324	0.0367174
		*TM_ROW2 -0.998566	-8.89041e-005	0.0535432
		*TM_ROW3 -9.01021	-8.01132	99.9496
		*TM_POS -9.01021	-8.01132	99.9496
		*TM_ROTAXIS 0.687862	-0.01262	-0.725732
		*TM_ROTANGLE 3.16835
		*TM_SCALE 1	1	1
		*TM_SCALEAXIS 0	0	0
		*TM_SCALEAXISANG 0	0	0
	}
}
*HELPEROBJECT {
	*NODE_NAME "Bip01 R Calf"
	*NODE_PARENT "Bip01 R Thigh"
	*NODE_TM {
		*NODE_NAME "Bip01 R Calf"
		*TM_ROW0 -0.0525025	0.197539	-0.978888
		*TM_ROW1 -0.0104967	-0.980295	-0.19726
		*TM_ROW2 -0.998566	-8.16064e-005	0.0535415
		*TM_ROW3 -11.1154	-9.45856	60.6878
		*TM_POS -11.1154	-9.45856	60.6878
		*TM_ROTAXIS 0.686298	0.0684898	-0.724088
		*TM_ROTANGLE 2.99744
		*TM_SCALE 1	1	1
		*TM_SCALEAXIS 0	0	0
		*TM_SCALEAXISANG 0	0	0
	}
}
*HELPEROBJECT {
	*NODE_NAME "Bip01 R Foot"
	*NODE_PARENT "Bip01 R Calf"
	*NODE_TM {
		*NODE_NAME "Bip01 R Foot"
		*TM_ROW0 -5.86373e-007	-7.29557e-006	-1
		*TM_ROW1 -0.173652	-0.984807	7.26572e-006
		*TM_ROW2 -0.984807	0.173652	-5.93781e-007
		*TM_ROW3 -13.6935	0.24065	12.6267
		*TM_POS -13.6935	0.24065	12.6267
		*TM_ROTAXIS 0.705757	-0.0617498	-0.705757
		*TM_ROTANGLE 3.01826
		*TM_SCALE 1	1	1
		*TM_SCALEAXIS 0	0	0
		*TM_SCALEAXISANG 0	0	0
	}
}
*HELPEROBJECT {
	*NODE_NAME "Bip01 R Toe0"
	*NODE_PARENT "Bip01 R Foot"
	*NODE_TM {
		*NODE_NAME "Bip01 R Toe0"
		*TM_ROW0 -0.173651	-0.984807	3.52553e-006
		*TM_ROW1 3.507e-006	3.07854e-006	1
		*TM_ROW2 -0.984807	0.173651	3.0421e-006
		*TM_ROW3 -17.6255	-22.0592	2.91014e-005
		*TM_POS -17.6255	-22.0592	2.91014e-005
		*TM_ROTAXIS -0.510271	0.608121	0.608121
		*TM_ROTANGLE 2.19793
		*TM_SCALE 1	1	1
		*TM_SCALEAXIS 0	0	0
		*TM_SCALEAXISANG 0	0	0
	}
}
*HELPEROBJECT {
	*NODE_NAME "Dummy"
	*NODE_PARENT "Bip01 L Finger0"
	*NODE_TM {
		*NODE_NAME "Dummy"
		*TM_ROW0 -1	-0	0
		*TM_ROW1 -0	-1	0
		*TM_ROW2 -0	-0	1
		*TM_ROW3 29.4428	-14.9691	72.9478
		*TM_POS 29.4428	-14.9691	72.9478
		*TM_ROTAXIS 0	0	-1
		*TM_ROTANGLE 3.14159
		*TM_SCALE 1	1	1
		*TM_SCALEAXIS 0	0	0
		*TM_SCALEAXISANG 0	0	0
	}
}
*HELPEROBJECT {
	*NODE_NAME "Dummy1"
	*NODE_PARENT "Bip01 R Finger0"
	*NODE_TM {
		*NODE_NAME "Dummy1"
		*TM_ROW0 -1	-0	0
		*TM_ROW1 -0	-1	0
		*TM_ROW2 -0	-0	1
		*TM_ROW3 -29.4428	-14.9692	72.9478
		*TM_POS -29.4428	-14.9692	72.9478
		*TM_ROTAXIS 0	0	-1
		*TM_ROTANGLE 3.14159
		*TM_SCALE 1	1	1
		*TM_SCALEAXIS 0	0	0
		*TM_SCALEAXISANG 0	0	0
	}
}
*HELPEROBJECT {
	*NODE_NAME "Dummy2"
	*NODE_PARENT "Bip01 L Toe0"
	*NODE_TM {
		*NODE_NAME "Dummy2"
		*TM_ROW0 -1	-0	0
		*TM_ROW1 -0	-1	0
		*TM_ROW2 -0	-0	1
		*TM_ROW3 19.5916	-33.209	-6.31335
		*TM_POS 19.5916	-33.209	-6.31335
		*TM_ROTAXIS 0	0	-1
		*TM_ROTANGLE 3.14159
		*TM_SCALE 1	1	1
		*TM_SCALEAXIS 0	0	0
		*TM_SCALEAXISANG 0	0	0
	}
}
*HELPEROBJECT {
	*NODE_NAME "Dummy3"
	*NODE_PARENT "Bip01 R Toe0"
	*NODE_TM {
		*NODE_NAME "Dummy3"
		*TM_ROW0 -1	-0	0
		*TM_ROW1 -0	-1	0
		*TM_ROW2 -0	-0	1
		*TM_ROW3 -19.5915	-33.2091	-6.31333
		*TM_POS -19.5915	-33.2091	-6.31333
		*TM_ROTAXIS 0	0	-1
		*TM_ROTANGLE 3.14159
		*TM_SCALE 1	1	1
		*TM_SCALEAXIS 0	0	0
		*TM_SCALEAXISANG 0	0	0
	}
}
*GEOMOBJECT {
	*NODE_NAME "zm_Skin"
	*NODE_PARENT "Bip01"
	*NODE_TM {
		*NODE_NAME "zm_Skin"
		*TM_ROW0 -1	-0	0
		*TM_ROW1 -0	-1	0
		*TM_ROW2 -0	-0	1
		*TM_ROW3 -0	-0	0
		*TM_POS -0	-0	0
		*TM_ROTAXIS 0	0	-1
		*TM_ROTANGLE 3.14159
		*TM_SCALE 1	1	1
		*TM_SCALEAXIS 0	0	0
		*TM_SCALEAXISANG 0	0	0
	}
	*MATERIAL_REF 0
	*MESH_SOFTSKIN {
		*TIMEVALUE 0
		*MESH_NUMVERTEX 338
		*MESH_NUMFACES 652
		*MESH_VERTEX_LIST {
			*MESH_VERTEX 0	4.86328	4.67827	88.2023
			*MESH_VERTEX 1	-10.581	8.78137	0.0266178
			*MESH_VERTEX 2	-22.0932	-22.8003	-0.496444
			*MESH_VERTEX 3	20.1636	-7.13341	18.259
			*MESH_VERTEX 4	15.2626	-7.69719	115.45
			*MESH_VERTEX 5	-24.2033	6.55907	138.568
			*MESH_VERTEX 6	-28.5636	-17.3701	81.0224
			*MESH_VERTEX 7	-30.5351	2.51412	107.642
			*MESH_VERTEX 8	-15.3369	-8.76491	115.424
			*MESH_VERTEX 9	11.6256	9.64824	-0.181148
			*MESH_VERTEX 10	23.1165	-21.9455	-0.179243
			*MESH_VERTEX 11	17.1509	-10.9557	139.647
			*MESH_VERTEX 12	-16.1354	-9.65709	138.734
			*MESH_VERTEX 13	29.0399	-6.54315	78.2448
			*MESH_VERTEX 14	22.448	6.56084	143.601
			*MESH_VERTEX 15	-3.56978	0.477874	166.975
			*MESH_VERTEX 16	9.84285	-16.4827	115.285
			*MESH_VERTEX 17	-29.0939	-6.52724	79.1069
			*MESH_VERTEX 18	23.6194	-13.999	78.1544
			*MESH_VERTEX 19	-23.347	-11.9571	142.75
			*MESH_VERTEX 20	-13.6992	-8.61529	115.061
			*MESH_VERTEX 21	7.74366	0.184574	114.947
			*MESH_VERTEX 22	30.4579	-4.63029	119.147
			*MESH_VERTEX 23	22.552	-4.06564	118.048
			*MESH_VERTEX 24	21.4944	-5.66525	153.452
			*MESH_VERTEX 25	14.0078	7.66253	50.1096
			*MESH_VERTEX 26	13.6938	-21.1152	137.872
			*MESH_VERTEX 27	10.4276	-22.8495	-0.234397
			*MESH_VERTEX 28	-18.6336	3.9457	19.8458
			*MESH_VERTEX 29	-6.06273	-7.29882	18.6032
			*MESH_VERTEX 30	-7.14463	-20.8039	44.0918
			*MESH_VERTEX 31	0.0451612	-6.9367	90.2566
			*MESH_VERTEX 32	0.386306	0.756107	47.8433
			*MESH_VERTEX 33	16.7512	-20.7475	45.7924
			*MESH_VERTEX 34	-4.29524	-18.6661	94.2192
			*MESH_VERTEX 35	7.36659	0.774328	19.9354
			*MESH_VERTEX 36	20.1918	5.16404	19.7571
			*MESH_VERTEX 37	16.0333	-5.54056	18.817
			*MESH_VERTEX 38	-10.7559	-17.6914	115.513
			*MESH_VERTEX 39	-9.57748	-0.0717687	115.345
			*MESH_VERTEX 40	30.7613	2.39513	106.651
			*MESH_VERTEX 41	-22.6312	-11.447	87.9365
			*MESH_VERTEX 42	-26.2314	-15.7852	85.1525
			*MESH_VERTEX 43	-23.6852	-13.9902	79.0089
			*MESH_VERTEX 44	4.89944	-8.14368	163.235
			*MESH_VERTEX 45	-4.84057	-8.22485	163.052
			*MESH_VERTEX 46	0.0458943	-11.1011	148.764
			*MESH_VERTEX 47	3.75468	0.327026	166.981
			*MESH_VERTEX 48	7.35683	1.48206	156.321
			*MESH_VERTEX 49	-7.13537	1.21753	156.244
			*MESH_VERTEX 50	24.5554	4.70536	118.688
			*MESH_VERTEX 51	-11.5506	-25.534	7.1044
			*MESH_VERTEX 52	-9.49685	-23.7099	-0.326999
			*MESH_VERTEX 53	0.401855	0.439401	47.8957
			*MESH_VERTEX 54	-4.19935	5.11114	88.2113
			*MESH_VERTEX 55	-31.7542	-7.59551	110.554
			*MESH_VERTEX 56	23.7998	0.448599	47.7426
			*MESH_VERTEX 57	5.80763	0.0709571	60.4266
			*MESH_VERTEX 58	11.0245	-16.8433	115.533
			*MESH_VERTEX 59	-21.5251	-23.8179	6.98721
			*MESH_VERTEX 60	4.1441	-19.2335	94.1464
			*MESH_VERTEX 61	29.4251	-17.7521	81.6603
			*MESH_VERTEX 62	13.8904	-6.92182	115.138
			*MESH_VERTEX 63	34.4039	-9.43172	80.9965
			*MESH_VERTEX 64	-12.6388	8.32272	21.6061
			*MESH_VERTEX 65	-14.5949	-18.1465	145.395
			*MESH_VERTEX 66	-9.71559	-16.5691	115.217
			*MESH_VERTEX 67	-34.4155	-9.38731	81.9712
			*MESH_VERTEX 68	-11.3479	0.804198	124.486
			*MESH_VERTEX 69	8.99584	0.60046	115.36
			*MESH_VERTEX 70	8.47186	-19.6044	44.5176
			*MESH_VERTEX 71	13.7422	6.05608	21.3521
			*MESH_VERTEX 72	12.3417	-24.6016	7.25142
			*MESH_VERTEX 73	-17.474	0.659748	137.912
			*MESH_VERTEX 74	5.01383	-4.14579	42.3254
			*MESH_VERTEX 75	19.748	4.83172	-0.0702804
			*MESH_VERTEX 76	22.3835	-22.4577	7.24019
			*MESH_VERTEX 77	15.4843	-10.112	12.5275
			*MESH_VERTEX 78	22.0218	0.471949	9.63578
			*MESH_VERTEX 79	-4.41057	2.61941	-0.0181348
			*MESH_VERTEX 80	-21.1643	-0.481748	9.55807
			*MESH_VERTEX 81	-23.1149	-1.97903	47.9702
			*MESH_VERTEX 82	-16.6877	-0.955684	19.4964
			*MESH_VERTEX 83	-14.6892	-11.0997	12.4658
			*MESH_VERTEX 84	-18.9898	-7.49679	17.9596
			*MESH_VERTEX 85	5.45133	3.49068	-0.279523
			*MESH_VERTEX 86	17.4919	-5.4558	135.432
			*MESH_VERTEX 87	18.9579	3.59624	134.655
			*MESH_VERTEX 88	26.3185	1.42796	144.186
			*MESH_VERTEX 89	24.0762	-12.1359	142.306
			*MESH_VERTEX 90	-26.245	-14.8471	80.0396
			*MESH_VERTEX 91	-23.8557	-15.9709	84.4832
			*MESH_VERTEX 92	-26.3162	-12.955	92.8579
			*MESH_VERTEX 93	-22.2591	-3.84661	118.869
			*MESH_VERTEX 94	-18.7076	3.97143	-0.060643
			*MESH_VERTEX 95	-4.53579	-1.73464	9.37422
			*MESH_VERTEX 96	5.39848	-0.770504	9.15601
			*MESH_VERTEX 97	-10.9251	6.21132	50.6334
			*MESH_VERTEX 98	-4.41351	-5.51395	42.4662
			*MESH_VERTEX 99	-10.5159	-7.27105	18.78
			*MESH_VERTEX 100	-20.0696	-5.57227	153.168
			*MESH_VERTEX 101	-8.43504	-0.811093	114.905
			*MESH_VERTEX 102	-15.5179	-22.827	44.7735
			*MESH_VERTEX 103	-13.5731	4.9355	21.4962
			*MESH_VERTEX 104	-16.6594	-2.3975	60.739
			*MESH_VERTEX 105	-8.04089	7.08702	96.7068
			*MESH_VERTEX 106	-0.770883	-8.41541	46.0228
			*MESH_VERTEX 107	-21.9675	6.45715	143.383
			*MESH_VERTEX 108	7.25897	-6.10169	18.5546
			*MESH_VERTEX 109	16.8219	-0.165585	60.8857
			*MESH_VERTEX 110	24.5772	-9.13295	48.0054
			*MESH_VERTEX 111	12.9071	9.3855	21.3508
			*MESH_VERTEX 112	0.046257	-19.7635	115.341
			*MESH_VERTEX 113	-17.708	3.69496	135.106
			*MESH_VERTEX 114	-23.8098	-11.543	47.1236
			*MESH_VERTEX 115	-6.28718	-1.53519	60.4137
			*MESH_VERTEX 116	0.649381	-8.39219	60.2284
			*MESH_VERTEX 117	1.137	-9.17466	45.9719
			*MESH_VERTEX 118	-7.72466	-0.0502195	20.2815
			*MESH_VERTEX 119	-3.91439	-0.336664	18.6286
			*MESH_VERTEX 120	-25.8705	-8.0391	91.831
			*MESH_VERTEX 121	0.00334412	-21.066	115.56
			*MESH_VERTEX 122	-5.97417	-4.41658	155.987
			*MESH_VERTEX 123	0.173157	-7.31215	60.1507
			*MESH_VERTEX 124	-8.99736	2.16029	43.3124
			*MESH_VERTEX 125	-13.1088	-10.3311	18.8282
			*MESH_VERTEX 126	19.6055	-4.56257	43.3825
			*MESH_VERTEX 127	10.8048	-13.1268	41.0069
			*MESH_VERTEX 128	15.6839	-13.2752	41.4579
			*MESH_VERTEX 129	-25.5108	1.48386	144.764
			*MESH_VERTEX 130	17.3365	-25.2313	1.27865
			*MESH_VERTEX 131	8.32091	6.082	96.8046
			*MESH_VERTEX 132	-23.3099	-14.2692	78.587
			*MESH_VERTEX 133	-16.3436	-26.1056	1.03579
			*MESH_VERTEX 134	29.0511	-5.9495	86.6965
			*MESH_VERTEX 135	32.1819	1.3064	117.083
			*MESH_VERTEX 136	30.4414	-4.78496	136.522
			*MESH_VERTEX 137	-14.0215	-15.0142	40.8918
			*MESH_VERTEX 138	-8.32182	-14.4956	40.7121
			*MESH_VERTEX 139	26.3547	-13.0386	91.9801
			*MESH_VERTEX 140	21.7323	2.60234	151.818
			*MESH_VERTEX 141	16.5002	-10.7327	149.212
			*MESH_VERTEX 142	15.1066	-17.9145	145.762
			*MESH_VERTEX 143	0.0497934	-23.097	137.304
			*MESH_VERTEX 144	-1.00957	-20.309	92.2831
			*MESH_VERTEX 145	17.4932	0.255461	19.6179
			*MESH_VERTEX 146	9.16705	3.52986	43.3428
			*MESH_VERTEX 147	15.6897	3.35859	43.7944
			*MESH_VERTEX 148	14.4425	-9.28588	19.0177
			*MESH_VERTEX 149	22.7041	-11.5553	87.0914
			*MESH_VERTEX 150	25.8912	-8.13293	90.9028
			*MESH_VERTEX 151	4.71876	0.190963	18.4164
			*MESH_VERTEX 152	22.1932	-1.06957	107.555
			*MESH_VERTEX 153	-13.7088	-7.17107	18.8021
			*MESH_VERTEX 154	12.796	-6.10291	18.9911
			*MESH_VERTEX 155	-19.3371	-4.66571	43.3755
			*MESH_VERTEX 156	-15.3762	1.60123	43.4954
			*MESH_VERTEX 157	-31.7863	1.68613	117.931
			*MESH_VERTEX 158	-29.4856	-4.29945	136.93
			*MESH_VERTEX 159	6.2283	-4.19364	156.052
			*MESH_VERTEX 160	-17.1142	-7.35717	131.215
			*MESH_VERTEX 161	-17.6739	-12.7623	143.395
			*MESH_VERTEX 162	-6.50745	-4.75904	164.75
			*MESH_VERTEX 163	-21.902	-0.947051	108.325
			*MESH_VERTEX 164	-28.9928	-5.85294	87.6009
			*MESH_VERTEX 165	-27.7149	-4.62095	84.5594
			*MESH_VERTEX 166	27.7346	-4.69622	83.706
			*MESH_VERTEX 167	-5.48161	-20.4158	85.5212
			*MESH_VERTEX 168	-13.5981	-21.3832	137.677
			*MESH_VERTEX 169	-24.5655	-12.925	79.0973
			*MESH_VERTEX 170	12.203	0.482162	84.949
			*MESH_VERTEX 171	-24.9915	-16.1966	79.5171
			*MESH_VERTEX 172	25.2794	5.65476	138.055
			*MESH_VERTEX 173	26.1968	-14.8649	79.1447
			*MESH_VERTEX 174	24.5017	-12.9299	78.2554
			*MESH_VERTEX 175	23.2373	-14.2748	77.7365
			*MESH_VERTEX 176	26.2694	-15.8649	84.2336
			*MESH_VERTEX 177	24.9324	-16.2098	78.6258
			*MESH_VERTEX 178	-19.576	-6.39413	137.246
			*MESH_VERTEX 179	0.0442678	1.3839	114.905
			*MESH_VERTEX 180	21.6401	-7.89159	60.4875
			*MESH_VERTEX 181	-16.2207	-5.33634	136.083
			*MESH_VERTEX 182	6.45783	-4.86781	164.824
			*MESH_VERTEX 183	18.0347	0.665283	138.46
			*MESH_VERTEX 184	16.2894	5.16719	135.358
			*MESH_VERTEX 185	16.1605	-8.51097	124.564
			*MESH_VERTEX 186	-10.6316	4.81155	20.9982
			*MESH_VERTEX 187	-15.2802	-10.546	149.21
			*MESH_VERTEX 188	-20.4239	2.6364	151.571
			*MESH_VERTEX 189	-26.3711	-5.60312	119.385
			*MESH_VERTEX 190	-20.7453	-10.3298	60.2517
			*MESH_VERTEX 191	-16.012	4.89081	135.002
			*MESH_VERTEX 192	-11.2394	1.60983	83.969
			*MESH_VERTEX 193	-2.74189	1.13803	83.7684
			*MESH_VERTEX 194	3.0225	1.64397	84.5203
			*MESH_VERTEX 195	26.6298	-5.9019	118.604
			*MESH_VERTEX 196	10.8619	5.49952	20.5762
			*MESH_VERTEX 197	-24.9033	4.03853	116.882
			*MESH_VERTEX 198	0.0449028	3.39781	156.163
			*MESH_VERTEX 199	-32.1489	-6.54986	87.1358
			*MESH_VERTEX 200	0.013369	2.43923	115.334
			*MESH_VERTEX 201	17.1704	-2.48747	132.058
			*MESH_VERTEX 202	-30.1935	-4.30263	119.841
			*MESH_VERTEX 203	11.8765	11.682	9.00051
			*MESH_VERTEX 204	34.4414	0.43041	107.331
			*MESH_VERTEX 205	31.1963	-5.99103	90.5124
			*MESH_VERTEX 206	32.1941	-10.028	91.9009
			*MESH_VERTEX 207	34.1572	-4.02286	108.561
			*MESH_VERTEX 208	-11.0007	10.7247	9.2217
			*MESH_VERTEX 209	0.0139326	1.6957	167.417
			*MESH_VERTEX 210	18.3203	-12.957	143.266
			*MESH_VERTEX 211	23.8839	-16.0458	83.5949
			*MESH_VERTEX 212	-32.1714	-9.96728	92.8118
			*MESH_VERTEX 213	-11.2152	-20.6297	132.382
			*MESH_VERTEX 214	-34.2072	0.593589	108.346
			*MESH_VERTEX 215	-20.4877	-2.35442	17.6291
			*MESH_VERTEX 216	12.3444	2.15564	102.734
			*MESH_VERTEX 217	23.5487	-18.3955	9.35056
			*MESH_VERTEX 218	8.98965	-19.6872	9.06535
			*MESH_VERTEX 219	-0.196709	7.47039	91.9642
			*MESH_VERTEX 220	-22.6994	-19.3441	9.05828
			*MESH_VERTEX 221	-8.13855	-20.6462	9.03022
			*MESH_VERTEX 222	31.8919	-2.41318	117.507
			*MESH_VERTEX 223	-18.9117	-6.21271	98.8923
			*MESH_VERTEX 224	-21.921	-13.8239	82.9146
			*MESH_VERTEX 225	21.9256	-13.884	82.0756
			*MESH_VERTEX 226	-17.8654	-10.1704	134.954
			*MESH_VERTEX 227	-22.3876	-11.6396	137.756
			*MESH_VERTEX 228	6.79678	-19.8813	55.4663
			*MESH_VERTEX 229	6.13776	4.06098	20.0998
			*MESH_VERTEX 230	-5.57155	3.40733	20.3695
			*MESH_VERTEX 231	0.0874318	-9.54633	162.363
			*MESH_VERTEX 232	24.6106	-14.5849	88.5846
			*MESH_VERTEX 233	26.0992	-7.43394	143.73
			*MESH_VERTEX 234	-12.319	3.2043	102.45
			*MESH_VERTEX 235	13.7511	-18.5693	99.8659
			*MESH_VERTEX 236	5.77542	-20.489	85.5487
			*MESH_VERTEX 237	-0.727808	-10.8007	83.4259
			*MESH_VERTEX 238	-16.1171	-2.4191	132.547
			*MESH_VERTEX 239	-0.326834	7.62151	97.8384
			*MESH_VERTEX 240	-15.4511	-8.69923	109.414
			*MESH_VERTEX 241	-9.64303	0.0471177	109.605
			*MESH_VERTEX 242	0.9966	-10.9143	83.6268
			*MESH_VERTEX 243	25.3492	3.73484	115.934
			*MESH_VERTEX 244	24.8418	2.54502	106.597
			*MESH_VERTEX 245	-24.5134	-14.4735	89.4628
			*MESH_VERTEX 246	-31.5658	-2.04502	118.233
			*MESH_VERTEX 247	-25.4047	-7.28199	144.166
			*MESH_VERTEX 248	18.0223	-7.45562	130.722
			*MESH_VERTEX 249	23.0303	-11.8507	137.322
			*MESH_VERTEX 250	9.12451	0.724326	109.759
			*MESH_VERTEX 251	-24.5952	2.68136	107.391
			*MESH_VERTEX 252	11.1888	-16.8689	109.692
			*MESH_VERTEX 253	-33.9913	-3.8219	109.511
			*MESH_VERTEX 254	28.5309	-17.4065	80.039
			*MESH_VERTEX 255	1.39451	-20.4767	92.303
			*MESH_VERTEX 256	9.21699	-19.0845	123.744
			*MESH_VERTEX 257	0.00500591	-11.3981	117.339
			*MESH_VERTEX 258	11.0979	0.986956	124.589
			*MESH_VERTEX 259	0.0415095	6.77148	137.448
			*MESH_VERTEX 260	-20.7456	-9.52138	85.4495
			*MESH_VERTEX 261	-14.5791	0.790943	90.0184
			*MESH_VERTEX 262	-22.8791	-0.108691	116.761
			*MESH_VERTEX 263	-21.7282	-6.68064	109.958
			*MESH_VERTEX 264	-30.0399	-12.8104	93.4622
			*MESH_VERTEX 265	-26.8476	-8.9788	110.75
			*MESH_VERTEX 266	-29.4253	-17.697	82.6527
			*MESH_VERTEX 267	19.6311	-9.66735	85.8891
			*MESH_VERTEX 268	14.0192	0.750752	90.773
			*MESH_VERTEX 269	15.4668	-7.62099	109.766
			*MESH_VERTEX 270	18.6137	-10.2367	134.505
			*MESH_VERTEX 271	23.2501	-0.384874	115.943
			*MESH_VERTEX 272	21.4066	-0.747541	17.7547
			*MESH_VERTEX 273	22.0122	-6.85789	109.174
			*MESH_VERTEX 274	31.899	-7.76135	109.659
			*MESH_VERTEX 275	30.0698	-12.8694	92.5873
			*MESH_VERTEX 276	26.9894	-9.10449	109.891
			*MESH_VERTEX 277	-25.3697	-8.27441	122.694
			*MESH_VERTEX 278	32.2029	-6.63638	86.2015
			*MESH_VERTEX 279	-22.4529	-12.9004	-0.124075
			*MESH_VERTEX 280	23.4783	-12.0427	0.102108
			*MESH_VERTEX 281	-16.0577	-8.79071	124.291
			*MESH_VERTEX 282	-15.4431	-22.3095	55.7983
			*MESH_VERTEX 283	-31.1828	-5.91479	91.4544
			*MESH_VERTEX 284	-27.4325	2.97478	138.711
			*MESH_VERTEX 285	-14.8276	-20.5506	87.2133
			*MESH_VERTEX 286	28.6421	2.53421	138.307
			*MESH_VERTEX 287	-6.34969	-21.5643	55.5736
			*MESH_VERTEX 288	33.5599	-8.85813	79.7219
			*MESH_VERTEX 289	-33.5904	-8.8254	80.6804
			*MESH_VERTEX 290	-10.8183	-17.7251	109.46
			*MESH_VERTEX 291	0.014058	2.59967	109.929
			*MESH_VERTEX 292	18.7754	-7.70828	99.4936
			*MESH_VERTEX 293	0.0764015	1.98214	123.98
			*MESH_VERTEX 294	16.6936	-20.0391	56.1558
			*MESH_VERTEX 295	-29.2097	4.12835	117.453
			*MESH_VERTEX 296	-24.0667	4.8267	119.803
			*MESH_VERTEX 297	29.2334	4.70199	119.333
			*MESH_VERTEX 298	11.224	-20.3754	132.521
			*MESH_VERTEX 299	25.2224	-8.18448	122.503
			*MESH_VERTEX 300	0.00560269	-20.9264	109.225
			*MESH_VERTEX 301	23.1832	-4.24683	116.37
			*MESH_VERTEX 302	-9.2107	-19.2846	123.61
			*MESH_VERTEX 303	28.4099	-5.22559	90.2767
			*MESH_VERTEX 304	17.6191	-5.80868	137.2
			*MESH_VERTEX 305	-28.3975	-5.13676	91.2271
			*MESH_VERTEX 306	-22.8865	-3.97729	117.053
			*MESH_VERTEX 307	15.8206	-1.69964	96.8735
			*MESH_VERTEX 308	-15.2197	0.391985	95.8976
			*MESH_VERTEX 309	-26.5472	-9.28272	135.37
			*MESH_VERTEX 310	-30.1445	-4.35694	118.139
			*MESH_VERTEX 311	-5.50639	-22.1431	60.9226
			*MESH_VERTEX 312	30.4296	-4.70756	117.48
			*MESH_VERTEX 313	-0.155538	5.29073	103.345
			*MESH_VERTEX 314	15.1889	-19.4988	86.952
			*MESH_VERTEX 315	16.0049	-20.7821	61.3774
			*MESH_VERTEX 316	32.101	2.00303	119.513
			*MESH_VERTEX 317	26.8545	-6.02917	117.101
			*MESH_VERTEX 318	-23.0544	-9.97354	132.373
			*MESH_VERTEX 319	-31.7401	2.29286	120.232
			*MESH_VERTEX 320	-31.6018	-2.01698	120.06
			*MESH_VERTEX 321	31.8915	-2.34448	119.386
			*MESH_VERTEX 322	-17.0074	-3.41861	90.6207
			*MESH_VERTEX 323	6.31214	-20.587	60.8659
			*MESH_VERTEX 324	-14.845	-22.9081	61.2677
			*MESH_VERTEX 325	0.0519913	-21.8548	132.501
			*MESH_VERTEX 326	-26.5919	-5.7212	117.724
			*MESH_VERTEX 327	29.6459	3.78487	116.576
			*MESH_VERTEX 328	-14.0351	-17.9163	98.9553
			*MESH_VERTEX 329	27.3599	-9.6635	134.934
			*MESH_VERTEX 330	-28.7701	4.9067	120.361
			*MESH_VERTEX 331	0.0492729	-21.3343	124.435
			*MESH_VERTEX 332	22.4247	-0.193564	118.075
			*MESH_VERTEX 333	23.8849	-10.2446	131.895
			*MESH_VERTEX 334	16.5644	-3.35497	91.4716
			*MESH_VERTEX 335	-22.075	0.0214983	118.974
			*MESH_VERTEX 336	-7.51695	-14.1299	-0.164742
			*MESH_VERTEX 337	8.54453	-13.2616	-0.20336
		}
		*MESH_FACE_LIST {
			*MESH_FACE    0:    A:    190 B:    324 C:    260 AB:    1 BC:    1 CA:    1	 *MESH_SMOOTHING 1 	*MESH_MTLID 0
			*MESH_FACE    1:    A:    186 B:    98 C:    118 AB:    1 BC:    1 CA:    1	 *MESH_SMOOTHING 1 	*MESH_MTLID 0
			*MESH_FACE    2:    A:    170 B:    57 C:    194 AB:    1 BC:    1 CA:    1	 *MESH_SMOOTHING 1 	*MESH_MTLID 0
			*MESH_FACE    3:    A:    314 B:    236 C:    323 AB:    1 BC:    1 CA:    1	 *MESH_SMOOTHING 1 	*MESH_MTLID 0
			*MESH_FACE    4:    A:    285 B:    311 C:    167 AB:    1 BC:    1 CA:    1	 *MESH_SMOOTHING 1 	*MESH_MTLID 0
			*MESH_FACE    5:    A:    192 B:    193 C:    115 AB:    1 BC:    1 CA:    1	 *MESH_SMOOTHING 1 	*MESH_MTLID 0
			*MESH_FACE    6:    A:    219 B:    239 C:    131 AB:    1 BC:    1 CA:    1	 *MESH_SMOOTHING 1 	*MESH_MTLID 0
			*MESH_FACE    7:    A:    300 B:    255 C:    252 AB:    1 BC:    1 CA:    1	 *MESH_SMOOTHING 1 	*MESH_MTLID 0
			*MESH_FACE    8:    A:    196 B:    35 C:    74 AB:    1 BC:    1 CA:    1	 *MESH_SMOOTHING 1 	*MESH_MTLID 0
			*MESH_FACE    9:    A:    57 B:    170 C:    109 AB:    1 BC:    1 CA:    1	 *MESH_SMOOTHING 1 	*MESH_MTLID 0
			*MESH_FACE    10:    A:    77 B:    217 C:    78 AB:    1 BC:    1 CA:    1	 *MESH_SMOOTHING 1 	*MESH_MTLID 0
			*MESH_FACE    11:    A:    337 B:    96 C:    85 AB:    1 BC:    1 CA:    1	 *MESH_SMOOTHING 1 	*MESH_MTLID 0
			*MESH_FACE    12:    A:    71 B:    147 C:    145 AB:    1 BC:    1 CA:    1	 *MESH_SMOOTHING 1 	*MESH_MTLID 0
			*MESH_FACE    13:    A:    147 B:    71 C:    146 AB:    1 BC:    1 CA:    1	 *MESH_SMOOTHING 1 	*MESH_MTLID 0
			*MESH_FACE    14:    A:    337 B:    75 C:    280 AB:    1 BC:    1 CA:    1	 *MESH_SMOOTHING 1 	*MESH_MTLID 0
			*MESH_FACE    15:    A:    217 B:    77 C:    218 AB:    1 BC:    1 CA:    1	 *MESH_SMOOTHING 1 	*MESH_MTLID 0
			*MESH_FACE    16:    A:    260 B:    104 C:    190 AB:    1 BC:    1 CA:    1	 *MESH_SMOOTHING 1 	*MESH_MTLID 0
			*MESH_FACE    17:    A:    94 B:    279 C:    80 AB:    1 BC:    1 CA:    1	 *MESH_SMOOTHING 1 	*MESH_MTLID 0
			*MESH_FACE    18:    A:    221 B:    95 C:    83 AB:    1 BC:    1 CA:    1	 *MESH_SMOOTHING 1 	*MESH_MTLID 0
			*MESH_FACE    19:    A:    95 B:    336 C:    79 AB:    1 BC:    1 CA:    1	 *MESH_SMOOTHING 1 	*MESH_MTLID 0
			*MESH_FACE    20:    A:    324 B:    311 C:    285 AB:    1 BC:    1 CA:    1	 *MESH_SMOOTHING 1 	*MESH_MTLID 0
			*MESH_FACE    21:    A:    138 B:    99 C:    98 AB:    1 BC:    1 CA:    1	 *MESH_SMOOTHING 1 	*MESH_MTLID 0
			*MESH_FACE    22:    A:    116 B:    242 C:    311 AB:    1 BC:    1 CA:    1	 *MESH_SMOOTHING 1 	*MESH_MTLID 0
			*MESH_FACE    23:    A:    194 B:    57 C:    123 AB:    1 BC:    1 CA:    1	 *MESH_SMOOTHING 1 	*MESH_MTLID 0
			*MESH_FACE    24:    A:    123 B:    237 C:    194 AB:    1 BC:    1 CA:    1	 *MESH_SMOOTHING 1 	*MESH_MTLID 0
			*MESH_FACE    25:    A:    123 B:    323 C:    237 AB:    1 BC:    1 CA:    1	 *MESH_SMOOTHING 1 	*MESH_MTLID 0
			*MESH_FACE    26:    A:    180 B:    267 C:    315 AB:    1 BC:    1 CA:    1	 *MESH_SMOOTHING 1 	*MESH_MTLID 0
			*MESH_FACE    27:    A:    128 B:    127 C:    154 AB:    1 BC:    1 CA:    1	 *MESH_SMOOTHING 1 	*MESH_MTLID 0
			*MESH_FACE    28:    A:    311 B:    242 C:    167 AB:    1 BC:    1 CA:    1	 *MESH_SMOOTHING 1 	*MESH_MTLID 0
			*MESH_FACE    29:    A:    323 B:    236 C:    237 AB:    1 BC:    1 CA:    1	 *MESH_SMOOTHING 1 	*MESH_MTLID 0
			*MESH_FACE    30:    A:    35 B:    154 C:    127 AB:    1 BC:    1 CA:    1	 *MESH_SMOOTHING 1 	*MESH_MTLID 0
			*MESH_FACE    31:    A:    96 B:    218 C:    77 AB:    1 BC:    1 CA:    1	 *MESH_SMOOTHING 1 	*MESH_MTLID 0
			*MESH_FACE    32:    A:    280 B:    75 C:    78 AB:    1 BC:    1 CA:    1	 *MESH_SMOOTHING 1 	*MESH_MTLID 0
			*MESH_FACE    33:    A:    203 B:    229 C:    111 AB:    1 BC:    1 CA:    1	 *MESH_SMOOTHING 1 	*MESH_MTLID 0
			*MESH_FACE    34:    A:    108 B:    148 C:    154 AB:    1 BC:    1 CA:    1	 *MESH_SMOOTHING 1 	*MESH_MTLID 0
			*MESH_FACE    35:    A:    145 B:    3 C:    272 AB:    1 BC:    1 CA:    1	 *MESH_SMOOTHING 1 	*MESH_MTLID 0
			*MESH_FACE    36:    A:    260 B:    324 C:    285 AB:    1 BC:    1 CA:    1	 *MESH_SMOOTHING 1 	*MESH_MTLID 0
			*MESH_FACE    37:    A:    192 B:    104 C:    260 AB:    1 BC:    1 CA:    1	 *MESH_SMOOTHING 1 	*MESH_MTLID 0
			*MESH_FACE    38:    A:    83 B:    220 C:    221 AB:    1 BC:    1 CA:    1	 *MESH_SMOOTHING 1 	*MESH_MTLID 0
			*MESH_FACE    39:    A:    94 B:    336 C:    279 AB:    1 BC:    1 CA:    1	 *MESH_SMOOTHING 1 	*MESH_MTLID 0
			*MESH_FACE    40:    A:    52 B:    51 C:    133 AB:    1 BC:    1 CA:    1	 *MESH_SMOOTHING 1 	*MESH_MTLID 0
			*MESH_FACE    41:    A:    221 B:    336 C:    95 AB:    1 BC:    1 CA:    1	 *MESH_SMOOTHING 1 	*MESH_MTLID 0
			*MESH_FACE    42:    A:    193 B:    116 C:    115 AB:    1 BC:    1 CA:    1	 *MESH_SMOOTHING 1 	*MESH_MTLID 0
			*MESH_FACE    43:    A:    116 B:    193 C:    242 AB:    1 BC:    1 CA:    1	 *MESH_SMOOTHING 1 	*MESH_MTLID 0
			*MESH_FACE    44:    A:    54 B:    105 C:    219 AB:    1 BC:    1 CA:    1	 *MESH_SMOOTHING 1 	*MESH_MTLID 0
			*MESH_FACE    45:    A:    54 B:    0 C:    31 AB:    1 BC:    1 CA:    1	 *MESH_SMOOTHING 1 	*MESH_MTLID 0
			*MESH_FACE    46:    A:    128 B:    37 C:    126 AB:    1 BC:    1 CA:    1	 *MESH_SMOOTHING 1 	*MESH_MTLID 0
			*MESH_FACE    47:    A:    147 B:    126 C:    145 AB:    1 BC:    1 CA:    1	 *MESH_SMOOTHING 1 	*MESH_MTLID 0
			*MESH_FACE    48:    A:    57 B:    109 C:    25 AB:    1 BC:    1 CA:    1	 *MESH_SMOOTHING 1 	*MESH_MTLID 0
			*MESH_FACE    49:    A:    57 B:    25 C:    32 AB:    1 BC:    1 CA:    1	 *MESH_SMOOTHING 1 	*MESH_MTLID 0
			*MESH_FACE    50:    A:    267 B:    314 C:    315 AB:    1 BC:    1 CA:    1	 *MESH_SMOOTHING 1 	*MESH_MTLID 0
			*MESH_FACE    51:    A:    51 B:    59 C:    133 AB:    1 BC:    1 CA:    1	 *MESH_SMOOTHING 1 	*MESH_MTLID 0
