*3DSMAX_ASCIIEXPORT	110
*COMMENT "[ GothicSourcer v3.14 ] - June 2007"
*SCENE {
	*SCENE_FILENAME "HUM_TPLS_ARMOR.MAX"
	*SCENE_FIRSTFRAME 0
	*SCENE_LASTFRAME 100
	*SCENE_FRAMESPEED 25
	*SCENE_TICKSPERFRAME 192
	*SCENE_BACKGROUND_STATIC 0	0	0
	*SCENE_AMBIENT_STATIC 0.2	0.2	0.2
}
*MATERIAL_LIST {
	*MATERIAL_COUNT 1
	*MATERIAL 0 {
		*MATERIAL_NAME "Compound Material #1"
		*MATERIAL_CLASS "Multi/Sub-Object"
		*NUMSUBMTLS 2
		*SUBMATERIAL 0 {
			*MATERIAL_NAME "TEMPLER01"
			*MATERIAL_CLASS "Standard"
			*MATERIAL_AMBIENT 0.14902	0.141176	0.133333
			*MATERIAL_DIFFUSE 0.14902	0.141176	0.133333
			*MATERIAL_SPECULAR 0.9	0.9	0.9
			*MATERIAL_SHINE 0.1
			*MATERIAL_SHINESTRENGTH 0
			*MATERIAL_TRANSPARENCY 0
			*MATERIAL_WIRESIZE 1
			*MATERIAL_SHADING Blinn
			*MATERIAL_XP_FALLOFF 0
			*MATERIAL_SELFILLUM 0
			*MATERIAL_FALLOFF In
			*MATERIAL_XP_TYPE Filter
			*MAP_DIFFUSE {
				*MAP_NAME "Map #1-1"
				*MAP_CLASS "Bitmap"
				*MAP_SUBNO 1
				*MAP_AMOUNT 1
				*BITMAP "HUM_TPLS_ARMOR_V0.TGA"
				*MAP_TYPE Screen
				*UVW_U_OFFSET 0
				*UVW_V_OFFSET 0
				*UVW_U_TILING 1
				*UVW_V_TILING 1
				*UVW_ANGLE 0
				*UVW_BLUR 1
				*UVW_BLUR_OFFSET 0
				*UVW_NOUSE_AMT 1
				*UVW_NOISE_SIZE 1
				*UVW_NOISE_LEVEL 1
				*UVW_NOISE_PHASE 0
				*BITMAP_FILTER Pyramidal
			}
		}
		*SUBMATERIAL 1 {
			*MATERIAL_NAME "TEMPL2"
			*MATERIAL_CLASS "Standard"
			*MATERIAL_AMBIENT 0.509804	0.407843	0.305882
			*MATERIAL_DIFFUSE 0.509804	0.407843	0.305882
			*MATERIAL_SPECULAR 0.9	0.9	0.9
			*MATERIAL_SHINE 0.1
			*MATERIAL_SHINESTRENGTH 0
			*MATERIAL_TRANSPARENCY 0
			*MATERIAL_WIRESIZE 1
			*MATERIAL_SHADING Blinn
			*MATERIAL_XP_FALLOFF 0
			*MATERIAL_SELFILLUM 0
			*MATERIAL_FALLOFF In
			*MATERIAL_XP_TYPE Filter
			*MAP_DIFFUSE {
				*MAP_NAME "Map #1-2"
				*MAP_CLASS "Bitmap"
				*MAP_SUBNO 1
				*MAP_AMOUNT 1
				*BITMAP "HUM_BODY_NAKED_V0_C0.TGA"
				*MAP_TYPE Screen
				*UVW_U_OFFSET 0
				*UVW_V_OFFSET 0
				*UVW_U_TILING 1
				*UVW_V_TILING 1
				*UVW_ANGLE 0
				*UVW_BLUR 1
				*UVW_BLUR_OFFSET 0
				*UVW_NOUSE_AMT 1
				*UVW_NOISE_SIZE 1
				*UVW_NOISE_LEVEL 1
				*UVW_NOISE_PHASE 0
				*BITMAP_FILTER Pyramidal
			}
		}
	}
}
*HELPEROBJECT {
	*NODE_NAME "Bip01"
	*NODE_TM {
		*NODE_NAME "Bip01"
		*TM_ROW0 6.27438e-006	-1	0
		*TM_ROW1 1	6.27438e-006	0
		*TM_ROW2 -0	-0	1
		*TM_ROW3 0	-7.37745	99.9496
		*TM_POS 0	-7.37745	99.9496
		*TM_ROTAXIS 0	0	1
		*TM_ROTANGLE 1.57079
		*TM_SCALE 1	1	1
		*TM_SCALEAXIS 0	0	0
		*TM_SCALEAXISANG 0	0	0
	}
}
*HELPEROBJECT {
	*NODE_NAME "Bip01 Pelvis"
	*NODE_PARENT "Bip01"
	*NODE_TM {
		*NODE_NAME "Bip01 Pelvis"
		*TM_ROW0 -5.96046e-008	1.79264e-006	1
		*TM_ROW1 -1.79264e-006	-1	1.79264e-006
		*TM_ROW2 1	-1.79264e-006	-5.96046e-008
		*TM_ROW3 1e-005	-8.0113	99.9496
		*TM_POS 1e-005	-8.0113	99.9496
		*TM_ROTAXIS 0.707107	0	0.707107
		*TM_ROTANGLE 3.1416
		*TM_SCALE 1	1	1
		*TM_SCALEAXIS 0	0	0
		*TM_SCALEAXISANG 0	0	0
	}
}
*HELPEROBJECT {
	*NODE_NAME "Bip01 Spine"
	*NODE_PARENT "Bip01 Pelvis"
	*NODE_TM {
		*NODE_NAME "Bip01 Spine"
		*TM_ROW0 5.96047e-008	-0.0205947	0.999788
		*TM_ROW1 5.48642e-006	-0.999788	-0.0205947
		*TM_ROW2 1	5.48642e-006	5.96047e-008
		*TM_ROW3 1e-005	-7.92216	102.35
		*TM_POS 1e-005	-7.92216	102.35
		*TM_ROTAXIS 0.707088	-0.00727998	0.707088
		*TM_ROTANGLE 3.12703
		*TM_SCALE 1	1	1
		*TM_SCALEAXIS 0	0	0
		*TM_SCALEAXISANG 0	0	0
	}
}
*HELPEROBJECT {
	*NODE_NAME "Bip01 Spine1"
	*NODE_PARENT "Bip01 Spine"
	*NODE_TM {
		*NODE_NAME "Bip01 Spine1"
		*TM_ROW0 5.96047e-008	-0.00276992	0.999996
		*TM_ROW1 -1.92621e-006	-0.999996	-0.00276991
		*TM_ROW2 1	-1.92621e-006	5.96047e-008
		*TM_ROW3 1e-005	-8.11442	112.175
		*TM_POS 1e-005	-8.11442	112.175
		*TM_ROTAXIS 0.707106	-0.000979995	0.707107
		*TM_ROTANGLE 3.13964
		*TM_SCALE 1	1	1
		*TM_SCALEAXIS 0	0	0
		*TM_SCALEAXISANG 0	0	0
	}
}
*HELPEROBJECT {
	*NODE_NAME "Bip01 Spine2"
	*NODE_PARENT "Bip01 Spine1"
	*NODE_TM {
		*NODE_NAME "Bip01 Spine2"
		*TM_ROW0 5.96048e-008	0.180243	0.983622
		*TM_ROW1 1.67638e-006	-0.983622	0.180243
		*TM_ROW2 1	1.67638e-006	5.96047e-008
		*TM_ROW3 1e-005	-8.1264	124.961
		*TM_POS 1e-005	-8.1264	124.961
		*TM_ROTAXIS 0.705652	0.0641202	0.705652
		*TM_ROTANGLE 3.26966
		*TM_SCALE 1	1	1
		*TM_SCALEAXIS 0	0	0
		*TM_SCALEAXISANG 0	0	0
	}
}
*HELPEROBJECT {
	*NODE_NAME "Bip01 Neck"
	*NODE_PARENT "Bip01 Spine2"
	*NODE_TM {
		*NODE_NAME "Bip01 Neck"
		*TM_ROW0 5.96046e-007	-0.167043	0.98595
		*TM_ROW1 4.70132e-006	-0.98595	-0.167043
		*TM_ROW2 1	4.70132e-006	5.96047e-007
		*TM_ROW3 1.03264e-011	-2.71656	154.454
		*TM_POS 1.03264e-011	-2.71656	154.454
		*TM_ROTAXIS -0.70586	0.05937	-0.705859
		*TM_ROTANGLE 3.2602
		*TM_SCALE 1	1	1
		*TM_SCALEAXIS 0	0	0
		*TM_SCALEAXISANG 0	0	0
	}
}
*HELPEROBJECT {
	*NODE_NAME "Bip01 Head"
	*NODE_PARENT "Bip01 Neck"
	*NODE_TM {
		*NODE_NAME "Bip01 Head"
		*TM_ROW0 -5.96047e-008	1.76447e-006	1
		*TM_ROW1 -1.79264e-006	-1	1.80855e-006
		*TM_ROW2 1	-1.79264e-006	-5.96046e-008
		*TM_ROW3 2.27758e-011	-3.85901	161.198
		*TM_POS 2.27758e-011	-3.85901	161.198
		*TM_ROTAXIS -0.707107	-5.62215e-009	-0.707107
		*TM_ROTANGLE 3.14159
		*TM_SCALE 1	1	1
		*TM_SCALEAXIS 0	0	0
		*TM_SCALEAXISANG 0	0	0
	}
}
*HELPEROBJECT {
	*NODE_NAME "ZS_HELMET"
	*NODE_PARENT "Bip01 Head"
	*NODE_TM {
		*NODE_NAME "ZS_HELMET"
		*TM_ROW0 1	7.87298e-013	7.61567e-014
		*TM_ROW1 -1.53811e-013	0.996917	-0.0784593
		*TM_ROW2 -5.53111e-014	0.0784593	0.996918
		*TM_ROW3 1e-005	-7.06248	173.704
		*TM_POS 1e-005	-7.06248	173.704
		*TM_ROTAXIS 1	8.37809e-013	-5.99744e-012
		*TM_ROTANGLE 0.078541
		*TM_SCALE 1	1	1
		*TM_SCALEAXIS 0	0	0
		*TM_SCALEAXISANG 0	0	0
	}
}
*HELPEROBJECT {
	*NODE_NAME "Bip01 L Clavicle"
	*NODE_PARENT "Bip01 Neck"
	*NODE_TM {
		*NODE_NAME "Bip01 L Clavicle"
		*TM_ROW0 0.935229	-0.203893	-0.289439
		*TM_ROW1 0.156435	0.971369	-0.178803
		*TM_ROW2 0.317608	0.121943	0.940348
		*TM_ROW3 7.96399	-1.25804	148.729
		*TM_POS 7.96399	-1.25804	148.729
		*TM_ROTAXIS 0.391939	-0.791119	0.469589
		*TM_ROTANGLE 0.39376
		*TM_SCALE 1	1	1
		*TM_SCALEAXIS 0	0	0
		*TM_SCALEAXISANG 0	0	0
	}
}
*HELPEROBJECT {
	*NODE_NAME "Bip01 L UpperArm"
	*NODE_PARENT "Bip01 L Clavicle"
	*NODE_TM {
		*NODE_NAME "Bip01 L UpperArm"
		*TM_ROW0 0.246229	0.0989027	-0.964152
		*TM_ROW1 0.412789	0.889345	0.196649
		*TM_ROW2 0.876913	-0.446412	0.178157
		*TM_ROW3 20.4269	-3.97508	144.872
		*TM_POS 20.4269	-3.97508	144.872
		*TM_ROTAXIS -0.325561	-0.932072	0.15891
		*TM_ROTANGLE 1.41328
		*TM_SCALE 1	1	1
		*TM_SCALEAXIS 0	0	0
		*TM_SCALEAXISANG 0	0	0
	}
}
*HELPEROBJECT {
	*NODE_NAME "Bip01 L Forearm"
	*NODE_PARENT "Bip01 L UpperArm"
	*NODE_TM {
		*NODE_NAME "Bip01 L Forearm"
		*TM_ROW0 0.0455122	-0.291882	-0.955371
		*TM_ROW1 0.478489	0.845886	-0.235638
		*TM_ROW2 0.876913	-0.44641	0.17816
		*TM_ROW3 27.2982	-1.21526	117.966
		*TM_POS 27.2982	-1.21526	117.966
		*TM_ROTAXIS -0.10545	-0.916697	0.385419
		*TM_ROTANGLE 1.53601
		*TM_SCALE 1	1	1
		*TM_SCALEAXIS 0	0	0
		*TM_SCALEAXISANG 0	0	0
	}
}
*HELPEROBJECT {
	*NODE_NAME "Bip01 L Hand"
	*NODE_PARENT "Bip01 L Forearm"
	*NODE_TM {
		*NODE_NAME "Bip01 L Hand"
		*TM_ROW0 0.0455132	-0.291886	-0.95537
		*TM_ROW1 -0.876533	0.44708	-0.17835
		*TM_ROW2 0.479185	0.845531	-0.2355
		*TM_ROW3 28.5642	-9.33438	91.391
		*TM_POS 28.5642	-9.33438	91.391
		*TM_ROTAXIS 0.551391	-0.772552	-0.314851
		*TM_ROTANGLE 1.95137
		*TM_SCALE 1	1	1
		*TM_SCALEAXIS 0	0	0
		*TM_SCALEAXISANG 0	0	0
	}
}
*HELPEROBJECT {
	*NODE_NAME "Bip01 L Finger0"
	*NODE_PARENT "Bip01 L Hand"
	*NODE_TM {
		*NODE_NAME "Bip01 L Finger0"
		*TM_ROW0 0.0455153	-0.291888	-0.955369
		*TM_ROW1 -0.876915	0.446405	-0.178165
		*TM_ROW2 0.478485	0.845886	-0.235643
		*TM_ROW3 29.15	-13.0909	79.0956
		*TM_POS 29.15	-13.0909	79.0956
		*TM_ROTAXIS 0.551581	-0.772311	-0.31511
		*TM_ROTANGLE 1.95181
		*TM_SCALE 1	1	1
		*TM_SCALEAXIS 0	0	0
		*TM_SCALEAXISANG 0	0	0
	}
}
*HELPEROBJECT {
	*NODE_NAME "ZS_LEFTHAND"
	*NODE_PARENT "Bip01 L Hand"
	*NODE_TM {
		*NODE_NAME "ZS_LEFTHAND"
		*TM_ROW0 0.435606	0.890062	-0.134303
		*TM_ROW1 0.180312	-0.232461	-0.955745
		*TM_ROW2 -0.881893	0.392112	-0.261751
		*TM_ROW3 26.7605	-11.5467	82.7857
		*TM_POS 26.7605	-11.5467	82.7857
		*TM_ROTAXIS 0.794322	0.440571	-0.418271
		*TM_ROTANGLE 2.12858
		*TM_SCALE 1	1	1
		*TM_SCALEAXIS 0	0	0
		*TM_SCALEAXISANG 0	0	0
	}
}
*HELPEROBJECT {
	*NODE_NAME "ZS_LEFTARM"
	*NODE_PARENT "Bip01 L Forearm"
	*NODE_TM {
		*NODE_NAME "ZS_LEFTARM"
		*TM_ROW0 0.0759923	-0.150176	-0.985735
		*TM_ROW1 0.524499	0.846792	-0.0885737
		*TM_ROW2 0.848013	-0.510286	0.143117
		*TM_ROW3 26.9101	-7.67833	110.055
		*TM_POS 26.9101	-7.67833	110.055
		*TM_ROTAXIS -0.21097	-0.917372	0.337521
		*TM_ROTANGLE 1.53784
		*TM_SCALE 1	1	1
		*TM_SCALEAXIS 0	0	0
		*TM_SCALEAXISANG 0	0	0
	}
}
*HELPEROBJECT {
	*NODE_NAME "Bip01 R Clavicle"
	*NODE_PARENT "Bip01 Neck"
	*NODE_TM {
		*NODE_NAME "Bip01 R Clavicle"
		*TM_ROW0 -0.935227	-0.203899	-0.28944
		*TM_ROW1 -0.156442	0.971369	-0.178799
		*TM_ROW2 0.317609	-0.121937	-0.940349
		*TM_ROW3 -7.96398	-1.25806	148.729
		*TM_POS -7.96398	-1.25806	148.729
		*TM_ROTAXIS -0.0929799	0.992639	-0.0776
		*TM_ROTANGLE 3.45235
		*TM_SCALE 1	1	1
		*TM_SCALEAXIS 0	0	0
		*TM_SCALEAXISANG 0	0	0
	}
}
*HELPEROBJECT {
	*NODE_NAME "Bip01 R UpperArm"
	*NODE_PARENT "Bip01 R Clavicle"
	*NODE_TM {
		*NODE_NAME "Bip01 R UpperArm"
		*TM_ROW0 -0.246232	0.0988932	-0.964153
		*TM_ROW1 -0.412793	0.889345	0.196642
		*TM_ROW2 0.876911	0.446415	-0.178163
		*TM_ROW3 -20.4269	-3.97513	144.872
		*TM_POS -20.4269	-3.97513	144.872
		*TM_ROTAXIS 0.12961	-0.955353	-0.265521
		*TM_ROTANGLE 1.84162
		*TM_SCALE 1	1	1
		*TM_SCALEAXIS 0	0	0
		*TM_SCALEAXISANG 0	0	0
	}
}
*HELPEROBJECT {
	*NODE_NAME "Bip01 R Forearm"
	*NODE_PARENT "Bip01 R UpperArm"
	*NODE_TM {
		*NODE_NAME "Bip01 R Forearm"
		*TM_ROW0 -0.0455087	-0.291889	-0.955369
		*TM_ROW1 -0.478487	0.845885	-0.235646
		*TM_ROW2 0.876914	0.446408	-0.17816
		*TM_ROW3 -27.2982	-1.21534	117.966
		*TM_POS -27.2982	-1.21534	117.966
		*TM_ROTAXIS 0.347279	-0.932937	-0.0950097
		*TM_ROTANGLE 1.76083
		*TM_SCALE 1	1	1
		*TM_SCALEAXIS 0	0	0
		*TM_SCALEAXISANG 0	0	0
	}
}
*HELPEROBJECT {
	*NODE_NAME "Bip01 R Hand"
	*NODE_PARENT "Bip01 R Forearm"
	*NODE_TM {
		*NODE_NAME "Bip01 R Hand"
		*TM_ROW0 -0.0455115	-0.291885	-0.95537
		*TM_ROW1 0.87653	0.447088	-0.17835
		*TM_ROW2 0.479192	-0.845527	0.235499
		*TM_ROW3 -28.5642	-9.33445	91.391
		*TM_POS -28.5642	-9.33445	91.391
		*TM_ROTAXIS -0.33922	-0.72939	0.59407
		*TM_ROTANGLE 1.75327
		*TM_SCALE 1	1	1
		*TM_SCALEAXIS 0	0	0
		*TM_SCALEAXISANG 0	0	0
	}
}
*HELPEROBJECT {
	*NODE_NAME "Bip01 R Finger0"
	*NODE_PARENT "Bip01 R Hand"
	*NODE_TM {
		*NODE_NAME "Bip01 R Finger0"
		*TM_ROW0 -0.0455056	-0.291877	-0.955373
		*TM_ROW1 0.876914	0.446413	-0.178152
		*TM_ROW2 0.478489	-0.845886	0.235636
		*TM_ROW3 -29.1499	-13.0909	79.0956
		*TM_POS -29.1499	-13.0909	79.0956
		*TM_ROTAXIS -0.33952	-0.729071	0.594291
		*TM_ROTANGLE 1.75354
		*TM_SCALE 1	1	1
		*TM_SCALEAXIS 0	0	0
		*TM_SCALEAXISANG 0	0	0
	}
}
*HELPEROBJECT {
	*NODE_NAME "ZS_RIGHTHAND"
	*NODE_PARENT "Bip01 R Hand"
	*NODE_TM {
		*NODE_NAME "ZS_RIGHTHAND"
		*TM_ROW0 -0.464344	0.856417	-0.225687
		*TM_ROW1 0.177861	0.339806	0.923525
		*TM_ROW2 0.867612	0.388692	-0.31011
		*TM_ROW3 -20.9389	-19.9852	85.8932
		*TM_POS -20.9389	-19.9852	85.8932
		*TM_ROTAXIS 0.383811	0.784581	0.486951
		*TM_ROTANGLE 3.91244
		*TM_SCALE 1	1	1
		*TM_SCALEAXIS 0	0	0
		*TM_SCALEAXISANG 0	0	0
	}
}
*HELPEROBJECT {
	*NODE_NAME "ZS_CROSSBOW"
	*NODE_PARENT "Bip01 Spine2"
	*NODE_TM {
		*NODE_NAME "ZS_CROSSBOW"
		*TM_ROW0 -0.382687	-0.111464	0.91713
		*TM_ROW1 -0.923878	0.0461715	-0.379891
		*TM_ROW2 -1.2517e-006	-0.992695	-0.120648
		*TM_ROW3 -14.434	10.5915	165.98
		*TM_POS -14.434	10.5915	165.98
		*TM_ROTAXIS -0.447329	0.669479	-0.593039
		*TM_ROTANGLE 2.38705
		*TM_SCALE 1	1	1
		*TM_SCALEAXIS 0	0	0
		*TM_SCALEAXISANG 0	0	0
	}
}
*HELPEROBJECT {
	*NODE_NAME "ZS_LONGSWORD"
	*NODE_PARENT "Bip01 Spine2"
	*NODE_TM {
		*NODE_NAME "ZS_LONGSWORD"
		*TM_ROW0 -0.499829	-0.0915011	0.861277
		*TM_ROW1 -0.865729	0.0828188	-0.493614
		*TM_ROW2 -0.0261636	-0.992355	-0.12061
		*TM_ROW3 -18.1593	6.92629	157.64
		*TM_POS -18.1593	6.92629	157.64
		*TM_ROTAXIS -0.38996	0.69388	-0.60536
		*TM_ROTANGLE 2.44778
		*TM_SCALE 1	1	1
		*TM_SCALEAXIS 0	0	0
		*TM_SCALEAXISANG 0	0	0
	}
}
*HELPEROBJECT {
	*NODE_NAME "ZS_SHIELD"
	*NODE_PARENT "Bip01 Spine2"
	*NODE_TM {
		*NODE_NAME "ZS_SHIELD"
		*TM_ROW0 -0.0138681	0.114196	-0.993362
		*TM_ROW1 -0.908393	0.413755	0.0602465
		*TM_ROW2 0.417888	0.903198	0.0979964
		*TM_ROW3 8.76511	9.5282	131.875
		*TM_POS 8.76511	9.5282	131.875
		*TM_ROTAXIS 0.435421	-0.728972	-0.528212
		*TM_ROTANGLE 1.82457
		*TM_SCALE 1	1	1
		*TM_SCALEAXIS 0	0	0
		*TM_SCALEAXISANG 0	0	0
	}
}
*HELPEROBJECT {
	*NODE_NAME "ZS_BOW"
	*NODE_PARENT "Bip01 Spine2"
	*NODE_TM {
		*NODE_NAME "ZS_BOW"
		*TM_ROW0 -0.341816	-0.0868229	0.935748
		*TM_ROW1 0.0119438	0.995242	0.0967059
		*TM_ROW2 -0.939691	0.044232	-0.339153
		*TM_ROW3 0.5012	12.4143	124.55
		*TM_POS 0.5012	12.4143	124.55
		*TM_ROTAXIS -0.0279299	0.998227	0.0525698
		*TM_ROTANGLE 1.92076
		*TM_SCALE 1	1	1
		*TM_SCALEAXIS 0	0	0
		*TM_SCALEAXISANG 0	0	0
	}
}
*HELPEROBJECT {
	*NODE_NAME "ZS_SWORD"
	*NODE_PARENT "Bip01 Spine"
	*NODE_TM {
		*NODE_NAME "ZS_SWORD"
		*TM_ROW0 5.79282e-007	-0.347172	0.937802
		*TM_ROW1 1.04309e-007	0.937802	0.347172
		*TM_ROW2 -1	-1.04308e-007	5.79283e-007
		*TM_ROW3 17.5015	-4.36211	106.367
		*TM_POS 17.5015	-4.36211	106.367
		*TM_ROTAXIS -0.17367	0.96937	0.17367
		*TM_ROTANGLE 1.6019
		*TM_SCALE 1	1	1
		*TM_SCALEAXIS 0	0	0
		*TM_SCALEAXISANG 0	0	0
	}
}
*HELPEROBJECT {
	*NODE_NAME "Bip01 L Thigh"
	*NODE_PARENT "Bip01 Pelvis"
	*NODE_TM {
		*NODE_NAME "Bip01 L Thigh"
		*TM_ROW0 0.0534878	-0.0367886	-0.997891
		*TM_ROW1 -0.00216181	-0.999323	0.0367256
		*TM_ROW2 -0.998566	0.000192882	-0.0535313
		*TM_ROW3 9.01023	-8.01129	99.9496
		*TM_POS 9.01023	-8.01129	99.9496
		*TM_ROTAXIS 0.72572	-0.01342	-0.68786
		*TM_ROTANGLE 3.16677
		*TM_SCALE 1	1	1
		*TM_SCALEAXIS 0	0	0
		*TM_SCALEAXISANG 0	0	0
	}
}
*HELPEROBJECT {
	*NODE_NAME "Bip01 L Calf"
	*NODE_PARENT "Bip01 L Thigh"
	*NODE_TM {
		*NODE_NAME "Bip01 L Calf"
		*TM_ROW0 0.0525131	0.197552	-0.978885
		*TM_ROW1 0.0103904	-0.980292	-0.197278
		*TM_ROW2 -0.998566	0.000188708	-0.0535307
		*TM_ROW3 11.1149	-9.45845	60.6877
		*TM_POS 11.1149	-9.45845	60.6877
		*TM_ROTAXIS 0.723901	0.0721501	-0.686121
		*TM_ROTANGLE 3.00478
		*TM_SCALE 1	1	1
		*TM_SCALEAXIS 0	0	0
		*TM_SCALEAXISANG 0	0	0
	}
}
*HELPEROBJECT {
	*NODE_NAME "Bip01 L Foot"
	*NODE_PARENT "Bip01 L Calf"
	*NODE_TM {
		*NODE_NAME "Bip01 L Foot"
		*TM_ROW0 -5.93318e-007	7.27489e-006	-1
		*TM_ROW1 0.173652	-0.984807	-7.26412e-006
		*TM_ROW2 -0.984807	-0.173652	-5.97767e-007
		*TM_ROW3 13.6935	0.240668	12.6267
		*TM_POS 13.6935	0.240668	12.6267
		*TM_ROTAXIS 0.705757	0.0617498	-0.705757
		*TM_ROTANGLE 3.26493
		*TM_SCALE 1	1	1
		*TM_SCALEAXIS 0	0	0
		*TM_SCALEAXISANG 0	0	0
	}
}
*HELPEROBJECT {
	*NODE_NAME "Bip01 L Toe0"
	*NODE_PARENT "Bip01 L Foot"
	*NODE_TM {
		*NODE_NAME "Bip01 L Toe0"
		*TM_ROW0 0.173646	-0.984808	5.05914e-006
		*TM_ROW1 5.06367e-006	5.91264e-006	1
		*TM_ROW2 -0.984808	-0.173646	5.92894e-006
		*TM_ROW3 17.6256	-22.0591	5.26591e-006
		*TM_POS 17.6256	-22.0591	5.26591e-006
		*TM_ROTAXIS -0.644398	0.540718	0.540718
		*TM_ROTANGLE 1.99673
		*TM_SCALE 1	1	1
		*TM_SCALEAXIS 0	0	0
		*TM_SCALEAXISANG 0	0	0
	}
}
*HELPEROBJECT {
	*NODE_NAME "Bip01 R Thigh"
	*NODE_PARENT "Bip01 Pelvis"
	*NODE_TM {
		*NODE_NAME "Bip01 R Thigh"
		*TM_ROW0 -0.0535034	-0.0367749	-0.99789
		*TM_ROW1 0.00205776	-0.999324	0.0367174
		*TM_ROW2 -0.998566	-8.89041e-005	0.0535432
		*TM_ROW3 -9.01021	-8.01132	99.9496
		*TM_POS -9.01021	-8.01132	99.9496
		*TM_ROTAXIS 0.687862	-0.01262	-0.725732
		*TM_ROTANGLE 3.16835
		*TM_SCALE 1	1	1
		*TM_SCALEAXIS 0	0	0
		*TM_SCALEAXISANG 0	0	0
	}
}
*HELPEROBJECT {
	*NODE_NAME "Bip01 R Calf"
	*NODE_PARENT "Bip01 R Thigh"
	*NODE_TM {
		*NODE_NAME "Bip01 R Calf"
		*TM_ROW0 -0.0525025	0.197539	-0.978888
		*TM_ROW1 -0.0104967	-0.980295	-0.19726
		*TM_ROW2 -0.998566	-8.16064e-005	0.0535415
		*TM_ROW3 -11.1154	-9.45856	60.6878
		*TM_POS -11.1154	-9.45856	60.6878
		*TM_ROTAXIS 0.686298	0.0684898	-0.724088
		*TM_ROTANGLE 2.99744
		*TM_SCALE 1	1	1
		*TM_SCALEAXIS 0	0	0
		*TM_SCALEAXISANG 0	0	0
	}
}
*HELPEROBJECT {
	*NODE_NAME "Bip01 R Foot"
	*NODE_PARENT "Bip01 R Calf"
	*NODE_TM {
		*NODE_NAME "Bip01 R Foot"
		*TM_ROW0 -5.86373e-007	-7.29557e-006	-1
		*TM_ROW1 -0.173652	-0.984807	7.26572e-006
		*TM_ROW2 -0.984807	0.173652	-5.93781e-007
		*TM_ROW3 -13.6935	0.24065	12.6267
		*TM_POS -13.6935	0.24065	12.6267
		*TM_ROTAXIS 0.705757	-0.0617498	-0.705757
		*TM_ROTANGLE 3.01826
		*TM_SCALE 1	1	1
		*TM_SCALEAXIS 0	0	0
		*TM_SCALEAXISANG 0	0	0
	}
}
*HELPEROBJECT {
	*NODE_NAME "Bip01 R Toe0"
	*NODE_PARENT "Bip01 R Foot"
	*NODE_TM {
		*NODE_NAME "Bip01 R Toe0"
		*TM_ROW0 -0.173651	-0.984807	3.52553e-006
		*TM_ROW1 3.507e-006	3.07854e-006	1
		*TM_ROW2 -0.984807	0.173651	3.0421e-006
		*TM_ROW3 -17.6255	-22.0592	2.91014e-005
		*TM_POS -17.6255	-22.0592	2.91014e-005
		*TM_ROTAXIS -0.510271	0.608121	0.608121
		*TM_ROTANGLE 2.19793
		*TM_SCALE 1	1	1
		*TM_SCALEAXIS 0	0	0
		*TM_SCALEAXISANG 0	0	0
	}
}
*HELPEROBJECT {
	*NODE_NAME "Dummy"
	*NODE_PARENT "Bip01 L Finger0"
	*NODE_TM {
		*NODE_NAME "Dummy"
		*TM_ROW0 -1	-0	0
		*TM_ROW1 -0	-1	0
		*TM_ROW2 -0	-0	1
		*TM_ROW3 29.4428	-14.9691	72.9478
		*TM_POS 29.4428	-14.9691	72.9478
		*TM_ROTAXIS 0	0	-1
		*TM_ROTANGLE 3.14159
		*TM_SCALE 1	1	1
		*TM_SCALEAXIS 0	0	0
		*TM_SCALEAXISANG 0	0	0
	}
}
*HELPEROBJECT {
	*NODE_NAME "Dummy1"
	*NODE_PARENT "Bip01 R Finger0"
	*NODE_TM {
		*NODE_NAME "Dummy1"
		*TM_ROW0 -1	-0	0
		*TM_ROW1 -0	-1	0
		*TM_ROW2 -0	-0	1
		*TM_ROW3 -29.4428	-14.9692	72.9478
		*TM_POS -29.4428	-14.9692	72.9478
		*TM_ROTAXIS 0	0	-1
		*TM_ROTANGLE 3.14159
		*TM_SCALE 1	1	1
		*TM_SCALEAXIS 0	0	0
		*TM_SCALEAXISANG 0	0	0
	}
}
*HELPEROBJECT {
	*NODE_NAME "Dummy2"
	*NODE_PARENT "Bip01 L Toe0"
	*NODE_TM {
		*NODE_NAME "Dummy2"
		*TM_ROW0 -1	-0	0
		*TM_ROW1 -0	-1	0
		*TM_ROW2 -0	-0	1
		*TM_ROW3 19.5916	-33.209	-6.31335
		*TM_POS 19.5916	-33.209	-6.31335
		*TM_ROTAXIS 0	0	-1
		*TM_ROTANGLE 3.14159
		*TM_SCALE 1	1	1
		*TM_SCALEAXIS 0	0	0
		*TM_SCALEAXISANG 0	0	0
	}
}
*HELPEROBJECT {
	*NODE_NAME "Dummy3"
	*NODE_PARENT "Bip01 R Toe0"
	*NODE_TM {
		*NODE_NAME "Dummy3"
		*TM_ROW0 -1	-0	0
		*TM_ROW1 -0	-1	0
		*TM_ROW2 -0	-0	1
		*TM_ROW3 -19.5915	-33.2091	-6.31333
		*TM_POS -19.5915	-33.2091	-6.31333
		*TM_ROTAXIS 0	0	-1
		*TM_ROTANGLE 3.14159
		*TM_SCALE 1	1	1
		*TM_SCALEAXIS 0	0	0
		*TM_SCALEAXISANG 0	0	0
	}
}
*GEOMOBJECT {
	*NODE_NAME "zm_Skin"
	*NODE_PARENT "Bip01"
	*NODE_TM {
		*NODE_NAME "zm_Skin"
		*TM_ROW0 -1	-0	0
		*TM_ROW1 -0	-1	0
		*TM_ROW2 -0	-0	1
		*TM_ROW3 -0	-0	0
		*TM_POS -0	-0	0
		*TM_ROTAXIS 0	0	-1
		*TM_ROTANGLE 3.14159
		*TM_SCALE 1	1	1
		*TM_SCALEAXIS 0	0	0
		*TM_SCALEAXISANG 0	0	0
	}
	*MATERIAL_REF 0
	*MESH_SOFTSKIN {
		*TIMEVALUE 0
		*MESH_NUMVERTEX 438
		*MESH_NUMFACES 708
		*MESH_VERTEX_LIST {
			*MESH_VERTEX 0	18.5325	3.09475	57.1038
			*MESH_VERTEX 1	12.1468	-18.0462	115.649
			*MESH_VERTEX 2	-18.4824	0.89039	56.7787
			*MESH_VERTEX 3	15.9018	-6.17677	115.448
			*MESH_VERTEX 4	-21.8909	1.12945	150.407
			*MESH_VERTEX 5	-10.6369	-16.8731	115.519
			*MESH_VERTEX 6	2.87373	0.376258	43.2799
			*MESH_VERTEX 7	10.9385	7.85298	0.512176
			*MESH_VERTEX 8	23.1212	-17.4315	0.229756
			*MESH_VERTEX 9	-13.0488	7.84834	0.413599
			*MESH_VERTEX 10	-14.7796	-18.8382	59.5822
			*MESH_VERTEX 11	-25.2538	-17.3704	-0.00101066
			*MESH_VERTEX 12	14.2613	-18.0744	60.181
			*MESH_VERTEX 13	-15.5141	-22.9245	135.483
			*MESH_VERTEX 14	-21.9505	8.87421	140.59
			*MESH_VERTEX 15	-33.3466	-14.9362	151.174
			*MESH_VERTEX 16	15.9291	-22.7733	135.321
			*MESH_VERTEX 17	22.2769	8.81583	140.372
			*MESH_VERTEX 18	8.65444	4.44192	159.607
			*MESH_VERTEX 19	-8.29441	4.453	159.604
			*MESH_VERTEX 20	32.4449	-13.5776	148.448
			*MESH_VERTEX 21	-8.1316	-2.50901	58.3089
			*MESH_VERTEX 22	-21.576	-7.0527	111.374
			*MESH_VERTEX 23	-32.6468	-5.28194	89.448
			*MESH_VERTEX 24	-36.5551	0.856934	108.628
			*MESH_VERTEX 25	21.5767	-6.93783	111.791
			*MESH_VERTEX 26	29.0985	-3.21092	89.0842
			*MESH_VERTEX 27	36.5492	0.983599	109.087
			*MESH_VERTEX 28	6.14619	-2.2633	58.7957
			*MESH_VERTEX 29	8.05042	4.38821	140.343
			*MESH_VERTEX 30	-8.29443	4.82402	140.616
			*MESH_VERTEX 31	22.2254	-7.01724	109.276
			*MESH_VERTEX 32	34.6684	0.221968	107.335
			*MESH_VERTEX 33	32.3569	1.84004	119.612
			*MESH_VERTEX 34	-31.9976	2.15115	120.378
			*MESH_VERTEX 35	-22.0177	-6.69253	110.081
			*MESH_VERTEX 36	-34.513	0.517221	108.313
			*MESH_VERTEX 37	-25.6945	-8.38617	122.455
			*MESH_VERTEX 38	-24.4889	5.99537	138.542
			*MESH_VERTEX 39	-17.2846	-7.67224	130.769
			*MESH_VERTEX 40	-26.6382	-1.97963	127.408
			*MESH_VERTEX 41	-24.4439	-12.2729	143.811
			*MESH_VERTEX 42	-26.2898	-10.1237	118.819
			*MESH_VERTEX 43	-31.0054	6.50409	147.65
			*MESH_VERTEX 44	26.0094	-1.42571	126.199
			*MESH_VERTEX 45	25.1429	-12.2933	143.747
			*MESH_VERTEX 46	34.8107	3.12743	120.184
			*MESH_VERTEX 47	25.9154	-10.0111	118.594
			*MESH_VERTEX 48	-34.2913	3.59136	121.038
			*MESH_VERTEX 49	25.4509	-8.38256	122.262
			*MESH_VERTEX 50	25.244	5.26533	137.785
			*MESH_VERTEX 51	18.089	-7.79396	130.25
			*MESH_VERTEX 52	-9.22055	0.623121	115.232
			*MESH_VERTEX 53	-15.9893	-23.1763	56.4203
			*MESH_VERTEX 54	17.7996	-20.5386	56.7713
			*MESH_VERTEX 55	20.449	5.35145	142.278
			*MESH_VERTEX 56	12.3549	-5.3929	136.315
			*MESH_VERTEX 57	23.4958	-14.4163	77.8509
			*MESH_VERTEX 58	26.6151	-13.2012	92.0288
			*MESH_VERTEX 59	29.2913	-6.67935	78.3853
			*MESH_VERTEX 60	-23.5684	-14.4107	78.7014
			*MESH_VERTEX 61	-26.5742	-13.0981	92.9926
			*MESH_VERTEX 62	-29.3357	-6.6644	79.2696
			*MESH_VERTEX 63	-19.7297	5.44908	142.386
			*MESH_VERTEX 64	-11.9254	-5.55103	136.404
			*MESH_VERTEX 65	-11.2917	1.98352	115.709
			*MESH_VERTEX 66	10.8583	1.96458	115.707
			*MESH_VERTEX 67	-12.4873	-17.7294	115.654
			*MESH_VERTEX 68	-28.6761	-5.29374	91.2479
			*MESH_VERTEX 69	28.6768	-5.37827	90.3513
			*MESH_VERTEX 70	25.1429	-12.2933	143.747
			*MESH_VERTEX 71	-3.54294	0.568889	167.287
			*MESH_VERTEX 72	4.79577	-8.20424	163.596
			*MESH_VERTEX 73	20.449	5.35144	142.278
			*MESH_VERTEX 74	27.3688	-10.0339	134.591
			*MESH_VERTEX 75	-26.6229	-9.80189	135.012
			*MESH_VERTEX 76	24.7505	4.39977	108.932
			*MESH_VERTEX 77	-24.7533	4.27923	108.476
			*MESH_VERTEX 78	-14.7822	-22.3734	0.475189
			*MESH_VERTEX 79	24.8232	4.54408	118.701
			*MESH_VERTEX 80	32.3569	1.84004	119.612
			*MESH_VERTEX 81	-24.3599	4.71087	119.83
			*MESH_VERTEX 82	-31.9976	2.15115	120.378
			*MESH_VERTEX 83	-8.26399	-16.7785	154.915
			*MESH_VERTEX 84	25.0715	2.365	106.644
			*MESH_VERTEX 85	22.8244	-4.22747	118.052
			*MESH_VERTEX 86	24.8232	4.54408	118.701
			*MESH_VERTEX 87	25.1524	-14.9518	91.8906
			*MESH_VERTEX 88	33.3572	-8.61302	111.587
			*MESH_VERTEX 89	8.69154	-16.7907	154.898
			*MESH_VERTEX 90	-24.9021	2.63611	107.414
			*MESH_VERTEX 91	-22.5373	-4.02998	118.803
			*MESH_VERTEX 92	-24.3599	4.71087	119.83
			*MESH_VERTEX 93	-22.501	7.61526	120.085
			*MESH_VERTEX 94	23.1273	7.34852	118.948
			*MESH_VERTEX 95	-33.3604	-8.73522	111.159
			*MESH_VERTEX 96	-8.29436	1.38547	154.217
			*MESH_VERTEX 97	14.0792	-1.79916	58.8798
			*MESH_VERTEX 98	-4.94658	-8.09031	163.367
			*MESH_VERTEX 99	-13.6002	-21.404	137.998
			*MESH_VERTEX 100	10.7801	-18.5433	144.32
			*MESH_VERTEX 101	23.3264	0.686749	150.44
			*MESH_VERTEX 102	0.04666	-11.0784	152.884
			*MESH_VERTEX 103	7.35681	1.48448	156.637
			*MESH_VERTEX 104	-15.7288	-2.60344	58.5967
			*MESH_VERTEX 105	8.74804	1.3855	154.217
			*MESH_VERTEX 106	-32.4496	-10.1179	92.856
			*MESH_VERTEX 107	32.4622	-10.1801	91.9755
			*MESH_VERTEX 108	3.77982	0.325539	167.297
			*MESH_VERTEX 109	32.1114	-7.95123	109.713
			*MESH_VERTEX 110	-32.044	-7.64257	110.61
			*MESH_VERTEX 111	6.85611	-1.89696	11.9392
			*MESH_VERTEX 112	21.0509	-11.6092	7.81385
			*MESH_VERTEX 113	12.6468	-22.4388	0.707746
			*MESH_VERTEX 114	-25.2448	-15.0926	91.4358
			*MESH_VERTEX 115	10.8444	-16.7893	115.582
			*MESH_VERTEX 116	35.6204	-9.17674	153.012
			*MESH_VERTEX 117	-20.5675	-0.29444	12.1756
			*MESH_VERTEX 118	18.9477	3.21492	134.339
			*MESH_VERTEX 119	8.09847	-18.3273	59.7089
			*MESH_VERTEX 120	-12.1607	-13.5029	7.59852
			*MESH_VERTEX 121	16.2952	5.13703	135.669
			*MESH_VERTEX 122	14.5772	-11.2336	137.968
			*MESH_VERTEX 123	-15.6133	-8.03872	115.377
			*MESH_VERTEX 124	-8.29444	10.0467	142.164
			*MESH_VERTEX 125	5.14554	10.2325	57.2299
			*MESH_VERTEX 126	30.7256	-4.79234	119.189
			*MESH_VERTEX 127	-30.4647	-4.48313	119.826
			*MESH_VERTEX 128	-8.85771	-18.6568	59.0766
			*MESH_VERTEX 129	-7.13524	1.19524	156.645
			*MESH_VERTEX 130	-16.006	4.86808	135.309
			*MESH_VERTEX 131	-24.4439	-12.2729	143.811
			*MESH_VERTEX 132	-19.7297	5.44908	142.386
			*MESH_VERTEX 133	-15.0263	-10.2371	138.128
			*MESH_VERTEX 134	-15.0167	-10.9084	149.342
			*MESH_VERTEX 135	-17.9438	3.28785	135.008
			*MESH_VERTEX 136	31.33	6.4884	147.43
			*MESH_VERTEX 137	34.8684	-2.3323	147.58
			*MESH_VERTEX 138	16.8055	-7.80417	115.734
			*MESH_VERTEX 139	-8.29432	-7.85385	154.64
			*MESH_VERTEX 140	26.4672	1.69754	145.091
			*MESH_VERTEX 141	26.4672	1.69755	145.091
			*MESH_VERTEX 142	28.7894	-17.548	80.1534
			*MESH_VERTEX 143	34.6436	-9.56379	81.1615
			*MESH_VERTEX 144	-24.2539	-9.06882	89.5754
			*MESH_VERTEX 145	-28.8207	-17.5195	81.1168
			*MESH_VERTEX 146	-34.6429	-9.52618	82.1511
			*MESH_VERTEX 147	-19.9754	-5.6052	118.16
			*MESH_VERTEX 148	-4.82857	0.607951	43.0313
			*MESH_VERTEX 149	-16.6863	-8.95734	12.1461
			*MESH_VERTEX 150	-9.10397	-1.49643	11.7671
			*MESH_VERTEX 151	-25.5292	1.89425	145.307
			*MESH_VERTEX 152	-25.5292	1.89424	145.307
			*MESH_VERTEX 153	9.38028	9.50554	141.511
			*MESH_VERTEX 154	-16.8538	-8.06763	115.74
			*MESH_VERTEX 155	8.74797	-7.85382	154.64
			*MESH_VERTEX 156	20.3319	-5.87159	117.604
			*MESH_VERTEX 157	16.1886	-11.1005	149.097
			*MESH_VERTEX 158	8.54932	1.71788	115.271
			*MESH_VERTEX 159	-17.8704	-22.0265	6.29629
			*MESH_VERTEX 160	8.74815	-16.3285	141.299
			*MESH_VERTEX 161	22.8244	-4.22747	118.052
			*MESH_VERTEX 162	-8.29459	-16.3284	141.299
			*MESH_VERTEX 163	-22.5373	-4.02999	118.803
			*MESH_VERTEX 164	10.0103	-13.5294	7.80193
			*MESH_VERTEX 165	15.7076	-22.073	6.52741
			*MESH_VERTEX 166	9.94323	5.00645	44.1733
			*MESH_VERTEX 167	-21.6923	-12.5076	55.6859
			*MESH_VERTEX 168	14.5772	-11.2336	137.968
			*MESH_VERTEX 169	-11.9254	-5.55103	136.404
			*MESH_VERTEX 170	-12.5583	4.77622	44.1677
			*MESH_VERTEX 171	-0.162891	-7.20785	62.4889
			*MESH_VERTEX 172	15.4272	-9.11777	12.4614
			*MESH_VERTEX 173	18.1176	-0.275002	12.0951
			*MESH_VERTEX 174	29.1388	-16.0011	92.6967
			*MESH_VERTEX 175	12.355	-5.3929	136.315
			*MESH_VERTEX 176	22.7741	-7.82777	151.214
			*MESH_VERTEX 177	-29.2252	-16.125	92.2939
			*MESH_VERTEX 178	32.5715	-5.16649	89.8275
			*MESH_VERTEX 179	-8.29456	-22.6321	143.132
			*MESH_VERTEX 180	-23.2032	-11.5849	7.61568
			*MESH_VERTEX 181	8.74809	-22.6322	143.132
			*MESH_VERTEX 182	-18.3687	-13.5176	143.383
			*MESH_VERTEX 183	30.4262	-5.1636	136.252
			*MESH_VERTEX 184	32.4878	-5.93741	136.567
			*MESH_VERTEX 185	34.634	-3.45342	119.766
			*MESH_VERTEX 186	-29.6046	-4.89843	136.728
			*MESH_VERTEX 187	-22.8144	-11.64	88.1297
			*MESH_VERTEX 188	0.30075	-22.0722	115.731
			*MESH_VERTEX 189	22.9126	-11.7406	87.2296
			*MESH_VERTEX 190	-4.83737	8.38337	101.739
			*MESH_VERTEX 191	-21.0712	-7.3496	151.548
			*MESH_VERTEX 192	-28.6566	-4.2235	88.6703
			*MESH_VERTEX 193	-18.3687	-13.5176	143.383
			*MESH_VERTEX 194	7.12329	2.91084	-1.59548
			*MESH_VERTEX 195	-8.19273	-3.39544	161.812
			*MESH_VERTEX 196	-19.2833	4.51981	-1.56201
			*MESH_VERTEX 197	-9.23172	2.92625	-1.72403
			*MESH_VERTEX 198	-31.4573	-5.56014	137.028
			*MESH_VERTEX 199	-34.2307	-2.97652	120.411
			*MESH_VERTEX 200	-29.7482	4.6241	145.841
			*MESH_VERTEX 201	24.69	-8.0429	90.0309
			*MESH_VERTEX 202	-13.5239	5.2466	13.5431
			*MESH_VERTEX 203	17.1737	4.50812	-1.41943
			*MESH_VERTEX 204	13.6918	-21.1448	138.197
			*MESH_VERTEX 205	0.0828	-20.4261	115.636
			*MESH_VERTEX 206	8.54066	-3.4008	161.817
			*MESH_VERTEX 207	-32.1107	-13.6147	148.682
			*MESH_VERTEX 208	33.6667	-14.8873	150.928
			*MESH_VERTEX 209	16.0794	-19.9093	135.105
			*MESH_VERTEX 210	-15.6626	-20.0324	135.27
			*MESH_VERTEX 211	-13.5618	0.533863	137.049
			*MESH_VERTEX 212	-24.4193	7.65319	138.861
			*MESH_VERTEX 213	19.0118	-13.3991	143.213
			*MESH_VERTEX 214	-11.4908	1.98522	108.383
			*MESH_VERTEX 215	11.5645	2.42535	108.386
			*MESH_VERTEX 216	30.3049	7.25769	120.035
			*MESH_VERTEX 217	32.1557	-2.50659	119.446
			*MESH_VERTEX 218	3.97778	8.48126	101.774
			*MESH_VERTEX 219	-21.0793	6.96894	139.857
			*MESH_VERTEX 220	36.7059	-1.81818	150.017
			*MESH_VERTEX 221	30.0769	4.61601	145.631
			*MESH_VERTEX 222	21.4039	6.92193	139.645
			*MESH_VERTEX 223	14.2369	0.520144	137.068
			*MESH_VERTEX 224	16.6405	-7.94309	124.873
			*MESH_VERTEX 225	15.9085	-23.5295	0.802415
			*MESH_VERTEX 226	-10.268	-18.8588	144.211
			*MESH_VERTEX 227	-18.0422	-23.4556	0.571979
			*MESH_VERTEX 228	-29.6881	7.62517	121.132
			*MESH_VERTEX 229	-36.442	-1.77956	150.355
			*MESH_VERTEX 230	-34.5839	-2.29557	147.897
			*MESH_VERTEX 231	-35.3147	-9.18962	153.278
			*MESH_VERTEX 232	26.4553	-15.0064	79.2591
			*MESH_VERTEX 233	23.8779	-14.1405	78.2688
			*MESH_VERTEX 234	26.5092	-16.033	84.324
			*MESH_VERTEX 235	4.13985	-7.53097	57.9274
			*MESH_VERTEX 236	-26.5024	-14.996	80.1347
			*MESH_VERTEX 237	-23.9437	-14.1317	79.1233
			*MESH_VERTEX 238	-26.4628	-15.975	85.2345
			*MESH_VERTEX 239	-6.54631	-4.60886	165.053
			*MESH_VERTEX 240	30.3335	-13.0223	92.6701
			*MESH_VERTEX 241	-30.3094	-12.9502	93.5705
			*MESH_VERTEX 242	0.04667	-21.4736	143.43
			*MESH_VERTEX 243	-21.6837	0.0108992	109.664
			*MESH_VERTEX 244	-27.5249	-10.0799	111.804
			*MESH_VERTEX 245	-24.8239	-13.0714	79.1969
			*MESH_VERTEX 246	27.5238	-9.95968	112.227
			*MESH_VERTEX 247	24.7602	-13.0714	78.3698
			*MESH_VERTEX 248	21.3403	-8.14912	56.1264
			*MESH_VERTEX 249	-25.25	-16.3382	79.6315
			*MESH_VERTEX 250	25.1908	-16.3512	78.7402
			*MESH_VERTEX 251	6.41691	-4.9313	165.159
			*MESH_VERTEX 252	28.6084	2.14709	138.046
			*MESH_VERTEX 253	32.8676	-11.2632	91.6321
			*MESH_VERTEX 254	-32.9407	-11.3782	91.2534
			*MESH_VERTEX 255	-13.5618	0.533862	137.049
			*MESH_VERTEX 256	-16.5344	-8.21823	124.605
			*MESH_VERTEX 257	31.4653	-6.14078	90.5908
			*MESH_VERTEX 258	-31.4636	-6.0747	91.459
			*MESH_VERTEX 259	-31.8608	-2.18575	120.131
			*MESH_VERTEX 260	26.1535	-8.28523	90.9891
			*MESH_VERTEX 261	-26.1392	-8.18268	91.9293
			*MESH_VERTEX 262	-6.64967	-7.80055	57.5227
			*MESH_VERTEX 263	14.2369	0.520144	137.068
			*MESH_VERTEX 264	25.373	6.73286	138.119
			*MESH_VERTEX 265	-15.0263	-10.2371	138.128
			*MESH_VERTEX 266	-19.5359	0.233273	118.623
			*MESH_VERTEX 267	-27.1336	-9.00393	110.856
			*MESH_VERTEX 268	27.1988	-9.27705	109.977
			*MESH_VERTEX 269	8.74801	8.84542	153.635
			*MESH_VERTEX 270	-9.84275	-14.677	51.4539
			*MESH_VERTEX 271	-5.73531	9.2293	57.1684
			*MESH_VERTEX 272	28.8435	-11.5383	134.612
			*MESH_VERTEX 273	11.2885	5.04533	13.5661
			*MESH_VERTEX 274	-16.136	4.78261	134.875
			*MESH_VERTEX 275	-20.5748	0.432201	43.1386
			*MESH_VERTEX 276	21.683	0.127889	110.102
			*MESH_VERTEX 277	6.22827	-4.19121	156.368
			*MESH_VERTEX 278	-29.044	4.77803	120.464
			*MESH_VERTEX 279	29.4893	4.53758	119.417
			*MESH_VERTEX 280	23.9367	-10.5889	131.485
			*MESH_VERTEX 281	29.4893	4.53758	119.417
			*MESH_VERTEX 282	27.936	-4.86089	83.8397
			*MESH_VERTEX 283	29.1783	-6.10708	86.816
			*MESH_VERTEX 284	-29.044	4.77803	120.464
			*MESH_VERTEX 285	9.013	-14.4519	51.919
			*MESH_VERTEX 286	-8.29433	8.8454	153.635
			*MESH_VERTEX 287	33.9163	-8.5907	149.851
			*MESH_VERTEX 288	0.04491	3.40023	156.479
			*MESH_VERTEX 289	-5.97416	-4.41413	156.303
			*MESH_VERTEX 290	-33.5922	-8.59579	150.1
			*MESH_VERTEX 291	-27.8992	-4.80554	84.6997
			*MESH_VERTEX 292	-29.1029	-6.03172	87.7047
			*MESH_VERTEX 293	-25.6945	-8.38617	122.455
			*MESH_VERTEX 294	-26.6507	-5.80095	119.287
			*MESH_VERTEX 295	-23.188	-10.3683	131.92
			*MESH_VERTEX 296	17.9546	1.1005	43.0283
			*MESH_VERTEX 297	25.4509	-8.38256	122.262
			*MESH_VERTEX 298	26.8996	-6.06424	118.631
			*MESH_VERTEX 299	17.3736	4.62358	134.263
			*MESH_VERTEX 300	11.2197	-20.4096	132.816
			*MESH_VERTEX 301	-27.6531	2.35651	138.639
			*MESH_VERTEX 302	0.05224	1.74183	167.729
			*MESH_VERTEX 303	-27.6781	-20.1858	144.832
			*MESH_VERTEX 304	28.0406	-20.1089	144.633
			*MESH_VERTEX 305	-19.4091	-7.28206	99.8886
			*MESH_VERTEX 306	-15.5559	2.1436	100.189
			*MESH_VERTEX 307	0.31649	4.10398	115.586
			*MESH_VERTEX 308	15.6008	-7.14839	58.3873
			*MESH_VERTEX 309	-24.0909	-16.1651	84.5456
			*MESH_VERTEX 310	-11.2197	-20.6512	132.676
			*MESH_VERTEX 311	24.1272	-16.218	83.6699
			*MESH_VERTEX 312	11.436	2.60932	124.875
			*MESH_VERTEX 313	-22.2018	-0.973738	108.398
			*MESH_VERTEX 314	22.4165	-1.23676	107.632
			*MESH_VERTEX 315	-27.9056	-11.2046	135.017
			*MESH_VERTEX 316	23.0153	-12.2384	137.035
			*MESH_VERTEX 317	16.7976	-8.42378	129.846
			*MESH_VERTEX 318	0.04667	-23.1231	137.623
			*MESH_VERTEX 319	0.04664	6.74662	137.751
			*MESH_VERTEX 320	0.09367	3.05501	115.232
			*MESH_VERTEX 321	8.61816	-9.61551	159.944
			*MESH_VERTEX 322	14.7095	-4.51683	134.644
			*MESH_VERTEX 323	-4.49261	-5.56856	43.6686
			*MESH_VERTEX 324	22.171	-14.054	82.1466
			*MESH_VERTEX 325	-22.158	-14.0133	82.9747
			*MESH_VERTEX 326	-8.27601	-9.60946	159.943
			*MESH_VERTEX 327	32.476	-6.88282	119.439
			*MESH_VERTEX 328	8.74804	4.05861	148.899
			*MESH_VERTEX 329	8.82971	-3.83523	155.69
			*MESH_VERTEX 330	20.029	-0.0138377	117.723
			*MESH_VERTEX 331	-13.5358	-4.39448	135.341
			*MESH_VERTEX 332	-8.3297	-3.84075	155.707
			*MESH_VERTEX 333	-0.05156	-9.51702	162.72
			*MESH_VERTEX 334	0.23238	-8.93791	117.956
			*MESH_VERTEX 335	17.2052	-2.84509	131.648
			*MESH_VERTEX 336	36.1307	-4.23847	110.37
			*MESH_VERTEX 337	15.1153	-7.79195	14.657
			*MESH_VERTEX 338	-36.1355	-4.36282	109.928
			*MESH_VERTEX 339	-20.3753	-5.53655	43.8901
			*MESH_VERTEX 340	-16.3044	-2.75705	132.258
			*MESH_VERTEX 341	0.19143	4.05278	108.023
			*MESH_VERTEX 342	-16.2899	-7.82109	14.41
			*MESH_VERTEX 343	-16.8692	-8.06147	58.2178
			*MESH_VERTEX 344	-15.4646	-14.8444	51.5104
			*MESH_VERTEX 345	-26.046	-7.12215	145.265
			*MESH_VERTEX 346	-26.046	-7.12215	145.265
			*MESH_VERTEX 347	-34.2883	-3.88758	109.517
			*MESH_VERTEX 348	23.0154	-12.2384	137.035
			*MESH_VERTEX 349	20.6343	-7.71075	90.9238
			*MESH_VERTEX 350	-8.29436	4.05858	148.899
			*MESH_VERTEX 351	26.8009	-7.21842	145.154
			*MESH_VERTEX 352	24.8264	-14.7614	88.7296
			*MESH_VERTEX 353	26.8009	-7.21842	145.154
			*MESH_VERTEX 354	34.3761	-4.22513	108.586
			*MESH_VERTEX 355	-30.8433	2.44682	107.621
			*MESH_VERTEX 356	30.991	2.19599	106.666
			*MESH_VERTEX 357	-24.7114	-14.6577	89.6567
			*MESH_VERTEX 358	16.7384	-7.81677	108.163
			*MESH_VERTEX 359	14.7547	2.38831	100.615
			*MESH_VERTEX 360	29.6801	-17.8996	81.7632
			*MESH_VERTEX 361	-5.44238	-24.5397	56.3781
			*MESH_VERTEX 362	-29.6746	-17.8578	82.7395
			*MESH_VERTEX 363	-11.6821	2.41779	124.768
			*MESH_VERTEX 364	-32.1478	-6.42632	119.893
			*MESH_VERTEX 365	32.2901	3.50456	108.724
			*MESH_VERTEX 366	-31.8608	-2.18575	120.131
			*MESH_VERTEX 367	-32.295	3.3796	108.262
			*MESH_VERTEX 368	32.1557	-2.50659	119.446
			*MESH_VERTEX 369	29.8304	2.85193	138.493
			*MESH_VERTEX 370	27.3724	-17.4567	142.809
			*MESH_VERTEX 371	-15.7931	-8.21481	130.333
			*MESH_VERTEX 372	-27.0002	-17.5134	143.002
			*MESH_VERTEX 373	-22.3394	-0.162997	118.964
			*MESH_VERTEX 374	22.6958	-0.356061	118.079
			*MESH_VERTEX 375	14.0045	-14.2378	51.8142
			*MESH_VERTEX 376	18.1467	-4.88323	43.9073
			*MESH_VERTEX 377	30.7256	-4.79235	119.189
			*MESH_VERTEX 378	-22.3394	-0.162997	118.964
			*MESH_VERTEX 379	22.6958	-0.356061	118.079
			*MESH_VERTEX 380	8.7479	-12.2151	149.912
			*MESH_VERTEX 381	32.3898	-6.79222	86.3111
			*MESH_VERTEX 382	-8.29431	-12.2151	149.912
			*MESH_VERTEX 383	-32.2997	-6.73254	87.1985
			*MESH_VERTEX 384	2.95717	-5.78021	44.0519
			*MESH_VERTEX 385	25.6169	3.56969	115.969
			*MESH_VERTEX 386	23.5142	-0.546891	115.999
			*MESH_VERTEX 387	-28.6457	3.16946	139.06
			*MESH_VERTEX 388	33.8069	-8.989	79.8827
			*MESH_VERTEX 389	-33.8264	-8.95908	80.861
			*MESH_VERTEX 390	-23.1414	-0.274618	116.822
			*MESH_VERTEX 391	-25.1868	3.8832	116.866
			*MESH_VERTEX 392	-30.4647	-4.48313	119.826
			*MESH_VERTEX 393	3.576	9.87455	89.1763
			*MESH_VERTEX 394	-25.0056	-11.6293	-0.477491
			*MESH_VERTEX 395	-17.2307	-7.74917	108.164
			*MESH_VERTEX 396	9.47745	-19.6674	124.009
			*MESH_VERTEX 397	22.8764	-11.6809	-0.258824
			*MESH_VERTEX 398	-30.4036	-4.52625	118.206
			*MESH_VERTEX 399	-9.49737	-19.8665	123.881
			*MESH_VERTEX 400	23.4457	-4.4061	116.439
			*MESH_VERTEX 401	-23.1317	-4.1508	117.178
			*MESH_VERTEX 402	-22.3325	-12.1353	137.438
			*MESH_VERTEX 403	0.17009	-22.0965	108.197
			*MESH_VERTEX 404	6.63816	-23.5438	56.576
			*MESH_VERTEX 405	16.1666	2.37614	90.4024
			*MESH_VERTEX 406	30.6939	-4.87204	117.529
			*MESH_VERTEX 407	12.967	-18.2778	107.865
			*MESH_VERTEX 408	-6.12014	-22.22	91.0557
			*MESH_VERTEX 409	6.08244	-21.5613	90.8451
			*MESH_VERTEX 410	14.2771	-17.1115	99.9511
			*MESH_VERTEX 411	32.4504	1.13819	117.106
			*MESH_VERTEX 412	-31.8375	-2.20727	118.257
			*MESH_VERTEX 413	-16.7247	1.7433	89.8881
			*MESH_VERTEX 414	-14.3131	-2.31226	131.899
			*MESH_VERTEX 415	-32.0726	1.53122	117.902
			*MESH_VERTEX 416	27.1167	-6.1901	117.167
			*MESH_VERTEX 417	32.1584	-2.57967	117.542
			*MESH_VERTEX 418	-26.8377	-5.89477	117.844
			*MESH_VERTEX 419	0.08615	3.72314	124.306
			*MESH_VERTEX 420	15.4307	-2.48628	131.332
			*MESH_VERTEX 421	18.9035	-6.98627	100.2
			*MESH_VERTEX 422	15.852	-9.27919	133.707
			*MESH_VERTEX 423	-14.8325	-18.5788	90.9674
			*MESH_VERTEX 424	-20.8869	-8.64543	90.6584
			*MESH_VERTEX 425	24.4086	-12.0638	131.277
			*MESH_VERTEX 426	14.9396	-17.8984	90.6427
			*MESH_VERTEX 427	-4.43883	-21.7886	99.4351
			*MESH_VERTEX 428	-14.5591	-17.3657	100.144
			*MESH_VERTEX 429	-12.9383	-18.2674	107.867
			*MESH_VERTEX 430	0.04667	-23.1847	132.801
			*MESH_VERTEX 431	4.55013	-21.6895	99.4583
			*MESH_VERTEX 432	29.9151	3.6175	116.599
			*MESH_VERTEX 433	-15.1254	-9.22742	134.136
			*MESH_VERTEX 434	-4.46464	9.31906	88.9059
			*MESH_VERTEX 435	0.03686	-22.1575	124.705
			*MESH_VERTEX 436	-29.5016	3.97714	117.406
			*MESH_VERTEX 437	-23.466	-11.7421	131.693
		}
		*MESH_FACE_LIST {
			*MESH_FACE    0:    A:    434 B:    271 C:    2 AB:    1 BC:    1 CA:    1	 *MESH_SMOOTHING 1 	*MESH_MTLID 0
			*MESH_FACE    1:    A:    404 B:    409 C:    361 AB:    1 BC:    1 CA:    1	 *MESH_SMOOTHING 1 	*MESH_MTLID 0
			*MESH_FACE    2:    A:    396 B:    435 C:    205 AB:    1 BC:    1 CA:    1	 *MESH_SMOOTHING 1 	*MESH_MTLID 0
			*MESH_FACE    3:    A:    319 B:    363 C:    130 AB:    1 BC:    1 CA:    1	 *MESH_SMOOTHING 1 	*MESH_MTLID 0
			*MESH_FACE    4:    A:    111 B:    337 C:    285 AB:    1 BC:    1 CA:    1	 *MESH_SMOOTHING 1 	*MESH_MTLID 0
			*MESH_FACE    5:    A:    173 B:    273 C:    296 AB:    1 BC:    1 CA:    1	 *MESH_SMOOTHING 1 	*MESH_MTLID 0
			*MESH_FACE    6:    A:    117 B:    275 C:    202 AB:    1 BC:    1 CA:    1	 *MESH_SMOOTHING 1 	*MESH_MTLID 0
			*MESH_FACE    7:    A:    148 B:    150 C:    202 AB:    1 BC:    1 CA:    1	 *MESH_SMOOTHING 1 	*MESH_MTLID 0
			*MESH_FACE    8:    A:    173 B:    376 C:    375 AB:    1 BC:    1 CA:    1	 *MESH_SMOOTHING 1 	*MESH_MTLID 0
			*MESH_FACE    9:    A:    384 B:    111 C:    285 AB:    1 BC:    1 CA:    1	 *MESH_SMOOTHING 1 	*MESH_MTLID 0
			*MESH_FACE    10:    A:    15 B:    326 C:    195 AB:    1 BC:    1 CA:    1	 *MESH_SMOOTHING 1 	*MESH_MTLID 0
			*MESH_FACE    11:    A:    210 B:    372 C:    382 AB:    1 BC:    1 CA:    1	 *MESH_SMOOTHING 1 	*MESH_MTLID 0
			*MESH_FACE    12:    A:    18 B:    220 C:    136 AB:    1 BC:    1 CA:    1	 *MESH_SMOOTHING 1 	*MESH_MTLID 0
