*3DSMAX_ASCIIEXPORT	110
*COMMENT "[ GothicSourcer v3.14 ] - June 2007"
*SCENE {
	*SCENE_FILENAME "HUM_ORGS_ARMOR.MAX"
	*SCENE_FIRSTFRAME 0
	*SCENE_LASTFRAME 100
	*SCENE_FRAMESPEED 25
	*SCENE_TICKSPERFRAME 192
	*SCENE_BACKGROUND_STATIC 0	0	0
	*SCENE_AMBIENT_STATIC 0.2	0.2	0.2
}
*MATERIAL_LIST {
	*MATERIAL_COUNT 2
	*MATERIAL 0 {
		*MATERIAL_NAME "ORGS"
		*MATERIAL_CLASS "Standard"
		*MATERIAL_AMBIENT 0.298039	0.247059	0.184314
		*MATERIAL_DIFFUSE 0.298039	0.247059	0.184314
		*MATERIAL_SPECULAR 0.9	0.9	0.9
		*MATERIAL_SHINE 0.1
		*MATERIAL_SHINESTRENGTH 0
		*MATERIAL_TRANSPARENCY 0
		*MATERIAL_WIRESIZE 1
		*MATERIAL_SHADING Blinn
		*MATERIAL_XP_FALLOFF 0
		*MATERIAL_SELFILLUM 0
		*MATERIAL_FALLOFF In
		*MATERIAL_XP_TYPE Filter
		*MAP_DIFFUSE {
			*MAP_NAME "Map #1"
			*MAP_CLASS "Bitmap"
			*MAP_SUBNO 1
			*MAP_AMOUNT 1
			*BITMAP "HUM_ORGS_ARMOR_V0.TGA"
			*MAP_TYPE Screen
			*UVW_U_OFFSET 0
			*UVW_V_OFFSET 0
			*UVW_U_TILING 1
			*UVW_V_TILING 1
			*UVW_ANGLE 0
			*UVW_BLUR 1
			*UVW_BLUR_OFFSET 0
			*UVW_NOUSE_AMT 1
			*UVW_NOISE_SIZE 1
			*UVW_NOISE_LEVEL 1
			*UVW_NOISE_PHASE 0
			*BITMAP_FILTER Pyramidal
		}
	}
	*MATERIAL 1 {
		*MATERIAL_NAME "NAKED"
		*MATERIAL_CLASS "Standard"
		*MATERIAL_AMBIENT 0.509804	0.407843	0.305882
		*MATERIAL_DIFFUSE 0.509804	0.407843	0.305882
		*MATERIAL_SPECULAR 0.9	0.9	0.9
		*MATERIAL_SHINE 0.1
		*MATERIAL_SHINESTRENGTH 0
		*MATERIAL_TRANSPARENCY 0
		*MATERIAL_WIRESIZE 1
		*MATERIAL_SHADING Blinn
		*MATERIAL_XP_FALLOFF 0
		*MATERIAL_SELFILLUM 0
		*MATERIAL_FALLOFF In
		*MATERIAL_XP_TYPE Filter
		*MAP_DIFFUSE {
			*MAP_NAME "Map #2"
			*MAP_CLASS "Bitmap"
			*MAP_SUBNO 1
			*MAP_AMOUNT 1
			*BITMAP "HUM_BODY_NAKED_V0_C0.TGA"
			*MAP_TYPE Screen
			*UVW_U_OFFSET 0
			*UVW_V_OFFSET 0
			*UVW_U_TILING 1
			*UVW_V_TILING 1
			*UVW_ANGLE 0
			*UVW_BLUR 1
			*UVW_BLUR_OFFSET 0
			*UVW_NOUSE_AMT 1
			*UVW_NOISE_SIZE 1
			*UVW_NOISE_LEVEL 1
			*UVW_NOISE_PHASE 0
			*BITMAP_FILTER Pyramidal
		}
	}
}
*HELPEROBJECT {
	*NODE_NAME "Bip01"
	*NODE_TM {
		*NODE_NAME "Bip01"
		*TM_ROW0 6.27438e-006	-1	0
		*TM_ROW1 1	6.27438e-006	0
		*TM_ROW2 -0	-0	1
		*TM_ROW3 0	-7.37745	99.9496
		*TM_POS 0	-7.37745	99.9496
		*TM_ROTAXIS 0	0	1
		*TM_ROTANGLE 1.57079
		*TM_SCALE 1	1	1
		*TM_SCALEAXIS 0	0	0
		*TM_SCALEAXISANG 0	0	0
	}
}
*HELPEROBJECT {
	*NODE_NAME "Bip01 Pelvis"
	*NODE_PARENT "Bip01"
	*NODE_TM {
		*NODE_NAME "Bip01 Pelvis"
		*TM_ROW0 -5.96046e-008	1.79264e-006	1
		*TM_ROW1 -1.79264e-006	-1	1.79264e-006
		*TM_ROW2 1	-1.79264e-006	-5.96046e-008
		*TM_ROW3 1e-005	-8.0113	99.9496
		*TM_POS 1e-005	-8.0113	99.9496
		*TM_ROTAXIS 0.707107	0	0.707107
		*TM_ROTANGLE 3.1416
		*TM_SCALE 1	1	1
		*TM_SCALEAXIS 0	0	0
		*TM_SCALEAXISANG 0	0	0
	}
}
*HELPEROBJECT {
	*NODE_NAME "Bip01 Spine"
	*NODE_PARENT "Bip01 Pelvis"
	*NODE_TM {
		*NODE_NAME "Bip01 Spine"
		*TM_ROW0 5.96047e-008	-0.0205947	0.999788
		*TM_ROW1 5.48642e-006	-0.999788	-0.0205947
		*TM_ROW2 1	5.48642e-006	5.96047e-008
		*TM_ROW3 1e-005	-7.92216	102.35
		*TM_POS 1e-005	-7.92216	102.35
		*TM_ROTAXIS 0.707088	-0.00727998	0.707088
		*TM_ROTANGLE 3.12703
		*TM_SCALE 1	1	1
		*TM_SCALEAXIS 0	0	0
		*TM_SCALEAXISANG 0	0	0
	}
}
*HELPEROBJECT {
	*NODE_NAME "Bip01 Spine1"
	*NODE_PARENT "Bip01 Spine"
	*NODE_TM {
		*NODE_NAME "Bip01 Spine1"
		*TM_ROW0 5.96047e-008	-0.00276992	0.999996
		*TM_ROW1 -1.92621e-006	-0.999996	-0.00276991
		*TM_ROW2 1	-1.92621e-006	5.96047e-008
		*TM_ROW3 1e-005	-8.11442	112.175
		*TM_POS 1e-005	-8.11442	112.175
		*TM_ROTAXIS 0.707106	-0.000979995	0.707107
		*TM_ROTANGLE 3.13964
		*TM_SCALE 1	1	1
		*TM_SCALEAXIS 0	0	0
		*TM_SCALEAXISANG 0	0	0
	}
}
*HELPEROBJECT {
	*NODE_NAME "Bip01 Spine2"
	*NODE_PARENT "Bip01 Spine1"
	*NODE_TM {
		*NODE_NAME "Bip01 Spine2"
		*TM_ROW0 5.96048e-008	0.180243	0.983622
		*TM_ROW1 1.67638e-006	-0.983622	0.180243
		*TM_ROW2 1	1.67638e-006	5.96047e-008
		*TM_ROW3 1e-005	-8.1264	124.961
		*TM_POS 1e-005	-8.1264	124.961
		*TM_ROTAXIS 0.705652	0.0641202	0.705652
		*TM_ROTANGLE 3.26966
		*TM_SCALE 1	1	1
		*TM_SCALEAXIS 0	0	0
		*TM_SCALEAXISANG 0	0	0
	}
}
*HELPEROBJECT {
	*NODE_NAME "Bip01 Neck"
	*NODE_PARENT "Bip01 Spine2"
	*NODE_TM {
		*NODE_NAME "Bip01 Neck"
		*TM_ROW0 5.96046e-007	-0.167043	0.98595
		*TM_ROW1 4.70132e-006	-0.98595	-0.167043
		*TM_ROW2 1	4.70132e-006	5.96047e-007
		*TM_ROW3 1.03264e-011	-2.71656	154.454
		*TM_POS 1.03264e-011	-2.71656	154.454
		*TM_ROTAXIS -0.70586	0.05937	-0.705859
		*TM_ROTANGLE 3.2602
		*TM_SCALE 1	1	1
		*TM_SCALEAXIS 0	0	0
		*TM_SCALEAXISANG 0	0	0
	}
}
*HELPEROBJECT {
	*NODE_NAME "Bip01 Head"
	*NODE_PARENT "Bip01 Neck"
	*NODE_TM {
		*NODE_NAME "Bip01 Head"
		*TM_ROW0 -5.96047e-008	1.76447e-006	1
		*TM_ROW1 -1.79264e-006	-1	1.80855e-006
		*TM_ROW2 1	-1.79264e-006	-5.96046e-008
		*TM_ROW3 2.27758e-011	-3.85901	161.198
		*TM_POS 2.27758e-011	-3.85901	161.198
		*TM_ROTAXIS -0.707107	-5.62215e-009	-0.707107
		*TM_ROTANGLE 3.14159
		*TM_SCALE 1	1	1
		*TM_SCALEAXIS 0	0	0
		*TM_SCALEAXISANG 0	0	0
	}
}
*HELPEROBJECT {
	*NODE_NAME "ZS_HELMET"
	*NODE_PARENT "Bip01 Head"
	*NODE_TM {
		*NODE_NAME "ZS_HELMET"
		*TM_ROW0 1	7.87298e-013	7.61567e-014
		*TM_ROW1 -1.53811e-013	0.996917	-0.0784593
		*TM_ROW2 -5.53111e-014	0.0784593	0.996918
		*TM_ROW3 1e-005	-7.06248	173.704
		*TM_POS 1e-005	-7.06248	173.704
		*TM_ROTAXIS 1	8.37809e-013	-5.99744e-012
		*TM_ROTANGLE 0.078541
		*TM_SCALE 1	1	1
		*TM_SCALEAXIS 0	0	0
		*TM_SCALEAXISANG 0	0	0
	}
}
*HELPEROBJECT {
	*NODE_NAME "Bip01 L Clavicle"
	*NODE_PARENT "Bip01 Neck"
	*NODE_TM {
		*NODE_NAME "Bip01 L Clavicle"
		*TM_ROW0 0.935229	-0.203893	-0.289439
		*TM_ROW1 0.156435	0.971369	-0.178803
		*TM_ROW2 0.317608	0.121943	0.940348
		*TM_ROW3 7.96399	-1.25804	148.729
		*TM_POS 7.96399	-1.25804	148.729
		*TM_ROTAXIS 0.391939	-0.791119	0.469589
		*TM_ROTANGLE 0.39376
		*TM_SCALE 1	1	1
		*TM_SCALEAXIS 0	0	0
		*TM_SCALEAXISANG 0	0	0
	}
}
*HELPEROBJECT {
	*NODE_NAME "Bip01 L UpperArm"
	*NODE_PARENT "Bip01 L Clavicle"
	*NODE_TM {
		*NODE_NAME "Bip01 L UpperArm"
		*TM_ROW0 0.246229	0.0989027	-0.964152
		*TM_ROW1 0.412789	0.889345	0.196649
		*TM_ROW2 0.876913	-0.446412	0.178157
		*TM_ROW3 20.4269	-3.97508	144.872
		*TM_POS 20.4269	-3.97508	144.872
		*TM_ROTAXIS -0.325561	-0.932072	0.15891
		*TM_ROTANGLE 1.41328
		*TM_SCALE 1	1	1
		*TM_SCALEAXIS 0	0	0
		*TM_SCALEAXISANG 0	0	0
	}
}
*HELPEROBJECT {
	*NODE_NAME "Bip01 L Forearm"
	*NODE_PARENT "Bip01 L UpperArm"
	*NODE_TM {
		*NODE_NAME "Bip01 L Forearm"
		*TM_ROW0 0.0455122	-0.291882	-0.955371
		*TM_ROW1 0.478489	0.845886	-0.235638
		*TM_ROW2 0.876913	-0.44641	0.17816
		*TM_ROW3 27.2982	-1.21526	117.966
		*TM_POS 27.2982	-1.21526	117.966
		*TM_ROTAXIS -0.10545	-0.916697	0.385419
		*TM_ROTANGLE 1.53601
		*TM_SCALE 1	1	1
		*TM_SCALEAXIS 0	0	0
		*TM_SCALEAXISANG 0	0	0
	}
}
*HELPEROBJECT {
	*NODE_NAME "Bip01 L Hand"
	*NODE_PARENT "Bip01 L Forearm"
	*NODE_TM {
		*NODE_NAME "Bip01 L Hand"
		*TM_ROW0 0.0455132	-0.291886	-0.95537
		*TM_ROW1 -0.876533	0.44708	-0.17835
		*TM_ROW2 0.479185	0.845531	-0.2355
		*TM_ROW3 28.5642	-9.33438	91.391
		*TM_POS 28.5642	-9.33438	91.391
		*TM_ROTAXIS 0.551391	-0.772552	-0.314851
		*TM_ROTANGLE 1.95137
		*TM_SCALE 1	1	1
		*TM_SCALEAXIS 0	0	0
		*TM_SCALEAXISANG 0	0	0
	}
}
*HELPEROBJECT {
	*NODE_NAME "Bip01 L Finger0"
	*NODE_PARENT "Bip01 L Hand"
	*NODE_TM {
		*NODE_NAME "Bip01 L Finger0"
		*TM_ROW0 0.0455153	-0.291888	-0.955369
		*TM_ROW1 -0.876915	0.446405	-0.178165
		*TM_ROW2 0.478485	0.845886	-0.235643
		*TM_ROW3 29.15	-13.0909	79.0956
		*TM_POS 29.15	-13.0909	79.0956
		*TM_ROTAXIS 0.551581	-0.772311	-0.31511
		*TM_ROTANGLE 1.95181
		*TM_SCALE 1	1	1
		*TM_SCALEAXIS 0	0	0
		*TM_SCALEAXISANG 0	0	0
	}
}
*HELPEROBJECT {
	*NODE_NAME "ZS_LEFTHAND"
	*NODE_PARENT "Bip01 L Hand"
	*NODE_TM {
		*NODE_NAME "ZS_LEFTHAND"
		*TM_ROW0 0.435606	0.890062	-0.134303
		*TM_ROW1 0.180312	-0.232461	-0.955745
		*TM_ROW2 -0.881893	0.392112	-0.261751
		*TM_ROW3 26.7605	-11.5467	82.7857
		*TM_POS 26.7605	-11.5467	82.7857
		*TM_ROTAXIS 0.794322	0.440571	-0.418271
		*TM_ROTANGLE 2.12858
		*TM_SCALE 1	1	1
		*TM_SCALEAXIS 0	0	0
		*TM_SCALEAXISANG 0	0	0
	}
}
*HELPEROBJECT {
	*NODE_NAME "ZS_LEFTARM"
	*NODE_PARENT "Bip01 L Forearm"
	*NODE_TM {
		*NODE_NAME "ZS_LEFTARM"
		*TM_ROW0 0.0759923	-0.150176	-0.985735
		*TM_ROW1 0.524499	0.846792	-0.0885737
		*TM_ROW2 0.848013	-0.510286	0.143117
		*TM_ROW3 26.9101	-7.67833	110.055
		*TM_POS 26.9101	-7.67833	110.055
		*TM_ROTAXIS -0.21097	-0.917372	0.337521
		*TM_ROTANGLE 1.53784
		*TM_SCALE 1	1	1
		*TM_SCALEAXIS 0	0	0
		*TM_SCALEAXISANG 0	0	0
	}
}
*HELPEROBJECT {
	*NODE_NAME "Bip01 R Clavicle"
	*NODE_PARENT "Bip01 Neck"
	*NODE_TM {
		*NODE_NAME "Bip01 R Clavicle"
		*TM_ROW0 -0.935227	-0.203899	-0.28944
		*TM_ROW1 -0.156442	0.971369	-0.178799
		*TM_ROW2 0.317609	-0.121937	-0.940349
		*TM_ROW3 -7.96398	-1.25806	148.729
		*TM_POS -7.96398	-1.25806	148.729
		*TM_ROTAXIS -0.0929799	0.992639	-0.0776
		*TM_ROTANGLE 3.45235
		*TM_SCALE 1	1	1
		*TM_SCALEAXIS 0	0	0
		*TM_SCALEAXISANG 0	0	0
	}
}
*HELPEROBJECT {
	*NODE_NAME "Bip01 R UpperArm"
	*NODE_PARENT "Bip01 R Clavicle"
	*NODE_TM {
		*NODE_NAME "Bip01 R UpperArm"
		*TM_ROW0 -0.246232	0.0988932	-0.964153
		*TM_ROW1 -0.412793	0.889345	0.196642
		*TM_ROW2 0.876911	0.446415	-0.178163
		*TM_ROW3 -20.4269	-3.97513	144.872
		*TM_POS -20.4269	-3.97513	144.872
		*TM_ROTAXIS 0.12961	-0.955353	-0.265521
		*TM_ROTANGLE 1.84162
		*TM_SCALE 1	1	1
		*TM_SCALEAXIS 0	0	0
		*TM_SCALEAXISANG 0	0	0
	}
}
*HELPEROBJECT {
	*NODE_NAME "Bip01 R Forearm"
	*NODE_PARENT "Bip01 R UpperArm"
	*NODE_TM {
		*NODE_NAME "Bip01 R Forearm"
		*TM_ROW0 -0.0455087	-0.291889	-0.955369
		*TM_ROW1 -0.478487	0.845885	-0.235646
		*TM_ROW2 0.876914	0.446408	-0.17816
		*TM_ROW3 -27.2982	-1.21534	117.966
		*TM_POS -27.2982	-1.21534	117.966
		*TM_ROTAXIS 0.347279	-0.932937	-0.0950097
		*TM_ROTANGLE 1.76083
		*TM_SCALE 1	1	1
		*TM_SCALEAXIS 0	0	0
		*TM_SCALEAXISANG 0	0	0
	}
}
*HELPEROBJECT {
	*NODE_NAME "Bip01 R Hand"
	*NODE_PARENT "Bip01 R Forearm"
	*NODE_TM {
		*NODE_NAME "Bip01 R Hand"
		*TM_ROW0 -0.0455115	-0.291885	-0.95537
		*TM_ROW1 0.87653	0.447088	-0.17835
		*TM_ROW2 0.479192	-0.845527	0.235499
		*TM_ROW3 -28.5642	-9.33445	91.391
		*TM_POS -28.5642	-9.33445	91.391
		*TM_ROTAXIS -0.33922	-0.72939	0.59407
		*TM_ROTANGLE 1.75327
		*TM_SCALE 1	1	1
		*TM_SCALEAXIS 0	0	0
		*TM_SCALEAXISANG 0	0	0
	}
}
*HELPEROBJECT {
	*NODE_NAME "Bip01 R Finger0"
	*NODE_PARENT "Bip01 R Hand"
	*NODE_TM {
		*NODE_NAME "Bip01 R Finger0"
		*TM_ROW0 -0.0455056	-0.291877	-0.955373
		*TM_ROW1 0.876914	0.446413	-0.178152
		*TM_ROW2 0.478489	-0.845886	0.235636
		*TM_ROW3 -29.1499	-13.0909	79.0956
		*TM_POS -29.1499	-13.0909	79.0956
		*TM_ROTAXIS -0.33952	-0.729071	0.594291
		*TM_ROTANGLE 1.75354
		*TM_SCALE 1	1	1
		*TM_SCALEAXIS 0	0	0
		*TM_SCALEAXISANG 0	0	0
	}
}
*HELPEROBJECT {
	*NODE_NAME "ZS_RIGHTHAND"
	*NODE_PARENT "Bip01 R Hand"
	*NODE_TM {
		*NODE_NAME "ZS_RIGHTHAND"
		*TM_ROW0 -0.464344	0.856417	-0.225687
		*TM_ROW1 0.177861	0.339806	0.923525
		*TM_ROW2 0.867612	0.388692	-0.31011
		*TM_ROW3 -20.9389	-19.9852	85.8932
		*TM_POS -20.9389	-19.9852	85.8932
		*TM_ROTAXIS 0.383811	0.784581	0.486951
		*TM_ROTANGLE 3.91244
		*TM_SCALE 1	1	1
		*TM_SCALEAXIS 0	0	0
		*TM_SCALEAXISANG 0	0	0
	}
}
*HELPEROBJECT {
	*NODE_NAME "ZS_CROSSBOW"
	*NODE_PARENT "Bip01 Spine2"
	*NODE_TM {
		*NODE_NAME "ZS_CROSSBOW"
		*TM_ROW0 -0.382687	-0.111464	0.91713
		*TM_ROW1 -0.923878	0.0461715	-0.379891
		*TM_ROW2 -1.2517e-006	-0.992695	-0.120648
		*TM_ROW3 -14.434	10.5915	165.98
		*TM_POS -14.434	10.5915	165.98
		*TM_ROTAXIS -0.447329	0.669479	-0.593039
		*TM_ROTANGLE 2.38705
		*TM_SCALE 1	1	1
		*TM_SCALEAXIS 0	0	0
		*TM_SCALEAXISANG 0	0	0
	}
}
*HELPEROBJECT {
	*NODE_NAME "ZS_LONGSWORD"
	*NODE_PARENT "Bip01 Spine2"
	*NODE_TM {
		*NODE_NAME "ZS_LONGSWORD"
		*TM_ROW0 -0.499829	-0.0915011	0.861277
		*TM_ROW1 -0.865729	0.0828188	-0.493614
		*TM_ROW2 -0.0261636	-0.992355	-0.12061
		*TM_ROW3 -18.1593	6.92629	157.64
		*TM_POS -18.1593	6.92629	157.64
		*TM_ROTAXIS -0.38996	0.69388	-0.60536
		*TM_ROTANGLE 2.44778
		*TM_SCALE 1	1	1
		*TM_SCALEAXIS 0	0	0
		*TM_SCALEAXISANG 0	0	0
	}
}
*HELPEROBJECT {
	*NODE_NAME "ZS_SHIELD"
	*NODE_PARENT "Bip01 Spine2"
	*NODE_TM {
		*NODE_NAME "ZS_SHIELD"
		*TM_ROW0 -0.0138681	0.114196	-0.993362
		*TM_ROW1 -0.908393	0.413755	0.0602465
		*TM_ROW2 0.417888	0.903198	0.0979964
		*TM_ROW3 8.76511	9.5282	131.875
		*TM_POS 8.76511	9.5282	131.875
		*TM_ROTAXIS 0.435421	-0.728972	-0.528212
		*TM_ROTANGLE 1.82457
		*TM_SCALE 1	1	1
		*TM_SCALEAXIS 0	0	0
		*TM_SCALEAXISANG 0	0	0
	}
}
*HELPEROBJECT {
	*NODE_NAME "ZS_BOW"
	*NODE_PARENT "Bip01 Spine2"
	*NODE_TM {
		*NODE_NAME "ZS_BOW"
		*TM_ROW0 -0.341816	-0.0868229	0.935748
		*TM_ROW1 0.0119438	0.995242	0.0967059
		*TM_ROW2 -0.939691	0.044232	-0.339153
		*TM_ROW3 0.5012	12.4143	124.55
		*TM_POS 0.5012	12.4143	124.55
		*TM_ROTAXIS -0.0279299	0.998227	0.0525698
		*TM_ROTANGLE 1.92076
		*TM_SCALE 1	1	1
		*TM_SCALEAXIS 0	0	0
		*TM_SCALEAXISANG 0	0	0
	}
}
*HELPEROBJECT {
	*NODE_NAME "ZS_SWORD"
	*NODE_PARENT "Bip01 Spine"
	*NODE_TM {
		*NODE_NAME "ZS_SWORD"
		*TM_ROW0 5.79282e-007	-0.347172	0.937802
		*TM_ROW1 1.04309e-007	0.937802	0.347172
		*TM_ROW2 -1	-1.04308e-007	5.79283e-007
		*TM_ROW3 17.5015	-4.36211	106.367
		*TM_POS 17.5015	-4.36211	106.367
		*TM_ROTAXIS -0.17367	0.96937	0.17367
		*TM_ROTANGLE 1.6019
		*TM_SCALE 1	1	1
		*TM_SCALEAXIS 0	0	0
		*TM_SCALEAXISANG 0	0	0
	}
}
*HELPEROBJECT {
	*NODE_NAME "Bip01 L Thigh"
	*NODE_PARENT "Bip01 Pelvis"
	*NODE_TM {
		*NODE_NAME "Bip01 L Thigh"
		*TM_ROW0 0.0534878	-0.0367886	-0.997891
		*TM_ROW1 -0.00216181	-0.999323	0.0367256
		*TM_ROW2 -0.998566	0.000192882	-0.0535313
		*TM_ROW3 9.01023	-8.01129	99.9496
		*TM_POS 9.01023	-8.01129	99.9496
		*TM_ROTAXIS 0.72572	-0.01342	-0.68786
		*TM_ROTANGLE 3.16677
		*TM_SCALE 1	1	1
		*TM_SCALEAXIS 0	0	0
		*TM_SCALEAXISANG 0	0	0
	}
}
*HELPEROBJECT {
	*NODE_NAME "Bip01 L Calf"
	*NODE_PARENT "Bip01 L Thigh"
	*NODE_TM {
		*NODE_NAME "Bip01 L Calf"
		*TM_ROW0 0.0525131	0.197552	-0.978885
		*TM_ROW1 0.0103904	-0.980292	-0.197278
		*TM_ROW2 -0.998566	0.000188708	-0.0535307
		*TM_ROW3 11.1149	-9.45845	60.6877
		*TM_POS 11.1149	-9.45845	60.6877
		*TM_ROTAXIS 0.723901	0.0721501	-0.686121
		*TM_ROTANGLE 3.00478
		*TM_SCALE 1	1	1
		*TM_SCALEAXIS 0	0	0
		*TM_SCALEAXISANG 0	0	0
	}
}
*HELPEROBJECT {
	*NODE_NAME "Bip01 L Foot"
	*NODE_PARENT "Bip01 L Calf"
	*NODE_TM {
		*NODE_NAME "Bip01 L Foot"
		*TM_ROW0 -5.93318e-007	7.27489e-006	-1
		*TM_ROW1 0.173652	-0.984807	-7.26412e-006
		*TM_ROW2 -0.984807	-0.173652	-5.97767e-007
		*TM_ROW3 13.6935	0.240668	12.6267
		*TM_POS 13.6935	0.240668	12.6267
		*TM_ROTAXIS 0.705757	0.0617498	-0.705757
		*TM_ROTANGLE 3.26493
		*TM_SCALE 1	1	1
		*TM_SCALEAXIS 0	0	0
		*TM_SCALEAXISANG 0	0	0
	}
}
*HELPEROBJECT {
	*NODE_NAME "Bip01 L Toe0"
	*NODE_PARENT "Bip01 L Foot"
	*NODE_TM {
		*NODE_NAME "Bip01 L Toe0"
		*TM_ROW0 0.173646	-0.984808	5.05914e-006
		*TM_ROW1 5.06367e-006	5.91264e-006	1
		*TM_ROW2 -0.984808	-0.173646	5.92894e-006
		*TM_ROW3 17.6256	-22.0591	5.26591e-006
		*TM_POS 17.6256	-22.0591	5.26591e-006
		*TM_ROTAXIS -0.644398	0.540718	0.540718
		*TM_ROTANGLE 1.99673
		*TM_SCALE 1	1	1
		*TM_SCALEAXIS 0	0	0
		*TM_SCALEAXISANG 0	0	0
	}
}
*HELPEROBJECT {
	*NODE_NAME "Bip01 R Thigh"
	*NODE_PARENT "Bip01 Pelvis"
	*NODE_TM {
		*NODE_NAME "Bip01 R Thigh"
		*TM_ROW0 -0.0535034	-0.0367749	-0.99789
		*TM_ROW1 0.00205776	-0.999324	0.0367174
		*TM_ROW2 -0.998566	-8.89041e-005	0.0535432
		*TM_ROW3 -9.01021	-8.01132	99.9496
		*TM_POS -9.01021	-8.01132	99.9496
		*TM_ROTAXIS 0.687862	-0.01262	-0.725732
		*TM_ROTANGLE 3.16835
		*TM_SCALE 1	1	1
		*TM_SCALEAXIS 0	0	0
		*TM_SCALEAXISANG 0	0	0
	}
}
*HELPEROBJECT {
	*NODE_NAME "Bip01 R Calf"
	*NODE_PARENT "Bip01 R Thigh"
	*NODE_TM {
		*NODE_NAME "Bip01 R Calf"
		*TM_ROW0 -0.0525025	0.197539	-0.978888
		*TM_ROW1 -0.0104967	-0.980295	-0.19726
		*TM_ROW2 -0.998566	-8.16064e-005	0.0535415
		*TM_ROW3 -11.1154	-9.45856	60.6878
		*TM_POS -11.1154	-9.45856	60.6878
		*TM_ROTAXIS 0.686298	0.0684898	-0.724088
		*TM_ROTANGLE 2.99744
		*TM_SCALE 1	1	1
		*TM_SCALEAXIS 0	0	0
		*TM_SCALEAXISANG 0	0	0
	}
}
*HELPEROBJECT {
	*NODE_NAME "Bip01 R Foot"
	*NODE_PARENT "Bip01 R Calf"
	*NODE_TM {
		*NODE_NAME "Bip01 R Foot"
		*TM_ROW0 -5.86373e-007	-7.29557e-006	-1
		*TM_ROW1 -0.173652	-0.984807	7.26572e-006
		*TM_ROW2 -0.984807	0.173652	-5.93781e-007
		*TM_ROW3 -13.6935	0.24065	12.6267
		*TM_POS -13.6935	0.24065	12.6267
		*TM_ROTAXIS 0.705757	-0.0617498	-0.705757
		*TM_ROTANGLE 3.01826
		*TM_SCALE 1	1	1
		*TM_SCALEAXIS 0	0	0
		*TM_SCALEAXISANG 0	0	0
	}
}
*HELPEROBJECT {
	*NODE_NAME "Bip01 R Toe0"
	*NODE_PARENT "Bip01 R Foot"
	*NODE_TM {
		*NODE_NAME "Bip01 R Toe0"
		*TM_ROW0 -0.173651	-0.984807	3.52553e-006
		*TM_ROW1 3.507e-006	3.07854e-006	1
		*TM_ROW2 -0.984807	0.173651	3.0421e-006
		*TM_ROW3 -17.6255	-22.0592	2.91014e-005
		*TM_POS -17.6255	-22.0592	2.91014e-005
		*TM_ROTAXIS -0.510271	0.608121	0.608121
		*TM_ROTANGLE 2.19793
		*TM_SCALE 1	1	1
		*TM_SCALEAXIS 0	0	0
		*TM_SCALEAXISANG 0	0	0
	}
}
*HELPEROBJECT {
	*NODE_NAME "Dummy"
	*NODE_PARENT "Bip01 L Finger0"
	*NODE_TM {
		*NODE_NAME "Dummy"
		*TM_ROW0 -1	-0	0
		*TM_ROW1 -0	-1	0
		*TM_ROW2 -0	-0	1
		*TM_ROW3 29.4428	-14.9691	72.9478
		*TM_POS 29.4428	-14.9691	72.9478
		*TM_ROTAXIS 0	0	-1
		*TM_ROTANGLE 3.14159
		*TM_SCALE 1	1	1
		*TM_SCALEAXIS 0	0	0
		*TM_SCALEAXISANG 0	0	0
	}
}
*HELPEROBJECT {
	*NODE_NAME "Dummy1"
	*NODE_PARENT "Bip01 R Finger0"
	*NODE_TM {
		*NODE_NAME "Dummy1"
		*TM_ROW0 -1	-0	0
		*TM_ROW1 -0	-1	0
		*TM_ROW2 -0	-0	1
		*TM_ROW3 -29.4428	-14.9692	72.9478
		*TM_POS -29.4428	-14.9692	72.9478
		*TM_ROTAXIS 0	0	-1
		*TM_ROTANGLE 3.14159
		*TM_SCALE 1	1	1
		*TM_SCALEAXIS 0	0	0
		*TM_SCALEAXISANG 0	0	0
	}
}
*HELPEROBJECT {
	*NODE_NAME "Dummy2"
	*NODE_PARENT "Bip01 L Toe0"
	*NODE_TM {
		*NODE_NAME "Dummy2"
		*TM_ROW0 -1	-0	0
		*TM_ROW1 -0	-1	0
		*TM_ROW2 -0	-0	1
		*TM_ROW3 19.5916	-33.209	-6.31335
		*TM_POS 19.5916	-33.209	-6.31335
		*TM_ROTAXIS 0	0	-1
		*TM_ROTANGLE 3.14159
		*TM_SCALE 1	1	1
		*TM_SCALEAXIS 0	0	0
		*TM_SCALEAXISANG 0	0	0
	}
}
*HELPEROBJECT {
	*NODE_NAME "Dummy3"
	*NODE_PARENT "Bip01 R Toe0"
	*NODE_TM {
		*NODE_NAME "Dummy3"
		*TM_ROW0 -1	-0	0
		*TM_ROW1 -0	-1	0
		*TM_ROW2 -0	-0	1
		*TM_ROW3 -19.5915	-33.2091	-6.31333
		*TM_POS -19.5915	-33.2091	-6.31333
		*TM_ROTAXIS 0	0	-1
		*TM_ROTANGLE 3.14159
		*TM_SCALE 1	1	1
		*TM_SCALEAXIS 0	0	0
		*TM_SCALEAXISANG 0	0	0
	}
}
*GEOMOBJECT {
	*NODE_NAME "zm_Skin"
	*NODE_PARENT "Bip01"
	*NODE_TM {
		*NODE_NAME "zm_Skin"
		*TM_ROW0 -1	-0	0
		*TM_ROW1 -0	-1	0
		*TM_ROW2 -0	-0	1
		*TM_ROW3 -0	-0	0
		*TM_POS -0	-0	0
		*TM_ROTAXIS 0	0	-1
		*TM_ROTANGLE 3.14159
		*TM_SCALE 1	1	1
		*TM_SCALEAXIS 0	0	0
		*TM_SCALEAXISANG 0	0	0
	}
	*MATERIAL_REF 0
	*MESH_SOFTSKIN {
		*TIMEVALUE 0
		*MESH_NUMVERTEX 261
		*MESH_NUMFACES 500
		*MESH_VERTEX_LIST {
			*MESH_VERTEX 0	16.1702	-3.12766	161.327
			*MESH_VERTEX 1	14.7853	-24.2208	73.5294
			*MESH_VERTEX 2	-8.92541	7.4847	2.00268
			*MESH_VERTEX 3	9.05007	7.23522	1.80547
			*MESH_VERTEX 4	-0.545921	6.80826	92.8255
			*MESH_VERTEX 5	-19.424	-18.4031	0.555633
			*MESH_VERTEX 6	19.6022	-18.599	0.705522
			*MESH_VERTEX 7	5.69267	-18.4528	95.7642
			*MESH_VERTEX 8	-17.9667	-3.1308	132.788
			*MESH_VERTEX 9	-27.3066	-11.9013	92.7379
			*MESH_VERTEX 10	-23.4879	-19.3096	141.495
			*MESH_VERTEX 11	-22.9913	6.51153	143.615
			*MESH_VERTEX 12	-23	-13.4682	95.407
			*MESH_VERTEX 13	-10.6786	-19.4514	109.404
			*MESH_VERTEX 14	-17.7597	-22.0541	96.8919
			*MESH_VERTEX 15	-28.9504	-2.10551	91.032
			*MESH_VERTEX 16	-24.1429	-2.15464	118.324
			*MESH_VERTEX 17	-34.9223	-4.83558	150.483
			*MESH_VERTEX 18	-31.2342	8.08168	139.772
			*MESH_VERTEX 19	12.0694	0.290617	91.4232
			*MESH_VERTEX 20	28.4616	5.46416	147.501
			*MESH_VERTEX 21	-0.0542106	9.34599	82.257
			*MESH_VERTEX 22	-18.5327	-10.4325	100.866
			*MESH_VERTEX 23	-34.337	6.01003	144.521
			*MESH_VERTEX 24	-18.1807	6.19026	156.483
			*MESH_VERTEX 25	-18.5195	12.0408	161.839
			*MESH_VERTEX 26	-13.3345	8.73851	156.606
			*MESH_VERTEX 27	-23.2338	-0.422096	158.63
			*MESH_VERTEX 28	-25.7726	-1.76722	166.031
			*MESH_VERTEX 29	-20.2229	-3.87146	160.758
			*MESH_VERTEX 30	-20.4977	-12.3457	155.696
			*MESH_VERTEX 31	-22.422	-18.8025	159.896
			*MESH_VERTEX 32	-17.2295	-16.0251	154.594
			*MESH_VERTEX 33	-19.0636	1.20047	13.8716
			*MESH_VERTEX 34	19.74	-12.9521	131.058
			*MESH_VERTEX 35	14.5215	-21.795	143.537
			*MESH_VERTEX 36	-34.7876	-9.25494	92.1845
			*MESH_VERTEX 37	25.698	-11.112	147.215
			*MESH_VERTEX 38	16.9805	12.6489	139.53
			*MESH_VERTEX 39	-18.9636	-14.8244	155.238
			*MESH_VERTEX 40	19.2139	1.12789	13.8111
			*MESH_VERTEX 41	12.9424	-9.87909	15.3473
			*MESH_VERTEX 42	3.5526	-0.190334	14.0718
			*MESH_VERTEX 43	8.43617	-24.1772	1.97221
			*MESH_VERTEX 44	-6.00856	-18.7596	50.3868
			*MESH_VERTEX 45	-11.3974	-2.61418	58.921
			*MESH_VERTEX 46	-12.6793	-9.82705	15.3081
			*MESH_VERTEX 47	-3.16713	-0.114997	14.2457
			*MESH_VERTEX 48	-8.25063	-23.9558	1.84844
			*MESH_VERTEX 49	-22.5269	-2.98516	87.303
			*MESH_VERTEX 50	-16.6567	-8.10564	108.457
			*MESH_VERTEX 51	-34.0981	-4.47787	119.914
			*MESH_VERTEX 52	-36.7623	2.35451	113.503
			*MESH_VERTEX 53	19.0403	-10.3168	101.106
			*MESH_VERTEX 54	0.361926	-10.325	91.8472
			*MESH_VERTEX 55	4.02199	-22.1522	86.0925
			*MESH_VERTEX 56	-0.00174184	8.14703	105.787
			*MESH_VERTEX 57	-3.60387	-8.48527	57.5452
			*MESH_VERTEX 58	-30.8845	-3.88551	147.837
			*MESH_VERTEX 59	-22.1791	-16.232	144.035
			*MESH_VERTEX 60	-14.6398	6.7953	118.512
			*MESH_VERTEX 61	-24.8363	8.03282	124.67
			*MESH_VERTEX 62	-14.4985	-19.8842	65.5301
			*MESH_VERTEX 63	-13.948	-19.3202	101.175
			*MESH_VERTEX 64	-10.4043	2.41213	107.895
			*MESH_VERTEX 65	9.49292	2.45438	108.058
			*MESH_VERTEX 66	12.787	5.23771	88.9252
			*MESH_VERTEX 67	0.000514126	-25.7144	119.383
			*MESH_VERTEX 68	7.4992	-16.3913	11.0338
			*MESH_VERTEX 69	-5.93936	-19.6689	96.311
			*MESH_VERTEX 70	3.1011	2.62057	89.7488
			*MESH_VERTEX 71	-18.2584	-6.50087	57.9198
			*MESH_VERTEX 72	-13.1773	-0.0071528	90.9514
			*MESH_VERTEX 73	-3.21998	2.92375	89.7125
			*MESH_VERTEX 74	-7.40579	-16.2534	10.9735
			*MESH_VERTEX 75	-22.1021	-2.22948	160.325
			*MESH_VERTEX 76	0.00042389	5.34157	162.132
			*MESH_VERTEX 77	20.2241	-4.768	64.9576
			*MESH_VERTEX 78	-20.932	-16.3105	130.333
			*MESH_VERTEX 79	-21.1723	2.19312	134.349
			*MESH_VERTEX 80	25.7858	-2.66222	154.116
			*MESH_VERTEX 81	-23.063	7.85905	121.058
			*MESH_VERTEX 82	-20.2228	-0.307551	160.545
			*MESH_VERTEX 83	-23.234	-3.98591	158.843
			*MESH_VERTEX 84	-17.3541	-13.418	157.006
			*MESH_VERTEX 85	-20.3731	-14.9545	153.295
			*MESH_VERTEX 86	15.364	4.30006	-0.561718
			*MESH_VERTEX 87	-15.226	4.54592	-0.45918
			*MESH_VERTEX 88	-16.8063	8.97369	154.72
			*MESH_VERTEX 89	-14.737	5.9919	158.328
			*MESH_VERTEX 90	-0.00029302	-13.0217	156.807
			*MESH_VERTEX 91	-0.0112552	-2.34595	155.61
			*MESH_VERTEX 92	-8.63972	4.30844	165.659
			*MESH_VERTEX 93	11.8355	-17.7951	115.286
			*MESH_VERTEX 94	15.7447	-7.12813	108.438
			*MESH_VERTEX 95	-16.4623	-19.1648	107.398
			*MESH_VERTEX 96	0.64435	-9.22021	64.9013
			*MESH_VERTEX 97	8.61611	1.63305	65.8183
			*MESH_VERTEX 98	3.6144	3.59633	70.646
			*MESH_VERTEX 99	-11.4639	2.49362	114.35
			*MESH_VERTEX 100	8.6143	4.4791	162.807
			*MESH_VERTEX 101	-18.3295	-13.9019	10.1174
			*MESH_VERTEX 102	18.4227	-14.0244	10.2232
			*MESH_VERTEX 103	14.3157	3.42418	84.6237
			*MESH_VERTEX 104	-20.7033	-6.659	124.665
			*MESH_VERTEX 105	-32.342	-12.4567	93.225
			*MESH_VERTEX 106	4.82339	-24.669	72.6918
			*MESH_VERTEX 107	-14.2843	-22.4799	144.189
			*MESH_VERTEX 108	18.7588	6.34074	134.093
			*MESH_VERTEX 109	-11.7959	2.97488	83.3919
			*MESH_VERTEX 110	-25.9492	6.66236	132.867
			*MESH_VERTEX 111	-37.1072	-2.40585	114.865
			*MESH_VERTEX 112	-13.9118	-2.93673	164.86
			*MESH_VERTEX 113	-27.7335	-13.4304	146.517
			*MESH_VERTEX 114	-14.6127	3.15876	105.884
			*MESH_VERTEX 115	-14.8176	6.11643	99.9209
			*MESH_VERTEX 116	-5.2798	2.41109	0.0739017
			*MESH_VERTEX 117	11.6233	-10.948	20.9186
			*MESH_VERTEX 118	5.41673	2.1572	-0.0607506
			*MESH_VERTEX 119	-25.9464	-5.39403	91.7252
			*MESH_VERTEX 120	-13.7063	-16.3452	56.1914
			*MESH_VERTEX 121	-7.84711	-16.2263	55.9128
			*MESH_VERTEX 122	-18.2889	-6.38208	92.6817
			*MESH_VERTEX 123	-19.2559	-8.0405	85.133
			*MESH_VERTEX 124	10.7402	2.89314	114.46
			*MESH_VERTEX 125	0.272953	-7.17185	85.9503
			*MESH_VERTEX 126	4.59653	-18.9289	87.1729
			*MESH_VERTEX 127	12.3857	-19.0948	88.4408
			*MESH_VERTEX 128	13.7282	0.919752	69.08
			*MESH_VERTEX 129	-11.3312	-18.4249	115.419
			*MESH_VERTEX 130	0.0828227	-22.2739	115.114
			*MESH_VERTEX 131	-21.5422	-6.35321	54.3459
			*MESH_VERTEX 132	-0.0641336	11.2666	95.0876
			*MESH_VERTEX 133	-21.1145	-6.59703	104.179
			*MESH_VERTEX 134	1.85513	-19.9982	93.8169
			*MESH_VERTEX 135	-12.5308	-24.8059	1.568
			*MESH_VERTEX 136	-12.6256	-23.6581	5.75165
			*MESH_VERTEX 137	12.7171	-25.0031	1.73395
			*MESH_VERTEX 138	12.7838	-23.8234	5.90521
			*MESH_VERTEX 139	-19.3263	-10.0896	132.908
			*MESH_VERTEX 140	-21.9366	2.14653	129.388
			*MESH_VERTEX 141	-21.8163	2.92124	119.782
			*MESH_VERTEX 142	-16.5183	-8.02237	114.795
			*MESH_VERTEX 143	-32.7969	-3.73784	90.9102
			*MESH_VERTEX 144	5.29346	3.02	86.0787
			*MESH_VERTEX 145	18.277	-7.6218	87.8453
			*MESH_VERTEX 146	19.4467	-9.46561	70.1096
			*MESH_VERTEX 147	20.6106	-8.18332	86.1528
			*MESH_VERTEX 148	16.3735	-14.3035	150.77
			*MESH_VERTEX 149	16.3577	-2.70455	157.629
			*MESH_VERTEX 150	-0.0143409	-7.29386	53.9275
			*MESH_VERTEX 151	-1.68223	-8.37827	84.0811
			*MESH_VERTEX 152	-11.5432	-21.4242	125.07
			*MESH_VERTEX 153	-11.9673	-21.5413	119.298
			*MESH_VERTEX 154	13.9799	-21.3679	87.226
			*MESH_VERTEX 155	-18.5103	10.2617	154.295
			*MESH_VERTEX 156	16.9677	10.0506	152.416
			*MESH_VERTEX 157	12.6554	-21.257	119.076
			*MESH_VERTEX 158	-29.5219	-16.9331	144.737
			*MESH_VERTEX 159	10.5552	4.46479	106.316
			*MESH_VERTEX 160	-11.5815	-12.6187	20.2489
			*MESH_VERTEX 161	-12.0759	1.14701	54.6982
			*MESH_VERTEX 162	-14.7378	-18.9009	50.8796
			*MESH_VERTEX 163	-29.5639	-5.13826	120.895
			*MESH_VERTEX 164	10.9004	7.36751	118.448
			*MESH_VERTEX 165	18.4087	-6.86689	118.837
			*MESH_VERTEX 166	11.0993	-18.6031	109.256
			*MESH_VERTEX 167	20.3683	-11.4304	0.0238528
			*MESH_VERTEX 168	-0.00308086	4.59674	108.121
			*MESH_VERTEX 169	4.34618	1.21386	68.5909
			*MESH_VERTEX 170	-20.2026	-11.2251	-0.0668994
			*MESH_VERTEX 171	-17.1552	-11.086	63.7995
			*MESH_VERTEX 172	-15.1433	-4.0807	62.9396
			*MESH_VERTEX 173	25.1799	8.1062	143.361
			*MESH_VERTEX 174	-6.782	-3.9621	62.3331
			*MESH_VERTEX 175	20.2188	2.80045	139.074
			*MESH_VERTEX 176	14.0523	3.24615	71.3144
			*MESH_VERTEX 177	-30.0044	-12.5324	132.839
			*MESH_VERTEX 178	6.81003e-005	-25.5126	131.133
			*MESH_VERTEX 179	-5.38477	-15.691	1.69415
			*MESH_VERTEX 180	5.54991	-15.9135	1.73551
			*MESH_VERTEX 181	-34.7642	2.19897	119.493
			*MESH_VERTEX 182	-25.7842	5.31752	144.551
			*MESH_VERTEX 183	14.2373	-18.3252	57.2732
			*MESH_VERTEX 184	-9.89449	7.13505	24.1409
			*MESH_VERTEX 185	-0.710444	0.609409	24.1583
			*MESH_VERTEX 186	15.6777	-7.13469	114.778
			*MESH_VERTEX 187	-6.75206	-19.7668	65.4914
			*MESH_VERTEX 188	12.3564	-21.3994	124.722
			*MESH_VERTEX 189	18.2913	-6.55582	124.167
			*MESH_VERTEX 190	-0.783497	-8.5717	71.2983
			*MESH_VERTEX 191	5.89973	-22.3214	70.1895
			*MESH_VERTEX 192	0.937485	-8.57698	69.1218
			*MESH_VERTEX 193	-0.0823997	4.57324	114.647
			*MESH_VERTEX 194	-12.2971	4.94898	85.437
			*MESH_VERTEX 195	22.642	-14.003	141.848
			*MESH_VERTEX 196	10.443	5.55131	53.9558
			*MESH_VERTEX 197	-34.8201	-4.27444	134.231
			*MESH_VERTEX 198	12.5032	2.24219	86.4006
			*MESH_VERTEX 199	17.1584	-5.94556	92.8994
			*MESH_VERTEX 200	9.60481	7.792	23.3952
			*MESH_VERTEX 201	2.65072	1.62666	23.6212
			*MESH_VERTEX 202	-30.2998	4.64925	133.226
			*MESH_VERTEX 203	-24.8252	6.7268	117.809
			*MESH_VERTEX 204	-22.6408	2.38169	112.925
			*MESH_VERTEX 205	-23.1458	2.39175	117.743
			*MESH_VERTEX 206	21.2851	-9.21631	72.7459
			*MESH_VERTEX 207	-0.000334221	8.57629	117.023
			*MESH_VERTEX 208	-30.6509	5.73296	118.675
			*MESH_VERTEX 209	-29.6251	-6.94632	115.495
			*MESH_VERTEX 210	-3.17373	-9.78162	63.9093
			*MESH_VERTEX 211	-23.3463	-3.78763	114.262
			*MESH_VERTEX 212	-35.4337	-2.13417	119.981
			*MESH_VERTEX 213	-20.6943	-2.06954	23.4536
			*MESH_VERTEX 214	-0.000977364	-22.7939	109.262
			*MESH_VERTEX 215	-1.81747	-20.0517	94.0449
			*MESH_VERTEX 216	17.6982	-3.73098	133.771
			*MESH_VERTEX 217	8.63043	-15.7063	51.3595
			*MESH_VERTEX 218	-32.2104	4.95502	112.61
			*MESH_VERTEX 219	5.57413	3.82478	83.3547
			*MESH_VERTEX 220	-3.28731	1.26672	83.2763
			*MESH_VERTEX 221	25.9579	-3.33675	145.659
			*MESH_VERTEX 222	19.0752	-0.741807	23.7496
			*MESH_VERTEX 223	-35.042	-6.18164	115.874
			*MESH_VERTEX 224	-17.0633	11.8838	140.204
			*MESH_VERTEX 225	-14.885	10.3666	124.356
			*MESH_VERTEX 226	14.4172	-22.1312	70.8442
			*MESH_VERTEX 227	12.1811	4.76825	100.794
			*MESH_VERTEX 228	6.0891	-21.7142	65.3796
			*MESH_VERTEX 229	14.0797	-21.7208	65.945
			*MESH_VERTEX 230	-34.7374	2.60436	122.146
			*MESH_VERTEX 231	1.00016	-4.0265	53.699
			*MESH_VERTEX 232	13.731	-17.3766	51.723
			*MESH_VERTEX 233	23.908	-7.73716	144.06
			*MESH_VERTEX 234	-6.52033	-20.1711	85.3221
			*MESH_VERTEX 235	-0.650186	-8.51959	84.2049
			*MESH_VERTEX 236	11.5343	10.2028	124.067
			*MESH_VERTEX 237	0.000746304	13.418	139.711
			*MESH_VERTEX 238	-14.7398	-20.2226	86.2697
			*MESH_VERTEX 239	-9.65085	8.40102	15.357
			*MESH_VERTEX 240	-23.2054	-1.74076	119.983
			*MESH_VERTEX 241	9.921	8.36885	14.9771
			*MESH_VERTEX 242	12.0584	-18.39	101.201
			*MESH_VERTEX 243	-18.9565	-7.47682	118.806
			*MESH_VERTEX 244	6.99775	-18.1424	57.1366
			*MESH_VERTEX 245	-0.0566095	10.1447	101.176
			*MESH_VERTEX 246	-13.0937	-22.0595	131.465
			*MESH_VERTEX 247	-29.6227	-5.15958	119.362
			*MESH_VERTEX 248	-20.8145	-13.3265	140.862
			*MESH_VERTEX 249	-34.5662	-4.82894	121.577
			*MESH_VERTEX 250	-25.2368	5.88292	112.026
			*MESH_VERTEX 251	-29.825	6.64461	121.749
			*MESH_VERTEX 252	-35.8343	-2.55964	121.985
			*MESH_VERTEX 253	24.1273	3.1961	143.848
			*MESH_VERTEX 254	0.000385187	-25.2702	124.899
			*MESH_VERTEX 255	19.9576	-3.98761	54.3577
			*MESH_VERTEX 256	13.2731	-21.6322	130.956
			*MESH_VERTEX 257	-0.000272272	9.57094	124.342
			*MESH_VERTEX 258	20.2873	-7.41692	136.967
			*MESH_VERTEX 259	-0.000488373	-22.1862	143.032
			*MESH_VERTEX 260	22.6275	-9.49883	141.269
		}
		*MESH_FACE_LIST {
			*MESH_FACE    0:    A:    174 B:    172 C:    109 AB:    1 BC:    1 CA:    1	 *MESH_SMOOTHING 1 	*MESH_MTLID 0
			*MESH_FACE    1:    A:    160 B:    44 C:    162 AB:    1 BC:    1 CA:    1	 *MESH_SMOOTHING 1 	*MESH_MTLID 0
			*MESH_FACE    2:    A:    210 B:    220 C:    235 AB:    1 BC:    1 CA:    1	 *MESH_SMOOTHING 1 	*MESH_MTLID 0
			*MESH_FACE    3:    A:    231 B:    196 C:    201 AB:    1 BC:    1 CA:    1	 *MESH_SMOOTHING 1 	*MESH_MTLID 0
			*MESH_FACE    4:    A:    53 B:    166 C:    242 AB:    1 BC:    1 CA:    1	 *MESH_SMOOTHING 1 	*MESH_MTLID 0
			*MESH_FACE    5:    A:    147 B:    1 C:    206 AB:    1 BC:    1 CA:    1	 *MESH_SMOOTHING 1 	*MESH_MTLID 0
			*MESH_FACE    6:    A:    185 B:    44 C:    160 AB:    1 BC:    1 CA:    1	 *MESH_SMOOTHING 1 	*MESH_MTLID 0
			*MESH_FACE    7:    A:    161 B:    213 C:    131 AB:    1 BC:    1 CA:    1	 *MESH_SMOOTHING 1 	*MESH_MTLID 0
			*MESH_FACE    8:    A:    217 B:    201 C:    117 AB:    1 BC:    1 CA:    1	 *MESH_SMOOTHING 1 	*MESH_MTLID 0
			*MESH_FACE    9:    A:    232 B:    117 C:    222 AB:    1 BC:    1 CA:    1	 *MESH_SMOOTHING 1 	*MESH_MTLID 0
			*MESH_FACE    10:    A:    166 B:    7 C:    242 AB:    1 BC:    1 CA:    1	 *MESH_SMOOTHING 1 	*MESH_MTLID 0
			*MESH_FACE    11:    A:    201 B:    217 C:    231 AB:    1 BC:    1 CA:    1	 *MESH_SMOOTHING 1 	*MESH_MTLID 0
			*MESH_FACE    12:    A:    225 B:    237 C:    257 AB:    1 BC:    1 CA:    1	 *MESH_SMOOTHING 1 	*MESH_MTLID 0
			*MESH_FACE    13:    A:    35 B:    259 C:    178 AB:    1 BC:    1 CA:    1	 *MESH_SMOOTHING 1 	*MESH_MTLID 0
			*MESH_FACE    14:    A:    197 B:    182 C:    202 AB:    1 BC:    1 CA:    1	 *MESH_SMOOTHING 1 	*MESH_MTLID 0
			*MESH_FACE    15:    A:    252 B:    249 C:    197 AB:    1 BC:    1 CA:    1	 *MESH_SMOOTHING 1 	*MESH_MTLID 0
			*MESH_FACE    16:    A:    75 B:    76 C:    155 AB:    1 BC:    1 CA:    1	 *MESH_SMOOTHING 1 	*MESH_MTLID 0
			*MESH_FACE    17:    A:    162 B:    131 C:    213 AB:    1 BC:    1 CA:    1	 *MESH_SMOOTHING 1 	*MESH_MTLID 0
			*MESH_FACE    18:    A:    204 B:    211 C:    9 AB:    1 BC:    1 CA:    1	 *MESH_SMOOTHING 1 	*MESH_MTLID 0
			*MESH_FACE    19:    A:    60 B:    225 C:    207 AB:    1 BC:    1 CA:    1	 *MESH_SMOOTHING 1 	*MESH_MTLID 0
			*MESH_FACE    20:    A:    61 B:    60 C:    79 AB:    1 BC:    1 CA:    1	 *MESH_SMOOTHING 1 	*MESH_MTLID 0
			*MESH_FACE    21:    A:    60 B:    104 C:    79 AB:    1 BC:    1 CA:    1	 *MESH_SMOOTHING 1 	*MESH_MTLID 0
			*MESH_FACE    22:    A:    13 B:    142 C:    50 AB:    1 BC:    1 CA:    1	 *MESH_SMOOTHING 1 	*MESH_MTLID 0
			*MESH_FACE    23:    A:    152 B:    153 C:    67 AB:    1 BC:    1 CA:    1	 *MESH_SMOOTHING 1 	*MESH_MTLID 0
			*MESH_FACE    24:    A:    95 B:    12 C:    14 AB:    1 BC:    1 CA:    1	 *MESH_SMOOTHING 1 	*MESH_MTLID 0
			*MESH_FACE    25:    A:    12 B:    63 C:    14 AB:    1 BC:    1 CA:    1	 *MESH_SMOOTHING 1 	*MESH_MTLID 0
			*MESH_FACE    26:    A:    15 B:    218 C:    250 AB:    1 BC:    1 CA:    1	 *MESH_SMOOTHING 1 	*MESH_MTLID 0
			*MESH_FACE    27:    A:    119 B:    204 C:    9 AB:    1 BC:    1 CA:    1	 *MESH_SMOOTHING 1 	*MESH_MTLID 0
			*MESH_FACE    28:    A:    248 B:    139 C:    8 AB:    1 BC:    1 CA:    1	 *MESH_SMOOTHING 1 	*MESH_MTLID 0
			*MESH_FACE    29:    A:    140 B:    139 C:    141 AB:    1 BC:    1 CA:    1	 *MESH_SMOOTHING 1 	*MESH_MTLID 0
			*MESH_FACE    30:    A:    39 B:    112 C:    75 AB:    1 BC:    1 CA:    1	 *MESH_SMOOTHING 1 	*MESH_MTLID 0
			*MESH_FACE    31:    A:    58 B:    177 C:    113 AB:    1 BC:    1 CA:    1	 *MESH_SMOOTHING 1 	*MESH_MTLID 0
			*MESH_FACE    32:    A:    11 B:    61 C:    79 AB:    1 BC:    1 CA:    1	 *MESH_SMOOTHING 1 	*MESH_MTLID 0
			*MESH_FACE    33:    A:    58 B:    23 C:    182 AB:    1 BC:    1 CA:    1	 *MESH_SMOOTHING 1 	*MESH_MTLID 0
			*MESH_FACE    34:    A:    98 B:    103 C:    176 AB:    1 BC:    1 CA:    1	 *MESH_SMOOTHING 1 	*MESH_MTLID 0
			*MESH_FACE    35:    A:    21 B:    72 C:    194 AB:    1 BC:    1 CA:    1	 *MESH_SMOOTHING 1 	*MESH_MTLID 0
			*MESH_FACE    36:    A:    155 B:    76 C:    156 AB:    1 BC:    1 CA:    1	 *MESH_SMOOTHING 1 	*MESH_MTLID 0
			*MESH_FACE    37:    A:    34 B:    189 C:    216 AB:    1 BC:    1 CA:    1	 *MESH_SMOOTHING 1 	*MESH_MTLID 0
			*MESH_FACE    38:    A:    21 B:    19 C:    4 AB:    1 BC:    1 CA:    1	 *MESH_SMOOTHING 1 	*MESH_MTLID 0
			*MESH_FACE    39:    A:    164 B:    108 C:    189 AB:    1 BC:    1 CA:    1	 *MESH_SMOOTHING 1 	*MESH_MTLID 0
			*MESH_FACE    40:    A:    63 B:    12 C:    22 AB:    1 BC:    1 CA:    1	 *MESH_SMOOTHING 1 	*MESH_MTLID 0
			*MESH_FACE    41:    A:    72 B:    123 C:    122 AB:    1 BC:    1 CA:    1	 *MESH_SMOOTHING 1 	*MESH_MTLID 0
			*MESH_FACE    42:    A:    18 B:    182 C:    23 AB:    1 BC:    1 CA:    1	 *MESH_SMOOTHING 1 	*MESH_MTLID 0
			*MESH_FACE    43:    A:    224 B:    155 C:    237 AB:    1 BC:    1 CA:    1	 *MESH_SMOOTHING 1 	*MESH_MTLID 0
			*MESH_FACE    44:    A:    25 B:    26 C:    88 AB:    1 BC:    1 CA:    1	 *MESH_SMOOTHING 1 	*MESH_MTLID 0
			*MESH_FACE    45:    A:    25 B:    24 C:    89 AB:    1 BC:    1 CA:    1	 *MESH_SMOOTHING 1 	*MESH_MTLID 0
			*MESH_FACE    46:    A:    28 B:    83 C:    29 AB:    1 BC:    1 CA:    1	 *MESH_SMOOTHING 1 	*MESH_MTLID 0
			*MESH_FACE    47:    A:    28 B:    82 C:    27 AB:    1 BC:    1 CA:    1	 *MESH_SMOOTHING 1 	*MESH_MTLID 0
			*MESH_FACE    48:    A:    31 B:    85 C:    32 AB:    1 BC:    1 CA:    1	 *MESH_SMOOTHING 1 	*MESH_MTLID 0
			*MESH_FACE    49:    A:    31 B:    84 C:    30 AB:    1 BC:    1 CA:    1	 *MESH_SMOOTHING 1 	*MESH_MTLID 0
			*MESH_FACE    50:    A:    87 B:    170 C:    33 AB:    1 BC:    1 CA:    1	 *MESH_SMOOTHING 1 	*MESH_MTLID 0
			*MESH_FACE    51:    A:    213 B:    160 C:    162 AB:    1 BC:    1 CA:    1	 *MESH_SMOOTHING 1 	*MESH_MTLID 0
			*MESH_FACE    52:    A:    256 B:    35 C:    178 AB:    1 BC:    1 CA:    1	 *MESH_SMOOTHING 1 	*MESH_MTLID 0
			*MESH_FACE    53:    A:    195 B:    35 C:    256 AB:    1 BC:    1 CA:    1	 *MESH_SMOOTHING 1 	*MESH_MTLID 0
			*MESH_FACE    54:    A:    37 B:    148 C:    35 AB:    1 BC:    1 CA:    1	 *MESH_SMOOTHING 1 	*MESH_MTLID 0
			*MESH_FACE    55:    A:    148 B:    90 C:    35 AB:    1 BC:    1 CA:    1	 *MESH_SMOOTHING 1 	*MESH_MTLID 0
			*MESH_FACE    56:    A:    143 B:    9 C:    36 AB:    1 BC:    1 CA:    1	 *MESH_SMOOTHING 1 	*MESH_MTLID 0
			*MESH_FACE    57:    A:    105 B:    9 C:    209 AB:    1 BC:    1 CA:    1	 *MESH_SMOOTHING 1 	*MESH_MTLID 0
			*MESH_FACE    58:    A:    80 B:    148 C:    37 AB:    1 BC:    1 CA:    1	 *MESH_SMOOTHING 1 	*MESH_MTLID 0
			*MESH_FACE    59:    A:    260 B:    258 C:    175 AB:    1 BC:    1 CA:    1	 *MESH_SMOOTHING 1 	*MESH_MTLID 0
			*MESH_FACE    60:    A:    155 B:    156 C:    237 AB:    1 BC:    1 CA:    1	 *MESH_SMOOTHING 1 	*MESH_MTLID 0
			*MESH_FACE    61:    A:    233 B:    175 C:    253 AB:    1 BC:    1 CA:    1	 *MESH_SMOOTHING 1 	*MESH_MTLID 0
			*MESH_FACE    62:    A:    39 B:    75 C:    158 AB:    1 BC:    1 CA:    1	 *MESH_SMOOTHING 1 	*MESH_MTLID 0
			*MESH_FACE    63:    A:    90 B:    259 C:    35 AB:    1 BC:    1 CA:    1	 *MESH_SMOOTHING 1 	*MESH_MTLID 0
			*MESH_FACE    64:    A:    86 B:    40 C:    167 AB:    1 BC:    1 CA:    1	 *MESH_SMOOTHING 1 	*MESH_MTLID 0
			*MESH_FACE    65:    A:    200 B:    196 C:    222 AB:    1 BC:    1 CA:    1	 *MESH_SMOOTHING 1 	*MESH_MTLID 0
			*MESH_FACE    66:    A:    102 B:    167 C:    40 AB:    1 BC:    1 CA:    1	 *MESH_SMOOTHING 1 	*MESH_MTLID 0
			*MESH_FACE    67:    A:    68 B:    42 C:    180 AB:    1 BC:    1 CA:    1	 *MESH_SMOOTHING 1 	*MESH_MTLID 0
			*MESH_FACE    68:    A:    42 B:    118 C:    180 AB:    1 BC:    1 CA:    1	 *MESH_SMOOTHING 1 	*MESH_MTLID 0
			*MESH_FACE    69:    A:    200 B:    201 C:    196 AB:    1 BC:    1 CA:    1	 *MESH_SMOOTHING 1 	*MESH_MTLID 0
			*MESH_FACE    70:    A:    86 B:    167 C:    43 AB:    1 BC:    1 CA:    1	 *MESH_SMOOTHING 1 	*MESH_MTLID 0
			*MESH_FACE    71:    A:    102 B:    138 C:    6 AB:    1 BC:    1 CA:    1	 *MESH_SMOOTHING 1 	*MESH_MTLID 0
			*MESH_FACE    72:    A:    238 B:    187 C:    234 AB:    1 BC:    1 CA:    1	 *MESH_SMOOTHING 1 	*MESH_MTLID 0
			*MESH_FACE    73:    A:    210 B:    235 C:    187 AB:    1 BC:    1 CA:    1	 *MESH_SMOOTHING 1 	*MESH_MTLID 0
			*MESH_FACE    74:    A:    184 B:    213 C:    161 AB:    1 BC:    1 CA:    1	 *MESH_SMOOTHING 1 	*MESH_MTLID 0
			*MESH_FACE    75:    A:    44 B:    185 C:    150 AB:    1 BC:    1 CA:    1	 *MESH_SMOOTHING 1 	*MESH_MTLID 0
			*MESH_FACE    76:    A:    101 B:    46 C:    33 AB:    1 BC:    1 CA:    1	 *MESH_SMOOTHING 1 	*MESH_MTLID 0
			*MESH_FACE    77:    A:    74 B:    179 C:    47 AB:    1 BC:    1 CA:    1	 *MESH_SMOOTHING 1 	*MESH_MTLID 0
			*MESH_FACE    78:    A:    47 B:    179 C:    116 AB:    1 BC:    1 CA:    1	 *MESH_SMOOTHING 1 	*MESH_MTLID 0
			*MESH_FACE    79:    A:    185 B:    184 C:    161 AB:    1 BC:    1 CA:    1	 *MESH_SMOOTHING 1 	*MESH_MTLID 0
			*MESH_FACE    80:    A:    87 B:    48 C:    170 AB:    1 BC:    1 CA:    1	 *MESH_SMOOTHING 1 	*MESH_MTLID 0
			*MESH_FACE    81:    A:    74 B:    101 C:    136 AB:    1 BC:    1 CA:    1	 *MESH_SMOOTHING 1 	*MESH_MTLID 0
			*MESH_FACE    82:    A:    49 B:    22 C:    12 AB:    1 BC:    1 CA:    1	 *MESH_SMOOTHING 1 	*MESH_MTLID 0
			*MESH_FACE    83:    A:    132 B:    194 C:    115 AB:    1 BC:    1 CA:    1	 *MESH_SMOOTHING 1 	*MESH_MTLID 0
