*3DSMAX_ASCIIEXPORT	110
*COMMENT "[ GothicSourcer v3.14 ] - June 2007"
*SCENE {
	*SCENE_FILENAME "HUM_STTS_ARMOR.MAX"
	*SCENE_FIRSTFRAME 0
	*SCENE_LASTFRAME 100
	*SCENE_FRAMESPEED 25
	*SCENE_TICKSPERFRAME 192
	*SCENE_BACKGROUND_STATIC 0	0	0
	*SCENE_AMBIENT_STATIC 0.2	0.2	0.2
}
*MATERIAL_LIST {
	*MATERIAL_COUNT 1
	*MATERIAL 0 {
		*MATERIAL_NAME "Compound Material #1"
		*MATERIAL_CLASS "Multi/Sub-Object"
		*NUMSUBMTLS 2
		*SUBMATERIAL 0 {
			*MATERIAL_NAME "MATERIAL #323"
			*MATERIAL_CLASS "Standard"
			*MATERIAL_AMBIENT 0.145098	0.109804	0.105882
			*MATERIAL_DIFFUSE 0.145098	0.109804	0.105882
			*MATERIAL_SPECULAR 0.9	0.9	0.9
			*MATERIAL_SHINE 0.1
			*MATERIAL_SHINESTRENGTH 0
			*MATERIAL_TRANSPARENCY 0
			*MATERIAL_WIRESIZE 1
			*MATERIAL_SHADING Blinn
			*MATERIAL_XP_FALLOFF 0
			*MATERIAL_SELFILLUM 0
			*MATERIAL_FALLOFF In
			*MATERIAL_XP_TYPE Filter
			*MAP_DIFFUSE {
				*MAP_NAME "Map #1-1"
				*MAP_CLASS "Bitmap"
				*MAP_SUBNO 1
				*MAP_AMOUNT 1
				*BITMAP "HUM_STTS_ARMOR_V0.TGA"
				*MAP_TYPE Screen
				*UVW_U_OFFSET 0
				*UVW_V_OFFSET 0
				*UVW_U_TILING 1
				*UVW_V_TILING 1
				*UVW_ANGLE 0
				*UVW_BLUR 1
				*UVW_BLUR_OFFSET 0
				*UVW_NOUSE_AMT 1
				*UVW_NOISE_SIZE 1
				*UVW_NOISE_LEVEL 1
				*UVW_NOISE_PHASE 0
				*BITMAP_FILTER Pyramidal
			}
		}
		*SUBMATERIAL 1 {
			*MATERIAL_NAME "NACKED_MUSCEL0"
			*MATERIAL_CLASS "Standard"
			*MATERIAL_AMBIENT 0.509804	0.407843	0.305882
			*MATERIAL_DIFFUSE 0.509804	0.407843	0.305882
			*MATERIAL_SPECULAR 0.9	0.9	0.9
			*MATERIAL_SHINE 0.1
			*MATERIAL_SHINESTRENGTH 0
			*MATERIAL_TRANSPARENCY 0
			*MATERIAL_WIRESIZE 1
			*MATERIAL_SHADING Blinn
			*MATERIAL_XP_FALLOFF 0
			*MATERIAL_SELFILLUM 0
			*MATERIAL_FALLOFF In
			*MATERIAL_XP_TYPE Filter
			*MAP_DIFFUSE {
				*MAP_NAME "Map #1-2"
				*MAP_CLASS "Bitmap"
				*MAP_SUBNO 1
				*MAP_AMOUNT 1
				*BITMAP "HUM_BODY_NAKED_V0_C0.TGA"
				*MAP_TYPE Screen
				*UVW_U_OFFSET 0
				*UVW_V_OFFSET 0
				*UVW_U_TILING 1
				*UVW_V_TILING 1
				*UVW_ANGLE 0
				*UVW_BLUR 1
				*UVW_BLUR_OFFSET 0
				*UVW_NOUSE_AMT 1
				*UVW_NOISE_SIZE 1
				*UVW_NOISE_LEVEL 1
				*UVW_NOISE_PHASE 0
				*BITMAP_FILTER Pyramidal
			}
		}
	}
}
*HELPEROBJECT {
	*NODE_NAME "Bip01"
	*NODE_TM {
		*NODE_NAME "Bip01"
		*TM_ROW0 6.27438e-006	-1	0
		*TM_ROW1 1	6.27438e-006	0
		*TM_ROW2 -0	-0	1
		*TM_ROW3 0	-7.37745	99.9496
		*TM_POS 0	-7.37745	99.9496
		*TM_ROTAXIS 0	0	1
		*TM_ROTANGLE 1.57079
		*TM_SCALE 1	1	1
		*TM_SCALEAXIS 0	0	0
		*TM_SCALEAXISANG 0	0	0
	}
}
*HELPEROBJECT {
	*NODE_NAME "Bip01 Pelvis"
	*NODE_PARENT "Bip01"
	*NODE_TM {
		*NODE_NAME "Bip01 Pelvis"
		*TM_ROW0 -5.96046e-008	1.79264e-006	1
		*TM_ROW1 -1.79264e-006	-1	1.79264e-006
		*TM_ROW2 1	-1.79264e-006	-5.96046e-008
		*TM_ROW3 1e-005	-8.0113	99.9496
		*TM_POS 1e-005	-8.0113	99.9496
		*TM_ROTAXIS 0.707107	0	0.707107
		*TM_ROTANGLE 3.1416
		*TM_SCALE 1	1	1
		*TM_SCALEAXIS 0	0	0
		*TM_SCALEAXISANG 0	0	0
	}
}
*HELPEROBJECT {
	*NODE_NAME "Bip01 Spine"
	*NODE_PARENT "Bip01 Pelvis"
	*NODE_TM {
		*NODE_NAME "Bip01 Spine"
		*TM_ROW0 5.96047e-008	-0.0205947	0.999788
		*TM_ROW1 5.48642e-006	-0.999788	-0.0205947
		*TM_ROW2 1	5.48642e-006	5.96047e-008
		*TM_ROW3 1e-005	-7.92216	102.35
		*TM_POS 1e-005	-7.92216	102.35
		*TM_ROTAXIS 0.707088	-0.00727998	0.707088
		*TM_ROTANGLE 3.12703
		*TM_SCALE 1	1	1
		*TM_SCALEAXIS 0	0	0
		*TM_SCALEAXISANG 0	0	0
	}
}
*HELPEROBJECT {
	*NODE_NAME "Bip01 Spine1"
	*NODE_PARENT "Bip01 Spine"
	*NODE_TM {
		*NODE_NAME "Bip01 Spine1"
		*TM_ROW0 5.96047e-008	-0.00276992	0.999996
		*TM_ROW1 -1.92621e-006	-0.999996	-0.00276991
		*TM_ROW2 1	-1.92621e-006	5.96047e-008
		*TM_ROW3 1e-005	-8.11442	112.175
		*TM_POS 1e-005	-8.11442	112.175
		*TM_ROTAXIS 0.707106	-0.000979995	0.707107
		*TM_ROTANGLE 3.13964
		*TM_SCALE 1	1	1
		*TM_SCALEAXIS 0	0	0
		*TM_SCALEAXISANG 0	0	0
	}
}
*HELPEROBJECT {
	*NODE_NAME "Bip01 Spine2"
	*NODE_PARENT "Bip01 Spine1"
	*NODE_TM {
		*NODE_NAME "Bip01 Spine2"
		*TM_ROW0 5.96048e-008	0.180243	0.983622
		*TM_ROW1 1.67638e-006	-0.983622	0.180243
		*TM_ROW2 1	1.67638e-006	5.96047e-008
		*TM_ROW3 1e-005	-8.1264	124.961
		*TM_POS 1e-005	-8.1264	124.961
		*TM_ROTAXIS 0.705652	0.0641202	0.705652
		*TM_ROTANGLE 3.26966
		*TM_SCALE 1	1	1
		*TM_SCALEAXIS 0	0	0
		*TM_SCALEAXISANG 0	0	0
	}
}
*HELPEROBJECT {
	*NODE_NAME "Bip01 Neck"
	*NODE_PARENT "Bip01 Spine2"
	*NODE_TM {
		*NODE_NAME "Bip01 Neck"
		*TM_ROW0 5.96046e-007	-0.167043	0.98595
		*TM_ROW1 4.70132e-006	-0.98595	-0.167043
		*TM_ROW2 1	4.70132e-006	5.96047e-007
		*TM_ROW3 1.03264e-011	-2.71656	154.454
		*TM_POS 1.03264e-011	-2.71656	154.454
		*TM_ROTAXIS -0.70586	0.05937	-0.705859
		*TM_ROTANGLE 3.2602
		*TM_SCALE 1	1	1
		*TM_SCALEAXIS 0	0	0
		*TM_SCALEAXISANG 0	0	0
	}
}
*HELPEROBJECT {
	*NODE_NAME "Bip01 Head"
	*NODE_PARENT "Bip01 Neck"
	*NODE_TM {
		*NODE_NAME "Bip01 Head"
		*TM_ROW0 -5.96047e-008	1.76447e-006	1
		*TM_ROW1 -1.79264e-006	-1	1.80855e-006
		*TM_ROW2 1	-1.79264e-006	-5.96046e-008
		*TM_ROW3 2.27758e-011	-3.85901	161.198
		*TM_POS 2.27758e-011	-3.85901	161.198
		*TM_ROTAXIS -0.707107	-5.62215e-009	-0.707107
		*TM_ROTANGLE 3.14159
		*TM_SCALE 1	1	1
		*TM_SCALEAXIS 0	0	0
		*TM_SCALEAXISANG 0	0	0
	}
}
*HELPEROBJECT {
	*NODE_NAME "ZS_HELMET"
	*NODE_PARENT "Bip01 Head"
	*NODE_TM {
		*NODE_NAME "ZS_HELMET"
		*TM_ROW0 1	7.87298e-013	7.61567e-014
		*TM_ROW1 -1.53811e-013	0.996917	-0.0784593
		*TM_ROW2 -5.53111e-014	0.0784593	0.996918
		*TM_ROW3 1e-005	-7.06248	173.704
		*TM_POS 1e-005	-7.06248	173.704
		*TM_ROTAXIS 1	8.37809e-013	-5.99744e-012
		*TM_ROTANGLE 0.078541
		*TM_SCALE 1	1	1
		*TM_SCALEAXIS 0	0	0
		*TM_SCALEAXISANG 0	0	0
	}
}
*HELPEROBJECT {
	*NODE_NAME "Bip01 L Clavicle"
	*NODE_PARENT "Bip01 Neck"
	*NODE_TM {
		*NODE_NAME "Bip01 L Clavicle"
		*TM_ROW0 0.935229	-0.203893	-0.289439
		*TM_ROW1 0.156435	0.971369	-0.178803
		*TM_ROW2 0.317608	0.121943	0.940348
		*TM_ROW3 7.96399	-1.25804	148.729
		*TM_POS 7.96399	-1.25804	148.729
		*TM_ROTAXIS 0.391939	-0.791119	0.469589
		*TM_ROTANGLE 0.39376
		*TM_SCALE 1	1	1
		*TM_SCALEAXIS 0	0	0
		*TM_SCALEAXISANG 0	0	0
	}
}
*HELPEROBJECT {
	*NODE_NAME "Bip01 L UpperArm"
	*NODE_PARENT "Bip01 L Clavicle"
	*NODE_TM {
		*NODE_NAME "Bip01 L UpperArm"
		*TM_ROW0 0.246229	0.0989027	-0.964152
		*TM_ROW1 0.412789	0.889345	0.196649
		*TM_ROW2 0.876913	-0.446412	0.178157
		*TM_ROW3 20.4269	-3.97508	144.872
		*TM_POS 20.4269	-3.97508	144.872
		*TM_ROTAXIS -0.325561	-0.932072	0.15891
		*TM_ROTANGLE 1.41328
		*TM_SCALE 1	1	1
		*TM_SCALEAXIS 0	0	0
		*TM_SCALEAXISANG 0	0	0
	}
}
*HELPEROBJECT {
	*NODE_NAME "Bip01 L Forearm"
	*NODE_PARENT "Bip01 L UpperArm"
	*NODE_TM {
		*NODE_NAME "Bip01 L Forearm"
		*TM_ROW0 0.0455122	-0.291882	-0.955371
		*TM_ROW1 0.478489	0.845886	-0.235638
		*TM_ROW2 0.876913	-0.44641	0.17816
		*TM_ROW3 27.2982	-1.21526	117.966
		*TM_POS 27.2982	-1.21526	117.966
		*TM_ROTAXIS -0.10545	-0.916697	0.385419
		*TM_ROTANGLE 1.53601
		*TM_SCALE 1	1	1
		*TM_SCALEAXIS 0	0	0
		*TM_SCALEAXISANG 0	0	0
	}
}
*HELPEROBJECT {
	*NODE_NAME "Bip01 L Hand"
	*NODE_PARENT "Bip01 L Forearm"
	*NODE_TM {
		*NODE_NAME "Bip01 L Hand"
		*TM_ROW0 0.0455132	-0.291886	-0.95537
		*TM_ROW1 -0.876533	0.44708	-0.17835
		*TM_ROW2 0.479185	0.845531	-0.2355
		*TM_ROW3 28.5642	-9.33438	91.391
		*TM_POS 28.5642	-9.33438	91.391
		*TM_ROTAXIS 0.551391	-0.772552	-0.314851
		*TM_ROTANGLE 1.95137
		*TM_SCALE 1	1	1
		*TM_SCALEAXIS 0	0	0
		*TM_SCALEAXISANG 0	0	0
	}
}
*HELPEROBJECT {
	*NODE_NAME "Bip01 L Finger0"
	*NODE_PARENT "Bip01 L Hand"
	*NODE_TM {
		*NODE_NAME "Bip01 L Finger0"
		*TM_ROW0 0.0455153	-0.291888	-0.955369
		*TM_ROW1 -0.876915	0.446405	-0.178165
		*TM_ROW2 0.478485	0.845886	-0.235643
		*TM_ROW3 29.15	-13.0909	79.0956
		*TM_POS 29.15	-13.0909	79.0956
		*TM_ROTAXIS 0.551581	-0.772311	-0.31511
		*TM_ROTANGLE 1.95181
		*TM_SCALE 1	1	1
		*TM_SCALEAXIS 0	0	0
		*TM_SCALEAXISANG 0	0	0
	}
}
*HELPEROBJECT {
	*NODE_NAME "ZS_LEFTHAND"
	*NODE_PARENT "Bip01 L Hand"
	*NODE_TM {
		*NODE_NAME "ZS_LEFTHAND"
		*TM_ROW0 0.435606	0.890062	-0.134303
		*TM_ROW1 0.180312	-0.232461	-0.955745
		*TM_ROW2 -0.881893	0.392112	-0.261751
		*TM_ROW3 26.7605	-11.5467	82.7857
		*TM_POS 26.7605	-11.5467	82.7857
		*TM_ROTAXIS 0.794322	0.440571	-0.418271
		*TM_ROTANGLE 2.12858
		*TM_SCALE 1	1	1
		*TM_SCALEAXIS 0	0	0
		*TM_SCALEAXISANG 0	0	0
	}
}
*HELPEROBJECT {
	*NODE_NAME "ZS_LEFTARM"
	*NODE_PARENT "Bip01 L Forearm"
	*NODE_TM {
		*NODE_NAME "ZS_LEFTARM"
		*TM_ROW0 0.0759923	-0.150176	-0.985735
		*TM_ROW1 0.524499	0.846792	-0.0885737
		*TM_ROW2 0.848013	-0.510286	0.143117
		*TM_ROW3 26.9101	-7.67833	110.055
		*TM_POS 26.9101	-7.67833	110.055
		*TM_ROTAXIS -0.21097	-0.917372	0.337521
		*TM_ROTANGLE 1.53784
		*TM_SCALE 1	1	1
		*TM_SCALEAXIS 0	0	0
		*TM_SCALEAXISANG 0	0	0
	}
}
*HELPEROBJECT {
	*NODE_NAME "Bip01 R Clavicle"
	*NODE_PARENT "Bip01 Neck"
	*NODE_TM {
		*NODE_NAME "Bip01 R Clavicle"
		*TM_ROW0 -0.935227	-0.203899	-0.28944
		*TM_ROW1 -0.156442	0.971369	-0.178799
		*TM_ROW2 0.317609	-0.121937	-0.940349
		*TM_ROW3 -7.96398	-1.25806	148.729
		*TM_POS -7.96398	-1.25806	148.729
		*TM_ROTAXIS -0.0929799	0.992639	-0.0776
		*TM_ROTANGLE 3.45235
		*TM_SCALE 1	1	1
		*TM_SCALEAXIS 0	0	0
		*TM_SCALEAXISANG 0	0	0
	}
}
*HELPEROBJECT {
	*NODE_NAME "Bip01 R UpperArm"
	*NODE_PARENT "Bip01 R Clavicle"
	*NODE_TM {
		*NODE_NAME "Bip01 R UpperArm"
		*TM_ROW0 -0.246232	0.0988932	-0.964153
		*TM_ROW1 -0.412793	0.889345	0.196642
		*TM_ROW2 0.876911	0.446415	-0.178163
		*TM_ROW3 -20.4269	-3.97513	144.872
		*TM_POS -20.4269	-3.97513	144.872
		*TM_ROTAXIS 0.12961	-0.955353	-0.265521
		*TM_ROTANGLE 1.84162
		*TM_SCALE 1	1	1
		*TM_SCALEAXIS 0	0	0
		*TM_SCALEAXISANG 0	0	0
	}
}
*HELPEROBJECT {
	*NODE_NAME "Bip01 R Forearm"
	*NODE_PARENT "Bip01 R UpperArm"
	*NODE_TM {
		*NODE_NAME "Bip01 R Forearm"
		*TM_ROW0 -0.0455087	-0.291889	-0.955369
		*TM_ROW1 -0.478487	0.845885	-0.235646
		*TM_ROW2 0.876914	0.446408	-0.17816
		*TM_ROW3 -27.2982	-1.21534	117.966
		*TM_POS -27.2982	-1.21534	117.966
		*TM_ROTAXIS 0.347279	-0.932937	-0.0950097
		*TM_ROTANGLE 1.76083
		*TM_SCALE 1	1	1
		*TM_SCALEAXIS 0	0	0
		*TM_SCALEAXISANG 0	0	0
	}
}
*HELPEROBJECT {
	*NODE_NAME "Bip01 R Hand"
	*NODE_PARENT "Bip01 R Forearm"
	*NODE_TM {
		*NODE_NAME "Bip01 R Hand"
		*TM_ROW0 -0.0455115	-0.291885	-0.95537
		*TM_ROW1 0.87653	0.447088	-0.17835
		*TM_ROW2 0.479192	-0.845527	0.235499
		*TM_ROW3 -28.5642	-9.33445	91.391
		*TM_POS -28.5642	-9.33445	91.391
		*TM_ROTAXIS -0.33922	-0.72939	0.59407
		*TM_ROTANGLE 1.75327
		*TM_SCALE 1	1	1
		*TM_SCALEAXIS 0	0	0
		*TM_SCALEAXISANG 0	0	0
	}
}
*HELPEROBJECT {
	*NODE_NAME "Bip01 R Finger0"
	*NODE_PARENT "Bip01 R Hand"
	*NODE_TM {
		*NODE_NAME "Bip01 R Finger0"
		*TM_ROW0 -0.0455056	-0.291877	-0.955373
		*TM_ROW1 0.876914	0.446413	-0.178152
		*TM_ROW2 0.478489	-0.845886	0.235636
		*TM_ROW3 -29.1499	-13.0909	79.0956
		*TM_POS -29.1499	-13.0909	79.0956
		*TM_ROTAXIS -0.33952	-0.729071	0.594291
		*TM_ROTANGLE 1.75354
		*TM_SCALE 1	1	1
		*TM_SCALEAXIS 0	0	0
		*TM_SCALEAXISANG 0	0	0
	}
}
*HELPEROBJECT {
	*NODE_NAME "ZS_RIGHTHAND"
	*NODE_PARENT "Bip01 R Hand"
	*NODE_TM {
		*NODE_NAME "ZS_RIGHTHAND"
		*TM_ROW0 -0.464344	0.856417	-0.225687
		*TM_ROW1 0.177861	0.339806	0.923525
		*TM_ROW2 0.867612	0.388692	-0.31011
		*TM_ROW3 -20.9389	-19.9852	85.8932
		*TM_POS -20.9389	-19.9852	85.8932
		*TM_ROTAXIS 0.383811	0.784581	0.486951
		*TM_ROTANGLE 3.91244
		*TM_SCALE 1	1	1
		*TM_SCALEAXIS 0	0	0
		*TM_SCALEAXISANG 0	0	0
	}
}
*HELPEROBJECT {
	*NODE_NAME "ZS_CROSSBOW"
	*NODE_PARENT "Bip01 Spine2"
	*NODE_TM {
		*NODE_NAME "ZS_CROSSBOW"
		*TM_ROW0 -0.382687	-0.111464	0.91713
		*TM_ROW1 -0.923878	0.0461715	-0.379891
		*TM_ROW2 -1.2517e-006	-0.992695	-0.120648
		*TM_ROW3 -14.434	10.5915	165.98
		*TM_POS -14.434	10.5915	165.98
		*TM_ROTAXIS -0.447329	0.669479	-0.593039
		*TM_ROTANGLE 2.38705
		*TM_SCALE 1	1	1
		*TM_SCALEAXIS 0	0	0
		*TM_SCALEAXISANG 0	0	0
	}
}
*HELPEROBJECT {
	*NODE_NAME "ZS_LONGSWORD"
	*NODE_PARENT "Bip01 Spine2"
	*NODE_TM {
		*NODE_NAME "ZS_LONGSWORD"
		*TM_ROW0 -0.499829	-0.0915011	0.861277
		*TM_ROW1 -0.865729	0.0828188	-0.493614
		*TM_ROW2 -0.0261636	-0.992355	-0.12061
		*TM_ROW3 -18.1593	6.92629	157.64
		*TM_POS -18.1593	6.92629	157.64
		*TM_ROTAXIS -0.38996	0.69388	-0.60536
		*TM_ROTANGLE 2.44778
		*TM_SCALE 1	1	1
		*TM_SCALEAXIS 0	0	0
		*TM_SCALEAXISANG 0	0	0
	}
}
*HELPEROBJECT {
	*NODE_NAME "ZS_SHIELD"
	*NODE_PARENT "Bip01 Spine2"
	*NODE_TM {
		*NODE_NAME "ZS_SHIELD"
		*TM_ROW0 -0.0138681	0.114196	-0.993362
		*TM_ROW1 -0.908393	0.413755	0.0602465
		*TM_ROW2 0.417888	0.903198	0.0979964
		*TM_ROW3 8.76511	9.5282	131.875
		*TM_POS 8.76511	9.5282	131.875
		*TM_ROTAXIS 0.435421	-0.728972	-0.528212
		*TM_ROTANGLE 1.82457
		*TM_SCALE 1	1	1
		*TM_SCALEAXIS 0	0	0
		*TM_SCALEAXISANG 0	0	0
	}
}
*HELPEROBJECT {
	*NODE_NAME "ZS_BOW"
	*NODE_PARENT "Bip01 Spine2"
	*NODE_TM {
		*NODE_NAME "ZS_BOW"
		*TM_ROW0 -0.341816	-0.0868229	0.935748
		*TM_ROW1 0.0119438	0.995242	0.0967059
		*TM_ROW2 -0.939691	0.044232	-0.339153
		*TM_ROW3 0.5012	12.4143	124.55
		*TM_POS 0.5012	12.4143	124.55
		*TM_ROTAXIS -0.0279299	0.998227	0.0525698
		*TM_ROTANGLE 1.92076
		*TM_SCALE 1	1	1
		*TM_SCALEAXIS 0	0	0
		*TM_SCALEAXISANG 0	0	0
	}
}
*HELPEROBJECT {
	*NODE_NAME "ZS_SWORD"
	*NODE_PARENT "Bip01 Spine"
	*NODE_TM {
		*NODE_NAME "ZS_SWORD"
		*TM_ROW0 5.79282e-007	-0.347172	0.937802
		*TM_ROW1 1.04309e-007	0.937802	0.347172
		*TM_ROW2 -1	-1.04308e-007	5.79283e-007
		*TM_ROW3 17.5015	-4.36211	106.367
		*TM_POS 17.5015	-4.36211	106.367
		*TM_ROTAXIS -0.17367	0.96937	0.17367
		*TM_ROTANGLE 1.6019
		*TM_SCALE 1	1	1
		*TM_SCALEAXIS 0	0	0
		*TM_SCALEAXISANG 0	0	0
	}
}
*HELPEROBJECT {
	*NODE_NAME "Bip01 L Thigh"
	*NODE_PARENT "Bip01 Pelvis"
	*NODE_TM {
		*NODE_NAME "Bip01 L Thigh"
		*TM_ROW0 0.0534878	-0.0367886	-0.997891
		*TM_ROW1 -0.00216181	-0.999323	0.0367256
		*TM_ROW2 -0.998566	0.000192882	-0.0535313
		*TM_ROW3 9.01023	-8.01129	99.9496
		*TM_POS 9.01023	-8.01129	99.9496
		*TM_ROTAXIS 0.72572	-0.01342	-0.68786
		*TM_ROTANGLE 3.16677
		*TM_SCALE 1	1	1
		*TM_SCALEAXIS 0	0	0
		*TM_SCALEAXISANG 0	0	0
	}
}
*HELPEROBJECT {
	*NODE_NAME "Bip01 L Calf"
	*NODE_PARENT "Bip01 L Thigh"
	*NODE_TM {
		*NODE_NAME "Bip01 L Calf"
		*TM_ROW0 0.0525131	0.197552	-0.978885
		*TM_ROW1 0.0103904	-0.980292	-0.197278
		*TM_ROW2 -0.998566	0.000188708	-0.0535307
		*TM_ROW3 11.1149	-9.45845	60.6877
		*TM_POS 11.1149	-9.45845	60.6877
		*TM_ROTAXIS 0.723901	0.0721501	-0.686121
		*TM_ROTANGLE 3.00478
		*TM_SCALE 1	1	1
		*TM_SCALEAXIS 0	0	0
		*TM_SCALEAXISANG 0	0	0
	}
}
*HELPEROBJECT {
	*NODE_NAME "Bip01 L Foot"
	*NODE_PARENT "Bip01 L Calf"
	*NODE_TM {
		*NODE_NAME "Bip01 L Foot"
		*TM_ROW0 -5.93318e-007	7.27489e-006	-1
		*TM_ROW1 0.173652	-0.984807	-7.26412e-006
		*TM_ROW2 -0.984807	-0.173652	-5.97767e-007
		*TM_ROW3 13.6935	0.240668	12.6267
		*TM_POS 13.6935	0.240668	12.6267
		*TM_ROTAXIS 0.705757	0.0617498	-0.705757
		*TM_ROTANGLE 3.26493
		*TM_SCALE 1	1	1
		*TM_SCALEAXIS 0	0	0
		*TM_SCALEAXISANG 0	0	0
	}
}
*HELPEROBJECT {
	*NODE_NAME "Bip01 L Toe0"
	*NODE_PARENT "Bip01 L Foot"
	*NODE_TM {
		*NODE_NAME "Bip01 L Toe0"
		*TM_ROW0 0.173646	-0.984808	5.05914e-006
		*TM_ROW1 5.06367e-006	5.91264e-006	1
		*TM_ROW2 -0.984808	-0.173646	5.92894e-006
		*TM_ROW3 17.6256	-22.0591	5.26591e-006
		*TM_POS 17.6256	-22.0591	5.26591e-006
		*TM_ROTAXIS -0.644398	0.540718	0.540718
		*TM_ROTANGLE 1.99673
		*TM_SCALE 1	1	1
		*TM_SCALEAXIS 0	0	0
		*TM_SCALEAXISANG 0	0	0
	}
}
*HELPEROBJECT {
	*NODE_NAME "Bip01 R Thigh"
	*NODE_PARENT "Bip01 Pelvis"
	*NODE_TM {
		*NODE_NAME "Bip01 R Thigh"
		*TM_ROW0 -0.0535034	-0.0367749	-0.99789
		*TM_ROW1 0.00205776	-0.999324	0.0367174
		*TM_ROW2 -0.998566	-8.89041e-005	0.0535432
		*TM_ROW3 -9.01021	-8.01132	99.9496
		*TM_POS -9.01021	-8.01132	99.9496
		*TM_ROTAXIS 0.687862	-0.01262	-0.725732
		*TM_ROTANGLE 3.16835
		*TM_SCALE 1	1	1
		*TM_SCALEAXIS 0	0	0
		*TM_SCALEAXISANG 0	0	0
	}
}
*HELPEROBJECT {
	*NODE_NAME "Bip01 R Calf"
	*NODE_PARENT "Bip01 R Thigh"
	*NODE_TM {
		*NODE_NAME "Bip01 R Calf"
		*TM_ROW0 -0.0525025	0.197539	-0.978888
		*TM_ROW1 -0.0104967	-0.980295	-0.19726
		*TM_ROW2 -0.998566	-8.16064e-005	0.0535415
		*TM_ROW3 -11.1154	-9.45856	60.6878
		*TM_POS -11.1154	-9.45856	60.6878
		*TM_ROTAXIS 0.686298	0.0684898	-0.724088
		*TM_ROTANGLE 2.99744
		*TM_SCALE 1	1	1
		*TM_SCALEAXIS 0	0	0
		*TM_SCALEAXISANG 0	0	0
	}
}
*HELPEROBJECT {
	*NODE_NAME "Bip01 R Foot"
	*NODE_PARENT "Bip01 R Calf"
	*NODE_TM {
		*NODE_NAME "Bip01 R Foot"
		*TM_ROW0 -5.86373e-007	-7.29557e-006	-1
		*TM_ROW1 -0.173652	-0.984807	7.26572e-006
		*TM_ROW2 -0.984807	0.173652	-5.93781e-007
		*TM_ROW3 -13.6935	0.24065	12.6267
		*TM_POS -13.6935	0.24065	12.6267
		*TM_ROTAXIS 0.705757	-0.0617498	-0.705757
		*TM_ROTANGLE 3.01826
		*TM_SCALE 1	1	1
		*TM_SCALEAXIS 0	0	0
		*TM_SCALEAXISANG 0	0	0
	}
}
*HELPEROBJECT {
	*NODE_NAME "Bip01 R Toe0"
	*NODE_PARENT "Bip01 R Foot"
	*NODE_TM {
		*NODE_NAME "Bip01 R Toe0"
		*TM_ROW0 -0.173651	-0.984807	3.52553e-006
		*TM_ROW1 3.507e-006	3.07854e-006	1
		*TM_ROW2 -0.984807	0.173651	3.0421e-006
		*TM_ROW3 -17.6255	-22.0592	2.91014e-005
		*TM_POS -17.6255	-22.0592	2.91014e-005
		*TM_ROTAXIS -0.510271	0.608121	0.608121
		*TM_ROTANGLE 2.19793
		*TM_SCALE 1	1	1
		*TM_SCALEAXIS 0	0	0
		*TM_SCALEAXISANG 0	0	0
	}
}
*HELPEROBJECT {
	*NODE_NAME "Dummy"
	*NODE_PARENT "Bip01 L Finger0"
	*NODE_TM {
		*NODE_NAME "Dummy"
		*TM_ROW0 -1	-0	0
		*TM_ROW1 -0	-1	0
		*TM_ROW2 -0	-0	1
		*TM_ROW3 29.4428	-14.9691	72.9478
		*TM_POS 29.4428	-14.9691	72.9478
		*TM_ROTAXIS 0	0	-1
		*TM_ROTANGLE 3.14159
		*TM_SCALE 1	1	1
		*TM_SCALEAXIS 0	0	0
		*TM_SCALEAXISANG 0	0	0
	}
}
*HELPEROBJECT {
	*NODE_NAME "Dummy1"
	*NODE_PARENT "Bip01 R Finger0"
	*NODE_TM {
		*NODE_NAME "Dummy1"
		*TM_ROW0 -1	-0	0
		*TM_ROW1 -0	-1	0
		*TM_ROW2 -0	-0	1
		*TM_ROW3 -29.4428	-14.9692	72.9478
		*TM_POS -29.4428	-14.9692	72.9478
		*TM_ROTAXIS 0	0	-1
		*TM_ROTANGLE 3.14159
		*TM_SCALE 1	1	1
		*TM_SCALEAXIS 0	0	0
		*TM_SCALEAXISANG 0	0	0
	}
}
*HELPEROBJECT {
	*NODE_NAME "Dummy2"
	*NODE_PARENT "Bip01 L Toe0"
	*NODE_TM {
		*NODE_NAME "Dummy2"
		*TM_ROW0 -1	-0	0
		*TM_ROW1 -0	-1	0
		*TM_ROW2 -0	-0	1
		*TM_ROW3 19.5916	-33.209	-6.31335
		*TM_POS 19.5916	-33.209	-6.31335
		*TM_ROTAXIS 0	0	-1
		*TM_ROTANGLE 3.14159
		*TM_SCALE 1	1	1
		*TM_SCALEAXIS 0	0	0
		*TM_SCALEAXISANG 0	0	0
	}
}
*HELPEROBJECT {
	*NODE_NAME "Dummy3"
	*NODE_PARENT "Bip01 R Toe0"
	*NODE_TM {
		*NODE_NAME "Dummy3"
		*TM_ROW0 -1	-0	0
		*TM_ROW1 -0	-1	0
		*TM_ROW2 -0	-0	1
		*TM_ROW3 -19.5915	-33.2091	-6.31333
		*TM_POS -19.5915	-33.2091	-6.31333
		*TM_ROTAXIS 0	0	-1
		*TM_ROTANGLE 3.14159
		*TM_SCALE 1	1	1
		*TM_SCALEAXIS 0	0	0
		*TM_SCALEAXISANG 0	0	0
	}
}
*GEOMOBJECT {
	*NODE_NAME "zm_Skin"
	*NODE_PARENT "Bip01"
	*NODE_TM {
		*NODE_NAME "zm_Skin"
		*TM_ROW0 -1	-0	0
		*TM_ROW1 -0	-1	0
		*TM_ROW2 -0	-0	1
		*TM_ROW3 -0	-0	0
		*TM_POS -0	-0	0
		*TM_ROTAXIS 0	0	-1
		*TM_ROTANGLE 3.14159
		*TM_SCALE 1	1	1
		*TM_SCALEAXIS 0	0	0
		*TM_SCALEAXISANG 0	0	0
	}
	*MATERIAL_REF 0
	*MESH_SOFTSKIN {
		*TIMEVALUE 0
		*MESH_NUMVERTEX 451
		*MESH_NUMFACES 816
		*MESH_VERTEX_LIST {
			*MESH_VERTEX 0	0.00866177	-21.4782	116.64
			*MESH_VERTEX 1	16.277	-21.8749	49.2996
			*MESH_VERTEX 2	-25.1451	-9.85194	50.9194
			*MESH_VERTEX 3	4.85104	3.77914	90.648
			*MESH_VERTEX 4	32.3264	-12.2319	152.349
			*MESH_VERTEX 5	11.1332	-16.7351	114.838
			*MESH_VERTEX 6	28.7034	-13.8687	130.789
			*MESH_VERTEX 7	-11.0399	-16.6638	114.838
			*MESH_VERTEX 8	11.8804	5.0753	116.538
			*MESH_VERTEX 9	-13.0228	7.51824	52.0212
			*MESH_VERTEX 10	-34.5551	-4.7373	157.71
			*MESH_VERTEX 11	-21.4016	-6.69632	111.274
			*MESH_VERTEX 12	-32.6433	-8.10375	78.0076
			*MESH_VERTEX 13	-35.3528	1.31857	107.666
			*MESH_VERTEX 14	22.162	-7.08793	111.494
			*MESH_VERTEX 15	33.3538	-8.42501	78.435
			*MESH_VERTEX 16	36.1136	0.927407	107.89
			*MESH_VERTEX 17	14.5099	-11.1697	136.933
			*MESH_VERTEX 18	-19.6395	2.93477	133.892
			*MESH_VERTEX 19	-34.6344	0.54587	107.084
			*MESH_VERTEX 20	-21.961	-10.8089	135.46
			*MESH_VERTEX 21	22.7934	-6.74241	109.758
			*MESH_VERTEX 22	20.9561	2.70715	133.81
			*MESH_VERTEX 23	22.9365	-10.959	135.892
			*MESH_VERTEX 24	-16.5661	-13.3876	35.9822
			*MESH_VERTEX 25	-9.28459	4.55044	39.0793
			*MESH_VERTEX 26	-13.2882	-8.83341	23.5728
			*MESH_VERTEX 27	16.5887	-13.3881	35.9823
			*MESH_VERTEX 28	9.30759	4.55017	39.079
			*MESH_VERTEX 29	13.3109	-8.83385	23.5721
			*MESH_VERTEX 30	-13.2634	-10.0981	34.9952
			*MESH_VERTEX 31	-11.1738	1.26309	49.2823
			*MESH_VERTEX 32	-15.1138	-13.4733	47.5605
			*MESH_VERTEX 33	27.1468	-18.5366	142.594
			*MESH_VERTEX 34	13.2291	-10.9776	34.9272
			*MESH_VERTEX 35	12.0201	0.562503	49.1406
			*MESH_VERTEX 36	13.4774	-14.1672	47.4551
			*MESH_VERTEX 37	9.1794	1.55966	114.643
			*MESH_VERTEX 38	14.1608	-8.94923	122.569
			*MESH_VERTEX 39	-9.43268	1.06612	114.65
			*MESH_VERTEX 40	-14.1398	-9.13639	122.574
			*MESH_VERTEX 41	-23.2843	-19.6832	0.557506
			*MESH_VERTEX 42	-18.1954	-0.274543	25.9396
			*MESH_VERTEX 43	23.3072	-19.6821	0.555655
			*MESH_VERTEX 44	18.2181	-0.275628	25.9406
			*MESH_VERTEX 45	14.3612	9.66044	17.7408
			*MESH_VERTEX 46	22.2597	-1.07173	15.6428
			*MESH_VERTEX 47	-14.3382	9.66116	17.7406
			*MESH_VERTEX 48	-22.2366	-1.07176	15.645
			*MESH_VERTEX 49	9.27577	3.4484	116.091
			*MESH_VERTEX 50	-16.3882	-9.97066	116.46
			*MESH_VERTEX 51	4.76448	-2.94146	14.3094
			*MESH_VERTEX 52	12.8524	-13.9037	17.8683
			*MESH_VERTEX 53	-4.74159	-2.94129	14.3093
			*MESH_VERTEX 54	-12.8299	-13.9028	17.8683
			*MESH_VERTEX 55	-29.7663	-4.54549	139.515
			*MESH_VERTEX 56	-17.3478	-22.412	49.0314
			*MESH_VERTEX 57	-0.66063	-11.1094	50.2116
			*MESH_VERTEX 58	6.25425	0.759977	155.745
			*MESH_VERTEX 59	0.0514607	-10.9816	148.127
			*MESH_VERTEX 60	-6.03556	0.495829	155.668
			*MESH_VERTEX 61	4.75307	-8.18404	162.561
			*MESH_VERTEX 62	32.5347	6.20051	146.629
			*MESH_VERTEX 63	16.3189	-8.72836	116.453
			*MESH_VERTEX 64	7.14304	9.25005	17.8267
			*MESH_VERTEX 65	7.1627	-0.200993	25.2934
			*MESH_VERTEX 66	11.8175	5.54719	26.3827
			*MESH_VERTEX 67	10.9997	8.88563	2.16965
			*MESH_VERTEX 68	-7.12	9.25027	17.8292
			*MESH_VERTEX 69	-7.13999	-0.200791	25.2943
			*MESH_VERTEX 70	-11.7946	5.54771	26.3829
			*MESH_VERTEX 71	-10.9765	8.88456	2.16895
			*MESH_VERTEX 72	0.0241057	-7.95338	88.2427
			*MESH_VERTEX 73	12.9412	7.28487	51.626
			*MESH_VERTEX 74	6.57285	-19.5422	122.899
			*MESH_VERTEX 75	18.0307	4.79574	134.64
			*MESH_VERTEX 76	34.0739	1.67784	155.386
			*MESH_VERTEX 77	23.9183	7.38113	142.55
			*MESH_VERTEX 78	34.8946	2.26282	134.061
			*MESH_VERTEX 79	28.7211	2.40568	140.127
			*MESH_VERTEX 80	18.2714	-7.18023	117.424
			*MESH_VERTEX 81	-5.97026	-9.50939	47.7732
			*MESH_VERTEX 82	-25.0108	3.72938	107.553
			*MESH_VERTEX 83	25.7721	3.33816	107.774
			*MESH_VERTEX 84	35.4217	0.108867	107.479
			*MESH_VERTEX 85	25.8647	2.42419	106.613
			*MESH_VERTEX 86	23.8229	-2.34686	50.9335
			*MESH_VERTEX 87	-3.54207	0.604949	166.35
			*MESH_VERTEX 88	-4.79253	-7.96217	162.476
			*MESH_VERTEX 89	-6.57109	-20.5448	122.917
			*MESH_VERTEX 90	5.78565	-9.21346	47.8501
			*MESH_VERTEX 91	12.4346	2.00774	36.9637
			*MESH_VERTEX 92	6.49556	-4.46208	34.0805
			*MESH_VERTEX 93	-8.6439	1.5213	122.2
			*MESH_VERTEX 94	-18.5232	-7.16581	117.424
			*MESH_VERTEX 95	-23.5662	9.90649	139.064
			*MESH_VERTEX 96	16.6463	-17.8229	136.54
			*MESH_VERTEX 97	0.00358675	-21.7928	143.246
			*MESH_VERTEX 98	-22.4326	-6.50104	109.425
			*MESH_VERTEX 99	19.024	0.201032	38.3174
			*MESH_VERTEX 100	-19.0011	0.201417	38.3176
			*MESH_VERTEX 101	-6.47901	-24.1011	64.7317
			*MESH_VERTEX 102	-5.18441	-19.857	96.5258
			*MESH_VERTEX 103	4.55753	-20.3793	96.3508
			*MESH_VERTEX 104	6.26588	-24.3727	64.1624
			*MESH_VERTEX 105	2.45009	0.52189	51.0492
			*MESH_VERTEX 106	32.9597	2.31135	120.056
			*MESH_VERTEX 107	32.668	-7.86955	110.304
			*MESH_VERTEX 108	-32.2509	-7.7872	110.913
			*MESH_VERTEX 109	33.0111	-8.1789	111.134
			*MESH_VERTEX 110	-1.8748	1.68447	51.9548
			*MESH_VERTEX 111	8.61531	1.49332	122.201
			*MESH_VERTEX 112	-12.1563	5.07521	116.538
			*MESH_VERTEX 113	-11.3061	3.17067	36.6781
			*MESH_VERTEX 114	-6.73944	-3.8861	34.0994
			*MESH_VERTEX 115	-35.6038	-7.36773	134.475
			*MESH_VERTEX 116	-16.4115	-17.7961	136.566
			*MESH_VERTEX 117	-25.505	5.71753	139.868
			*MESH_VERTEX 118	-18.3677	-1.72268	49.0961
			*MESH_VERTEX 119	3.78013	0.360599	166.359
			*MESH_VERTEX 120	-9.88638	1.75128	116.123
			*MESH_VERTEX 121	18.2267	-3.65483	34.828
			*MESH_VERTEX 122	-17.7534	-1.07912	35.5659
			*MESH_VERTEX 123	-31.7567	-7.29008	109.79
			*MESH_VERTEX 124	18.3808	-3.32462	48.7976
			*MESH_VERTEX 125	5.71721	-24.2676	117.794
			*MESH_VERTEX 126	12.4386	-18.3359	116.006
			*MESH_VERTEX 127	12.561	-18.2921	119.214
			*MESH_VERTEX 128	-5.9704	-23.9229	118.024
			*MESH_VERTEX 129	-12.6972	-18.3308	116.008
			*MESH_VERTEX 130	-12.5659	-18.2941	119.214
			*MESH_VERTEX 131	-18.3944	-7.17908	120.602
			*MESH_VERTEX 132	18.3943	-7.17629	120.602
			*MESH_VERTEX 133	-5.8434	-23.8963	121.202
			*MESH_VERTEX 134	-0.129935	7.40728	114.835
			*MESH_VERTEX 135	-0.00284031	7.47569	118.012
			*MESH_VERTEX 136	12.0075	5.14356	119.714
			*MESH_VERTEX 137	-12.0292	5.14357	119.714
			*MESH_VERTEX 138	-17.2309	-24.0897	1.67429
			*MESH_VERTEX 139	17.2539	-24.0885	1.67197
			*MESH_VERTEX 140	27.8584	-17.7456	78.4533
			*MESH_VERTEX 141	5.84421	-24.2413	120.963
			*MESH_VERTEX 142	-27.1449	-17.4187	78.0432
			*MESH_VERTEX 143	-4.67073	3.86235	90.685
			*MESH_VERTEX 144	24.9974	-13.9893	144.858
			*MESH_VERTEX 145	28.8442	-5.01616	151.638
			*MESH_VERTEX 146	-8.89815	-15.46	44.7604
			*MESH_VERTEX 147	16.3278	-6.05754	132.11
			*MESH_VERTEX 148	21.3916	6.87906	129.643
			*MESH_VERTEX 149	-28.0308	-4.35322	103.222
			*MESH_VERTEX 150	28.791	-4.74159	103.449
			*MESH_VERTEX 151	-24.8703	-13.978	145.072
			*MESH_VERTEX 152	-29.0783	-5.4563	150.359
			*MESH_VERTEX 153	-19.4213	-15.1899	82.458
			*MESH_VERTEX 154	-23.6743	-12.7177	77.7431
			*MESH_VERTEX 155	-24.4714	-14.0733	91.7348
			*MESH_VERTEX 156	20.1293	-15.512	82.88
			*MESH_VERTEX 157	24.388	-13.0448	78.1526
			*MESH_VERTEX 158	25.1996	-14.4109	92.1153
			*MESH_VERTEX 159	-22.7364	-0.879588	107.451
			*MESH_VERTEX 160	28.2411	-9.97668	138.098
			*MESH_VERTEX 161	18.6665	-9.44984	127.807
			*MESH_VERTEX 162	-4.76337	-0.0938015	37.1152
			*MESH_VERTEX 163	-12.5959	-5.16166	32.705
			*MESH_VERTEX 164	4.78625	-0.0940313	37.1151
			*MESH_VERTEX 165	12.6186	-5.16215	32.7051
			*MESH_VERTEX 166	35.7903	-7.37264	134.377
			*MESH_VERTEX 167	-15.3156	-9.14886	114.785
			*MESH_VERTEX 168	23.7461	9.88071	139.069
			*MESH_VERTEX 169	-17.3589	4.03858	133.21
			*MESH_VERTEX 170	-33.8558	2.64054	133.78
			*MESH_VERTEX 171	-23.9041	6.78807	141.739
			*MESH_VERTEX 172	-29.4525	-14.2462	131.803
			*MESH_VERTEX 173	-17.9674	-14.7191	139.377
			*MESH_VERTEX 174	6.35003	3.16348	0.286392
			*MESH_VERTEX 175	-6.32692	3.16231	0.286069
			*MESH_VERTEX 176	18.6116	-12.8562	18.2493
			*MESH_VERTEX 177	-18.5892	-12.8552	18.2492
			*MESH_VERTEX 178	-28.8073	-5.90297	77.424
			*MESH_VERTEX 179	14.9549	-9.31123	114.798
			*MESH_VERTEX 180	29.5178	-6.22778	77.8392
			*MESH_VERTEX 181	-14.5338	0.746052	92.7068
			*MESH_VERTEX 182	4.46793	-7.19176	45.3225
			*MESH_VERTEX 183	-21.02	6.98563	129.719
			*MESH_VERTEX 184	-16.199	-6.08117	132.059
			*MESH_VERTEX 185	-20.5144	-13.298	86.4146
			*MESH_VERTEX 186	-23.0347	-14.0955	76.9418
			*MESH_VERTEX 187	21.2242	-13.6201	86.8371
			*MESH_VERTEX 188	23.7484	-14.4226	77.3513
			*MESH_VERTEX 189	26.0814	-9.23899	61.4213
			*MESH_VERTEX 190	24.6278	-12.3926	51.2668
			*MESH_VERTEX 191	-17.6028	3.01735	47.4054
			*MESH_VERTEX 192	18.2473	5.60173	0.196059
			*MESH_VERTEX 193	-18.224	5.60055	0.195708
			*MESH_VERTEX 194	26.4772	-4.67776	135.158
			*MESH_VERTEX 195	11.3019	-13.5398	35.6885
			*MESH_VERTEX 196	-11.2794	-13.5394	35.6884
			*MESH_VERTEX 197	19.0295	1.48069	16.5664
			*MESH_VERTEX 198	-19.0066	1.48099	16.5664
			*MESH_VERTEX 199	-26.7516	-4.98461	118.453
			*MESH_VERTEX 200	-22.2334	-13.2174	129.763
			*MESH_VERTEX 201	-11.5696	-19.8066	110.265
			*MESH_VERTEX 202	-8.53292	4.09198	160.697
			*MESH_VERTEX 203	-26.2464	-4.64521	135.191
			*MESH_VERTEX 204	-5.5659	-3.09086	48.5951
			*MESH_VERTEX 205	6.15768	-2.94374	48.6399
			*MESH_VERTEX 206	-2.14628	-21.7604	94.0086
			*MESH_VERTEX 207	11.7807	-16.7318	116.524
			*MESH_VERTEX 208	27.3948	-5.48864	118.954
			*MESH_VERTEX 209	-17.6651	-5.74441	135.206
			*MESH_VERTEX 210	-25.513	2.60602	106.249
			*MESH_VERTEX 211	-0.00233483	-13.7885	154.615
			*MESH_VERTEX 212	-23.9137	-4.65986	156.067
			*MESH_VERTEX 213	8.06006	4.09116	160.69
			*MESH_VERTEX 214	23.7971	-4.64631	155.758
			*MESH_VERTEX 215	34.5856	-4.73667	157.725
			*MESH_VERTEX 216	-27.1414	-18.5385	142.903
			*MESH_VERTEX 217	-25.7825	5.29725	149.512
			*MESH_VERTEX 218	-18.1861	-1.88546	127.85
			*MESH_VERTEX 219	-13.5429	-7.58955	18.0086
			*MESH_VERTEX 220	13.5658	-7.58995	18.0086
			*MESH_VERTEX 221	-5.04272	-22.4657	88.4419
			*MESH_VERTEX 222	0.0503252	3.51063	155.537
			*MESH_VERTEX 223	17.643	3.4596	130.425
			*MESH_VERTEX 224	16.5591	9.55982	137.98
			*MESH_VERTEX 225	-32.2551	2.88366	119.488
			*MESH_VERTEX 226	23.3669	-3.58396	118.29
			*MESH_VERTEX 227	-26.1726	-9.98769	61.3435
			*MESH_VERTEX 228	-23.6575	-0.726841	51.7727
			*MESH_VERTEX 229	6.46618	0.817653	15.6522
			*MESH_VERTEX 230	10.2986	-11.3714	11.3381
			*MESH_VERTEX 231	17.1038	-22.3183	7.42946
			*MESH_VERTEX 232	20.3015	-10.169	11.2454
			*MESH_VERTEX 233	-6.44317	0.817577	15.6538
			*MESH_VERTEX 234	-10.2755	-11.3714	11.3384
			*MESH_VERTEX 235	-17.0803	-22.3188	7.4316
			*MESH_VERTEX 236	-20.2783	-10.1694	11.2472
			*MESH_VERTEX 237	-33.8313	1.83628	154.478
			*MESH_VERTEX 238	-0.128827	-20.093	114.971
			*MESH_VERTEX 239	25.8883	-15.0504	79.2221
			*MESH_VERTEX 240	25.6748	-15.8566	84.2222
			*MESH_VERTEX 241	-25.1747	-14.7234	78.8124
			*MESH_VERTEX 242	-24.9667	-15.5344	83.8
			*MESH_VERTEX 243	1.25232	-11.7964	49.4927
			*MESH_VERTEX 244	7.87191	4.96199	99.7315
			*MESH_VERTEX 245	5.32811	3.42494	61.4444
			*MESH_VERTEX 246	13.9032	0.539344	93.0537
			*MESH_VERTEX 247	5.42357	-22.6352	88.0449
			*MESH_VERTEX 248	25.8217	5.28549	149.546
			*MESH_VERTEX 249	8.55669	3.31588	46.4605
			*MESH_VERTEX 250	19.0776	-6.10804	135.165
			*MESH_VERTEX 251	-24.6993	5.61758	118.832
			*MESH_VERTEX 252	32.682	-2.02634	119.897
			*MESH_VERTEX 253	-11.4802	-17.6468	116.534
			*MESH_VERTEX 254	10.2839	-15.6093	44.3001
			*MESH_VERTEX 255	-22.6888	-3.11964	117.883
			*MESH_VERTEX 256	-16.2801	-15.8996	44.8804
			*MESH_VERTEX 257	-18.7016	3.46586	130.404
			*MESH_VERTEX 258	-12.795	-22.0571	0.832773
			*MESH_VERTEX 259	12.818	-22.056	0.830688
			*MESH_VERTEX 260	-16.4381	9.57094	137.954
			*MESH_VERTEX 261	25.4953	5.13709	119.038
			*MESH_VERTEX 262	25.5546	4.59957	138.437
			*MESH_VERTEX 263	28.3566	3.38559	145.28
			*MESH_VERTEX 264	24.9966	-11.4611	140.802
			*MESH_VERTEX 265	21.1371	-8.66463	131.242
			*MESH_VERTEX 266	7.97844	-20.7715	48.0728
			*MESH_VERTEX 267	18.0874	-9.45823	48.0418
			*MESH_VERTEX 268	14.0511	-2.46652	160.23
			*MESH_VERTEX 269	15.5686	3.20807	46.8721
			*MESH_VERTEX 270	-7.87301	-20.4558	48.4218
			*MESH_VERTEX 271	13.4243	-19.6891	139.809
			*MESH_VERTEX 272	23.0252	-14.5152	77.6878
			*MESH_VERTEX 273	-22.3115	-14.1882	77.2784
			*MESH_VERTEX 274	-10.5418	-13.8983	47.388
			*MESH_VERTEX 275	-29.2549	-18.0975	84.4549
			*MESH_VERTEX 276	-26.8431	-9.29728	111.735
			*MESH_VERTEX 277	29.84	-18.36	84.8225
			*MESH_VERTEX 278	27.6032	-9.68839	111.958
			*MESH_VERTEX 279	-15.0397	-2.87108	159.71
			*MESH_VERTEX 280	-0.00154177	6.39128	158.904
			*MESH_VERTEX 281	30.6905	-4.89219	139.902
			*MESH_VERTEX 282	9.43359	-14.0312	47.405
			*MESH_VERTEX 283	-5.69043	-7.63767	37.0073
			*MESH_VERTEX 284	5.71316	-7.63792	37.0074
			*MESH_VERTEX 285	-18.8361	-7.95004	48.3146
			*MESH_VERTEX 286	25.0849	-8.88996	90.3739
			*MESH_VERTEX 287	-24.3546	-8.54986	89.9999
			*MESH_VERTEX 288	24.5256	-16.5208	78.7574
			*MESH_VERTEX 289	-23.812	-16.1937	78.3476
			*MESH_VERTEX 290	-9.54036	3.47329	47.2785
			*MESH_VERTEX 291	-31.6316	-2.20169	119.259
			*MESH_VERTEX 292	17.1698	-14.3334	139.111
			*MESH_VERTEX 293	-21.4322	-16.8437	84.129
			*MESH_VERTEX 294	22.1402	-17.1656	84.5518
			*MESH_VERTEX 295	-15.9361	-11.938	136.674
			*MESH_VERTEX 296	35.7917	-9.64466	83.3649
			*MESH_VERTEX 297	34.3553	-5.88902	86.5845
			*MESH_VERTEX 298	-35.2059	-9.38106	82.9998
			*MESH_VERTEX 299	-33.7658	-5.62115	86.2322
			*MESH_VERTEX 300	-27.0533	-8.64783	110.192
			*MESH_VERTEX 301	29.473	-4.90493	89.9144
			*MESH_VERTEX 302	27.7144	-4.66697	83.1062
			*MESH_VERTEX 303	27.719	-9.07245	110.611
			*MESH_VERTEX 304	11.9699	-18.8032	110.481
			*MESH_VERTEX 305	-28.7361	-4.55283	89.5759
			*MESH_VERTEX 306	-27.005	-4.34392	82.6866
			*MESH_VERTEX 307	-7.04564	3.58151	61.5486
			*MESH_VERTEX 308	-1.78816	-7.9836	62.6466
			*MESH_VERTEX 309	-11.4472	3.87321	105.215
			*MESH_VERTEX 310	15.6503	-15.7178	44.7169
			*MESH_VERTEX 311	20.163	-7.48118	46.2808
			*MESH_VERTEX 312	-6.0921	-4.50675	164.184
			*MESH_VERTEX 313	-0.0963229	3.72467	122.1
			*MESH_VERTEX 314	-27.3971	3.8547	145.172
			*MESH_VERTEX 315	-27.8302	3.05385	141.131
			*MESH_VERTEX 316	-24.333	-10.1634	142.323
			*MESH_VERTEX 317	-26.3148	-11.2315	134.965
			*MESH_VERTEX 318	-27.3573	-9.65063	137.706
			*MESH_VERTEX 319	30.6549	5.90708	132.458
			*MESH_VERTEX 320	31.2086	-4.39894	118.02
			*MESH_VERTEX 321	-21.8917	-0.298454	109.103
			*MESH_VERTEX 322	22.6526	-0.689389	109.325
			*MESH_VERTEX 323	-21.179	-9.02342	131.15
			*MESH_VERTEX 324	6.05019	-4.92253	164.2
			*MESH_VERTEX 325	-30.407	5.92334	132.431
			*MESH_VERTEX 326	1.67542	-21.7717	94.0462
			*MESH_VERTEX 327	-5.00663	-7.04459	46.2775
			*MESH_VERTEX 328	19.5665	-6.71303	38.1479
			*MESH_VERTEX 329	-19.5437	-6.71253	38.148
			*MESH_VERTEX 330	0.0524379	1.77623	166.791
			*MESH_VERTEX 331	-21.0901	-6.00499	47.0389
			*MESH_VERTEX 332	-11.9706	-19.6651	140.29
			*MESH_VERTEX 333	-31.7486	6.39598	145.24
			*MESH_VERTEX 334	0.020035	4.61832	116.05
			*MESH_VERTEX 335	-32.7196	-11.331	152.849
			*MESH_VERTEX 336	22.2787	-13.1241	129.757
			*MESH_VERTEX 337	20.073	-14.6191	148.419
			*MESH_VERTEX 338	-7.39179	5.9177	99.9744
			*MESH_VERTEX 339	-23.3722	0.534204	115.88
			*MESH_VERTEX 340	23.1213	-1.06007	107.793
			*MESH_VERTEX 341	-16.9083	2.71717	61.8618
			*MESH_VERTEX 342	1.77203	-8.68653	62.5879
			*MESH_VERTEX 343	-0.124707	3.18724	114.609
			*MESH_VERTEX 344	11.2058	2.75794	105.038
			*MESH_VERTEX 345	15.4405	-24.574	64.6786
			*MESH_VERTEX 346	25.07	-16.2632	89.493
			*MESH_VERTEX 347	-24.3596	-15.9389	89.077
			*MESH_VERTEX 348	-33.112	-9.10421	91.8935
			*MESH_VERTEX 349	-32.8318	-5.85123	90.8059
			*MESH_VERTEX 350	33.7305	-9.40682	92.1438
			*MESH_VERTEX 351	33.4505	-6.15448	91.054
			*MESH_VERTEX 352	-25.6943	-7.41417	121.654
			*MESH_VERTEX 353	0.00186154	-9.41261	161.63
			*MESH_VERTEX 354	-3.53703	-23.5815	132.622
			*MESH_VERTEX 355	15.51	-14.7608	130.901
			*MESH_VERTEX 356	-8.44825	-12.5886	0.413613
			*MESH_VERTEX 357	8.47136	-12.5874	0.412448
			*MESH_VERTEX 358	23.1417	-9.81735	-0.158684
			*MESH_VERTEX 359	-23.1186	-9.81857	-0.157755
			*MESH_VERTEX 360	-35.3658	-2.77556	109.108
			*MESH_VERTEX 361	36.1264	-3.16704	109.331
			*MESH_VERTEX 362	-30.0881	-13.1029	92.9406
			*MESH_VERTEX 363	-15.2814	-24.8836	65.1165
			*MESH_VERTEX 364	-22.0385	-10.1153	87.7622
			*MESH_VERTEX 365	-13.4432	-0.191203	86.2945
			*MESH_VERTEX 366	18.763	-10.0416	101.485
			*MESH_VERTEX 367	15.8322	-2.27172	99.0045
			*MESH_VERTEX 368	-31.4604	3.48867	107.165
			*MESH_VERTEX 369	32.2215	3.09767	107.389
			*MESH_VERTEX 370	-31.0039	2.52848	106.33
			*MESH_VERTEX 371	18.6064	-2.02628	127.766
			*MESH_VERTEX 372	30.7053	-13.399	93.2115
			*MESH_VERTEX 373	-14.2381	-20.0188	100.772
			*MESH_VERTEX 374	-10.3108	2.03627	109.989
			*MESH_VERTEX 375	-18.1343	-13.1923	151.575
			*MESH_VERTEX 376	15.8619	3.1899	61.8916
			*MESH_VERTEX 377	-30.5843	-3.74087	119.015
			*MESH_VERTEX 378	31.7872	2.12482	106.676
			*MESH_VERTEX 379	-6.6683	-21.7438	57.2554
			*MESH_VERTEX 380	-15.4096	-14.7938	130.877
			*MESH_VERTEX 381	22.5265	-10.4031	88.1778
			*MESH_VERTEX 382	0.00717682	-12.5746	118.376
			*MESH_VERTEX 383	6.38373	-21.8853	57.255
			*MESH_VERTEX 384	12.6288	-20.0608	131.474
			*MESH_VERTEX 385	30.1186	5.04392	119.935
			*MESH_VERTEX 386	-16.5323	-10.1088	110.057
			*MESH_VERTEX 387	0.00398564	10.5163	137.615
			*MESH_VERTEX 388	5.60832	-4.08056	155.425
			*MESH_VERTEX 389	-10.4042	-14.3858	122.738
			*MESH_VERTEX 390	3.53628	-23.4114	132.608
			*MESH_VERTEX 391	25.818	-7.76416	122.684
			*MESH_VERTEX 392	-0.182349	5.91016	95.0737
			*MESH_VERTEX 393	-34.0795	-3.65188	108.482
			*MESH_VERTEX 394	16.4357	-22.0441	57.9388
			*MESH_VERTEX 395	-5.36058	-4.30316	155.36
			*MESH_VERTEX 396	-12.6294	-20.0602	131.473
			*MESH_VERTEX 397	0.000189579	4.93638	105.772
			*MESH_VERTEX 398	-19.6201	-9.52628	128.953
			*MESH_VERTEX 399	-16.3271	-22.4676	57.4005
			*MESH_VERTEX 400	24.1496	0.0248314	116.232
			*MESH_VERTEX 401	11.5861	7.28928	19.2423
			*MESH_VERTEX 402	-11.563	7.28906	19.2459
			*MESH_VERTEX 403	13.9131	-20.8223	101.298
			*MESH_VERTEX 404	26.2513	-10.9363	134.952
			*MESH_VERTEX 405	26.3598	4.08487	116.011
			*MESH_VERTEX 406	14.154	1.67571	86.6416
			*MESH_VERTEX 407	-29.3621	5.58386	119.536
			*MESH_VERTEX 408	-18.8986	-8.50703	101.354
			*MESH_VERTEX 409	-15.3146	-0.103299	98.4147
			*MESH_VERTEX 410	34.6052	-4.97094	109.109
			*MESH_VERTEX 411	0.00759123	-22.3825	110.342
			*MESH_VERTEX 412	5.71635	2.6896	86.2064
			*MESH_VERTEX 413	-5.40278	2.37415	86.3098
			*MESH_VERTEX 414	-0.0018795	-1.70332	158.257
			*MESH_VERTEX 415	23.9426	-3.80592	117.019
			*MESH_VERTEX 416	-25.5255	4.62628	115.7
			*MESH_VERTEX 417	15.2021	-21.5781	89.286
			*MESH_VERTEX 418	0.0493175	3.84412	91.3672
			*MESH_VERTEX 419	-22.5802	0.749161	117.959
			*MESH_VERTEX 420	31.226	-4.28368	119.586
			*MESH_VERTEX 421	16.5765	-8.73369	110.387
			*MESH_VERTEX 422	-30.5328	-3.84253	117.35
			*MESH_VERTEX 423	-23.2191	-3.31661	116.61
			*MESH_VERTEX 424	-14.7828	-22.4483	89.6363
			*MESH_VERTEX 425	-4.51926	-21.17	132.485
			*MESH_VERTEX 426	9.75819	2.82476	110.126
			*MESH_VERTEX 427	16.4835	-4.37157	93.6241
			*MESH_VERTEX 428	-17.0223	-4.24134	93.2626
			*MESH_VERTEX 429	33.1229	1.54488	117.323
			*MESH_VERTEX 430	-31.6242	-2.29944	117.272
			*MESH_VERTEX 431	4.51868	-19.6345	132.341
			*MESH_VERTEX 432	-32.3577	2.13136	116.704
			*MESH_VERTEX 433	32.7319	-2.14179	117.939
			*MESH_VERTEX 434	23.3077	0.285565	118.297
			*MESH_VERTEX 435	28.8378	-4.89093	87.0122
			*MESH_VERTEX 436	-0.164466	-8.44549	84.799
			*MESH_VERTEX 437	-28.1393	-4.5647	86.6091
			*MESH_VERTEX 438	10.4982	-14.621	122.743
			*MESH_VERTEX 439	-26.8865	-5.13302	117.282
			*MESH_VERTEX 440	27.5704	-5.64637	117.827
			*MESH_VERTEX 441	-0.0706946	5.82271	101.023
			*MESH_VERTEX 442	0.0200369	4.43019	110.262
			*MESH_VERTEX 443	-18.7648	-3.40886	131.609
			*MESH_VERTEX 444	0.458016	-8.54449	84.7789
			*MESH_VERTEX 445	20.0156	-3.65915	131.6
			*MESH_VERTEX 446	30.654	4.05884	116.681
			*MESH_VERTEX 447	-29.8391	4.63451	116.22
			*MESH_VERTEX 448	-12.0561	-6.56104	46.6357
			*MESH_VERTEX 449	12.4886	-7.35405	45.8493
			*MESH_VERTEX 450	-20.7178	-9.82566	87.8343
		}
		*MESH_FACE_LIST {
			*MESH_FACE    0:    A:    408 B:    428 C:    364 AB:    1 BC:    1 CA:    1	 *MESH_SMOOTHING 1 	*MESH_MTLID 0
			*MESH_FACE    1:    A:    247 B:    104 C:    417 AB:    1 BC:    1 CA:    1	 *MESH_SMOOTHING 1 	*MESH_MTLID 0
			*MESH_FACE    2:    A:    436 B:    221 C:    101 AB:    1 BC:    1 CA:    1	 *MESH_SMOOTHING 1 	*MESH_MTLID 0
			*MESH_FACE    3:    A:    417 B:    345 C:    381 AB:    1 BC:    1 CA:    1	 *MESH_SMOOTHING 1 	*MESH_MTLID 0
			*MESH_FACE    4:    A:    136 B:    224 C:    223 AB:    1 BC:    1 CA:    1	 *MESH_SMOOTHING 1 	*MESH_MTLID 0
			*MESH_FACE    5:    A:    132 B:    147 C:    355 AB:    1 BC:    1 CA:    1	 *MESH_SMOOTHING 1 	*MESH_MTLID 0
			*MESH_FACE    6:    A:    97 B:    390 C:    271 AB:    1 BC:    1 CA:    1	 *MESH_SMOOTHING 1 	*MESH_MTLID 0
