*3DSMAX_ASCIIEXPORT	110
*COMMENT "[ GothicSourcer v3.14 ] - June 2007"
*SCENE {
	*SCENE_FILENAME "HUM_EBRS_ARMOR.MAX"
	*SCENE_FIRSTFRAME 0
	*SCENE_LASTFRAME 100
	*SCENE_FRAMESPEED 25
	*SCENE_TICKSPERFRAME 192
	*SCENE_BACKGROUND_STATIC 0	0	0
	*SCENE_AMBIENT_STATIC 0.2	0.2	0.2
}
*MATERIAL_LIST {
	*MATERIAL_COUNT 1
	*MATERIAL 0 {
		*MATERIAL_NAME "Compound Material #1"
		*MATERIAL_CLASS "Multi/Sub-Object"
		*NUMSUBMTLS 2
		*SUBMATERIAL 0 {
			*MATERIAL_NAME "NACKED_MUSCEL0"
			*MATERIAL_CLASS "Standard"
			*MATERIAL_AMBIENT 0.509804	0.407843	0.305882
			*MATERIAL_DIFFUSE 0.509804	0.407843	0.305882
			*MATERIAL_SPECULAR 0.9	0.9	0.9
			*MATERIAL_SHINE 0.1
			*MATERIAL_SHINESTRENGTH 0
			*MATERIAL_TRANSPARENCY 0
			*MATERIAL_WIRESIZE 1
			*MATERIAL_SHADING Blinn
			*MATERIAL_XP_FALLOFF 0
			*MATERIAL_SELFILLUM 0
			*MATERIAL_FALLOFF In
			*MATERIAL_XP_TYPE Filter
			*MAP_DIFFUSE {
				*MAP_NAME "Map #1-1"
				*MAP_CLASS "Bitmap"
				*MAP_SUBNO 1
				*MAP_AMOUNT 1
				*BITMAP "HUM_BODY_NAKED_V0_C0.TGA"
				*MAP_TYPE Screen
				*UVW_U_OFFSET 0
				*UVW_V_OFFSET 0
				*UVW_U_TILING 1
				*UVW_V_TILING 1
				*UVW_ANGLE 0
				*UVW_BLUR 1
				*UVW_BLUR_OFFSET 0
				*UVW_NOUSE_AMT 1
				*UVW_NOISE_SIZE 1
				*UVW_NOISE_LEVEL 1
				*UVW_NOISE_PHASE 0
				*BITMAP_FILTER Pyramidal
			}
		}
		*SUBMATERIAL 1 {
			*MATERIAL_NAME "ERZBH1"
			*MATERIAL_CLASS "Standard"
			*MATERIAL_AMBIENT 0.180392	0.141176	0.121569
			*MATERIAL_DIFFUSE 0.180392	0.141176	0.121569
			*MATERIAL_SPECULAR 0.9	0.9	0.9
			*MATERIAL_SHINE 0.1
			*MATERIAL_SHINESTRENGTH 0
			*MATERIAL_TRANSPARENCY 0
			*MATERIAL_WIRESIZE 1
			*MATERIAL_SHADING Blinn
			*MATERIAL_XP_FALLOFF 0
			*MATERIAL_SELFILLUM 0
			*MATERIAL_FALLOFF In
			*MATERIAL_XP_TYPE Filter
			*MAP_DIFFUSE {
				*MAP_NAME "Map #1-2"
				*MAP_CLASS "Bitmap"
				*MAP_SUBNO 1
				*MAP_AMOUNT 1
				*BITMAP "HUM_EBRS_ARMOR_V0.TGA"
				*MAP_TYPE Screen
				*UVW_U_OFFSET 0
				*UVW_V_OFFSET 0
				*UVW_U_TILING 1
				*UVW_V_TILING 1
				*UVW_ANGLE 0
				*UVW_BLUR 1
				*UVW_BLUR_OFFSET 0
				*UVW_NOUSE_AMT 1
				*UVW_NOISE_SIZE 1
				*UVW_NOISE_LEVEL 1
				*UVW_NOISE_PHASE 0
				*BITMAP_FILTER Pyramidal
			}
		}
	}
}
*HELPEROBJECT {
	*NODE_NAME "Bip01"
	*NODE_TM {
		*NODE_NAME "Bip01"
		*TM_ROW0 6.27438e-006	-1	0
		*TM_ROW1 1	6.27438e-006	0
		*TM_ROW2 -0	-0	1
		*TM_ROW3 0	-7.37745	99.9496
		*TM_POS 0	-7.37745	99.9496
		*TM_ROTAXIS 0	0	1
		*TM_ROTANGLE 1.57079
		*TM_SCALE 1	1	1
		*TM_SCALEAXIS 0	0	0
		*TM_SCALEAXISANG 0	0	0
	}
}
*HELPEROBJECT {
	*NODE_NAME "Bip01 Pelvis"
	*NODE_PARENT "Bip01"
	*NODE_TM {
		*NODE_NAME "Bip01 Pelvis"
		*TM_ROW0 -5.96046e-008	1.79264e-006	1
		*TM_ROW1 -1.79264e-006	-1	1.79264e-006
		*TM_ROW2 1	-1.79264e-006	-5.96046e-008
		*TM_ROW3 1e-005	-8.0113	99.9496
		*TM_POS 1e-005	-8.0113	99.9496
		*TM_ROTAXIS 0.707107	0	0.707107
		*TM_ROTANGLE 3.1416
		*TM_SCALE 1	1	1
		*TM_SCALEAXIS 0	0	0
		*TM_SCALEAXISANG 0	0	0
	}
}
*HELPEROBJECT {
	*NODE_NAME "Bip01 Spine"
	*NODE_PARENT "Bip01 Pelvis"
	*NODE_TM {
		*NODE_NAME "Bip01 Spine"
		*TM_ROW0 5.96047e-008	-0.0205947	0.999788
		*TM_ROW1 5.48642e-006	-0.999788	-0.0205947
		*TM_ROW2 1	5.48642e-006	5.96047e-008
		*TM_ROW3 1e-005	-7.92216	102.35
		*TM_POS 1e-005	-7.92216	102.35
		*TM_ROTAXIS 0.707088	-0.00727998	0.707088
		*TM_ROTANGLE 3.12703
		*TM_SCALE 1	1	1
		*TM_SCALEAXIS 0	0	0
		*TM_SCALEAXISANG 0	0	0
	}
}
*HELPEROBJECT {
	*NODE_NAME "Bip01 Spine1"
	*NODE_PARENT "Bip01 Spine"
	*NODE_TM {
		*NODE_NAME "Bip01 Spine1"
		*TM_ROW0 5.96047e-008	-0.00276992	0.999996
		*TM_ROW1 -1.92621e-006	-0.999996	-0.00276991
		*TM_ROW2 1	-1.92621e-006	5.96047e-008
		*TM_ROW3 1e-005	-8.11442	112.175
		*TM_POS 1e-005	-8.11442	112.175
		*TM_ROTAXIS 0.707106	-0.000979995	0.707107
		*TM_ROTANGLE 3.13964
		*TM_SCALE 1	1	1
		*TM_SCALEAXIS 0	0	0
		*TM_SCALEAXISANG 0	0	0
	}
}
*HELPEROBJECT {
	*NODE_NAME "Bip01 Spine2"
	*NODE_PARENT "Bip01 Spine1"
	*NODE_TM {
		*NODE_NAME "Bip01 Spine2"
		*TM_ROW0 5.96048e-008	0.180243	0.983622
		*TM_ROW1 1.67638e-006	-0.983622	0.180243
		*TM_ROW2 1	1.67638e-006	5.96047e-008
		*TM_ROW3 1e-005	-8.1264	124.961
		*TM_POS 1e-005	-8.1264	124.961
		*TM_ROTAXIS 0.705652	0.0641202	0.705652
		*TM_ROTANGLE 3.26966
		*TM_SCALE 1	1	1
		*TM_SCALEAXIS 0	0	0
		*TM_SCALEAXISANG 0	0	0
	}
}
*HELPEROBJECT {
	*NODE_NAME "Bip01 Neck"
	*NODE_PARENT "Bip01 Spine2"
	*NODE_TM {
		*NODE_NAME "Bip01 Neck"
		*TM_ROW0 5.96046e-007	-0.167043	0.98595
		*TM_ROW1 4.70132e-006	-0.98595	-0.167043
		*TM_ROW2 1	4.70132e-006	5.96047e-007
		*TM_ROW3 1.03264e-011	-2.71656	154.454
		*TM_POS 1.03264e-011	-2.71656	154.454
		*TM_ROTAXIS -0.70586	0.05937	-0.705859
		*TM_ROTANGLE 3.2602
		*TM_SCALE 1	1	1
		*TM_SCALEAXIS 0	0	0
		*TM_SCALEAXISANG 0	0	0
	}
}
*HELPEROBJECT {
	*NODE_NAME "Bip01 Head"
	*NODE_PARENT "Bip01 Neck"
	*NODE_TM {
		*NODE_NAME "Bip01 Head"
		*TM_ROW0 -5.96047e-008	1.76447e-006	1
		*TM_ROW1 -1.79264e-006	-1	1.80855e-006
		*TM_ROW2 1	-1.79264e-006	-5.96046e-008
		*TM_ROW3 2.27758e-011	-3.85901	161.198
		*TM_POS 2.27758e-011	-3.85901	161.198
		*TM_ROTAXIS -0.707107	-5.62215e-009	-0.707107
		*TM_ROTANGLE 3.14159
		*TM_SCALE 1	1	1
		*TM_SCALEAXIS 0	0	0
		*TM_SCALEAXISANG 0	0	0
	}
}
*HELPEROBJECT {
	*NODE_NAME "ZS_HELMET"
	*NODE_PARENT "Bip01 Head"
	*NODE_TM {
		*NODE_NAME "ZS_HELMET"
		*TM_ROW0 1	7.87298e-013	7.61567e-014
		*TM_ROW1 -1.53811e-013	0.996917	-0.0784593
		*TM_ROW2 -5.53111e-014	0.0784593	0.996918
		*TM_ROW3 1e-005	-7.06248	173.704
		*TM_POS 1e-005	-7.06248	173.704
		*TM_ROTAXIS 1	8.37809e-013	-5.99744e-012
		*TM_ROTANGLE 0.078541
		*TM_SCALE 1	1	1
		*TM_SCALEAXIS 0	0	0
		*TM_SCALEAXISANG 0	0	0
	}
}
*HELPEROBJECT {
	*NODE_NAME "Bip01 L Clavicle"
	*NODE_PARENT "Bip01 Neck"
	*NODE_TM {
		*NODE_NAME "Bip01 L Clavicle"
		*TM_ROW0 0.935229	-0.203893	-0.289439
		*TM_ROW1 0.156435	0.971369	-0.178803
		*TM_ROW2 0.317608	0.121943	0.940348
		*TM_ROW3 7.96399	-1.25804	148.729
		*TM_POS 7.96399	-1.25804	148.729
		*TM_ROTAXIS 0.391939	-0.791119	0.469589
		*TM_ROTANGLE 0.39376
		*TM_SCALE 1	1	1
		*TM_SCALEAXIS 0	0	0
		*TM_SCALEAXISANG 0	0	0
	}
}
*HELPEROBJECT {
	*NODE_NAME "Bip01 L UpperArm"
	*NODE_PARENT "Bip01 L Clavicle"
	*NODE_TM {
		*NODE_NAME "Bip01 L UpperArm"
		*TM_ROW0 0.246229	0.0989027	-0.964152
		*TM_ROW1 0.412789	0.889345	0.196649
		*TM_ROW2 0.876913	-0.446412	0.178157
		*TM_ROW3 20.4269	-3.97508	144.872
		*TM_POS 20.4269	-3.97508	144.872
		*TM_ROTAXIS -0.325561	-0.932072	0.15891
		*TM_ROTANGLE 1.41328
		*TM_SCALE 1	1	1
		*TM_SCALEAXIS 0	0	0
		*TM_SCALEAXISANG 0	0	0
	}
}
*HELPEROBJECT {
	*NODE_NAME "Bip01 L Forearm"
	*NODE_PARENT "Bip01 L UpperArm"
	*NODE_TM {
		*NODE_NAME "Bip01 L Forearm"
		*TM_ROW0 0.0455122	-0.291882	-0.955371
		*TM_ROW1 0.478489	0.845886	-0.235638
		*TM_ROW2 0.876913	-0.44641	0.17816
		*TM_ROW3 27.2982	-1.21526	117.966
		*TM_POS 27.2982	-1.21526	117.966
		*TM_ROTAXIS -0.10545	-0.916697	0.385419
		*TM_ROTANGLE 1.53601
		*TM_SCALE 1	1	1
		*TM_SCALEAXIS 0	0	0
		*TM_SCALEAXISANG 0	0	0
	}
}
*HELPEROBJECT {
	*NODE_NAME "Bip01 L Hand"
	*NODE_PARENT "Bip01 L Forearm"
	*NODE_TM {
		*NODE_NAME "Bip01 L Hand"
		*TM_ROW0 0.0455132	-0.291886	-0.95537
		*TM_ROW1 -0.876533	0.44708	-0.17835
		*TM_ROW2 0.479185	0.845531	-0.2355
		*TM_ROW3 28.5642	-9.33438	91.391
		*TM_POS 28.5642	-9.33438	91.391
		*TM_ROTAXIS 0.551391	-0.772552	-0.314851
		*TM_ROTANGLE 1.95137
		*TM_SCALE 1	1	1
		*TM_SCALEAXIS 0	0	0
		*TM_SCALEAXISANG 0	0	0
	}
}
*HELPEROBJECT {
	*NODE_NAME "Bip01 L Finger0"
	*NODE_PARENT "Bip01 L Hand"
	*NODE_TM {
		*NODE_NAME "Bip01 L Finger0"
		*TM_ROW0 0.0455153	-0.291888	-0.955369
		*TM_ROW1 -0.876915	0.446405	-0.178165
		*TM_ROW2 0.478485	0.845886	-0.235643
		*TM_ROW3 29.15	-13.0909	79.0956
		*TM_POS 29.15	-13.0909	79.0956
		*TM_ROTAXIS 0.551581	-0.772311	-0.31511
		*TM_ROTANGLE 1.95181
		*TM_SCALE 1	1	1
		*TM_SCALEAXIS 0	0	0
		*TM_SCALEAXISANG 0	0	0
	}
}
*HELPEROBJECT {
	*NODE_NAME "ZS_LEFTHAND"
	*NODE_PARENT "Bip01 L Hand"
	*NODE_TM {
		*NODE_NAME "ZS_LEFTHAND"
		*TM_ROW0 0.435606	0.890062	-0.134303
		*TM_ROW1 0.180312	-0.232461	-0.955745
		*TM_ROW2 -0.881893	0.392112	-0.261751
		*TM_ROW3 26.7605	-11.5467	82.7857
		*TM_POS 26.7605	-11.5467	82.7857
		*TM_ROTAXIS 0.794322	0.440571	-0.418271
		*TM_ROTANGLE 2.12858
		*TM_SCALE 1	1	1
		*TM_SCALEAXIS 0	0	0
		*TM_SCALEAXISANG 0	0	0
	}
}
*HELPEROBJECT {
	*NODE_NAME "ZS_LEFTARM"
	*NODE_PARENT "Bip01 L Forearm"
	*NODE_TM {
		*NODE_NAME "ZS_LEFTARM"
		*TM_ROW0 0.0759923	-0.150176	-0.985735
		*TM_ROW1 0.524499	0.846792	-0.0885737
		*TM_ROW2 0.848013	-0.510286	0.143117
		*TM_ROW3 26.9101	-7.67833	110.055
		*TM_POS 26.9101	-7.67833	110.055
		*TM_ROTAXIS -0.21097	-0.917372	0.337521
		*TM_ROTANGLE 1.53784
		*TM_SCALE 1	1	1
		*TM_SCALEAXIS 0	0	0
		*TM_SCALEAXISANG 0	0	0
	}
}
*HELPEROBJECT {
	*NODE_NAME "Bip01 R Clavicle"
	*NODE_PARENT "Bip01 Neck"
	*NODE_TM {
		*NODE_NAME "Bip01 R Clavicle"
		*TM_ROW0 -0.935227	-0.203899	-0.28944
		*TM_ROW1 -0.156442	0.971369	-0.178799
		*TM_ROW2 0.317609	-0.121937	-0.940349
		*TM_ROW3 -7.96398	-1.25806	148.729
		*TM_POS -7.96398	-1.25806	148.729
		*TM_ROTAXIS -0.0929799	0.992639	-0.0776
		*TM_ROTANGLE 3.45235
		*TM_SCALE 1	1	1
		*TM_SCALEAXIS 0	0	0
		*TM_SCALEAXISANG 0	0	0
	}
}
*HELPEROBJECT {
	*NODE_NAME "Bip01 R UpperArm"
	*NODE_PARENT "Bip01 R Clavicle"
	*NODE_TM {
		*NODE_NAME "Bip01 R UpperArm"
		*TM_ROW0 -0.246232	0.0988932	-0.964153
		*TM_ROW1 -0.412793	0.889345	0.196642
		*TM_ROW2 0.876911	0.446415	-0.178163
		*TM_ROW3 -20.4269	-3.97513	144.872
		*TM_POS -20.4269	-3.97513	144.872
		*TM_ROTAXIS 0.12961	-0.955353	-0.265521
		*TM_ROTANGLE 1.84162
		*TM_SCALE 1	1	1
		*TM_SCALEAXIS 0	0	0
		*TM_SCALEAXISANG 0	0	0
	}
}
*HELPEROBJECT {
	*NODE_NAME "Bip01 R Forearm"
	*NODE_PARENT "Bip01 R UpperArm"
	*NODE_TM {
		*NODE_NAME "Bip01 R Forearm"
		*TM_ROW0 -0.0455087	-0.291889	-0.955369
		*TM_ROW1 -0.478487	0.845885	-0.235646
		*TM_ROW2 0.876914	0.446408	-0.17816
		*TM_ROW3 -27.2982	-1.21534	117.966
		*TM_POS -27.2982	-1.21534	117.966
		*TM_ROTAXIS 0.347279	-0.932937	-0.0950097
		*TM_ROTANGLE 1.76083
		*TM_SCALE 1	1	1
		*TM_SCALEAXIS 0	0	0
		*TM_SCALEAXISANG 0	0	0
	}
}
*HELPEROBJECT {
	*NODE_NAME "Bip01 R Hand"
	*NODE_PARENT "Bip01 R Forearm"
	*NODE_TM {
		*NODE_NAME "Bip01 R Hand"
		*TM_ROW0 -0.0455115	-0.291885	-0.95537
		*TM_ROW1 0.87653	0.447088	-0.17835
		*TM_ROW2 0.479192	-0.845527	0.235499
		*TM_ROW3 -28.5642	-9.33445	91.391
		*TM_POS -28.5642	-9.33445	91.391
		*TM_ROTAXIS -0.33922	-0.72939	0.59407
		*TM_ROTANGLE 1.75327
		*TM_SCALE 1	1	1
		*TM_SCALEAXIS 0	0	0
		*TM_SCALEAXISANG 0	0	0
	}
}
*HELPEROBJECT {
	*NODE_NAME "Bip01 R Finger0"
	*NODE_PARENT "Bip01 R Hand"
	*NODE_TM {
		*NODE_NAME "Bip01 R Finger0"
		*TM_ROW0 -0.0455056	-0.291877	-0.955373
		*TM_ROW1 0.876914	0.446413	-0.178152
		*TM_ROW2 0.478489	-0.845886	0.235636
		*TM_ROW3 -29.1499	-13.0909	79.0956
		*TM_POS -29.1499	-13.0909	79.0956
		*TM_ROTAXIS -0.33952	-0.729071	0.594291
		*TM_ROTANGLE 1.75354
		*TM_SCALE 1	1	1
		*TM_SCALEAXIS 0	0	0
		*TM_SCALEAXISANG 0	0	0
	}
}
*HELPEROBJECT {
	*NODE_NAME "ZS_RIGHTHAND"
	*NODE_PARENT "Bip01 R Hand"
	*NODE_TM {
		*NODE_NAME "ZS_RIGHTHAND"
		*TM_ROW0 -0.464344	0.856417	-0.225687
		*TM_ROW1 0.177861	0.339806	0.923525
		*TM_ROW2 0.867612	0.388692	-0.31011
		*TM_ROW3 -20.9389	-19.9852	85.8932
		*TM_POS -20.9389	-19.9852	85.8932
		*TM_ROTAXIS 0.383811	0.784581	0.486951
		*TM_ROTANGLE 3.91244
		*TM_SCALE 1	1	1
		*TM_SCALEAXIS 0	0	0
		*TM_SCALEAXISANG 0	0	0
	}
}
*HELPEROBJECT {
	*NODE_NAME "ZS_CROSSBOW"
	*NODE_PARENT "Bip01 Spine2"
	*NODE_TM {
		*NODE_NAME "ZS_CROSSBOW"
		*TM_ROW0 -0.382687	-0.111464	0.91713
		*TM_ROW1 -0.923878	0.0461715	-0.379891
		*TM_ROW2 -1.2517e-006	-0.992695	-0.120648
		*TM_ROW3 -14.434	10.5915	165.98
		*TM_POS -14.434	10.5915	165.98
		*TM_ROTAXIS -0.447329	0.669479	-0.593039
		*TM_ROTANGLE 2.38705
		*TM_SCALE 1	1	1
		*TM_SCALEAXIS 0	0	0
		*TM_SCALEAXISANG 0	0	0
	}
}
*HELPEROBJECT {
	*NODE_NAME "ZS_LONGSWORD"
	*NODE_PARENT "Bip01 Spine2"
	*NODE_TM {
		*NODE_NAME "ZS_LONGSWORD"
		*TM_ROW0 -0.499829	-0.0915011	0.861277
		*TM_ROW1 -0.865729	0.0828188	-0.493614
		*TM_ROW2 -0.0261636	-0.992355	-0.12061
		*TM_ROW3 -18.1593	6.92629	157.64
		*TM_POS -18.1593	6.92629	157.64
		*TM_ROTAXIS -0.38996	0.69388	-0.60536
		*TM_ROTANGLE 2.44778
		*TM_SCALE 1	1	1
		*TM_SCALEAXIS 0	0	0
		*TM_SCALEAXISANG 0	0	0
	}
}
*HELPEROBJECT {
	*NODE_NAME "ZS_SHIELD"
	*NODE_PARENT "Bip01 Spine2"
	*NODE_TM {
		*NODE_NAME "ZS_SHIELD"
		*TM_ROW0 -0.0138681	0.114196	-0.993362
		*TM_ROW1 -0.908393	0.413755	0.0602465
		*TM_ROW2 0.417888	0.903198	0.0979964
		*TM_ROW3 8.76511	9.5282	131.875
		*TM_POS 8.76511	9.5282	131.875
		*TM_ROTAXIS 0.435421	-0.728972	-0.528212
		*TM_ROTANGLE 1.82457
		*TM_SCALE 1	1	1
		*TM_SCALEAXIS 0	0	0
		*TM_SCALEAXISANG 0	0	0
	}
}
*HELPEROBJECT {
	*NODE_NAME "ZS_BOW"
	*NODE_PARENT "Bip01 Spine2"
	*NODE_TM {
		*NODE_NAME "ZS_BOW"
		*TM_ROW0 -0.341816	-0.0868229	0.935748
		*TM_ROW1 0.0119438	0.995242	0.0967059
		*TM_ROW2 -0.939691	0.044232	-0.339153
		*TM_ROW3 0.5012	12.4143	124.55
		*TM_POS 0.5012	12.4143	124.55
		*TM_ROTAXIS -0.0279299	0.998227	0.0525698
		*TM_ROTANGLE 1.92076
		*TM_SCALE 1	1	1
		*TM_SCALEAXIS 0	0	0
		*TM_SCALEAXISANG 0	0	0
	}
}
*HELPEROBJECT {
	*NODE_NAME "ZS_SWORD"
	*NODE_PARENT "Bip01 Spine"
	*NODE_TM {
		*NODE_NAME "ZS_SWORD"
		*TM_ROW0 5.79282e-007	-0.347172	0.937802
		*TM_ROW1 1.04309e-007	0.937802	0.347172
		*TM_ROW2 -1	-1.04308e-007	5.79283e-007
		*TM_ROW3 17.5015	-4.36211	106.367
		*TM_POS 17.5015	-4.36211	106.367
		*TM_ROTAXIS -0.17367	0.96937	0.17367
		*TM_ROTANGLE 1.6019
		*TM_SCALE 1	1	1
		*TM_SCALEAXIS 0	0	0
		*TM_SCALEAXISANG 0	0	0
	}
}
*HELPEROBJECT {
	*NODE_NAME "Bip01 L Thigh"
	*NODE_PARENT "Bip01 Pelvis"
	*NODE_TM {
		*NODE_NAME "Bip01 L Thigh"
		*TM_ROW0 0.0534878	-0.0367886	-0.997891
		*TM_ROW1 -0.00216181	-0.999323	0.0367256
		*TM_ROW2 -0.998566	0.000192882	-0.0535313
		*TM_ROW3 9.01023	-8.01129	99.9496
		*TM_POS 9.01023	-8.01129	99.9496
		*TM_ROTAXIS 0.72572	-0.01342	-0.68786
		*TM_ROTANGLE 3.16677
		*TM_SCALE 1	1	1
		*TM_SCALEAXIS 0	0	0
		*TM_SCALEAXISANG 0	0	0
	}
}
*HELPEROBJECT {
	*NODE_NAME "Bip01 L Calf"
	*NODE_PARENT "Bip01 L Thigh"
	*NODE_TM {
		*NODE_NAME "Bip01 L Calf"
		*TM_ROW0 0.0525131	0.197552	-0.978885
		*TM_ROW1 0.0103904	-0.980292	-0.197278
		*TM_ROW2 -0.998566	0.000188708	-0.0535307
		*TM_ROW3 11.1149	-9.45845	60.6877
		*TM_POS 11.1149	-9.45845	60.6877
		*TM_ROTAXIS 0.723901	0.0721501	-0.686121
		*TM_ROTANGLE 3.00478
		*TM_SCALE 1	1	1
		*TM_SCALEAXIS 0	0	0
		*TM_SCALEAXISANG 0	0	0
	}
}
*HELPEROBJECT {
	*NODE_NAME "Bip01 L Foot"
	*NODE_PARENT "Bip01 L Calf"
	*NODE_TM {
		*NODE_NAME "Bip01 L Foot"
		*TM_ROW0 -5.93318e-007	7.27489e-006	-1
		*TM_ROW1 0.173652	-0.984807	-7.26412e-006
		*TM_ROW2 -0.984807	-0.173652	-5.97767e-007
		*TM_ROW3 13.6935	0.240668	12.6267
		*TM_POS 13.6935	0.240668	12.6267
		*TM_ROTAXIS 0.705757	0.0617498	-0.705757
		*TM_ROTANGLE 3.26493
		*TM_SCALE 1	1	1
		*TM_SCALEAXIS 0	0	0
		*TM_SCALEAXISANG 0	0	0
	}
}
*HELPEROBJECT {
	*NODE_NAME "Bip01 L Toe0"
	*NODE_PARENT "Bip01 L Foot"
	*NODE_TM {
		*NODE_NAME "Bip01 L Toe0"
		*TM_ROW0 0.173646	-0.984808	5.05914e-006
		*TM_ROW1 5.06367e-006	5.91264e-006	1
		*TM_ROW2 -0.984808	-0.173646	5.92894e-006
		*TM_ROW3 17.6256	-22.0591	5.26591e-006
		*TM_POS 17.6256	-22.0591	5.26591e-006
		*TM_ROTAXIS -0.644398	0.540718	0.540718
		*TM_ROTANGLE 1.99673
		*TM_SCALE 1	1	1
		*TM_SCALEAXIS 0	0	0
		*TM_SCALEAXISANG 0	0	0
	}
}
*HELPEROBJECT {
	*NODE_NAME "Bip01 R Thigh"
	*NODE_PARENT "Bip01 Pelvis"
	*NODE_TM {
		*NODE_NAME "Bip01 R Thigh"
		*TM_ROW0 -0.0535034	-0.0367749	-0.99789
		*TM_ROW1 0.00205776	-0.999324	0.0367174
		*TM_ROW2 -0.998566	-8.89041e-005	0.0535432
		*TM_ROW3 -9.01021	-8.01132	99.9496
		*TM_POS -9.01021	-8.01132	99.9496
		*TM_ROTAXIS 0.687862	-0.01262	-0.725732
		*TM_ROTANGLE 3.16835
		*TM_SCALE 1	1	1
		*TM_SCALEAXIS 0	0	0
		*TM_SCALEAXISANG 0	0	0
	}
}
*HELPEROBJECT {
	*NODE_NAME "Bip01 R Calf"
	*NODE_PARENT "Bip01 R Thigh"
	*NODE_TM {
		*NODE_NAME "Bip01 R Calf"
		*TM_ROW0 -0.0525025	0.197539	-0.978888
		*TM_ROW1 -0.0104967	-0.980295	-0.19726
		*TM_ROW2 -0.998566	-8.16064e-005	0.0535415
		*TM_ROW3 -11.1154	-9.45856	60.6878
		*TM_POS -11.1154	-9.45856	60.6878
		*TM_ROTAXIS 0.686298	0.0684898	-0.724088
		*TM_ROTANGLE 2.99744
		*TM_SCALE 1	1	1
		*TM_SCALEAXIS 0	0	0
		*TM_SCALEAXISANG 0	0	0
	}
}
*HELPEROBJECT {
	*NODE_NAME "Bip01 R Foot"
	*NODE_PARENT "Bip01 R Calf"
	*NODE_TM {
		*NODE_NAME "Bip01 R Foot"
		*TM_ROW0 -5.86373e-007	-7.29557e-006	-1
		*TM_ROW1 -0.173652	-0.984807	7.26572e-006
		*TM_ROW2 -0.984807	0.173652	-5.93781e-007
		*TM_ROW3 -13.6935	0.24065	12.6267
		*TM_POS -13.6935	0.24065	12.6267
		*TM_ROTAXIS 0.705757	-0.0617498	-0.705757
		*TM_ROTANGLE 3.01826
		*TM_SCALE 1	1	1
		*TM_SCALEAXIS 0	0	0
		*TM_SCALEAXISANG 0	0	0
	}
}
*HELPEROBJECT {
	*NODE_NAME "Bip01 R Toe0"
	*NODE_PARENT "Bip01 R Foot"
	*NODE_TM {
		*NODE_NAME "Bip01 R Toe0"
		*TM_ROW0 -0.173651	-0.984807	3.52553e-006
		*TM_ROW1 3.507e-006	3.07854e-006	1
		*TM_ROW2 -0.984807	0.173651	3.0421e-006
		*TM_ROW3 -17.6255	-22.0592	2.91014e-005
		*TM_POS -17.6255	-22.0592	2.91014e-005
		*TM_ROTAXIS -0.510271	0.608121	0.608121
		*TM_ROTANGLE 2.19793
		*TM_SCALE 1	1	1
		*TM_SCALEAXIS 0	0	0
		*TM_SCALEAXISANG 0	0	0
	}
}
*HELPEROBJECT {
	*NODE_NAME "Dummy"
	*NODE_PARENT "Bip01 L Finger0"
	*NODE_TM {
		*NODE_NAME "Dummy"
		*TM_ROW0 -1	-0	0
		*TM_ROW1 -0	-1	0
		*TM_ROW2 -0	-0	1
		*TM_ROW3 29.4428	-14.9691	72.9478
		*TM_POS 29.4428	-14.9691	72.9478
		*TM_ROTAXIS 0	0	-1
		*TM_ROTANGLE 3.14159
		*TM_SCALE 1	1	1
		*TM_SCALEAXIS 0	0	0
		*TM_SCALEAXISANG 0	0	0
	}
}
*HELPEROBJECT {
	*NODE_NAME "Dummy1"
	*NODE_PARENT "Bip01 R Finger0"
	*NODE_TM {
		*NODE_NAME "Dummy1"
		*TM_ROW0 -1	-0	0
		*TM_ROW1 -0	-1	0
		*TM_ROW2 -0	-0	1
		*TM_ROW3 -29.4428	-14.9692	72.9478
		*TM_POS -29.4428	-14.9692	72.9478
		*TM_ROTAXIS 0	0	-1
		*TM_ROTANGLE 3.14159
		*TM_SCALE 1	1	1
		*TM_SCALEAXIS 0	0	0
		*TM_SCALEAXISANG 0	0	0
	}
}
*HELPEROBJECT {
	*NODE_NAME "Dummy2"
	*NODE_PARENT "Bip01 L Toe0"
	*NODE_TM {
		*NODE_NAME "Dummy2"
		*TM_ROW0 -1	-0	0
		*TM_ROW1 -0	-1	0
		*TM_ROW2 -0	-0	1
		*TM_ROW3 19.5916	-33.209	-6.31335
		*TM_POS 19.5916	-33.209	-6.31335
		*TM_ROTAXIS 0	0	-1
		*TM_ROTANGLE 3.14159
		*TM_SCALE 1	1	1
		*TM_SCALEAXIS 0	0	0
		*TM_SCALEAXISANG 0	0	0
	}
}
*HELPEROBJECT {
	*NODE_NAME "Dummy3"
	*NODE_PARENT "Bip01 R Toe0"
	*NODE_TM {
		*NODE_NAME "Dummy3"
		*TM_ROW0 -1	-0	0
		*TM_ROW1 -0	-1	0
		*TM_ROW2 -0	-0	1
		*TM_ROW3 -19.5915	-33.2091	-6.31333
		*TM_POS -19.5915	-33.2091	-6.31333
		*TM_ROTAXIS 0	0	-1
		*TM_ROTANGLE 3.14159
		*TM_SCALE 1	1	1
		*TM_SCALEAXIS 0	0	0
		*TM_SCALEAXISANG 0	0	0
	}
}
*GEOMOBJECT {
	*NODE_NAME "zm_Skin"
	*NODE_PARENT "Bip01"
	*NODE_TM {
		*NODE_NAME "zm_Skin"
		*TM_ROW0 -1	-0	0
		*TM_ROW1 -0	-1	0
		*TM_ROW2 -0	-0	1
		*TM_ROW3 -0	-0	0
		*TM_POS -0	-0	0
		*TM_ROTAXIS 0	0	-1
		*TM_ROTANGLE 3.14159
		*TM_SCALE 1	1	1
		*TM_SCALEAXIS 0	0	0
		*TM_SCALEAXISANG 0	0	0
	}
	*MATERIAL_REF 0
	*MESH_SOFTSKIN {
		*TIMEVALUE 0
		*MESH_NUMVERTEX 421
		*MESH_NUMFACES 746
		*MESH_VERTEX_LIST {
			*MESH_VERTEX 0	7.04028	10.053	66.4625
			*MESH_VERTEX 1	-13.408	-18.6948	118.914
			*MESH_VERTEX 2	17.0058	-23.7698	72.4358
			*MESH_VERTEX 3	0.0071	7.23547	174.571
			*MESH_VERTEX 4	-16.4582	-6.97448	125.067
			*MESH_VERTEX 5	13.0617	7.30329	121.534
			*MESH_VERTEX 6	14.9637	12.9234	13.2074
			*MESH_VERTEX 7	8.73001	-15.777	42.5375
			*MESH_VERTEX 8	23.24	-15.8134	-0.436234
			*MESH_VERTEX 9	-0.0288499	-5.94848	93.3013
			*MESH_VERTEX 10	-25.585	-16.4652	151.924
			*MESH_VERTEX 11	13.4198	-18.7651	119.4
			*MESH_VERTEX 12	11.2724	5.70026	46.7774
			*MESH_VERTEX 13	-11.7681	-12.7715	33.7527
			*MESH_VERTEX 14	-3.96822	0.43842	81.4673
			*MESH_VERTEX 15	-3.41705	-20.2126	84.5615
			*MESH_VERTEX 16	12.348	-11.0666	34.2249
			*MESH_VERTEX 17	3.83895	1.54161	82.1041
			*MESH_VERTEX 18	4.52469	-18.8608	84.1051
			*MESH_VERTEX 19	-19.0943	-17.2488	77.0042
			*MESH_VERTEX 20	-21.6362	-7.43816	113.566
			*MESH_VERTEX 21	-38.2334	3.06667	107.95
			*MESH_VERTEX 22	19.4507	-16.8071	76.7456
			*MESH_VERTEX 23	21.9581	-6.99691	113.269
			*MESH_VERTEX 24	38.549	3.4877	107.616
			*MESH_VERTEX 25	11.7913	9.18133	1.74792
			*MESH_VERTEX 26	14.6269	-7.49879	15.8645
			*MESH_VERTEX 27	-26.1332	4.98488	107.852
			*MESH_VERTEX 28	-19.8441	-5.46638	124.189
			*MESH_VERTEX 29	-29.8684	8.00771	128.952
			*MESH_VERTEX 30	26.1356	4.92484	107.647
			*MESH_VERTEX 31	19.8742	-5.4263	124.003
			*MESH_VERTEX 32	29.914	8.04341	128.746
			*MESH_VERTEX 33	-14.8004	12.819	12.7629
			*MESH_VERTEX 34	-12.3487	-12.0753	26.9823
			*MESH_VERTEX 35	-11.447	-15.9017	10.7611
			*MESH_VERTEX 36	18.0796	-1.47007	30.2264
			*MESH_VERTEX 37	-22.7063	-16.1142	-1.04153
			*MESH_VERTEX 38	-9.5638	-12.9126	6.77353
			*MESH_VERTEX 39	-23.3448	-1.63223	11.5269
			*MESH_VERTEX 40	-3.17243	-2.10065	9.8997
			*MESH_VERTEX 41	-8.45458	-17.3707	42.0938
			*MESH_VERTEX 42	-12.2308	-3.36789	32.9342
			*MESH_VERTEX 43	-3.87093	-1.24271	45.9346
			*MESH_VERTEX 44	12.3307	4.42442	33.5768
			*MESH_VERTEX 45	-12.6815	2.64899	33.8348
			*MESH_VERTEX 46	-6.12559	0.240561	28.9695
			*MESH_VERTEX 47	0.01294	4.39257	125.093
			*MESH_VERTEX 48	0.00711	-0.0143087	163.034
			*MESH_VERTEX 49	-38.8397	-4.86913	152.296
			*MESH_VERTEX 50	24.1763	-0.535012	12.0664
			*MESH_VERTEX 51	10.6679	-15.6665	10.5769
			*MESH_VERTEX 52	12.5489	-11.7627	26.9427
			*MESH_VERTEX 53	24.779	9.0419	143.975
			*MESH_VERTEX 54	33.8309	7.92468	149.346
			*MESH_VERTEX 55	17.4178	-8.90291	84.3615
			*MESH_VERTEX 56	9.70245	-12.4888	6.61951
			*MESH_VERTEX 57	16.2666	-21.6644	3.94936
			*MESH_VERTEX 58	-16.0291	-22.0229	3.71132
			*MESH_VERTEX 59	-16.5041	-9.34536	84.338
			*MESH_VERTEX 60	11.7947	2.36441	119.186
			*MESH_VERTEX 61	-12.2918	2.19242	118.743
			*MESH_VERTEX 62	-17.6507	7.53961	138.804
			*MESH_VERTEX 63	-14.2149	-9.76308	136.747
			*MESH_VERTEX 64	-16.5131	-4.55982	122.896
			*MESH_VERTEX 65	-23.327	-12.2758	68.3233
			*MESH_VERTEX 66	-7.12313	12.175	12.771
			*MESH_VERTEX 67	-18.7322	-14.8138	11.5741
			*MESH_VERTEX 68	37.7952	5.53263	128.842
			*MESH_VERTEX 69	23.2115	-14.9154	142.283
			*MESH_VERTEX 70	17.8365	-14.7057	11.3291
			*MESH_VERTEX 71	15.6648	-6.98124	116.965
			*MESH_VERTEX 72	15.4476	-9.64192	138.037
			*MESH_VERTEX 73	16.7853	-4.58452	123.24
			*MESH_VERTEX 74	24.0323	11.1445	127.655
			*MESH_VERTEX 75	25.2373	7.29069	107.489
			*MESH_VERTEX 76	-24.9162	6.86758	107.818
			*MESH_VERTEX 77	29.2251	-10.7605	124.067
			*MESH_VERTEX 78	7.35678	1.65556	156.346
			*MESH_VERTEX 79	0.04667	-10.5085	148.13
			*MESH_VERTEX 80	-7.1353	1.39545	156.255
			*MESH_VERTEX 81	4.74694	-8.38519	162.943
			*MESH_VERTEX 82	30.2839	-8.51007	125.406
			*MESH_VERTEX 83	33.2682	-7.52793	111.601
			*MESH_VERTEX 84	21.9039	-5.46882	111.829
			*MESH_VERTEX 85	-30.2552	-8.54308	125.598
			*MESH_VERTEX 86	-33.2693	-7.47707	111.791
			*MESH_VERTEX 87	-21.9009	-5.42093	112.011
			*MESH_VERTEX 88	20.1968	-9.71047	43.767
			*MESH_VERTEX 89	12.0533	-3.78794	33.7519
			*MESH_VERTEX 90	37.7021	-4.95939	153.393
			*MESH_VERTEX 91	-34.4329	-10.0485	113.279
			*MESH_VERTEX 92	34.7496	-9.61463	112.964
			*MESH_VERTEX 93	-14.0368	7.08192	121.082
			*MESH_VERTEX 94	-13.2862	-21.8123	120.72
			*MESH_VERTEX 95	-16.4702	-7.09113	116.422
			*MESH_VERTEX 96	9.59283	1.11916	116.703
			*MESH_VERTEX 97	-11.1019	8.69228	1.75904
			*MESH_VERTEX 98	-29.1699	-10.8856	123.745
			*MESH_VERTEX 99	-25.4414	12.3829	141.862
			*MESH_VERTEX 100	-37.8415	5.44418	128.028
			*MESH_VERTEX 101	-23.8835	11.2456	126.875
			*MESH_VERTEX 102	0.00711	-25.6887	146.582
			*MESH_VERTEX 103	23.6063	-8.61786	69.6367
			*MESH_VERTEX 104	36.4037	1.13122	108.06
			*MESH_VERTEX 105	-36.4059	1.1889	108.257
			*MESH_VERTEX 106	-17.6989	-1.76209	28.974
			*MESH_VERTEX 107	-18.702	-11.036	50.9948
			*MESH_VERTEX 108	-16.932	-3.26724	32.2743
			*MESH_VERTEX 109	-3.54224	0.409439	166.721
			*MESH_VERTEX 110	-4.78372	-8.16374	162.86
			*MESH_VERTEX 111	-15.4737	-25.2906	72.9469
			*MESH_VERTEX 112	-19.7045	-0.514769	45.7087
			*MESH_VERTEX 113	11.7771	-16.541	117.079
			*MESH_VERTEX 114	-12.2166	-15.7048	125.301
			*MESH_VERTEX 115	7.30043	12.2992	12.6259
			*MESH_VERTEX 116	0.0071	15.9493	171.588
			*MESH_VERTEX 117	3.7801	0.165129	166.73
			*MESH_VERTEX 118	30.2949	8.0274	162.483
			*MESH_VERTEX 119	-30.7524	-14.4945	145.44
			*MESH_VERTEX 120	-27.874	-7.53682	76.1572
			*MESH_VERTEX 121	28.2304	-7.09507	75.8986
			*MESH_VERTEX 122	28.6085	-20.7652	81.0676
			*MESH_VERTEX 123	35.5192	-11.7131	79.0467
			*MESH_VERTEX 124	-11.4334	6.4509	29.3254
			*MESH_VERTEX 125	-28.2521	-21.207	81.3263
			*MESH_VERTEX 126	-35.1613	-12.1487	79.3255
			*MESH_VERTEX 127	-11.934	-16.665	116.683
			*MESH_VERTEX 128	-7.22241	0.41539	13.1518
			*MESH_VERTEX 129	-14.7504	-7.92053	15.7535
			*MESH_VERTEX 130	13.4617	-21.4779	121.257
			*MESH_VERTEX 131	0.00087	-21.4251	125.487
			*MESH_VERTEX 132	3.80284	-1.13458	45.8207
			*MESH_VERTEX 133	14.7603	1.65117	132.167
			*MESH_VERTEX 134	21.3316	6.67659	136.772
			*MESH_VERTEX 135	-11.6067	4.24919	46.9194
			*MESH_VERTEX 136	12.6446	-18.8193	85.3773
			*MESH_VERTEX 137	18.7395	-6.40835	122.16
			*MESH_VERTEX 138	15.6867	-6.51223	125.604
			*MESH_VERTEX 139	3.02618	-1.52128	9.16561
			*MESH_VERTEX 140	11.494	6.73008	29.4882
			*MESH_VERTEX 141	-7.92426	-1.49329	30.5945
			*MESH_VERTEX 142	-12.0247	-20.0833	64.0341
			*MESH_VERTEX 143	6.23331	0.525398	29.1181
			*MESH_VERTEX 144	-31.451	8.57876	161.504
			*MESH_VERTEX 145	-33.0718	3.41029	145.815
			*MESH_VERTEX 146	-19.3318	-6.74934	121.457
			*MESH_VERTEX 147	-3.54571	-10.1579	49.4529
			*MESH_VERTEX 148	-11.5495	-20.5854	85.9914
			*MESH_VERTEX 149	30.1103	-14.5287	146.21
			*MESH_VERTEX 150	-10.4152	1.94817	124.994
			*MESH_VERTEX 151	17.9149	-7.80619	119.486
			*MESH_VERTEX 152	22.0748	6.01135	126.806
			*MESH_VERTEX 153	-22.0328	5.97055	127.004
			*MESH_VERTEX 154	-18.1836	-8.35998	118.811
			*MESH_VERTEX 155	7.97644	0.0247881	30.7086
			*MESH_VERTEX 156	-15.052	-17.2084	42.1787
			*MESH_VERTEX 157	37.7652	-4.71212	126.771
			*MESH_VERTEX 158	-10.432	1.05924	116.368
			*MESH_VERTEX 159	-34.9636	8.03226	148.57
			*MESH_VERTEX 160	16.5294	-3.34642	32.0899
			*MESH_VERTEX 161	-14.5633	-13.4759	132.518
			*MESH_VERTEX 162	-24.514	-15.1125	93.7587
			*MESH_VERTEX 163	-6.31509	8.81625	66.2257
			*MESH_VERTEX 164	24.8497	-14.6861	93.4348
			*MESH_VERTEX 165	12.2944	-21.7885	0.033316
			*MESH_VERTEX 166	7.27282	0.926608	13.1532
			*MESH_VERTEX 167	-37.5312	-4.70173	126.264
			*MESH_VERTEX 168	-10.8691	0.9568	81.694
			*MESH_VERTEX 169	14.9281	-21.9383	144.117
			*MESH_VERTEX 170	-11.8434	-22.1594	0.0235693
			*MESH_VERTEX 171	13.3463	-18.003	64.0854
			*MESH_VERTEX 172	18.7412	-9.34234	50.695
			*MESH_VERTEX 173	-11.6578	1.43937	51.7534
			*MESH_VERTEX 174	18.0369	-13.7697	86.7218
			*MESH_VERTEX 175	-17.6791	-14.21	86.9841
			*MESH_VERTEX 176	-23.4094	-15.3773	141.995
			*MESH_VERTEX 177	-17.6814	-13.6283	137.611
			*MESH_VERTEX 178	21.1396	10.6755	135.418
			*MESH_VERTEX 179	19.1754	2.50957	14.1393
			*MESH_VERTEX 180	17.5147	-13.5427	133.907
			*MESH_VERTEX 181	20.5388	-9.66259	6.983
			*MESH_VERTEX 182	-20.3817	-10.0053	6.5367
			*MESH_VERTEX 183	-24.4083	-7.64502	91.4842
			*MESH_VERTEX 184	24.7469	-7.21967	91.1692
			*MESH_VERTEX 185	18.3268	6.71608	-0.486834
			*MESH_VERTEX 186	0.00705	-8.26464	124.453
			*MESH_VERTEX 187	-17.5633	6.38469	-0.742811
			*MESH_VERTEX 188	-36.1425	4.50669	122.034
			*MESH_VERTEX 189	-33.9935	-3.85336	127.192
			*MESH_VERTEX 190	36.1827	4.5243	121.793
			*MESH_VERTEX 191	34.0275	-3.82195	126.991
			*MESH_VERTEX 192	-33.033	-6.7115	85.0611
			*MESH_VERTEX 193	33.3925	-6.26851	84.8082
			*MESH_VERTEX 194	-25.0884	8.80188	143.065
			*MESH_VERTEX 195	-9.87468	-21.95	136.345
			*MESH_VERTEX 196	10.2622	1.53708	82.6141
			*MESH_VERTEX 197	-19.1043	2.16674	13.989
			*MESH_VERTEX 198	-14.6416	-3.89629	60.0014
			*MESH_VERTEX 199	-7.44512	-3.08109	59.7253
			*MESH_VERTEX 200	25.216	12.5651	142.573
			*MESH_VERTEX 201	16.4823	-3.36705	135.743
			*MESH_VERTEX 202	18.152	9.38997	133.256
			*MESH_VERTEX 203	32.4703	3.81072	147.076
			*MESH_VERTEX 204	33.8694	-6.63791	146.601
			*MESH_VERTEX 205	19.8764	-1.68197	45.5491
			*MESH_VERTEX 206	-20.1156	-9.20605	122.538
			*MESH_VERTEX 207	-2.94249	-10.6239	44.5522
			*MESH_VERTEX 208	30.3204	0.524418	113.752
			*MESH_VERTEX 209	11.6905	-15.768	125.705
			*MESH_VERTEX 210	-30.0081	0.0940935	114.043
			*MESH_VERTEX 211	-0.0027	-25.3138	117.975
			*MESH_VERTEX 212	0.00027	-22.7979	119.468
			*MESH_VERTEX 213	24.9904	8.73363	121.905
			*MESH_VERTEX 214	9.42929	2.07637	125.325
			*MESH_VERTEX 215	-24.9477	8.70216	122.134
			*MESH_VERTEX 216	-0.47359	-8.5315	82.2115
			*MESH_VERTEX 217	-7.80968	-16.8866	54.698
			*MESH_VERTEX 218	0.0071	18.5245	155.772
			*MESH_VERTEX 219	25.2394	-16.2814	151.964
			*MESH_VERTEX 220	-20.2217	0.305571	110.542
			*MESH_VERTEX 221	20.5441	0.73723	110.229
			*MESH_VERTEX 222	3.21627	-9.07014	44.2039
			*MESH_VERTEX 223	-5.82262	9.70079	104.224
			*MESH_VERTEX 224	-19.3196	8.97044	133.229
			*MESH_VERTEX 225	4.10089	9.90643	104.446
			*MESH_VERTEX 226	-21.2146	-18.3547	89.9547
			*MESH_VERTEX 227	21.5714	-17.9147	89.6909
			*MESH_VERTEX 228	-30.3674	-1.40168	162.427
			*MESH_VERTEX 229	-21.1513	-19.9656	77.2214
			*MESH_VERTEX 230	-23.0336	-18.0481	77.3861
			*MESH_VERTEX 231	21.5077	-19.5239	76.9627
			*MESH_VERTEX 232	23.3901	-17.6064	77.1274
			*MESH_VERTEX 233	-19.2818	-5.09193	50.9721
			*MESH_VERTEX 234	-34.345	-7.04354	144.994
			*MESH_VERTEX 235	8.95125	-15.3363	55.2025
			*MESH_VERTEX 236	3.64231	-9.16909	49.8152
			*MESH_VERTEX 237	11.4191	2.88003	50.9962
			*MESH_VERTEX 238	15.0085	-1.69802	59.8147
			*MESH_VERTEX 239	7.45003	-1.30059	59.7901
			*MESH_VERTEX 240	0.00159	-19.962	116.959
			*MESH_VERTEX 241	1.25875	-9.15359	82.595
			*MESH_VERTEX 242	-16.1307	-22.8114	-0.351401
			*MESH_VERTEX 243	16.5883	-22.4667	-0.0960744
			*MESH_VERTEX 244	22.6651	0.655717	109.554
			*MESH_VERTEX 245	22.5384	-3.90114	116.977
			*MESH_VERTEX 246	31.2205	10.8603	128.832
			*MESH_VERTEX 247	20.3998	-9.20985	122.827
			*MESH_VERTEX 248	-22.6619	0.709272	109.746
			*MESH_VERTEX 249	-22.5197	-3.89106	117.131
			*MESH_VERTEX 250	-27.1666	-14.4094	141.221
			*MESH_VERTEX 251	8.47414	4.24966	-0.564204
			*MESH_VERTEX 252	-19.8295	-10.9614	43.6572
			*MESH_VERTEX 253	28.9735	-0.87319	162.678
			*MESH_VERTEX 254	-7.76666	3.75396	-0.341481
			*MESH_VERTEX 255	-6.44748	-4.70517	164.563
			*MESH_VERTEX 256	39.4173	-2.85961	110.088
			*MESH_VERTEX 257	-39.1019	-3.28429	110.421
			*MESH_VERTEX 258	-27.5465	-8.63584	112.704
			*MESH_VERTEX 259	-33.2529	-5.12019	117.95
			*MESH_VERTEX 260	27.5473	-8.68329	112.522
			*MESH_VERTEX 261	33.2707	-5.14205	117.757
			*MESH_VERTEX 262	-28.4765	-11.0627	114.308
			*MESH_VERTEX 263	28.7955	-10.6234	114.004
			*MESH_VERTEX 264	11.3932	-10.9505	158.775
			*MESH_VERTEX 265	-31.0851	10.9429	128.008
			*MESH_VERTEX 266	32.0147	7.50481	106.617
			*MESH_VERTEX 267	-31.6961	7.08696	106.959
			*MESH_VERTEX 268	18.1767	2.16613	68.4966
			*MESH_VERTEX 269	19.0427	-3.37411	50.247
			*MESH_VERTEX 270	-14.3861	1.89553	131.345
			*MESH_VERTEX 271	-15.4116	-3.32749	135.304
			*MESH_VERTEX 272	-20.8728	10.9283	134.395
			*MESH_VERTEX 273	6.40864	-5.12074	164.577
			*MESH_VERTEX 274	-18.0388	-0.57217	66.3803
			*MESH_VERTEX 275	0.01334	5.11087	118.695
			*MESH_VERTEX 276	12.7697	3.36126	110.304
			*MESH_VERTEX 277	4.03878	-3.04495	49.5135
			*MESH_VERTEX 278	14.1062	-15.5647	42.7425
			*MESH_VERTEX 279	-16.4841	3.69503	103.521
			*MESH_VERTEX 280	27.7805	-6.69533	119.445
			*MESH_VERTEX 281	-27.7597	-6.6973	119.61
			*MESH_VERTEX 282	-32.3445	-10.5673	76.1756
			*MESH_VERTEX 283	-23.4294	-8.85091	92.0917
			*MESH_VERTEX 284	32.7009	-10.1255	75.9169
			*MESH_VERTEX 285	24.4401	-17.3472	83.9555
			*MESH_VERTEX 286	-24.0816	-17.79	84.2098
			*MESH_VERTEX 287	18.2763	-13.3385	138.713
			*MESH_VERTEX 288	-34.1032	-11.7511	91.4723
			*MESH_VERTEX 289	34.4477	-11.3081	91.2113
			*MESH_VERTEX 290	-14.802	-22.3006	144.289
			*MESH_VERTEX 291	-4.23965	-4.03766	49.6073
			*MESH_VERTEX 292	-28.8567	-6.29988	86.0592
			*MESH_VERTEX 293	29.2364	-5.8641	85.794
			*MESH_VERTEX 294	11.4162	-2.62838	167.444
			*MESH_VERTEX 295	14.4731	-6.60594	130.282
			*MESH_VERTEX 296	-12.7532	-2.74248	167.364
			*MESH_VERTEX 297	-12.7063	-11.3736	158.406
			*MESH_VERTEX 298	0.04493	3.57696	156.288
			*MESH_VERTEX 299	4.24836	-7.77914	59.6446
			*MESH_VERTEX 300	17.6755	2.99605	124.974
			*MESH_VERTEX 301	27.7191	-5.37691	80.8503
			*MESH_VERTEX 302	-27.3607	-5.81958	81.1047
			*MESH_VERTEX 303	-4.06962	-9.52088	59.473
			*MESH_VERTEX 304	-29.0039	10.4738	136.035
			*MESH_VERTEX 305	-19.5041	-19.9615	84.6867
			*MESH_VERTEX 306	19.8627	-19.519	84.4319
			*MESH_VERTEX 307	26.8268	-13.7736	143.125
			*MESH_VERTEX 308	-17.4547	3.05954	124.462
			*MESH_VERTEX 309	23.7657	-8.62904	-0.562955
			*MESH_VERTEX 310	-23.1736	-8.92604	-1.17434
			*MESH_VERTEX 311	-32.6244	4.21694	107.495
			*MESH_VERTEX 312	-31.8801	8.49326	122.884
			*MESH_VERTEX 313	32.6237	4.15787	107.296
			*MESH_VERTEX 314	31.9239	8.52011	122.644
			*MESH_VERTEX 315	0.05225	1.58108	167.162
			*MESH_VERTEX 316	0.0122	6.67488	109.661
			*MESH_VERTEX 317	-12.6132	-17.3258	55.109
			*MESH_VERTEX 318	-16.4238	-11.0064	59.9236
			*MESH_VERTEX 319	33.1665	-4.83103	89.6137
			*MESH_VERTEX 320	-32.8234	-5.2719	89.8784
			*MESH_VERTEX 321	0.00711	-27.8305	136.68
			*MESH_VERTEX 322	-19.3718	-0.192856	125.193
			*MESH_VERTEX 323	19.4071	-0.151349	125.003
			*MESH_VERTEX 324	-8.61956	-14.1551	0.277618
			*MESH_VERTEX 325	9.11482	-13.7613	0.0785758
			*MESH_VERTEX 326	27.5863	12.4372	152.515
			*MESH_VERTEX 327	0.01238	3.09149	116.484
			*MESH_VERTEX 328	26.0916	-8.8276	124.468
			*MESH_VERTEX 329	-26.0639	-8.86303	124.656
			*MESH_VERTEX 330	0.00711	-17.5141	154.938
			*MESH_VERTEX 331	-17.5043	-16.9158	82.8896
			*MESH_VERTEX 332	17.8628	-16.473	82.6355
			*MESH_VERTEX 333	-13.8114	3.12919	109.657
			*MESH_VERTEX 334	30.8389	-15.2898	92.778
			*MESH_VERTEX 335	0.00206	-9.61594	162.015
			*MESH_VERTEX 336	13.2608	-15.463	55.3744
			*MESH_VERTEX 337	17.1047	-8.68826	59.7488
			*MESH_VERTEX 338	-30.4955	-15.7311	93.0477
			*MESH_VERTEX 339	32.947	3.89615	128.432
			*MESH_VERTEX 340	-32.9052	3.86299	128.639
			*MESH_VERTEX 341	-18.4747	-7.71319	109.479
			*MESH_VERTEX 342	22.8827	1.78753	116.315
			*MESH_VERTEX 343	-35.8846	-3.73319	110.158
			*MESH_VERTEX 344	-22.8587	1.8053	116.511
			*MESH_VERTEX 345	35.8824	-3.78719	109.965
			*MESH_VERTEX 346	6.22825	-3.99821	155.779
			*MESH_VERTEX 347	24.8357	-18.9998	77.2194
			*MESH_VERTEX 348	-24.4793	-19.4416	77.4781
			*MESH_VERTEX 349	-14.0215	-6.39827	129.576
			*MESH_VERTEX 350	-30.2885	10.947	151.152
			*MESH_VERTEX 351	-17.8849	12.1768	138.815
			*MESH_VERTEX 352	-5.97412	-4.21741	155.703
			*MESH_VERTEX 353	14.4323	-18.0202	109.951
			*MESH_VERTEX 354	18.0383	-7.33983	110.211
			*MESH_VERTEX 355	20.8992	-7.6619	104.57
			*MESH_VERTEX 356	37.42	-6.3853	135.188
			*MESH_VERTEX 357	0.01339	9.01652	121.138
			*MESH_VERTEX 358	-12.0913	8.14459	15.1555
			*MESH_VERTEX 359	17.0645	12.8148	138.976
			*MESH_VERTEX 360	15.2492	4.08047	104.596
			*MESH_VERTEX 361	0.0071	17.1756	143.064
			*MESH_VERTEX 362	29.2553	10.2694	137.123
			*MESH_VERTEX 363	28.9642	-3.27102	89.3907
			*MESH_VERTEX 364	-28.6221	-3.70241	89.6867
			*MESH_VERTEX 365	-14.4937	-18.3124	109.482
			*MESH_VERTEX 366	-35.729	-1.82092	120.848
			*MESH_VERTEX 367	35.7568	-1.81641	120.648
			*MESH_VERTEX 368	-6.71359	10.6075	90.7278
			*MESH_VERTEX 369	-6.30118	-26.7189	72.0085
			*MESH_VERTEX 370	20.0069	-13.5488	81.6102
			*MESH_VERTEX 371	-19.6485	-13.9917	81.864
			*MESH_VERTEX 372	-6.4375	-19.355	63.3214
			*MESH_VERTEX 373	5.24855	11.6092	91.6125
			*MESH_VERTEX 374	14.6858	-21.665	136.807
			*MESH_VERTEX 375	12.1431	8.56369	15.3128
			*MESH_VERTEX 376	-21.4061	-7.9758	103.622
			*MESH_VERTEX 377	36.1394	4.98289	137.443
			*MESH_VERTEX 378	-37.0175	-6.25671	134.3
			*MESH_VERTEX 379	-36.2961	4.88648	136.348
			*MESH_VERTEX 380	7.47466	-17.5989	63.6711
			*MESH_VERTEX 381	18.1897	2.74956	92.9607
			*MESH_VERTEX 382	0.00223	-22.7866	110.487
			*MESH_VERTEX 383	27.8365	-12.7113	131.682
			*MESH_VERTEX 384	18.5965	-11.4479	129.987
			*MESH_VERTEX 385	33.5202	-5.07268	120.098
			*MESH_VERTEX 386	-33.4987	-5.07292	120.271
			*MESH_VERTEX 387	-16.7185	-11.9343	72.5774
			*MESH_VERTEX 388	-18.5556	2.05092	91.5462
			*MESH_VERTEX 389	-32.6656	7.44035	116.503
			*MESH_VERTEX 390	21.8419	-3.76328	119.053
			*MESH_VERTEX 391	-21.8164	-3.77306	119.231
			*MESH_VERTEX 392	32.6936	7.40272	116.228
			*MESH_VERTEX 393	23.0606	-8.03098	93.3232
			*MESH_VERTEX 394	-27.8291	-12.8009	130.992
			*MESH_VERTEX 395	-4.93764	-23.4568	104.133
			*MESH_VERTEX 396	-5.70328	-24.5906	93.1188
			*MESH_VERTEX 397	4.61045	-23.3498	104.147
			*MESH_VERTEX 398	7.4863	-25.924	72.1635
			*MESH_VERTEX 399	-16.6774	-20.8269	92.3718
			*MESH_VERTEX 400	-18.1227	-11.2711	129.31
			*MESH_VERTEX 401	17.6453	-9.9672	72.4081
			*MESH_VERTEX 402	-26.2484	7.73228	116.296
			*MESH_VERTEX 403	26.2802	7.70337	116.032
			*MESH_VERTEX 404	-35.5924	-1.87467	117.67
			*MESH_VERTEX 405	35.6112	-1.90377	117.452
			*MESH_VERTEX 406	16.3499	-20.1836	92.7336
			*MESH_VERTEX 407	5.55768	-23.94	92.6258
			*MESH_VERTEX 408	-27.8524	-6.78392	117.873
			*MESH_VERTEX 409	27.8702	-6.79772	117.706
			*MESH_VERTEX 410	36.2968	3.49527	116.481
			*MESH_VERTEX 411	-36.2755	3.5369	116.743
			*MESH_VERTEX 412	20.8298	-15.1385	76.9646
			*MESH_VERTEX 413	-20.4734	-15.5803	77.2232
			*MESH_VERTEX 414	-21.7795	1.85754	119.869
			*MESH_VERTEX 415	21.8138	1.87702	119.658
			*MESH_VERTEX 416	-15.592	-19.5021	102.697
			*MESH_VERTEX 417	0.00711	-10.3442	158.011
			*MESH_VERTEX 418	14.9595	-19.1718	102.988
			*MESH_VERTEX 419	-27.0645	-0.625808	125.331
			*MESH_VERTEX 420	26.6159	0.00639992	125.762
		}
		*MESH_FACE_LIST {
			*MESH_FACE    0:    A:    79 B:    335 C:    110 AB:    1 BC:    1 CA:    1	 *MESH_SMOOTHING 1 	*MESH_MTLID 0
			*MESH_FACE    1:    A:    346 B:    81 C:    79 AB:    1 BC:    1 CA:    1	 *MESH_SMOOTHING 1 	*MESH_MTLID 0
			*MESH_FACE    2:    A:    78 B:    117 C:    273 AB:    1 BC:    1 CA:    1	 *MESH_SMOOTHING 1 	*MESH_MTLID 0
			*MESH_FACE    3:    A:    117 B:    78 C:    298 AB:    1 BC:    1 CA:    1	 *MESH_SMOOTHING 1 	*MESH_MTLID 0
			*MESH_FACE    4:    A:    79 B:    110 C:    352 AB:    1 BC:    1 CA:    1	 *MESH_SMOOTHING 1 	*MESH_MTLID 0
			*MESH_FACE    5:    A:    109 B:    80 C:    255 AB:    1 BC:    1 CA:    1	 *MESH_SMOOTHING 1 	*MESH_MTLID 0
			*MESH_FACE    6:    A:    315 B:    117 C:    298 AB:    1 BC:    1 CA:    1	 *MESH_SMOOTHING 1 	*MESH_MTLID 0
			*MESH_FACE    7:    A:    110 B:    255 C:    352 AB:    1 BC:    1 CA:    1	 *MESH_SMOOTHING 1 	*MESH_MTLID 0
			*MESH_FACE    8:    A:    273 B:    81 C:    346 AB:    1 BC:    1 CA:    1	 *MESH_SMOOTHING 1 	*MESH_MTLID 0
			*MESH_FACE    9:    A:    298 B:    80 C:    109 AB:    1 BC:    1 CA:    1	 *MESH_SMOOTHING 1 	*MESH_MTLID 0
			*MESH_FACE    10:    A:    315 B:    298 C:    109 AB:    1 BC:    1 CA:    1	 *MESH_SMOOTHING 1 	*MESH_MTLID 0
			*MESH_FACE    11:    A:    79 B:    81 C:    335 AB:    1 BC:    1 CA:    1	 *MESH_SMOOTHING 1 	*MESH_MTLID 0
			*MESH_FACE    12:    A:    273 B:    346 C:    78 AB:    1 BC:    1 CA:    1	 *MESH_SMOOTHING 1 	*MESH_MTLID 0
			*MESH_FACE    13:    A:    352 B:    255 C:    80 AB:    1 BC:    1 CA:    1	 *MESH_SMOOTHING 1 	*MESH_MTLID 0
			*MESH_FACE    14:    A:    398 B:    407 C:    369 AB:    1 BC:    1 CA:    1	 *MESH_SMOOTHING 1 	*MESH_MTLID 1
			*MESH_FACE    15:    A:    0 B:    373 C:    268 AB:    1 BC:    1 CA:    1	 *MESH_SMOOTHING 1 	*MESH_MTLID 1
			*MESH_FACE    16:    A:    361 B:    357 C:    351 AB:    1 BC:    1 CA:    1	 *MESH_SMOOTHING 1 	*MESH_MTLID 1
			*MESH_FACE    17:    A:    253 B:    264 C:    219 AB:    1 BC:    1 CA:    1	 *MESH_SMOOTHING 1 	*MESH_MTLID 1
			*MESH_FACE    18:    A:    6 B:    205 C:    50 AB:    1 BC:    1 CA:    1	 *MESH_SMOOTHING 1 	*MESH_MTLID 1
			*MESH_FACE    19:    A:    139 B:    51 C:    222 AB:    1 BC:    1 CA:    1	 *MESH_SMOOTHING 1 	*MESH_MTLID 1
