*3DSMAX_ASCIIEXPORT	110
*COMMENT "[ GothicSourcer v3.14 ] - June 2007"
*SCENE {
	*SCENE_FILENAME "HUM_GRDS_ARMOR.MAX"
	*SCENE_FIRSTFRAME 0
	*SCENE_LASTFRAME 100
	*SCENE_FRAMESPEED 25
	*SCENE_TICKSPERFRAME 192
	*SCENE_BACKGROUND_STATIC 0	0	0
	*SCENE_AMBIENT_STATIC 0.2	0.2	0.2
}
*MATERIAL_LIST {
	*MATERIAL_COUNT 2
	*MATERIAL 0 {
		*MATERIAL_NAME "SOLDIER01"
		*MATERIAL_CLASS "Standard"
		*MATERIAL_AMBIENT 0.25098	0.192157	0.172549
		*MATERIAL_DIFFUSE 0.25098	0.192157	0.172549
		*MATERIAL_SPECULAR 0.9	0.9	0.9
		*MATERIAL_SHINE 0.1
		*MATERIAL_SHINESTRENGTH 0
		*MATERIAL_TRANSPARENCY 0
		*MATERIAL_WIRESIZE 1
		*MATERIAL_SHADING Blinn
		*MATERIAL_XP_FALLOFF 0
		*MATERIAL_SELFILLUM 0
		*MATERIAL_FALLOFF In
		*MATERIAL_XP_TYPE Filter
		*MAP_DIFFUSE {
			*MAP_NAME "Map #1"
			*MAP_CLASS "Bitmap"
			*MAP_SUBNO 1
			*MAP_AMOUNT 1
			*BITMAP "HUM_GRDS_ARMOR_V0.TGA"
			*MAP_TYPE Screen
			*UVW_U_OFFSET 0
			*UVW_V_OFFSET 0
			*UVW_U_TILING 1
			*UVW_V_TILING 1
			*UVW_ANGLE 0
			*UVW_BLUR 1
			*UVW_BLUR_OFFSET 0
			*UVW_NOUSE_AMT 1
			*UVW_NOISE_SIZE 1
			*UVW_NOISE_LEVEL 1
			*UVW_NOISE_PHASE 0
			*BITMAP_FILTER Pyramidal
		}
	}
	*MATERIAL 1 {
		*MATERIAL_NAME "NAKED;NECK"
		*MATERIAL_CLASS "Standard"
		*MATERIAL_AMBIENT 0.509804	0.407843	0.305882
		*MATERIAL_DIFFUSE 0.509804	0.407843	0.305882
		*MATERIAL_SPECULAR 0.9	0.9	0.9
		*MATERIAL_SHINE 0.1
		*MATERIAL_SHINESTRENGTH 0
		*MATERIAL_TRANSPARENCY 0
		*MATERIAL_WIRESIZE 1
		*MATERIAL_SHADING Blinn
		*MATERIAL_XP_FALLOFF 0
		*MATERIAL_SELFILLUM 0
		*MATERIAL_FALLOFF In
		*MATERIAL_XP_TYPE Filter
		*MAP_DIFFUSE {
			*MAP_NAME "Map #2"
			*MAP_CLASS "Bitmap"
			*MAP_SUBNO 1
			*MAP_AMOUNT 1
			*BITMAP "HUM_BODY_NAKED_V0_C0.TGA"
			*MAP_TYPE Screen
			*UVW_U_OFFSET 0
			*UVW_V_OFFSET 0
			*UVW_U_TILING 1
			*UVW_V_TILING 1
			*UVW_ANGLE 0
			*UVW_BLUR 1
			*UVW_BLUR_OFFSET 0
			*UVW_NOUSE_AMT 1
			*UVW_NOISE_SIZE 1
			*UVW_NOISE_LEVEL 1
			*UVW_NOISE_PHASE 0
			*BITMAP_FILTER Pyramidal
		}
	}
}
*HELPEROBJECT {
	*NODE_NAME "Bip01"
	*NODE_TM {
		*NODE_NAME "Bip01"
		*TM_ROW0 6.27438e-006	-1	0
		*TM_ROW1 1	6.27438e-006	0
		*TM_ROW2 -0	-0	1
		*TM_ROW3 0	-7.37745	99.9496
		*TM_POS 0	-7.37745	99.9496
		*TM_ROTAXIS 0	0	1
		*TM_ROTANGLE 1.57079
		*TM_SCALE 1	1	1
		*TM_SCALEAXIS 0	0	0
		*TM_SCALEAXISANG 0	0	0
	}
}
*HELPEROBJECT {
	*NODE_NAME "Bip01 Pelvis"
	*NODE_PARENT "Bip01"
	*NODE_TM {
		*NODE_NAME "Bip01 Pelvis"
		*TM_ROW0 -5.96046e-008	1.79264e-006	1
		*TM_ROW1 -1.79264e-006	-1	1.79264e-006
		*TM_ROW2 1	-1.79264e-006	-5.96046e-008
		*TM_ROW3 1e-005	-8.0113	99.9496
		*TM_POS 1e-005	-8.0113	99.9496
		*TM_ROTAXIS 0.707107	0	0.707107
		*TM_ROTANGLE 3.1416
		*TM_SCALE 1	1	1
		*TM_SCALEAXIS 0	0	0
		*TM_SCALEAXISANG 0	0	0
	}
}
*HELPEROBJECT {
	*NODE_NAME "Bip01 Spine"
	*NODE_PARENT "Bip01 Pelvis"
	*NODE_TM {
		*NODE_NAME "Bip01 Spine"
		*TM_ROW0 5.96047e-008	-0.0205947	0.999788
		*TM_ROW1 5.48642e-006	-0.999788	-0.0205947
		*TM_ROW2 1	5.48642e-006	5.96047e-008
		*TM_ROW3 1e-005	-7.92216	102.35
		*TM_POS 1e-005	-7.92216	102.35
		*TM_ROTAXIS 0.707088	-0.00727998	0.707088
		*TM_ROTANGLE 3.12703
		*TM_SCALE 1	1	1
		*TM_SCALEAXIS 0	0	0
		*TM_SCALEAXISANG 0	0	0
	}
}
*HELPEROBJECT {
	*NODE_NAME "Bip01 Spine1"
	*NODE_PARENT "Bip01 Spine"
	*NODE_TM {
		*NODE_NAME "Bip01 Spine1"
		*TM_ROW0 5.96047e-008	-0.00276992	0.999996
		*TM_ROW1 -1.92621e-006	-0.999996	-0.00276991
		*TM_ROW2 1	-1.92621e-006	5.96047e-008
		*TM_ROW3 1e-005	-8.11442	112.175
		*TM_POS 1e-005	-8.11442	112.175
		*TM_ROTAXIS 0.707106	-0.000979995	0.707107
		*TM_ROTANGLE 3.13964
		*TM_SCALE 1	1	1
		*TM_SCALEAXIS 0	0	0
		*TM_SCALEAXISANG 0	0	0
	}
}
*HELPEROBJECT {
	*NODE_NAME "Bip01 Spine2"
	*NODE_PARENT "Bip01 Spine1"
	*NODE_TM {
		*NODE_NAME "Bip01 Spine2"
		*TM_ROW0 5.96048e-008	0.180243	0.983622
		*TM_ROW1 1.67638e-006	-0.983622	0.180243
		*TM_ROW2 1	1.67638e-006	5.96047e-008
		*TM_ROW3 1e-005	-8.1264	124.961
		*TM_POS 1e-005	-8.1264	124.961
		*TM_ROTAXIS 0.705652	0.0641202	0.705652
		*TM_ROTANGLE 3.26966
		*TM_SCALE 1	1	1
		*TM_SCALEAXIS 0	0	0
		*TM_SCALEAXISANG 0	0	0
	}
}
*HELPEROBJECT {
	*NODE_NAME "Bip01 Neck"
	*NODE_PARENT "Bip01 Spine2"
	*NODE_TM {
		*NODE_NAME "Bip01 Neck"
		*TM_ROW0 5.96046e-007	-0.167043	0.98595
		*TM_ROW1 4.70132e-006	-0.98595	-0.167043
		*TM_ROW2 1	4.70132e-006	5.96047e-007
		*TM_ROW3 1.03264e-011	-2.71656	154.454
		*TM_POS 1.03264e-011	-2.71656	154.454
		*TM_ROTAXIS -0.70586	0.05937	-0.705859
		*TM_ROTANGLE 3.2602
		*TM_SCALE 1	1	1
		*TM_SCALEAXIS 0	0	0
		*TM_SCALEAXISANG 0	0	0
	}
}
*HELPEROBJECT {
	*NODE_NAME "Bip01 Head"
	*NODE_PARENT "Bip01 Neck"
	*NODE_TM {
		*NODE_NAME "Bip01 Head"
		*TM_ROW0 -5.96047e-008	1.76447e-006	1
		*TM_ROW1 -1.79264e-006	-1	1.80855e-006
		*TM_ROW2 1	-1.79264e-006	-5.96046e-008
		*TM_ROW3 2.27758e-011	-3.85901	161.198
		*TM_POS 2.27758e-011	-3.85901	161.198
		*TM_ROTAXIS -0.707107	-5.62215e-009	-0.707107
		*TM_ROTANGLE 3.14159
		*TM_SCALE 1	1	1
		*TM_SCALEAXIS 0	0	0
		*TM_SCALEAXISANG 0	0	0
	}
}
*HELPEROBJECT {
	*NODE_NAME "ZS_HELMET"
	*NODE_PARENT "Bip01 Head"
	*NODE_TM {
		*NODE_NAME "ZS_HELMET"
		*TM_ROW0 1	7.87298e-013	7.61567e-014
		*TM_ROW1 -1.53811e-013	0.996917	-0.0784593
		*TM_ROW2 -5.53111e-014	0.0784593	0.996918
		*TM_ROW3 1e-005	-7.06248	173.704
		*TM_POS 1e-005	-7.06248	173.704
		*TM_ROTAXIS 1	8.37809e-013	-5.99744e-012
		*TM_ROTANGLE 0.078541
		*TM_SCALE 1	1	1
		*TM_SCALEAXIS 0	0	0
		*TM_SCALEAXISANG 0	0	0
	}
}
*HELPEROBJECT {
	*NODE_NAME "Bip01 L Clavicle"
	*NODE_PARENT "Bip01 Neck"
	*NODE_TM {
		*NODE_NAME "Bip01 L Clavicle"
		*TM_ROW0 0.935229	-0.203893	-0.289439
		*TM_ROW1 0.156435	0.971369	-0.178803
		*TM_ROW2 0.317608	0.121943	0.940348
		*TM_ROW3 7.96399	-1.25804	148.729
		*TM_POS 7.96399	-1.25804	148.729
		*TM_ROTAXIS 0.391939	-0.791119	0.469589
		*TM_ROTANGLE 0.39376
		*TM_SCALE 1	1	1
		*TM_SCALEAXIS 0	0	0
		*TM_SCALEAXISANG 0	0	0
	}
}
*HELPEROBJECT {
	*NODE_NAME "Bip01 L UpperArm"
	*NODE_PARENT "Bip01 L Clavicle"
	*NODE_TM {
		*NODE_NAME "Bip01 L UpperArm"
		*TM_ROW0 0.246229	0.0989027	-0.964152
		*TM_ROW1 0.412789	0.889345	0.196649
		*TM_ROW2 0.876913	-0.446412	0.178157
		*TM_ROW3 20.4269	-3.97508	144.872
		*TM_POS 20.4269	-3.97508	144.872
		*TM_ROTAXIS -0.325561	-0.932072	0.15891
		*TM_ROTANGLE 1.41328
		*TM_SCALE 1	1	1
		*TM_SCALEAXIS 0	0	0
		*TM_SCALEAXISANG 0	0	0
	}
}
*HELPEROBJECT {
	*NODE_NAME "Bip01 L Forearm"
	*NODE_PARENT "Bip01 L UpperArm"
	*NODE_TM {
		*NODE_NAME "Bip01 L Forearm"
		*TM_ROW0 0.0455122	-0.291882	-0.955371
		*TM_ROW1 0.478489	0.845886	-0.235638
		*TM_ROW2 0.876913	-0.44641	0.17816
		*TM_ROW3 27.2982	-1.21526	117.966
		*TM_POS 27.2982	-1.21526	117.966
		*TM_ROTAXIS -0.10545	-0.916697	0.385419
		*TM_ROTANGLE 1.53601
		*TM_SCALE 1	1	1
		*TM_SCALEAXIS 0	0	0
		*TM_SCALEAXISANG 0	0	0
	}
}
*HELPEROBJECT {
	*NODE_NAME "Bip01 L Hand"
	*NODE_PARENT "Bip01 L Forearm"
	*NODE_TM {
		*NODE_NAME "Bip01 L Hand"
		*TM_ROW0 0.0455132	-0.291886	-0.95537
		*TM_ROW1 -0.876533	0.44708	-0.17835
		*TM_ROW2 0.479185	0.845531	-0.2355
		*TM_ROW3 28.5642	-9.33438	91.391
		*TM_POS 28.5642	-9.33438	91.391
		*TM_ROTAXIS 0.551391	-0.772552	-0.314851
		*TM_ROTANGLE 1.95137
		*TM_SCALE 1	1	1
		*TM_SCALEAXIS 0	0	0
		*TM_SCALEAXISANG 0	0	0
	}
}
*HELPEROBJECT {
	*NODE_NAME "Bip01 L Finger0"
	*NODE_PARENT "Bip01 L Hand"
	*NODE_TM {
		*NODE_NAME "Bip01 L Finger0"
		*TM_ROW0 0.0455153	-0.291888	-0.955369
		*TM_ROW1 -0.876915	0.446405	-0.178165
		*TM_ROW2 0.478485	0.845886	-0.235643
		*TM_ROW3 29.15	-13.0909	79.0956
		*TM_POS 29.15	-13.0909	79.0956
		*TM_ROTAXIS 0.551581	-0.772311	-0.31511
		*TM_ROTANGLE 1.95181
		*TM_SCALE 1	1	1
		*TM_SCALEAXIS 0	0	0
		*TM_SCALEAXISANG 0	0	0
	}
}
*HELPEROBJECT {
	*NODE_NAME "ZS_LEFTHAND"
	*NODE_PARENT "Bip01 L Hand"
	*NODE_TM {
		*NODE_NAME "ZS_LEFTHAND"
		*TM_ROW0 0.435606	0.890062	-0.134303
		*TM_ROW1 0.180312	-0.232461	-0.955745
		*TM_ROW2 -0.881893	0.392112	-0.261751
		*TM_ROW3 26.7605	-11.5467	82.7857
		*TM_POS 26.7605	-11.5467	82.7857
		*TM_ROTAXIS 0.794322	0.440571	-0.418271
		*TM_ROTANGLE 2.12858
		*TM_SCALE 1	1	1
		*TM_SCALEAXIS 0	0	0
		*TM_SCALEAXISANG 0	0	0
	}
}
*HELPEROBJECT {
	*NODE_NAME "ZS_LEFTARM"
	*NODE_PARENT "Bip01 L Forearm"
	*NODE_TM {
		*NODE_NAME "ZS_LEFTARM"
		*TM_ROW0 0.0759923	-0.150176	-0.985735
		*TM_ROW1 0.524499	0.846792	-0.0885737
		*TM_ROW2 0.848013	-0.510286	0.143117
		*TM_ROW3 26.9101	-7.67833	110.055
		*TM_POS 26.9101	-7.67833	110.055
		*TM_ROTAXIS -0.21097	-0.917372	0.337521
		*TM_ROTANGLE 1.53784
		*TM_SCALE 1	1	1
		*TM_SCALEAXIS 0	0	0
		*TM_SCALEAXISANG 0	0	0
	}
}
*HELPEROBJECT {
	*NODE_NAME "Bip01 R Clavicle"
	*NODE_PARENT "Bip01 Neck"
	*NODE_TM {
		*NODE_NAME "Bip01 R Clavicle"
		*TM_ROW0 -0.935227	-0.203899	-0.28944
		*TM_ROW1 -0.156442	0.971369	-0.178799
		*TM_ROW2 0.317609	-0.121937	-0.940349
		*TM_ROW3 -7.96398	-1.25806	148.729
		*TM_POS -7.96398	-1.25806	148.729
		*TM_ROTAXIS -0.0929799	0.992639	-0.0776
		*TM_ROTANGLE 3.45235
		*TM_SCALE 1	1	1
		*TM_SCALEAXIS 0	0	0
		*TM_SCALEAXISANG 0	0	0
	}
}
*HELPEROBJECT {
	*NODE_NAME "Bip01 R UpperArm"
	*NODE_PARENT "Bip01 R Clavicle"
	*NODE_TM {
		*NODE_NAME "Bip01 R UpperArm"
		*TM_ROW0 -0.246232	0.0988932	-0.964153
		*TM_ROW1 -0.412793	0.889345	0.196642
		*TM_ROW2 0.876911	0.446415	-0.178163
		*TM_ROW3 -20.4269	-3.97513	144.872
		*TM_POS -20.4269	-3.97513	144.872
		*TM_ROTAXIS 0.12961	-0.955353	-0.265521
		*TM_ROTANGLE 1.84162
		*TM_SCALE 1	1	1
		*TM_SCALEAXIS 0	0	0
		*TM_SCALEAXISANG 0	0	0
	}
}
*HELPEROBJECT {
	*NODE_NAME "Bip01 R Forearm"
	*NODE_PARENT "Bip01 R UpperArm"
	*NODE_TM {
		*NODE_NAME "Bip01 R Forearm"
		*TM_ROW0 -0.0455087	-0.291889	-0.955369
		*TM_ROW1 -0.478487	0.845885	-0.235646
		*TM_ROW2 0.876914	0.446408	-0.17816
		*TM_ROW3 -27.2982	-1.21534	117.966
		*TM_POS -27.2982	-1.21534	117.966
		*TM_ROTAXIS 0.347279	-0.932937	-0.0950097
		*TM_ROTANGLE 1.76083
		*TM_SCALE 1	1	1
		*TM_SCALEAXIS 0	0	0
		*TM_SCALEAXISANG 0	0	0
	}
}
*HELPEROBJECT {
	*NODE_NAME "Bip01 R Hand"
	*NODE_PARENT "Bip01 R Forearm"
	*NODE_TM {
		*NODE_NAME "Bip01 R Hand"
		*TM_ROW0 -0.0455115	-0.291885	-0.95537
		*TM_ROW1 0.87653	0.447088	-0.17835
		*TM_ROW2 0.479192	-0.845527	0.235499
		*TM_ROW3 -28.5642	-9.33445	91.391
		*TM_POS -28.5642	-9.33445	91.391
		*TM_ROTAXIS -0.33922	-0.72939	0.59407
		*TM_ROTANGLE 1.75327
		*TM_SCALE 1	1	1
		*TM_SCALEAXIS 0	0	0
		*TM_SCALEAXISANG 0	0	0
	}
}
*HELPEROBJECT {
	*NODE_NAME "Bip01 R Finger0"
	*NODE_PARENT "Bip01 R Hand"
	*NODE_TM {
		*NODE_NAME "Bip01 R Finger0"
		*TM_ROW0 -0.0455056	-0.291877	-0.955373
		*TM_ROW1 0.876914	0.446413	-0.178152
		*TM_ROW2 0.478489	-0.845886	0.235636
		*TM_ROW3 -29.1499	-13.0909	79.0956
		*TM_POS -29.1499	-13.0909	79.0956
		*TM_ROTAXIS -0.33952	-0.729071	0.594291
		*TM_ROTANGLE 1.75354
		*TM_SCALE 1	1	1
		*TM_SCALEAXIS 0	0	0
		*TM_SCALEAXISANG 0	0	0
	}
}
*HELPEROBJECT {
	*NODE_NAME "ZS_RIGHTHAND"
	*NODE_PARENT "Bip01 R Hand"
	*NODE_TM {
		*NODE_NAME "ZS_RIGHTHAND"
		*TM_ROW0 -0.464344	0.856417	-0.225687
		*TM_ROW1 0.177861	0.339806	0.923525
		*TM_ROW2 0.867612	0.388692	-0.31011
		*TM_ROW3 -20.9389	-19.9852	85.8932
		*TM_POS -20.9389	-19.9852	85.8932
		*TM_ROTAXIS 0.383811	0.784581	0.486951
		*TM_ROTANGLE 3.91244
		*TM_SCALE 1	1	1
		*TM_SCALEAXIS 0	0	0
		*TM_SCALEAXISANG 0	0	0
	}
}
*HELPEROBJECT {
	*NODE_NAME "ZS_CROSSBOW"
	*NODE_PARENT "Bip01 Spine2"
	*NODE_TM {
		*NODE_NAME "ZS_CROSSBOW"
		*TM_ROW0 -0.382687	-0.111464	0.91713
		*TM_ROW1 -0.923878	0.0461715	-0.379891
		*TM_ROW2 -1.2517e-006	-0.992695	-0.120648
		*TM_ROW3 -14.434	10.5915	165.98
		*TM_POS -14.434	10.5915	165.98
		*TM_ROTAXIS -0.447329	0.669479	-0.593039
		*TM_ROTANGLE 2.38705
		*TM_SCALE 1	1	1
		*TM_SCALEAXIS 0	0	0
		*TM_SCALEAXISANG 0	0	0
	}
}
*HELPEROBJECT {
	*NODE_NAME "ZS_LONGSWORD"
	*NODE_PARENT "Bip01 Spine2"
	*NODE_TM {
		*NODE_NAME "ZS_LONGSWORD"
		*TM_ROW0 -0.499829	-0.0915011	0.861277
		*TM_ROW1 -0.865729	0.0828188	-0.493614
		*TM_ROW2 -0.0261636	-0.992355	-0.12061
		*TM_ROW3 -18.1593	6.92629	157.64
		*TM_POS -18.1593	6.92629	157.64
		*TM_ROTAXIS -0.38996	0.69388	-0.60536
		*TM_ROTANGLE 2.44778
		*TM_SCALE 1	1	1
		*TM_SCALEAXIS 0	0	0
		*TM_SCALEAXISANG 0	0	0
	}
}
*HELPEROBJECT {
	*NODE_NAME "ZS_SHIELD"
	*NODE_PARENT "Bip01 Spine2"
	*NODE_TM {
		*NODE_NAME "ZS_SHIELD"
		*TM_ROW0 -0.0138681	0.114196	-0.993362
		*TM_ROW1 -0.908393	0.413755	0.0602465
		*TM_ROW2 0.417888	0.903198	0.0979964
		*TM_ROW3 8.76511	9.5282	131.875
		*TM_POS 8.76511	9.5282	131.875
		*TM_ROTAXIS 0.435421	-0.728972	-0.528212
		*TM_ROTANGLE 1.82457
		*TM_SCALE 1	1	1
		*TM_SCALEAXIS 0	0	0
		*TM_SCALEAXISANG 0	0	0
	}
}
*HELPEROBJECT {
	*NODE_NAME "ZS_BOW"
	*NODE_PARENT "Bip01 Spine2"
	*NODE_TM {
		*NODE_NAME "ZS_BOW"
		*TM_ROW0 -0.341816	-0.0868229	0.935748
		*TM_ROW1 0.0119438	0.995242	0.0967059
		*TM_ROW2 -0.939691	0.044232	-0.339153
		*TM_ROW3 0.5012	12.4143	124.55
		*TM_POS 0.5012	12.4143	124.55
		*TM_ROTAXIS -0.0279299	0.998227	0.0525698
		*TM_ROTANGLE 1.92076
		*TM_SCALE 1	1	1
		*TM_SCALEAXIS 0	0	0
		*TM_SCALEAXISANG 0	0	0
	}
}
*HELPEROBJECT {
	*NODE_NAME "ZS_SWORD"
	*NODE_PARENT "Bip01 Spine"
	*NODE_TM {
		*NODE_NAME "ZS_SWORD"
		*TM_ROW0 5.79282e-007	-0.347172	0.937802
		*TM_ROW1 1.04309e-007	0.937802	0.347172
		*TM_ROW2 -1	-1.04308e-007	5.79283e-007
		*TM_ROW3 17.5015	-4.36211	106.367
		*TM_POS 17.5015	-4.36211	106.367
		*TM_ROTAXIS -0.17367	0.96937	0.17367
		*TM_ROTANGLE 1.6019
		*TM_SCALE 1	1	1
		*TM_SCALEAXIS 0	0	0
		*TM_SCALEAXISANG 0	0	0
	}
}
*HELPEROBJECT {
	*NODE_NAME "Bip01 L Thigh"
	*NODE_PARENT "Bip01 Pelvis"
	*NODE_TM {
		*NODE_NAME "Bip01 L Thigh"
		*TM_ROW0 0.0534878	-0.0367886	-0.997891
		*TM_ROW1 -0.00216181	-0.999323	0.0367256
		*TM_ROW2 -0.998566	0.000192882	-0.0535313
		*TM_ROW3 9.01023	-8.01129	99.9496
		*TM_POS 9.01023	-8.01129	99.9496
		*TM_ROTAXIS 0.72572	-0.01342	-0.68786
		*TM_ROTANGLE 3.16677
		*TM_SCALE 1	1	1
		*TM_SCALEAXIS 0	0	0
		*TM_SCALEAXISANG 0	0	0
	}
}
*HELPEROBJECT {
	*NODE_NAME "Bip01 L Calf"
	*NODE_PARENT "Bip01 L Thigh"
	*NODE_TM {
		*NODE_NAME "Bip01 L Calf"
		*TM_ROW0 0.0525131	0.197552	-0.978885
		*TM_ROW1 0.0103904	-0.980292	-0.197278
		*TM_ROW2 -0.998566	0.000188708	-0.0535307
		*TM_ROW3 11.1149	-9.45845	60.6877
		*TM_POS 11.1149	-9.45845	60.6877
		*TM_ROTAXIS 0.723901	0.0721501	-0.686121
		*TM_ROTANGLE 3.00478
		*TM_SCALE 1	1	1
		*TM_SCALEAXIS 0	0	0
		*TM_SCALEAXISANG 0	0	0
	}
}
*HELPEROBJECT {
	*NODE_NAME "Bip01 L Foot"
	*NODE_PARENT "Bip01 L Calf"
	*NODE_TM {
		*NODE_NAME "Bip01 L Foot"
		*TM_ROW0 -5.93318e-007	7.27489e-006	-1
		*TM_ROW1 0.173652	-0.984807	-7.26412e-006
		*TM_ROW2 -0.984807	-0.173652	-5.97767e-007
		*TM_ROW3 13.6935	0.240668	12.6267
		*TM_POS 13.6935	0.240668	12.6267
		*TM_ROTAXIS 0.705757	0.0617498	-0.705757
		*TM_ROTANGLE 3.26493
		*TM_SCALE 1	1	1
		*TM_SCALEAXIS 0	0	0
		*TM_SCALEAXISANG 0	0	0
	}
}
*HELPEROBJECT {
	*NODE_NAME "Bip01 L Toe0"
	*NODE_PARENT "Bip01 L Foot"
	*NODE_TM {
		*NODE_NAME "Bip01 L Toe0"
		*TM_ROW0 0.173646	-0.984808	5.05914e-006
		*TM_ROW1 5.06367e-006	5.91264e-006	1
		*TM_ROW2 -0.984808	-0.173646	5.92894e-006
		*TM_ROW3 17.6256	-22.0591	5.26591e-006
		*TM_POS 17.6256	-22.0591	5.26591e-006
		*TM_ROTAXIS -0.644398	0.540718	0.540718
		*TM_ROTANGLE 1.99673
		*TM_SCALE 1	1	1
		*TM_SCALEAXIS 0	0	0
		*TM_SCALEAXISANG 0	0	0
	}
}
*HELPEROBJECT {
	*NODE_NAME "Bip01 R Thigh"
	*NODE_PARENT "Bip01 Pelvis"
	*NODE_TM {
		*NODE_NAME "Bip01 R Thigh"
		*TM_ROW0 -0.0535034	-0.0367749	-0.99789
		*TM_ROW1 0.00205776	-0.999324	0.0367174
		*TM_ROW2 -0.998566	-8.89041e-005	0.0535432
		*TM_ROW3 -9.01021	-8.01132	99.9496
		*TM_POS -9.01021	-8.01132	99.9496
		*TM_ROTAXIS 0.687862	-0.01262	-0.725732
		*TM_ROTANGLE 3.16835
		*TM_SCALE 1	1	1
		*TM_SCALEAXIS 0	0	0
		*TM_SCALEAXISANG 0	0	0
	}
}
*HELPEROBJECT {
	*NODE_NAME "Bip01 R Calf"
	*NODE_PARENT "Bip01 R Thigh"
	*NODE_TM {
		*NODE_NAME "Bip01 R Calf"
		*TM_ROW0 -0.0525025	0.197539	-0.978888
		*TM_ROW1 -0.0104967	-0.980295	-0.19726
		*TM_ROW2 -0.998566	-8.16064e-005	0.0535415
		*TM_ROW3 -11.1154	-9.45856	60.6878
		*TM_POS -11.1154	-9.45856	60.6878
		*TM_ROTAXIS 0.686298	0.0684898	-0.724088
		*TM_ROTANGLE 2.99744
		*TM_SCALE 1	1	1
		*TM_SCALEAXIS 0	0	0
		*TM_SCALEAXISANG 0	0	0
	}
}
*HELPEROBJECT {
	*NODE_NAME "Bip01 R Foot"
	*NODE_PARENT "Bip01 R Calf"
	*NODE_TM {
		*NODE_NAME "Bip01 R Foot"
		*TM_ROW0 -5.86373e-007	-7.29557e-006	-1
		*TM_ROW1 -0.173652	-0.984807	7.26572e-006
		*TM_ROW2 -0.984807	0.173652	-5.93781e-007
		*TM_ROW3 -13.6935	0.24065	12.6267
		*TM_POS -13.6935	0.24065	12.6267
		*TM_ROTAXIS 0.705757	-0.0617498	-0.705757
		*TM_ROTANGLE 3.01826
		*TM_SCALE 1	1	1
		*TM_SCALEAXIS 0	0	0
		*TM_SCALEAXISANG 0	0	0
	}
}
*HELPEROBJECT {
	*NODE_NAME "Bip01 R Toe0"
	*NODE_PARENT "Bip01 R Foot"
	*NODE_TM {
		*NODE_NAME "Bip01 R Toe0"
		*TM_ROW0 -0.173651	-0.984807	3.52553e-006
		*TM_ROW1 3.507e-006	3.07854e-006	1
		*TM_ROW2 -0.984807	0.173651	3.0421e-006
		*TM_ROW3 -17.6255	-22.0592	2.91014e-005
		*TM_POS -17.6255	-22.0592	2.91014e-005
		*TM_ROTAXIS -0.510271	0.608121	0.608121
		*TM_ROTANGLE 2.19793
		*TM_SCALE 1	1	1
		*TM_SCALEAXIS 0	0	0
		*TM_SCALEAXISANG 0	0	0
	}
}
*HELPEROBJECT {
	*NODE_NAME "Dummy"
	*NODE_PARENT "Bip01 L Finger0"
	*NODE_TM {
		*NODE_NAME "Dummy"
		*TM_ROW0 -1	-0	0
		*TM_ROW1 -0	-1	0
		*TM_ROW2 -0	-0	1
		*TM_ROW3 29.4428	-14.9691	72.9478
		*TM_POS 29.4428	-14.9691	72.9478
		*TM_ROTAXIS 0	0	-1
		*TM_ROTANGLE 3.14159
		*TM_SCALE 1	1	1
		*TM_SCALEAXIS 0	0	0
		*TM_SCALEAXISANG 0	0	0
	}
}
*HELPEROBJECT {
	*NODE_NAME "Dummy1"
	*NODE_PARENT "Bip01 R Finger0"
	*NODE_TM {
		*NODE_NAME "Dummy1"
		*TM_ROW0 -1	-0	0
		*TM_ROW1 -0	-1	0
		*TM_ROW2 -0	-0	1
		*TM_ROW3 -29.4428	-14.9692	72.9478
		*TM_POS -29.4428	-14.9692	72.9478
		*TM_ROTAXIS 0	0	-1
		*TM_ROTANGLE 3.14159
		*TM_SCALE 1	1	1
		*TM_SCALEAXIS 0	0	0
		*TM_SCALEAXISANG 0	0	0
	}
}
*HELPEROBJECT {
	*NODE_NAME "Dummy2"
	*NODE_PARENT "Bip01 L Toe0"
	*NODE_TM {
		*NODE_NAME "Dummy2"
		*TM_ROW0 -1	-0	0
		*TM_ROW1 -0	-1	0
		*TM_ROW2 -0	-0	1
		*TM_ROW3 19.5916	-33.209	-6.31335
		*TM_POS 19.5916	-33.209	-6.31335
		*TM_ROTAXIS 0	0	-1
		*TM_ROTANGLE 3.14159
		*TM_SCALE 1	1	1
		*TM_SCALEAXIS 0	0	0
		*TM_SCALEAXISANG 0	0	0
	}
}
*HELPEROBJECT {
	*NODE_NAME "Dummy3"
	*NODE_PARENT "Bip01 R Toe0"
	*NODE_TM {
		*NODE_NAME "Dummy3"
		*TM_ROW0 -1	-0	0
		*TM_ROW1 -0	-1	0
		*TM_ROW2 -0	-0	1
		*TM_ROW3 -19.5915	-33.2091	-6.31333
		*TM_POS -19.5915	-33.2091	-6.31333
		*TM_ROTAXIS 0	0	-1
		*TM_ROTANGLE 3.14159
		*TM_SCALE 1	1	1
		*TM_SCALEAXIS 0	0	0
		*TM_SCALEAXISANG 0	0	0
	}
}
*GEOMOBJECT {
	*NODE_NAME "zm_Skin"
	*NODE_PARENT "Bip01"
	*NODE_TM {
		*NODE_NAME "zm_Skin"
		*TM_ROW0 -1	-0	0
		*TM_ROW1 -0	-1	0
		*TM_ROW2 -0	-0	1
		*TM_ROW3 -0	-0	0
		*TM_POS -0	-0	0
		*TM_ROTAXIS 0	0	-1
		*TM_ROTANGLE 3.14159
		*TM_SCALE 1	1	1
		*TM_SCALEAXIS 0	0	0
		*TM_SCALEAXISANG 0	0	0
	}
	*MATERIAL_REF 0
	*MESH_SOFTSKIN {
		*TIMEVALUE 0
		*MESH_NUMVERTEX 412
		*MESH_NUMFACES 738
		*MESH_VERTEX_LIST {
			*MESH_VERTEX 0	18.3541	-12.0556	123.044
			*MESH_VERTEX 1	-16.3182	-21.5974	143.724
			*MESH_VERTEX 2	32.3926	-8.28081	159.668
			*MESH_VERTEX 3	6.7022	8.12211	63.5778
			*MESH_VERTEX 4	13.4133	-19.8061	116.613
			*MESH_VERTEX 5	-22.9417	-14.1082	65.6841
			*MESH_VERTEX 6	-17.3408	12.6076	17.7585
			*MESH_VERTEX 7	-12.9831	-0.15205	71.4341
			*MESH_VERTEX 8	-15.825	-22.9702	4.69216
			*MESH_VERTEX 9	-10.4452	-0.0288124	113.245
			*MESH_VERTEX 10	-12.2746	-12.6003	29.8771
			*MESH_VERTEX 11	21.2716	10.6715	125.453
			*MESH_VERTEX 12	-17.6531	-10.1466	113.391
			*MESH_VERTEX 13	-29.466	-6.21956	77.0336
			*MESH_VERTEX 14	-36.3731	0.769375	111.026
			*MESH_VERTEX 15	18.7269	-9.14742	112.115
			*MESH_VERTEX 16	29.7154	-6.12112	75.7675
			*MESH_VERTEX 17	37.4254	1.74571	109.49
			*MESH_VERTEX 18	16.7641	14.2746	16.5732
			*MESH_VERTEX 19	5.78411	-20.0404	73.2264
			*MESH_VERTEX 20	3.17282	0.441521	13.2707
			*MESH_VERTEX 21	16.2285	-21.5793	5.68133
			*MESH_VERTEX 22	13.4723	9.36636	2.01457
			*MESH_VERTEX 23	12.7315	7.58228	32.7775
			*MESH_VERTEX 24	20.2022	-8.31402	111.079
			*MESH_VERTEX 25	19.4045	-11.1733	129.842
			*MESH_VERTEX 26	28.9458	3.24824	132.733
			*MESH_VERTEX 27	-33.276	-1.18615	110.763
			*MESH_VERTEX 28	-17.8258	-11.478	130.361
			*MESH_VERTEX 29	-27.4332	2.28536	133.538
			*MESH_VERTEX 30	-20.1223	10.1796	125.315
			*MESH_VERTEX 31	-26.8966	10.1279	138.473
			*MESH_VERTEX 32	-2.57016	-0.106892	16.2082
			*MESH_VERTEX 33	-13.1782	5.91903	32.2999
			*MESH_VERTEX 34	34.3202	-0.205686	109.263
			*MESH_VERTEX 35	16.8176	-25.6454	69.678
			*MESH_VERTEX 36	-11.4883	-14.4087	11.9275
			*MESH_VERTEX 37	-24.4201	0.411073	18.3483
			*MESH_VERTEX 38	24.7531	2.59575	18.0453
			*MESH_VERTEX 39	-10.0181	-13.0713	6.22973
			*MESH_VERTEX 40	-20.0104	-3.04202	32.9872
			*MESH_VERTEX 41	11.7748	-17.607	114.302
			*MESH_VERTEX 42	13.4745	1.61645	72.337
			*MESH_VERTEX 43	12.352	-13.1166	10.8403
			*MESH_VERTEX 44	6.20321	1.52909	32.3316
			*MESH_VERTEX 45	-23.4533	-18.172	0.26937
			*MESH_VERTEX 46	-13.4885	8.04758	1.34216
			*MESH_VERTEX 47	-6.16606	0.420059	32.0777
			*MESH_VERTEX 48	-11.9405	-17.7464	113.914
			*MESH_VERTEX 49	-13.4164	-19.739	116.147
			*MESH_VERTEX 50	11.7887	1.33599	116.043
			*MESH_VERTEX 51	-12.3028	1.15253	115.607
			*MESH_VERTEX 52	-0.138285	-26.117	163.326
			*MESH_VERTEX 53	-32.225	-8.85478	158.994
			*MESH_VERTEX 54	35.5628	-6.60513	126.701
			*MESH_VERTEX 55	33.8285	4.19946	143.542
			*MESH_VERTEX 56	19.2827	8.13611	135.174
			*MESH_VERTEX 57	26.4561	-16.5858	143.898
			*MESH_VERTEX 58	9.07744	14.0074	15.9594
			*MESH_VERTEX 59	-9.63583	12.9709	17.5748
			*MESH_VERTEX 60	-21.958	3.9067	109.59
			*MESH_VERTEX 61	22.9942	4.91912	108.32
			*MESH_VERTEX 62	8.26983	1.86994	14.4127
			*MESH_VERTEX 63	23.8853	-16.6687	1.43456
			*MESH_VERTEX 64	10.1939	-11.7825	6.97696
			*MESH_VERTEX 65	-33.7146	1.91858	129.029
			*MESH_VERTEX 66	-29.868	-9.38776	136.622
			*MESH_VERTEX 67	9.58413	0.0452619	113.578
			*MESH_VERTEX 68	28.2973	-13.6247	134.566
			*MESH_VERTEX 69	4.83735	0.213936	71.8284
			*MESH_VERTEX 70	-19.532	-7.67567	122.815
			*MESH_VERTEX 71	-19.5752	-14.4164	131.141
			*MESH_VERTEX 72	-16.6588	-4.26519	132.765
			*MESH_VERTEX 73	-19.1455	-9.31937	112.362
			*MESH_VERTEX 74	-22.7867	1.75945	109.597
			*MESH_VERTEX 75	33.7735	-10.5522	112.773
			*MESH_VERTEX 76	21.8778	-19.8004	83.3921
			*MESH_VERTEX 77	18.8339	-14.1476	140.995
			*MESH_VERTEX 78	23.8189	2.76778	108.295
			*MESH_VERTEX 79	-3.44826	-20.9758	73.5939
			*MESH_VERTEX 80	-13.5723	-20.4787	74.5954
			*MESH_VERTEX 81	-32.6897	-11.5224	114.297
			*MESH_VERTEX 82	0.00145629	-17.0872	152.458
			*MESH_VERTEX 83	11.6326	0.535225	159.584
			*MESH_VERTEX 84	23.8377	-2.72189	154.389
			*MESH_VERTEX 85	23.3578	-10.4813	66.8959
			*MESH_VERTEX 86	9.40831	-18.5096	57.8071
			*MESH_VERTEX 87	15.7692	-18.6983	74.7296
			*MESH_VERTEX 88	-15.1525	-27.1661	70.1139
			*MESH_VERTEX 89	-8.06049	-20.5835	57.4342
			*MESH_VERTEX 90	-4.844	-6.66233	50.5184
			*MESH_VERTEX 91	-18.5204	-9.52285	50.9992
			*MESH_VERTEX 92	-18.9901	-18.9681	12.7935
			*MESH_VERTEX 93	31.7006	-9.4313	111.601
			*MESH_VERTEX 94	-30.6357	-10.4113	113.082
			*MESH_VERTEX 95	-4.24225	-0.791617	71.367
			*MESH_VERTEX 96	-14.7774	-7.97246	16.6452
			*MESH_VERTEX 97	29.9061	-5.66786	149.299
			*MESH_VERTEX 98	5.48987	-5.21319	50.8069
			*MESH_VERTEX 99	19.3013	-6.94292	52.1117
			*MESH_VERTEX 100	-24.4661	-3.30857	153.588
			*MESH_VERTEX 101	-25.1632	-16.8702	142.835
			*MESH_VERTEX 102	-18.2476	-14.1248	140.613
			*MESH_VERTEX 103	-17.2197	-12.6548	123.743
			*MESH_VERTEX 104	-34.6666	-8.40355	129.66
			*MESH_VERTEX 105	19.427	-12.2249	11.6677
			*MESH_VERTEX 106	20.1588	-2.67235	34.2211
			*MESH_VERTEX 107	13.5546	-22.4882	122.695
			*MESH_VERTEX 108	18.9224	-7.43931	123.498
			*MESH_VERTEX 109	-0.0421877	-22.4333	122.616
			*MESH_VERTEX 110	-0.0277615	-26.3164	119.485
			*MESH_VERTEX 111	-32.1082	4.04947	141.571
			*MESH_VERTEX 112	13.4436	-11.0028	30.8435
			*MESH_VERTEX 113	14.9505	-6.63938	17.9312
			*MESH_VERTEX 114	-23.0175	-15.1064	76.8344
			*MESH_VERTEX 115	-36.8514	-10.1352	80.819
			*MESH_VERTEX 116	37.169	-10.0767	79.4109
			*MESH_VERTEX 117	-26.0742	-17.2642	84.1642
			*MESH_VERTEX 118	-19.017	-14.1246	86.7049
			*MESH_VERTEX 119	-24.0648	-13.8328	76.962
			*MESH_VERTEX 120	-26.0659	-16.1264	78.0688
			*MESH_VERTEX 121	20.1771	2.8886	16.2215
			*MESH_VERTEX 122	-30.9172	-20.0415	81.5704
			*MESH_VERTEX 123	-14.4401	-20.8123	57.4033
			*MESH_VERTEX 124	-13.4579	-22.765	122.17
			*MESH_VERTEX 125	15.7795	-18.2	58.079
			*MESH_VERTEX 126	-4.66321e-005	8.08587	156.92
			*MESH_VERTEX 127	26.549	10.7595	138.925
			*MESH_VERTEX 128	25.0153	8.21067	142.566
			*MESH_VERTEX 129	34.4417	4.08455	127.316
			*MESH_VERTEX 130	-29.5226	-6.31071	148.488
			*MESH_VERTEX 131	-24.7896	7.78879	142.053
			*MESH_VERTEX 132	-19.4824	8.13433	134.842
			*MESH_VERTEX 133	-20.0019	8.6455	129.36
			*MESH_VERTEX 134	-17.8289	11.634	135.872
			*MESH_VERTEX 135	22.1999	5.92636	120.18
			*MESH_VERTEX 136	21.9778	0.691548	129.651
			*MESH_VERTEX 137	-16.4934	-8.16765	113.457
			*MESH_VERTEX 138	-20.2053	1.32847	14.7358
			*MESH_VERTEX 139	18.7139	9.13243	130.047
			*MESH_VERTEX 140	17.9093	-8.84311	116.535
			*MESH_VERTEX 141	-18.1937	-9.40569	115.875
			*MESH_VERTEX 142	15.661	-8.04686	114
			*MESH_VERTEX 143	-14.4401	-20.8123	57.4034
			*MESH_VERTEX 144	-11.9818	-23.2166	0.268831
			*MESH_VERTEX 145	12.5162	-21.9325	1.15468
			*MESH_VERTEX 146	-20.6127	0.0672907	130.18
			*MESH_VERTEX 147	-5.73213	6.74042	63.2993
			*MESH_VERTEX 148	-8.23118	0.780471	13.9531
			*MESH_VERTEX 149	17.6028	11.8427	136.235
			*MESH_VERTEX 150	-22.7584	-14.6063	133.531
			*MESH_VERTEX 151	15.7795	-18.2	58.079
			*MESH_VERTEX 152	-8.06048	-20.5835	57.4342
			*MESH_VERTEX 153	-3.4356	-7.1617	61.9668
			*MESH_VERTEX 154	31.2321	-19.9862	80.1487
			*MESH_VERTEX 155	-10.4062	0.95834	121.977
			*MESH_VERTEX 156	13.2233	6.29259	122.799
			*MESH_VERTEX 157	-22.7442	-18.3824	89.3646
			*MESH_VERTEX 158	-25.2574	-15.1586	93.8404
			*MESH_VERTEX 159	9.40831	-18.5096	57.8071
			*MESH_VERTEX 160	25.5565	-15.2535	92.1922
			*MESH_VERTEX 161	4.27242	-5.66847	62.1864
			*MESH_VERTEX 162	35.1841	-9.74775	139.334
			*MESH_VERTEX 163	15.1295	-3.62953	134.878
			*MESH_VERTEX 164	23.2591	-15.0034	75.6092
			*MESH_VERTEX 165	9.44099	1.04575	122.304
			*MESH_VERTEX 166	-14.1524	6.13618	122.342
			*MESH_VERTEX 167	-20.9325	4.73649	121.174
			*MESH_VERTEX 168	-25.9966	-13.6503	125.763
			*MESH_VERTEX 169	15.3897	0.120541	123.714
			*MESH_VERTEX 170	26.4464	-17.239	82.8622
			*MESH_VERTEX 171	24.8336	-7.67514	90.4658
			*MESH_VERTEX 172	26.3262	-16.0334	76.7876
			*MESH_VERTEX 173	19.4247	-14.1325	85.5272
			*MESH_VERTEX 174	28.6136	-3.01817	82.1844
			*MESH_VERTEX 175	29.6785	-5.44303	85.7633
			*MESH_VERTEX 176	20.1362	6.38617	0.564423
			*MESH_VERTEX 177	-20.0506	4.95288	-0.31674
			*MESH_VERTEX 178	-14.1755	-0.365714	123.858
			*MESH_VERTEX 179	-17.2974	-15.9686	131.831
			*MESH_VERTEX 180	-24.5272	-7.62584	91.9443
			*MESH_VERTEX 181	11.5705	-17.8322	158.776
			*MESH_VERTEX 182	11.3862	-10.3332	155.972
			*MESH_VERTEX 183	13.0023	-17.345	152.982
			*MESH_VERTEX 184	11.66	-16.8041	122.791
			*MESH_VERTEX 185	-0.00399474	-9.27033	121.502
			*MESH_VERTEX 186	-24.5721	-17.7321	77.4391
			*MESH_VERTEX 187	-28.2664	-3.04734	83.4068
			*MESH_VERTEX 188	-29.1572	-5.50803	86.9959
			*MESH_VERTEX 189	-13.7928	-19.8235	157.851
			*MESH_VERTEX 190	-12.7135	-10.7751	155.626
			*MESH_VERTEX 191	-14.3543	-18.0876	152.415
			*MESH_VERTEX 192	21.1623	-9.58697	7.6718
			*MESH_VERTEX 193	-21.042	-11.09	6.63283
			*MESH_VERTEX 194	-14.7781	0.198162	158.246
			*MESH_VERTEX 195	-12.2456	-16.6866	122.4
			*MESH_VERTEX 196	15.6793	-7.55816	122.634
			*MESH_VERTEX 197	-0.00705827	-23.829	116.776
			*MESH_VERTEX 198	-16.4678	-7.95056	122.11
			*MESH_VERTEX 199	27.0064	-12.9879	124.477
			*MESH_VERTEX 200	18.3708	-9.47507	74.1944
			*MESH_VERTEX 201	-16.9673	-11.5573	73.548
			*MESH_VERTEX 202	0.0266552	-30.1891	144.803
			*MESH_VERTEX 203	0.00495644	-24.705	152.022
			*MESH_VERTEX 204	28.7335	4.69503	146.193
			*MESH_VERTEX 205	-25.33	-13.5972	114.579
			*MESH_VERTEX 206	31.8207	-8.61925	135.602
			*MESH_VERTEX 207	26.4156	-12.6148	113.168
			*MESH_VERTEX 208	-25.1383	6.08037	147.586
			*MESH_VERTEX 209	23.195	-18.4006	88.1184
			*MESH_VERTEX 210	24.1485	-13.2569	146.093
			*MESH_VERTEX 211	-7.84937	-16.5725	46.5448
			*MESH_VERTEX 212	-16.4628	-2.76139	61.3078
			*MESH_VERTEX 213	16.9999	-11.1078	138.278
			*MESH_VERTEX 214	18.6973	-16.7708	139.536
			*MESH_VERTEX 215	16.2388	-21.5355	144.103
			*MESH_VERTEX 216	23.6456	7.71753	130.118
			*MESH_VERTEX 217	-23.573	-13.3888	145.554
			*MESH_VERTEX 218	-21.497	-19.8183	84.652
			*MESH_VERTEX 219	34.5576	1.68305	137.52
			*MESH_VERTEX 220	-22.571	-15.4384	76.3323
			*MESH_VERTEX 221	16.9198	-0.124723	61.6755
			*MESH_VERTEX 222	24.3091	-13.7312	75.7289
			*MESH_VERTEX 223	22.8044	-15.3316	75.1121
			*MESH_VERTEX 224	24.8215	-17.6339	76.1708
			*MESH_VERTEX 225	24.6537	6.56474	148.321
			*MESH_VERTEX 226	2.33211	-9.24235	72.1654
			*MESH_VERTEX 227	3.69612	8.16507	100.452
			*MESH_VERTEX 228	-17.6252	-2.48062	63.9369
			*MESH_VERTEX 229	-0.00183175	-21.0338	114.252
			*MESH_VERTEX 230	-17.3307	-16.6757	138.777
			*MESH_VERTEX 231	-16.2145	-24.237	0.587615
			*MESH_VERTEX 232	16.7569	-22.869	1.59953
			*MESH_VERTEX 233	-0.933952	-9.96388	72.2206
			*MESH_VERTEX 234	-29.2727	5.43801	134.673
			*MESH_VERTEX 235	-16.5946	-11.0656	137.751
			*MESH_VERTEX 236	1.85837e-005	-9.76778	155.177
			*MESH_VERTEX 237	-0.000132129	0.419166	153.102
			*MESH_VERTEX 238	-33.0372	-6.31267	112.097
			*MESH_VERTEX 239	-24.5388	-10.7441	119.731
			*MESH_VERTEX 240	-24.9763	-12.1187	113.317
			*MESH_VERTEX 241	0.0279073	3.38187	122.058
			*MESH_VERTEX 242	26.7074	-16.4214	136.022
			*MESH_VERTEX 243	18.9665	-0.528014	109.734
			*MESH_VERTEX 244	7.12196	-0.440847	61.0542
			*MESH_VERTEX 245	10.8848	5.96539	51.3509
			*MESH_VERTEX 246	-27.8115	4.39437	144.742
			*MESH_VERTEX 247	-17.9169	-1.53943	110.969
			*MESH_VERTEX 248	26.0423	-11.1273	111.929
			*MESH_VERTEX 249	-10.0395	3.11439	-0.618929
			*MESH_VERTEX 250	10.1742	4.35327	-0.00211847
			*MESH_VERTEX 251	17.9029	0.278995	65.7219
			*MESH_VERTEX 252	-6.65668	-2.23256	60.8916
			*MESH_VERTEX 253	-11.1483	4.03525	51.0287
			*MESH_VERTEX 254	18.7819	-13.9003	131.809
			*MESH_VERTEX 255	31.3135	-14.9693	93.1828
			*MESH_VERTEX 256	0.00398041	4.07234	115.499
			*MESH_VERTEX 257	-14.8616	0.791932	106.501
			*MESH_VERTEX 258	-5.1295	7.87509	100.107
			*MESH_VERTEX 259	33.9298	-5.31649	85.1694
			*MESH_VERTEX 260	34.5963	-10.5845	92.0396
			*MESH_VERTEX 261	-28.2391	-18.8711	77.8027
			*MESH_VERTEX 262	-19.4143	-16.7959	82.769
			*MESH_VERTEX 263	28.4932	-18.7773	76.4677
			*MESH_VERTEX 264	19.765	-16.758	81.5742
			*MESH_VERTEX 265	-31.0906	-14.9504	94.4545
			*MESH_VERTEX 266	-34.24	-8.71433	77.4252
			*MESH_VERTEX 267	34.4936	-8.62123	76.0645
			*MESH_VERTEX 268	14.1892	0.971305	107.272
			*MESH_VERTEX 269	-0.00386102	4.08282	106.412
			*MESH_VERTEX 270	-23.4526	7.17763	129.354
			*MESH_VERTEX 271	-33.5305	-5.342	86.4714
			*MESH_VERTEX 272	-0.148312	-27.8217	162.105
			*MESH_VERTEX 273	-26.3125	-14.1348	135.473
			*MESH_VERTEX 274	-18.328	-12.959	147.467
			*MESH_VERTEX 275	-24.8372	-16.2812	136.049
			*MESH_VERTEX 276	19.2414	0.895399	51.3597
			*MESH_VERTEX 277	24.6465	-14.2477	132.774
			*MESH_VERTEX 278	-33.3104	-10.0699	139.503
			*MESH_VERTEX 279	-19.0543	-1.6819	50.4401
			*MESH_VERTEX 280	24.8783	-9.55085	0.630271
			*MESH_VERTEX 281	-24.56	-11.0681	-0.509088
			*MESH_VERTEX 282	20.6013	-1.94932	109.442
			*MESH_VERTEX 283	-34.3633	-10.6287	93.0845
			*MESH_VERTEX 284	-18.3649	-8.91054	106.602
			*MESH_VERTEX 285	-21.183	-9.13296	101.038
			*MESH_VERTEX 286	-15.3941	-17.0728	46.5458
			*MESH_VERTEX 287	18.2875	-12.7622	148.274
			*MESH_VERTEX 288	30.3565	2.57232	108.472
			*MESH_VERTEX 289	-18.035	-2.52669	119.754
			*MESH_VERTEX 290	-29.3213	1.58079	109.891
			*MESH_VERTEX 291	9.49612	-14.9451	47.2894
			*MESH_VERTEX 292	18.7883	-15.7486	132.068
			*MESH_VERTEX 293	-29.6178	-1.75688	135.339
			*MESH_VERTEX 294	16.8077	-20.3514	65.0176
			*MESH_VERTEX 295	-14.777	-22.6994	64.8624
			*MESH_VERTEX 296	25.639	-9.58714	118.975
			*MESH_VERTEX 297	-19.5593	-2.95947	110.71
			*MESH_VERTEX 298	-13.0977	-18.8038	158.337
			*MESH_VERTEX 299	3.87486	9.272	87.2896
			*MESH_VERTEX 300	-9.49042	-14.9906	-0.491147
			*MESH_VERTEX 301	31.3287	-0.806611	134.401
			*MESH_VERTEX 302	34.0934	-5.33574	110.585
			*MESH_VERTEX 303	31.061	-7.67231	117.701
			*MESH_VERTEX 304	0.000815782	2.0096	113.319
			*MESH_VERTEX 305	9.89132	-13.7618	0.259568
			*MESH_VERTEX 306	37.1155	-4.88901	111.192
			*MESH_VERTEX 307	-36.0471	-5.85835	112.753
			*MESH_VERTEX 308	19.231	-1.31095	118.852
			*MESH_VERTEX 309	-6.15859	-22.3032	64.6259
			*MESH_VERTEX 310	-4.14028	-29.1583	69.1364
			*MESH_VERTEX 311	8.20683	-20.7054	64.3869
			*MESH_VERTEX 312	29.8356	8.21043	126.723
			*MESH_VERTEX 313	30.3831	6.00672	134.989
			*MESH_VERTEX 314	19.5711	-7.00697	118.378
			*MESH_VERTEX 315	24.7703	-11.6594	123.219
			*MESH_VERTEX 316	-32.7733	-4.40796	90.8778
			*MESH_VERTEX 317	-30.8667	3.65396	109.974
			*MESH_VERTEX 318	33.0322	-4.35259	89.8274
			*MESH_VERTEX 319	31.9076	4.64648	108.549
			*MESH_VERTEX 320	29.4497	-6.66328	127.822
			*MESH_VERTEX 321	-23.6552	-12.9045	124.66
			*MESH_VERTEX 322	-18.431	-8.19435	119.177
			*MESH_VERTEX 323	-29.9596	-8.59922	118.782
			*MESH_VERTEX 324	33.4917	2.18652	120.771
			*MESH_VERTEX 325	16.1298	-2.25764	129.107
			*MESH_VERTEX 326	16.5524	-11.3504	130.377
			*MESH_VERTEX 327	0.266582	-11.3993	69.966
			*MESH_VERTEX 328	-32.1003	-5.29308	121.556
			*MESH_VERTEX 329	-4.95986	-26.8167	91.0602
			*MESH_VERTEX 330	-14.6852	-19.6361	106.64
			*MESH_VERTEX 331	15.9359	-8.23401	123.114
			*MESH_VERTEX 332	12.2727	-18.3965	157.851
			*MESH_VERTEX 333	-17.8094	-6.1504	129.595
			*MESH_VERTEX 334	-15.5901	-11.4609	129.742
			*MESH_VERTEX 335	-15.668	-2.34748	128.134
			*MESH_VERTEX 336	-14.7931	-8.82656	123.619
			*MESH_VERTEX 337	17.9184	-8.63215	107.351
			*MESH_VERTEX 338	14.4743	-19.4379	107.066
			*MESH_VERTEX 339	20.7392	-8.9945	101.907
			*MESH_VERTEX 340	-0.0169781	13.551	139.042
			*MESH_VERTEX 341	0.043714	8.03828	122.379
			*MESH_VERTEX 342	29.1267	6.05674	120.984
			*MESH_VERTEX 343	-32.2516	1.5837	136.833
			*MESH_VERTEX 344	19.6166	-6.64012	62.9429
			*MESH_VERTEX 345	19.2847	-5.7953	129.132
			*MESH_VERTEX 346	33.2954	-4.22884	120.342
			*MESH_VERTEX 347	-5.84051	-1.03076	49.7557
			*MESH_VERTEX 348	-29.5202	6.86583	127.21
			*MESH_VERTEX 349	17.0445	-14.8319	47.7166
			*MESH_VERTEX 350	20.3343	-1.38524	115.836
			*MESH_VERTEX 351	0.00308876	-23.996	107.876
			*MESH_VERTEX 352	6.01281	-28.0207	68.9247
			*MESH_VERTEX 353	-5.20294	-25.2345	101.977
			*MESH_VERTEX 354	6.0778	0.456304	49.9368
			*MESH_VERTEX 355	-18.652	-9.46422	62.293
			*MESH_VERTEX 356	-14.7029	-23.4945	134.303
			*MESH_VERTEX 357	13.4133	8.94871	18.7226
			*MESH_VERTEX 358	-13.9863	7.57066	18.0253
			*MESH_VERTEX 359	4.70257	-25.054	102.063
			*MESH_VERTEX 360	5.34105	-26.0474	90.3459
			*MESH_VERTEX 361	-28.4599	-3.16187	90.7752
			*MESH_VERTEX 362	-32.3848	0.303476	118.423
			*MESH_VERTEX 363	17.7567	0.791968	89.7631
			*MESH_VERTEX 364	-18.1154	-0.369431	88.3288
			*MESH_VERTEX 365	28.7146	-3.17042	89.4924
			*MESH_VERTEX 366	22.7316	-9.94835	90.3378
			*MESH_VERTEX 367	-15.9651	-23.1987	89.8967
			*MESH_VERTEX 368	15.0222	-23.1971	134.75
			*MESH_VERTEX 369	20.2961	-7.08147	116.545
			*MESH_VERTEX 370	14.5958	0.99645	101.915
			*MESH_VERTEX 371	23.3768	4.73134	115.72
			*MESH_VERTEX 372	31.2456	-7.62538	119.829
			*MESH_VERTEX 373	-22.8864	-11.1452	89.1588
			*MESH_VERTEX 374	-27.8393	4.91602	122.181
			*MESH_VERTEX 375	-32.2421	1.10738	122.059
			*MESH_VERTEX 376	0.063039	-29.4191	134.886
			*MESH_VERTEX 377	-22.2252	3.77105	116.929
			*MESH_VERTEX 378	-32.0509	-5.18887	118.939
			*MESH_VERTEX 379	-30.8227	0.118179	110.331
			*MESH_VERTEX 380	33.5585	1.23174	116.961
			*MESH_VERTEX 381	31.8616	1.10363	108.879
			*MESH_VERTEX 382	33.2007	-4.26586	117.607
			*MESH_VERTEX 383	-4.67514	8.55368	86.2935
			*MESH_VERTEX 384	-30.1023	-8.72981	120.818
			*MESH_VERTEX 385	-19.3691	-8.10707	116.473
			*MESH_VERTEX 386	-19.2625	-2.34838	116.641
			*MESH_VERTEX 387	-28.1211	-6.86182	128.095
			*MESH_VERTEX 388	-16.1728	-20.8419	99.7528
			*MESH_VERTEX 389	-15.4809	0.698342	100.967
			*MESH_VERTEX 390	16.1071	-22.1852	90.1686
			*MESH_VERTEX 391	25.7669	-9.66171	117.451
			*MESH_VERTEX 392	-20.7577	-0.835926	110.2
			*MESH_VERTEX 393	21.7952	0.173868	108.92
			*MESH_VERTEX 394	-24.7832	-10.6439	117.79
			*MESH_VERTEX 395	-28.5777	3.91161	117.775
			*MESH_VERTEX 396	15.2706	-20.6549	100.081
			*MESH_VERTEX 397	32.3505	-8.46193	111.362
			*MESH_VERTEX 398	-31.2876	-9.44105	112.852
			*MESH_VERTEX 399	29.7506	4.86496	116.418
			*MESH_VERTEX 400	30.174	-9.95538	111.707
			*MESH_VERTEX 401	-29.1087	-10.9385	113.163
			*MESH_VERTEX 402	20.5165	-3.84227	109.929
			*MESH_VERTEX 403	-19.4701	-4.85072	111.202
			*MESH_VERTEX 404	34.1767	-2.21794	109.78
			*MESH_VERTEX 405	-33.128	-3.19644	111.284
			*MESH_VERTEX 406	-26.7025	1.60038	109.787
			*MESH_VERTEX 407	27.7361	2.59766	108.415
			*MESH_VERTEX 408	28.2549	-2.61982	110.484
			*MESH_VERTEX 409	-27.231	-3.55508	111.865
			*MESH_VERTEX 410	21.6816	-9.05854	111.302
			*MESH_VERTEX 411	-20.6224	-10.0603	112.612
		}
		*MESH_FACE_LIST {
			*MESH_FACE    0:    A:    190 B:    274 C:    191 AB:    1 BC:    1 CA:    1	 *MESH_SMOOTHING 1 	*MESH_MTLID 0
			*MESH_FACE    1:    A:    107 B:    368 C:    376 AB:    1 BC:    1 CA:    1	 *MESH_SMOOTHING 1 	*MESH_MTLID 0
			*MESH_FACE    2:    A:    5 B:    364 C:    228 AB:    1 BC:    1 CA:    1	 *MESH_SMOOTHING 1 	*MESH_MTLID 0
			*MESH_FACE    3:    A:    352 B:    360 C:    310 AB:    1 BC:    1 CA:    1	 *MESH_SMOOTHING 1 	*MESH_MTLID 0
			*MESH_FACE    4:    A:    36 B:    32 C:    90 AB:    1 BC:    1 CA:    1	 *MESH_SMOOTHING 1 	*MESH_MTLID 0
			*MESH_FACE    5:    A:    37 B:    92 C:    91 AB:    1 BC:    1 CA:    1	 *MESH_SMOOTHING 1 	*MESH_MTLID 0
			*MESH_FACE    6:    A:    340 B:    341 C:    166 AB:    1 BC:    1 CA:    1	 *MESH_SMOOTHING 1 	*MESH_MTLID 0
			*MESH_FACE    7:    A:    139 B:    163 C:    108 AB:    1 BC:    1 CA:    1	 *MESH_SMOOTHING 1 	*MESH_MTLID 0
			*MESH_FACE    8:    A:    10 B:    96 C:    47 AB:    1 BC:    1 CA:    1	 *MESH_SMOOTHING 1 	*MESH_MTLID 0
			*MESH_FACE    9:    A:    96 B:    10 C:    40 AB:    1 BC:    1 CA:    1	 *MESH_SMOOTHING 1 	*MESH_MTLID 0
			*MESH_FACE    10:    A:    325 B:    169 C:    326 AB:    1 BC:    1 CA:    1	 *MESH_SMOOTHING 1 	*MESH_MTLID 0
			*MESH_FACE    11:    A:    97 B:    219 C:    204 AB:    1 BC:    1 CA:    1	 *MESH_SMOOTHING 1 	*MESH_MTLID 0
			*MESH_FACE    12:    A:    265 B:    205 C:    81 AB:    1 BC:    1 CA:    1	 *MESH_SMOOTHING 1 	*MESH_MTLID 0
			*MESH_FACE    13:    A:    12 B:    158 C:    247 AB:    1 BC:    1 CA:    1	 *MESH_SMOOTHING 1 	*MESH_MTLID 0
			*MESH_FACE    14:    A:    207 B:    255 C:    75 AB:    1 BC:    1 CA:    1	 *MESH_SMOOTHING 1 	*MESH_MTLID 0
			*MESH_FACE    15:    A:    160 B:    15 C:    243 AB:    1 BC:    1 CA:    1	 *MESH_SMOOTHING 1 	*MESH_MTLID 0
			*MESH_FACE    16:    A:    354 B:    58 C:    20 AB:    1 BC:    1 CA:    1	 *MESH_SMOOTHING 1 	*MESH_MTLID 0
			*MESH_FACE    17:    A:    105 B:    38 C:    99 AB:    1 BC:    1 CA:    1	 *MESH_SMOOTHING 1 	*MESH_MTLID 0
			*MESH_FACE    18:    A:    250 B:    305 C:    62 AB:    1 BC:    1 CA:    1	 *MESH_SMOOTHING 1 	*MESH_MTLID 0
			*MESH_FACE    19:    A:    121 B:    280 C:    176 AB:    1 BC:    1 CA:    1	 *MESH_SMOOTHING 1 	*MESH_MTLID 0
			*MESH_FACE    20:    A:    58 B:    23 C:    20 AB:    1 BC:    1 CA:    1	 *MESH_SMOOTHING 1 	*MESH_MTLID 0
			*MESH_FACE    21:    A:    105 B:    112 C:    38 AB:    1 BC:    1 CA:    1	 *MESH_SMOOTHING 1 	*MESH_MTLID 0
			*MESH_FACE    22:    A:    26 B:    135 C:    136 AB:    1 BC:    1 CA:    1	 *MESH_SMOOTHING 1 	*MESH_MTLID 0
			*MESH_FACE    23:    A:    301 B:    206 C:    346 AB:    1 BC:    1 CA:    1	 *MESH_SMOOTHING 1 	*MESH_MTLID 0
