*3DSMAX_ASCIIEXPORT	110
*COMMENT "[ GothicSourcer v3.14 ] - June 2007"
*SCENE {
	*SCENE_FILENAME "HUM_EBRM_ARMOR.MAX"
	*SCENE_FIRSTFRAME 0
	*SCENE_LASTFRAME 100
	*SCENE_FRAMESPEED 25
	*SCENE_TICKSPERFRAME 192
	*SCENE_BACKGROUND_STATIC 0	0	0
	*SCENE_AMBIENT_STATIC 0.2	0.2	0.2
}
*MATERIAL_LIST {
	*MATERIAL_COUNT 2
	*MATERIAL 0 {
		*MATERIAL_NAME "Compound Material #1"
		*MATERIAL_CLASS "Multi/Sub-Object"
		*NUMSUBMTLS 2
		*SUBMATERIAL 0 {
			*MATERIAL_NAME "EBRHOSE"
			*MATERIAL_CLASS "Standard"
			*MATERIAL_AMBIENT 0.129412	0.101961	0.0901961
			*MATERIAL_DIFFUSE 0.129412	0.101961	0.0901961
			*MATERIAL_SPECULAR 0.9	0.9	0.9
			*MATERIAL_SHINE 0.1
			*MATERIAL_SHINESTRENGTH 0
			*MATERIAL_TRANSPARENCY 0
			*MATERIAL_WIRESIZE 1
			*MATERIAL_SHADING Blinn
			*MATERIAL_XP_FALLOFF 0
			*MATERIAL_SELFILLUM 0
			*MATERIAL_FALLOFF In
			*MATERIAL_XP_TYPE Filter
			*MAP_DIFFUSE {
				*MAP_NAME "Map #1-1"
				*MAP_CLASS "Bitmap"
				*MAP_SUBNO 1
				*MAP_AMOUNT 1
				*BITMAP "HUM_EBRM1_ARMOR_V0.TGA"
				*MAP_TYPE Screen
				*UVW_U_OFFSET 0
				*UVW_V_OFFSET 0
				*UVW_U_TILING 1
				*UVW_V_TILING 1
				*UVW_ANGLE 0
				*UVW_BLUR 1
				*UVW_BLUR_OFFSET 0
				*UVW_NOUSE_AMT 1
				*UVW_NOISE_SIZE 1
				*UVW_NOISE_LEVEL 1
				*UVW_NOISE_PHASE 0
				*BITMAP_FILTER Pyramidal
			}
		}
		*SUBMATERIAL 1 {
			*MATERIAL_NAME "EBROBEN"
			*MATERIAL_CLASS "Standard"
			*MATERIAL_AMBIENT 0.458824	0.27451	0.231373
			*MATERIAL_DIFFUSE 0.458824	0.27451	0.231373
			*MATERIAL_SPECULAR 0.9	0.9	0.9
			*MATERIAL_SHINE 0.1
			*MATERIAL_SHINESTRENGTH 0
			*MATERIAL_TRANSPARENCY 0
			*MATERIAL_WIRESIZE 1
			*MATERIAL_SHADING Blinn
			*MATERIAL_XP_FALLOFF 0
			*MATERIAL_SELFILLUM 0
			*MATERIAL_FALLOFF In
			*MATERIAL_XP_TYPE Filter
			*MAP_DIFFUSE {
				*MAP_NAME "Map #1-2"
				*MAP_CLASS "Bitmap"
				*MAP_SUBNO 1
				*MAP_AMOUNT 1
				*BITMAP "HUM_EBRM2_ARMOR_V0.TGA"
				*MAP_TYPE Screen
				*UVW_U_OFFSET 0
				*UVW_V_OFFSET 0
				*UVW_U_TILING 1
				*UVW_V_TILING 1
				*UVW_ANGLE 0
				*UVW_BLUR 1
				*UVW_BLUR_OFFSET 0
				*UVW_NOUSE_AMT 1
				*UVW_NOISE_SIZE 1
				*UVW_NOISE_LEVEL 1
				*UVW_NOISE_PHASE 0
				*BITMAP_FILTER Pyramidal
			}
		}
	}
	*MATERIAL 1 {
		*MATERIAL_NAME "MATERIAL #403"
		*MATERIAL_CLASS "Standard"
		*MATERIAL_AMBIENT 0.509804	0.407843	0.305882
		*MATERIAL_DIFFUSE 0.509804	0.407843	0.305882
		*MATERIAL_SPECULAR 0.9	0.9	0.9
		*MATERIAL_SHINE 0.1
		*MATERIAL_SHINESTRENGTH 0
		*MATERIAL_TRANSPARENCY 0
		*MATERIAL_WIRESIZE 1
		*MATERIAL_SHADING Blinn
		*MATERIAL_XP_FALLOFF 0
		*MATERIAL_SELFILLUM 0
		*MATERIAL_FALLOFF In
		*MATERIAL_XP_TYPE Filter
		*MAP_DIFFUSE {
			*MAP_NAME "Map #2"
			*MAP_CLASS "Bitmap"
			*MAP_SUBNO 1
			*MAP_AMOUNT 1
			*BITMAP "HUM_BODY_NAKED_V0_C0.TGA"
			*MAP_TYPE Screen
			*UVW_U_OFFSET 0
			*UVW_V_OFFSET 0
			*UVW_U_TILING 1
			*UVW_V_TILING 1
			*UVW_ANGLE 0
			*UVW_BLUR 1
			*UVW_BLUR_OFFSET 0
			*UVW_NOUSE_AMT 1
			*UVW_NOISE_SIZE 1
			*UVW_NOISE_LEVEL 1
			*UVW_NOISE_PHASE 0
			*BITMAP_FILTER Pyramidal
		}
	}
}
*HELPEROBJECT {
	*NODE_NAME "Bip01"
	*NODE_TM {
		*NODE_NAME "Bip01"
		*TM_ROW0 6.27438e-006	-1	0
		*TM_ROW1 1	6.27438e-006	0
		*TM_ROW2 -0	-0	1
		*TM_ROW3 0	-7.37745	99.9496
		*TM_POS 0	-7.37745	99.9496
		*TM_ROTAXIS 0	0	1
		*TM_ROTANGLE 1.57079
		*TM_SCALE 1	1	1
		*TM_SCALEAXIS 0	0	0
		*TM_SCALEAXISANG 0	0	0
	}
}
*HELPEROBJECT {
	*NODE_NAME "Bip01 Pelvis"
	*NODE_PARENT "Bip01"
	*NODE_TM {
		*NODE_NAME "Bip01 Pelvis"
		*TM_ROW0 -5.96046e-008	1.79264e-006	1
		*TM_ROW1 -1.79264e-006	-1	1.79264e-006
		*TM_ROW2 1	-1.79264e-006	-5.96046e-008
		*TM_ROW3 1e-005	-8.0113	99.9496
		*TM_POS 1e-005	-8.0113	99.9496
		*TM_ROTAXIS 0.707107	0	0.707107
		*TM_ROTANGLE 3.1416
		*TM_SCALE 1	1	1
		*TM_SCALEAXIS 0	0	0
		*TM_SCALEAXISANG 0	0	0
	}
}
*HELPEROBJECT {
	*NODE_NAME "Bip01 Spine"
	*NODE_PARENT "Bip01 Pelvis"
	*NODE_TM {
		*NODE_NAME "Bip01 Spine"
		*TM_ROW0 5.96047e-008	-0.0205947	0.999788
		*TM_ROW1 5.48642e-006	-0.999788	-0.0205947
		*TM_ROW2 1	5.48642e-006	5.96047e-008
		*TM_ROW3 1e-005	-7.92216	102.35
		*TM_POS 1e-005	-7.92216	102.35
		*TM_ROTAXIS 0.707088	-0.00727998	0.707088
		*TM_ROTANGLE 3.12703
		*TM_SCALE 1	1	1
		*TM_SCALEAXIS 0	0	0
		*TM_SCALEAXISANG 0	0	0
	}
}
*HELPEROBJECT {
	*NODE_NAME "Bip01 Spine1"
	*NODE_PARENT "Bip01 Spine"
	*NODE_TM {
		*NODE_NAME "Bip01 Spine1"
		*TM_ROW0 5.96047e-008	-0.00276992	0.999996
		*TM_ROW1 -1.92621e-006	-0.999996	-0.00276991
		*TM_ROW2 1	-1.92621e-006	5.96047e-008
		*TM_ROW3 1e-005	-8.11442	112.175
		*TM_POS 1e-005	-8.11442	112.175
		*TM_ROTAXIS 0.707106	-0.000979995	0.707107
		*TM_ROTANGLE 3.13964
		*TM_SCALE 1	1	1
		*TM_SCALEAXIS 0	0	0
		*TM_SCALEAXISANG 0	0	0
	}
}
*HELPEROBJECT {
	*NODE_NAME "Bip01 Spine2"
	*NODE_PARENT "Bip01 Spine1"
	*NODE_TM {
		*NODE_NAME "Bip01 Spine2"
		*TM_ROW0 5.96048e-008	0.180243	0.983622
		*TM_ROW1 1.67638e-006	-0.983622	0.180243
		*TM_ROW2 1	1.67638e-006	5.96047e-008
		*TM_ROW3 1e-005	-8.1264	124.961
		*TM_POS 1e-005	-8.1264	124.961
		*TM_ROTAXIS 0.705652	0.0641202	0.705652
		*TM_ROTANGLE 3.26966
		*TM_SCALE 1	1	1
		*TM_SCALEAXIS 0	0	0
		*TM_SCALEAXISANG 0	0	0
	}
}
*HELPEROBJECT {
	*NODE_NAME "Bip01 Neck"
	*NODE_PARENT "Bip01 Spine2"
	*NODE_TM {
		*NODE_NAME "Bip01 Neck"
		*TM_ROW0 5.96046e-007	-0.167043	0.98595
		*TM_ROW1 4.70132e-006	-0.98595	-0.167043
		*TM_ROW2 1	4.70132e-006	5.96047e-007
		*TM_ROW3 1.03264e-011	-2.71656	154.454
		*TM_POS 1.03264e-011	-2.71656	154.454
		*TM_ROTAXIS -0.70586	0.05937	-0.705859
		*TM_ROTANGLE 3.2602
		*TM_SCALE 1	1	1
		*TM_SCALEAXIS 0	0	0
		*TM_SCALEAXISANG 0	0	0
	}
}
*HELPEROBJECT {
	*NODE_NAME "Bip01 Head"
	*NODE_PARENT "Bip01 Neck"
	*NODE_TM {
		*NODE_NAME "Bip01 Head"
		*TM_ROW0 -5.96047e-008	1.76447e-006	1
		*TM_ROW1 -1.79264e-006	-1	1.80855e-006
		*TM_ROW2 1	-1.79264e-006	-5.96046e-008
		*TM_ROW3 2.27758e-011	-3.85901	161.198
		*TM_POS 2.27758e-011	-3.85901	161.198
		*TM_ROTAXIS -0.707107	-5.62215e-009	-0.707107
		*TM_ROTANGLE 3.14159
		*TM_SCALE 1	1	1
		*TM_SCALEAXIS 0	0	0
		*TM_SCALEAXISANG 0	0	0
	}
}
*HELPEROBJECT {
	*NODE_NAME "ZS_HELMET"
	*NODE_PARENT "Bip01 Head"
	*NODE_TM {
		*NODE_NAME "ZS_HELMET"
		*TM_ROW0 1	7.87298e-013	7.61567e-014
		*TM_ROW1 -1.53811e-013	0.996917	-0.0784593
		*TM_ROW2 -5.53111e-014	0.0784593	0.996918
		*TM_ROW3 1e-005	-7.06248	173.704
		*TM_POS 1e-005	-7.06248	173.704
		*TM_ROTAXIS 1	8.37809e-013	-5.99744e-012
		*TM_ROTANGLE 0.078541
		*TM_SCALE 1	1	1
		*TM_SCALEAXIS 0	0	0
		*TM_SCALEAXISANG 0	0	0
	}
}
*HELPEROBJECT {
	*NODE_NAME "Bip01 L Clavicle"
	*NODE_PARENT "Bip01 Neck"
	*NODE_TM {
		*NODE_NAME "Bip01 L Clavicle"
		*TM_ROW0 0.935229	-0.203893	-0.289439
		*TM_ROW1 0.156435	0.971369	-0.178803
		*TM_ROW2 0.317608	0.121943	0.940348
		*TM_ROW3 7.96399	-1.25804	148.729
		*TM_POS 7.96399	-1.25804	148.729
		*TM_ROTAXIS 0.391939	-0.791119	0.469589
		*TM_ROTANGLE 0.39376
		*TM_SCALE 1	1	1
		*TM_SCALEAXIS 0	0	0
		*TM_SCALEAXISANG 0	0	0
	}
}
*HELPEROBJECT {
	*NODE_NAME "Bip01 L UpperArm"
	*NODE_PARENT "Bip01 L Clavicle"
	*NODE_TM {
		*NODE_NAME "Bip01 L UpperArm"
		*TM_ROW0 0.246229	0.0989027	-0.964152
		*TM_ROW1 0.412789	0.889345	0.196649
		*TM_ROW2 0.876913	-0.446412	0.178157
		*TM_ROW3 20.4269	-3.97508	144.872
		*TM_POS 20.4269	-3.97508	144.872
		*TM_ROTAXIS -0.325561	-0.932072	0.15891
		*TM_ROTANGLE 1.41328
		*TM_SCALE 1	1	1
		*TM_SCALEAXIS 0	0	0
		*TM_SCALEAXISANG 0	0	0
	}
}
*HELPEROBJECT {
	*NODE_NAME "Bip01 L Forearm"
	*NODE_PARENT "Bip01 L UpperArm"
	*NODE_TM {
		*NODE_NAME "Bip01 L Forearm"
		*TM_ROW0 0.0455122	-0.291882	-0.955371
		*TM_ROW1 0.478489	0.845886	-0.235638
		*TM_ROW2 0.876913	-0.44641	0.17816
		*TM_ROW3 27.2982	-1.21526	117.966
		*TM_POS 27.2982	-1.21526	117.966
		*TM_ROTAXIS -0.10545	-0.916697	0.385419
		*TM_ROTANGLE 1.53601
		*TM_SCALE 1	1	1
		*TM_SCALEAXIS 0	0	0
		*TM_SCALEAXISANG 0	0	0
	}
}
*HELPEROBJECT {
	*NODE_NAME "Bip01 L Hand"
	*NODE_PARENT "Bip01 L Forearm"
	*NODE_TM {
		*NODE_NAME "Bip01 L Hand"
		*TM_ROW0 0.0455132	-0.291886	-0.95537
		*TM_ROW1 -0.876533	0.44708	-0.17835
		*TM_ROW2 0.479185	0.845531	-0.2355
		*TM_ROW3 28.5642	-9.33438	91.391
		*TM_POS 28.5642	-9.33438	91.391
		*TM_ROTAXIS 0.551391	-0.772552	-0.314851
		*TM_ROTANGLE 1.95137
		*TM_SCALE 1	1	1
		*TM_SCALEAXIS 0	0	0
		*TM_SCALEAXISANG 0	0	0
	}
}
*HELPEROBJECT {
	*NODE_NAME "Bip01 L Finger0"
	*NODE_PARENT "Bip01 L Hand"
	*NODE_TM {
		*NODE_NAME "Bip01 L Finger0"
		*TM_ROW0 0.0455153	-0.291888	-0.955369
		*TM_ROW1 -0.876915	0.446405	-0.178165
		*TM_ROW2 0.478485	0.845886	-0.235643
		*TM_ROW3 29.15	-13.0909	79.0956
		*TM_POS 29.15	-13.0909	79.0956
		*TM_ROTAXIS 0.551581	-0.772311	-0.31511
		*TM_ROTANGLE 1.95181
		*TM_SCALE 1	1	1
		*TM_SCALEAXIS 0	0	0
		*TM_SCALEAXISANG 0	0	0
	}
}
*HELPEROBJECT {
	*NODE_NAME "ZS_LEFTHAND"
	*NODE_PARENT "Bip01 L Hand"
	*NODE_TM {
		*NODE_NAME "ZS_LEFTHAND"
		*TM_ROW0 0.435606	0.890062	-0.134303
		*TM_ROW1 0.180312	-0.232461	-0.955745
		*TM_ROW2 -0.881893	0.392112	-0.261751
		*TM_ROW3 26.7605	-11.5467	82.7857
		*TM_POS 26.7605	-11.5467	82.7857
		*TM_ROTAXIS 0.794322	0.440571	-0.418271
		*TM_ROTANGLE 2.12858
		*TM_SCALE 1	1	1
		*TM_SCALEAXIS 0	0	0
		*TM_SCALEAXISANG 0	0	0
	}
}
*HELPEROBJECT {
	*NODE_NAME "ZS_LEFTARM"
	*NODE_PARENT "Bip01 L Forearm"
	*NODE_TM {
		*NODE_NAME "ZS_LEFTARM"
		*TM_ROW0 0.0759923	-0.150176	-0.985735
		*TM_ROW1 0.524499	0.846792	-0.0885737
		*TM_ROW2 0.848013	-0.510286	0.143117
		*TM_ROW3 26.9101	-7.67833	110.055
		*TM_POS 26.9101	-7.67833	110.055
		*TM_ROTAXIS -0.21097	-0.917372	0.337521
		*TM_ROTANGLE 1.53784
		*TM_SCALE 1	1	1
		*TM_SCALEAXIS 0	0	0
		*TM_SCALEAXISANG 0	0	0
	}
}
*HELPEROBJECT {
	*NODE_NAME "Bip01 R Clavicle"
	*NODE_PARENT "Bip01 Neck"
	*NODE_TM {
		*NODE_NAME "Bip01 R Clavicle"
		*TM_ROW0 -0.935227	-0.203899	-0.28944
		*TM_ROW1 -0.156442	0.971369	-0.178799
		*TM_ROW2 0.317609	-0.121937	-0.940349
		*TM_ROW3 -7.96398	-1.25806	148.729
		*TM_POS -7.96398	-1.25806	148.729
		*TM_ROTAXIS -0.0929799	0.992639	-0.0776
		*TM_ROTANGLE 3.45235
		*TM_SCALE 1	1	1
		*TM_SCALEAXIS 0	0	0
		*TM_SCALEAXISANG 0	0	0
	}
}
*HELPEROBJECT {
	*NODE_NAME "Bip01 R UpperArm"
	*NODE_PARENT "Bip01 R Clavicle"
	*NODE_TM {
		*NODE_NAME "Bip01 R UpperArm"
		*TM_ROW0 -0.246232	0.0988932	-0.964153
		*TM_ROW1 -0.412793	0.889345	0.196642
		*TM_ROW2 0.876911	0.446415	-0.178163
		*TM_ROW3 -20.4269	-3.97513	144.872
		*TM_POS -20.4269	-3.97513	144.872
		*TM_ROTAXIS 0.12961	-0.955353	-0.265521
		*TM_ROTANGLE 1.84162
		*TM_SCALE 1	1	1
		*TM_SCALEAXIS 0	0	0
		*TM_SCALEAXISANG 0	0	0
	}
}
*HELPEROBJECT {
	*NODE_NAME "Bip01 R Forearm"
	*NODE_PARENT "Bip01 R UpperArm"
	*NODE_TM {
		*NODE_NAME "Bip01 R Forearm"
		*TM_ROW0 -0.0455087	-0.291889	-0.955369
		*TM_ROW1 -0.478487	0.845885	-0.235646
		*TM_ROW2 0.876914	0.446408	-0.17816
		*TM_ROW3 -27.2982	-1.21534	117.966
		*TM_POS -27.2982	-1.21534	117.966
		*TM_ROTAXIS 0.347279	-0.932937	-0.0950097
		*TM_ROTANGLE 1.76083
		*TM_SCALE 1	1	1
		*TM_SCALEAXIS 0	0	0
		*TM_SCALEAXISANG 0	0	0
	}
}
*HELPEROBJECT {
	*NODE_NAME "Bip01 R Hand"
	*NODE_PARENT "Bip01 R Forearm"
	*NODE_TM {
		*NODE_NAME "Bip01 R Hand"
		*TM_ROW0 -0.0455115	-0.291885	-0.95537
		*TM_ROW1 0.87653	0.447088	-0.17835
		*TM_ROW2 0.479192	-0.845527	0.235499
		*TM_ROW3 -28.5642	-9.33445	91.391
		*TM_POS -28.5642	-9.33445	91.391
		*TM_ROTAXIS -0.33922	-0.72939	0.59407
		*TM_ROTANGLE 1.75327
		*TM_SCALE 1	1	1
		*TM_SCALEAXIS 0	0	0
		*TM_SCALEAXISANG 0	0	0
	}
}
*HELPEROBJECT {
	*NODE_NAME "Bip01 R Finger0"
	*NODE_PARENT "Bip01 R Hand"
	*NODE_TM {
		*NODE_NAME "Bip01 R Finger0"
		*TM_ROW0 -0.0455056	-0.291877	-0.955373
		*TM_ROW1 0.876914	0.446413	-0.178152
		*TM_ROW2 0.478489	-0.845886	0.235636
		*TM_ROW3 -29.1499	-13.0909	79.0956
		*TM_POS -29.1499	-13.0909	79.0956
		*TM_ROTAXIS -0.33952	-0.729071	0.594291
		*TM_ROTANGLE 1.75354
		*TM_SCALE 1	1	1
		*TM_SCALEAXIS 0	0	0
		*TM_SCALEAXISANG 0	0	0
	}
}
*HELPEROBJECT {
	*NODE_NAME "ZS_RIGHTHAND"
	*NODE_PARENT "Bip01 R Hand"
	*NODE_TM {
		*NODE_NAME "ZS_RIGHTHAND"
		*TM_ROW0 -0.464344	0.856417	-0.225687
		*TM_ROW1 0.177861	0.339806	0.923525
		*TM_ROW2 0.867612	0.388692	-0.31011
		*TM_ROW3 -20.9389	-19.9852	85.8932
		*TM_POS -20.9389	-19.9852	85.8932
		*TM_ROTAXIS 0.383811	0.784581	0.486951
		*TM_ROTANGLE 3.91244
		*TM_SCALE 1	1	1
		*TM_SCALEAXIS 0	0	0
		*TM_SCALEAXISANG 0	0	0
	}
}
*HELPEROBJECT {
	*NODE_NAME "ZS_CROSSBOW"
	*NODE_PARENT "Bip01 Spine2"
	*NODE_TM {
		*NODE_NAME "ZS_CROSSBOW"
		*TM_ROW0 -0.382687	-0.111464	0.91713
		*TM_ROW1 -0.923878	0.0461715	-0.379891
		*TM_ROW2 -1.2517e-006	-0.992695	-0.120648
		*TM_ROW3 -14.434	10.5915	165.98
		*TM_POS -14.434	10.5915	165.98
		*TM_ROTAXIS -0.447329	0.669479	-0.593039
		*TM_ROTANGLE 2.38705
		*TM_SCALE 1	1	1
		*TM_SCALEAXIS 0	0	0
		*TM_SCALEAXISANG 0	0	0
	}
}
*HELPEROBJECT {
	*NODE_NAME "ZS_LONGSWORD"
	*NODE_PARENT "Bip01 Spine2"
	*NODE_TM {
		*NODE_NAME "ZS_LONGSWORD"
		*TM_ROW0 -0.499829	-0.0915011	0.861277
		*TM_ROW1 -0.865729	0.0828188	-0.493614
		*TM_ROW2 -0.0261636	-0.992355	-0.12061
		*TM_ROW3 -18.1593	6.92629	157.64
		*TM_POS -18.1593	6.92629	157.64
		*TM_ROTAXIS -0.38996	0.69388	-0.60536
		*TM_ROTANGLE 2.44778
		*TM_SCALE 1	1	1
		*TM_SCALEAXIS 0	0	0
		*TM_SCALEAXISANG 0	0	0
	}
}
*HELPEROBJECT {
	*NODE_NAME "ZS_SHIELD"
	*NODE_PARENT "Bip01 Spine2"
	*NODE_TM {
		*NODE_NAME "ZS_SHIELD"
		*TM_ROW0 -0.0138681	0.114196	-0.993362
		*TM_ROW1 -0.908393	0.413755	0.0602465
		*TM_ROW2 0.417888	0.903198	0.0979964
		*TM_ROW3 8.76511	9.5282	131.875
		*TM_POS 8.76511	9.5282	131.875
		*TM_ROTAXIS 0.435421	-0.728972	-0.528212
		*TM_ROTANGLE 1.82457
		*TM_SCALE 1	1	1
		*TM_SCALEAXIS 0	0	0
		*TM_SCALEAXISANG 0	0	0
	}
}
*HELPEROBJECT {
	*NODE_NAME "ZS_BOW"
	*NODE_PARENT "Bip01 Spine2"
	*NODE_TM {
		*NODE_NAME "ZS_BOW"
		*TM_ROW0 -0.341816	-0.0868229	0.935748
		*TM_ROW1 0.0119438	0.995242	0.0967059
		*TM_ROW2 -0.939691	0.044232	-0.339153
		*TM_ROW3 0.5012	12.4143	124.55
		*TM_POS 0.5012	12.4143	124.55
		*TM_ROTAXIS -0.0279299	0.998227	0.0525698
		*TM_ROTANGLE 1.92076
		*TM_SCALE 1	1	1
		*TM_SCALEAXIS 0	0	0
		*TM_SCALEAXISANG 0	0	0
	}
}
*HELPEROBJECT {
	*NODE_NAME "ZS_SWORD"
	*NODE_PARENT "Bip01 Spine"
	*NODE_TM {
		*NODE_NAME "ZS_SWORD"
		*TM_ROW0 5.79282e-007	-0.347172	0.937802
		*TM_ROW1 1.04309e-007	0.937802	0.347172
		*TM_ROW2 -1	-1.04308e-007	5.79283e-007
		*TM_ROW3 17.5015	-4.36211	106.367
		*TM_POS 17.5015	-4.36211	106.367
		*TM_ROTAXIS -0.17367	0.96937	0.17367
		*TM_ROTANGLE 1.6019
		*TM_SCALE 1	1	1
		*TM_SCALEAXIS 0	0	0
		*TM_SCALEAXISANG 0	0	0
	}
}
*HELPEROBJECT {
	*NODE_NAME "Bip01 L Thigh"
	*NODE_PARENT "Bip01 Pelvis"
	*NODE_TM {
		*NODE_NAME "Bip01 L Thigh"
		*TM_ROW0 0.0534878	-0.0367886	-0.997891
		*TM_ROW1 -0.00216181	-0.999323	0.0367256
		*TM_ROW2 -0.998566	0.000192882	-0.0535313
		*TM_ROW3 9.01023	-8.01129	99.9496
		*TM_POS 9.01023	-8.01129	99.9496
		*TM_ROTAXIS 0.72572	-0.01342	-0.68786
		*TM_ROTANGLE 3.16677
		*TM_SCALE 1	1	1
		*TM_SCALEAXIS 0	0	0
		*TM_SCALEAXISANG 0	0	0
	}
}
*HELPEROBJECT {
	*NODE_NAME "Bip01 L Calf"
	*NODE_PARENT "Bip01 L Thigh"
	*NODE_TM {
		*NODE_NAME "Bip01 L Calf"
		*TM_ROW0 0.0525131	0.197552	-0.978885
		*TM_ROW1 0.0103904	-0.980292	-0.197278
		*TM_ROW2 -0.998566	0.000188708	-0.0535307
		*TM_ROW3 11.1149	-9.45845	60.6877
		*TM_POS 11.1149	-9.45845	60.6877
		*TM_ROTAXIS 0.723901	0.0721501	-0.686121
		*TM_ROTANGLE 3.00478
		*TM_SCALE 1	1	1
		*TM_SCALEAXIS 0	0	0
		*TM_SCALEAXISANG 0	0	0
	}
}
*HELPEROBJECT {
	*NODE_NAME "Bip01 L Foot"
	*NODE_PARENT "Bip01 L Calf"
	*NODE_TM {
		*NODE_NAME "Bip01 L Foot"
		*TM_ROW0 -5.93318e-007	7.27489e-006	-1
		*TM_ROW1 0.173652	-0.984807	-7.26412e-006
		*TM_ROW2 -0.984807	-0.173652	-5.97767e-007
		*TM_ROW3 13.6935	0.240668	12.6267
		*TM_POS 13.6935	0.240668	12.6267
		*TM_ROTAXIS 0.705757	0.0617498	-0.705757
		*TM_ROTANGLE 3.26493
		*TM_SCALE 1	1	1
		*TM_SCALEAXIS 0	0	0
		*TM_SCALEAXISANG 0	0	0
	}
}
*HELPEROBJECT {
	*NODE_NAME "Bip01 L Toe0"
	*NODE_PARENT "Bip01 L Foot"
	*NODE_TM {
		*NODE_NAME "Bip01 L Toe0"
		*TM_ROW0 0.173646	-0.984808	5.05914e-006
		*TM_ROW1 5.06367e-006	5.91264e-006	1
		*TM_ROW2 -0.984808	-0.173646	5.92894e-006
		*TM_ROW3 17.6256	-22.0591	5.26591e-006
		*TM_POS 17.6256	-22.0591	5.26591e-006
		*TM_ROTAXIS -0.644398	0.540718	0.540718
		*TM_ROTANGLE 1.99673
		*TM_SCALE 1	1	1
		*TM_SCALEAXIS 0	0	0
		*TM_SCALEAXISANG 0	0	0
	}
}
*HELPEROBJECT {
	*NODE_NAME "Bip01 R Thigh"
	*NODE_PARENT "Bip01 Pelvis"
	*NODE_TM {
		*NODE_NAME "Bip01 R Thigh"
		*TM_ROW0 -0.0535034	-0.0367749	-0.99789
		*TM_ROW1 0.00205776	-0.999324	0.0367174
		*TM_ROW2 -0.998566	-8.89041e-005	0.0535432
		*TM_ROW3 -9.01021	-8.01132	99.9496
		*TM_POS -9.01021	-8.01132	99.9496
		*TM_ROTAXIS 0.687862	-0.01262	-0.725732
		*TM_ROTANGLE 3.16835
		*TM_SCALE 1	1	1
		*TM_SCALEAXIS 0	0	0
		*TM_SCALEAXISANG 0	0	0
	}
}
*HELPEROBJECT {
	*NODE_NAME "Bip01 R Calf"
	*NODE_PARENT "Bip01 R Thigh"
	*NODE_TM {
		*NODE_NAME "Bip01 R Calf"
		*TM_ROW0 -0.0525025	0.197539	-0.978888
		*TM_ROW1 -0.0104967	-0.980295	-0.19726
		*TM_ROW2 -0.998566	-8.16064e-005	0.0535415
		*TM_ROW3 -11.1154	-9.45856	60.6878
		*TM_POS -11.1154	-9.45856	60.6878
		*TM_ROTAXIS 0.686298	0.0684898	-0.724088
		*TM_ROTANGLE 2.99744
		*TM_SCALE 1	1	1
		*TM_SCALEAXIS 0	0	0
		*TM_SCALEAXISANG 0	0	0
	}
}
*HELPEROBJECT {
	*NODE_NAME "Bip01 R Foot"
	*NODE_PARENT "Bip01 R Calf"
	*NODE_TM {
		*NODE_NAME "Bip01 R Foot"
		*TM_ROW0 -5.86373e-007	-7.29557e-006	-1
		*TM_ROW1 -0.173652	-0.984807	7.26572e-006
		*TM_ROW2 -0.984807	0.173652	-5.93781e-007
		*TM_ROW3 -13.6935	0.24065	12.6267
		*TM_POS -13.6935	0.24065	12.6267
		*TM_ROTAXIS 0.705757	-0.0617498	-0.705757
		*TM_ROTANGLE 3.01826
		*TM_SCALE 1	1	1
		*TM_SCALEAXIS 0	0	0
		*TM_SCALEAXISANG 0	0	0
	}
}
*HELPEROBJECT {
	*NODE_NAME "Bip01 R Toe0"
	*NODE_PARENT "Bip01 R Foot"
	*NODE_TM {
		*NODE_NAME "Bip01 R Toe0"
		*TM_ROW0 -0.173651	-0.984807	3.52553e-006
		*TM_ROW1 3.507e-006	3.07854e-006	1
		*TM_ROW2 -0.984807	0.173651	3.0421e-006
		*TM_ROW3 -17.6255	-22.0592	2.91014e-005
		*TM_POS -17.6255	-22.0592	2.91014e-005
		*TM_ROTAXIS -0.510271	0.608121	0.608121
		*TM_ROTANGLE 2.19793
		*TM_SCALE 1	1	1
		*TM_SCALEAXIS 0	0	0
		*TM_SCALEAXISANG 0	0	0
	}
}
*HELPEROBJECT {
	*NODE_NAME "Dummy"
	*NODE_PARENT "Bip01 L Finger0"
	*NODE_TM {
		*NODE_NAME "Dummy"
		*TM_ROW0 -1	-0	0
		*TM_ROW1 -0	-1	0
		*TM_ROW2 -0	-0	1
		*TM_ROW3 29.4428	-14.9691	72.9478
		*TM_POS 29.4428	-14.9691	72.9478
		*TM_ROTAXIS 0	0	-1
		*TM_ROTANGLE 3.14159
		*TM_SCALE 1	1	1
		*TM_SCALEAXIS 0	0	0
		*TM_SCALEAXISANG 0	0	0
	}
}
*HELPEROBJECT {
	*NODE_NAME "Dummy1"
	*NODE_PARENT "Bip01 R Finger0"
	*NODE_TM {
		*NODE_NAME "Dummy1"
		*TM_ROW0 -1	-0	0
		*TM_ROW1 -0	-1	0
		*TM_ROW2 -0	-0	1
		*TM_ROW3 -29.4428	-14.9692	72.9478
		*TM_POS -29.4428	-14.9692	72.9478
		*TM_ROTAXIS 0	0	-1
		*TM_ROTANGLE 3.14159
		*TM_SCALE 1	1	1
		*TM_SCALEAXIS 0	0	0
		*TM_SCALEAXISANG 0	0	0
	}
}
*HELPEROBJECT {
	*NODE_NAME "Dummy2"
	*NODE_PARENT "Bip01 L Toe0"
	*NODE_TM {
		*NODE_NAME "Dummy2"
		*TM_ROW0 -1	-0	0
		*TM_ROW1 -0	-1	0
		*TM_ROW2 -0	-0	1
		*TM_ROW3 19.5916	-33.209	-6.31335
		*TM_POS 19.5916	-33.209	-6.31335
		*TM_ROTAXIS 0	0	-1
		*TM_ROTANGLE 3.14159
		*TM_SCALE 1	1	1
		*TM_SCALEAXIS 0	0	0
		*TM_SCALEAXISANG 0	0	0
	}
}
*HELPEROBJECT {
	*NODE_NAME "Dummy3"
	*NODE_PARENT "Bip01 R Toe0"
	*NODE_TM {
		*NODE_NAME "Dummy3"
		*TM_ROW0 -1	-0	0
		*TM_ROW1 -0	-1	0
		*TM_ROW2 -0	-0	1
		*TM_ROW3 -19.5915	-33.2091	-6.31333
		*TM_POS -19.5915	-33.2091	-6.31333
		*TM_ROTAXIS 0	0	-1
		*TM_ROTANGLE 3.14159
		*TM_SCALE 1	1	1
		*TM_SCALEAXIS 0	0	0
		*TM_SCALEAXISANG 0	0	0
	}
}
*GEOMOBJECT {
	*NODE_NAME "zm_Skin"
	*NODE_PARENT "Bip01"
	*NODE_TM {
		*NODE_NAME "zm_Skin"
		*TM_ROW0 -1	-0	0
		*TM_ROW1 -0	-1	0
		*TM_ROW2 -0	-0	1
		*TM_ROW3 -0	-0	0
		*TM_POS -0	-0	0
		*TM_ROTAXIS 0	0	-1
		*TM_ROTANGLE 3.14159
		*TM_SCALE 1	1	1
		*TM_SCALEAXIS 0	0	0
		*TM_SCALEAXISANG 0	0	0
	}
	*MATERIAL_REF 0
	*MESH_SOFTSKIN {
		*TIMEVALUE 0
		*MESH_NUMVERTEX 342
		*MESH_NUMFACES 660
		*MESH_VERTEX_LIST {
			*MESH_VERTEX 0	14.8995	12.9307	13.298
			*MESH_VERTEX 1	8.7301	-15.7826	42.5358
			*MESH_VERTEX 2	23.2413	-15.8159	-0.437236
			*MESH_VERTEX 3	-18.6779	-0.70521	70.0535
			*MESH_VERTEX 4	11.3737	0.791441	116.025
			*MESH_VERTEX 5	31.7128	-18.3195	133.372
			*MESH_VERTEX 6	11.2723	5.69386	46.7796
			*MESH_VERTEX 7	-11.7682	-12.7718	33.7528
			*MESH_VERTEX 8	-3.98622	0.30094	81.3774
			*MESH_VERTEX 9	-2.99703	-20.3293	84.9005
			*MESH_VERTEX 10	12.3481	-11.0706	34.2238
			*MESH_VERTEX 11	3.7804	1.40139	82.0294
			*MESH_VERTEX 12	4.29041	-19.0393	84.3441
			*MESH_VERTEX 13	11.8006	9.19756	1.76365
			*MESH_VERTEX 14	14.633	-7.45116	15.9358
			*MESH_VERTEX 15	18.7145	8.88384	132.334
			*MESH_VERTEX 16	-21.5878	-4.1038	167.892
			*MESH_VERTEX 17	21.1124	-4.1026	167.881
			*MESH_VERTEX 18	-6.08378	2.24244	158.596
			*MESH_VERTEX 19	-31.9323	-18.3175	133.003
			*MESH_VERTEX 20	43.7523	-3.34511	149.155
			*MESH_VERTEX 21	22.7231	-16.6289	148.295
			*MESH_VERTEX 22	-41.2208	-14.8624	146.971
			*MESH_VERTEX 23	-23.7005	-16.7206	147.877
			*MESH_VERTEX 24	-14.8034	12.8232	12.8816
			*MESH_VERTEX 25	-12.3487	-12.0758	26.9824
			*MESH_VERTEX 26	-11.9064	-15.98	11.1538
			*MESH_VERTEX 27	18.0796	-1.47333	30.2269
			*MESH_VERTEX 28	-22.7078	-16.117	-1.04346
			*MESH_VERTEX 29	-9.57164	-12.9157	6.77287
			*MESH_VERTEX 30	-23.3674	-1.47429	11.676
			*MESH_VERTEX 31	-3.22618	-2.25732	9.77706
			*MESH_VERTEX 32	-8.45469	-17.3709	42.094
			*MESH_VERTEX 33	-12.2307	-3.36823	32.9341
			*MESH_VERTEX 34	-3.87084	-1.24295	45.9345
			*MESH_VERTEX 35	12.3307	4.42053	33.5786
			*MESH_VERTEX 36	-12.6813	2.64866	33.8346
			*MESH_VERTEX 37	28.7422	-5.3692	156.415
			*MESH_VERTEX 38	-29.7323	-5.47002	155.983
			*MESH_VERTEX 39	26.2476	7.35921	149.228
			*MESH_VERTEX 40	-27.2179	7.27425	148.838
			*MESH_VERTEX 41	-13.2076	7.47284	170.071
			*MESH_VERTEX 42	12.8233	7.46837	170.068
			*MESH_VERTEX 43	-0.15094	12.8959	170.914
			*MESH_VERTEX 44	-6.12549	0.240073	28.9694
			*MESH_VERTEX 45	7.1031	2.23985	158.593
			*MESH_VERTEX 46	40.4725	-15.2785	147.112
			*MESH_VERTEX 47	-44.0187	-2.79151	148.75
			*MESH_VERTEX 48	24.1736	-0.479375	12.2385
			*MESH_VERTEX 49	-31.6838	6.00412	105.351
			*MESH_VERTEX 50	-17.4113	-18.8964	137.71
			*MESH_VERTEX 51	34.0638	-4.64169	120.108
			*MESH_VERTEX 52	16.5215	-18.7885	138.237
			*MESH_VERTEX 53	10.9206	-15.7297	10.8664
			*MESH_VERTEX 54	12.549	-11.7654	26.9415
			*MESH_VERTEX 55	17.1398	1.19482	70.7017
			*MESH_VERTEX 56	16.8825	-21.61	73.6512
			*MESH_VERTEX 57	17.4171	-8.90746	84.3615
			*MESH_VERTEX 58	-16.7783	-23.4094	74.214
			*MESH_VERTEX 59	9.70757	-12.4914	6.61935
			*MESH_VERTEX 60	16.2659	-21.6633	3.94966
			*MESH_VERTEX 61	-16.028	-22.0209	3.71171
			*MESH_VERTEX 62	-16.4974	-9.36368	84.3355
			*MESH_VERTEX 63	8.25565	-7.47354	157.813
			*MESH_VERTEX 64	40.8113	5.08136	145.087
			*MESH_VERTEX 65	-23.7822	11.4444	140.69
			*MESH_VERTEX 66	28.2817	-14.6489	92.678
			*MESH_VERTEX 67	22.8489	11.5163	141.076
			*MESH_VERTEX 68	-7.69484	-7.09483	157.821
			*MESH_VERTEX 69	-0.76729	-6.63529	90.4096
			*MESH_VERTEX 70	-41.1758	5.08019	144.867
			*MESH_VERTEX 71	-7.13491	12.1952	13.0212
			*MESH_VERTEX 72	-19.1554	-14.6492	11.9399
			*MESH_VERTEX 73	18.065	-14.6289	11.6601
			*MESH_VERTEX 74	19.4368	-4.85591	130.656
			*MESH_VERTEX 75	0.00726	4.73725	157.595
			*MESH_VERTEX 76	-44.1471	-9.08537	148.881
			*MESH_VERTEX 77	20.1968	-9.71624	43.7663
			*MESH_VERTEX 78	12.0532	-3.79186	33.7521
			*MESH_VERTEX 79	43.7601	-9.04588	149.11
			*MESH_VERTEX 80	-11.1174	8.71009	1.7717
			*MESH_VERTEX 81	-0.55801	8.74386	159.343
			*MESH_VERTEX 82	-17.6988	-1.76242	28.9739
			*MESH_VERTEX 83	-19.7043	-0.514819	45.7086
			*MESH_VERTEX 84	36.8064	4.25868	132.601
			*MESH_VERTEX 85	7.23262	12.2749	12.8206
			*MESH_VERTEX 86	-11.4724	-20.6389	86.0374
			*MESH_VERTEX 87	-12.8893	0.646651	116.033
			*MESH_VERTEX 88	-18.2152	-13.5075	133.28
			*MESH_VERTEX 89	-23.0066	-7.83882	88.1941
			*MESH_VERTEX 90	-16.9761	0.947181	106.792
			*MESH_VERTEX 91	-29.0466	-15.0334	126.724
			*MESH_VERTEX 92	-11.4332	6.45048	29.3251
			*MESH_VERTEX 93	-7.22239	0.414577	13.1573
			*MESH_VERTEX 94	-14.8266	-7.84256	15.8632
			*MESH_VERTEX 95	-30.8799	-4.24415	88.8304
			*MESH_VERTEX 96	-33.3652	-12.0437	91.6295
			*MESH_VERTEX 97	3.80283	-1.14086	45.8217
			*MESH_VERTEX 98	18.8227	-7.13936	122.935
			*MESH_VERTEX 99	22.7651	-7.4698	89.3784
			*MESH_VERTEX 100	30.6992	-3.94512	89.8177
			*MESH_VERTEX 101	-11.6065	4.24906	46.9192
			*MESH_VERTEX 102	12.5913	-18.8764	85.4152
			*MESH_VERTEX 103	3.07472	-1.59153	9.01552
			*MESH_VERTEX 104	11.4939	6.72695	29.4903
			*MESH_VERTEX 105	-16.9319	-3.26753	32.2742
			*MESH_VERTEX 106	-12.0427	-20.1376	63.7402
			*MESH_VERTEX 107	-18.7018	-11.0345	50.9941
			*MESH_VERTEX 108	6.23328	0.522298	29.1192
			*MESH_VERTEX 109	-3.54568	-10.1579	49.4529
			*MESH_VERTEX 110	-7.92417	-1.49374	30.5944
			*MESH_VERTEX 111	22.2207	-6.72728	118.317
			*MESH_VERTEX 112	16.974	1.24779	107.86
			*MESH_VERTEX 113	-27.3225	-8.7629	118.626
			*MESH_VERTEX 114	-28.4764	-14.9623	91.6529
			*MESH_VERTEX 115	29.9234	-15.6728	128.825
			*MESH_VERTEX 116	13.965	-1.82643	162.516
			*MESH_VERTEX 117	19.3536	8.21702	137.658
			*MESH_VERTEX 118	16.315	-9.43902	135.407
			*MESH_VERTEX 119	17.8472	-0.906689	124.885
			*MESH_VERTEX 120	7.97641	0.0214084	30.7095
			*MESH_VERTEX 121	-15.0522	-17.2085	42.1789
			*MESH_VERTEX 122	25.9696	-15.7757	138.345
			*MESH_VERTEX 123	33.2054	-11.7855	92.4902
			*MESH_VERTEX 124	16.5293	-3.34998	32.0902
			*MESH_VERTEX 125	-10.8693	0.955549	81.6933
			*MESH_VERTEX 126	-25.4587	4.30118	156.771
			*MESH_VERTEX 127	12.2945	-21.7886	0.0328744
			*MESH_VERTEX 128	7.27248	0.921757	13.1619
			*MESH_VERTEX 129	-35.8916	4.96981	129.622
			*MESH_VERTEX 130	4.41859	7.23365	70.7751
			*MESH_VERTEX 131	-11.8435	-22.1595	0.0232889
			*MESH_VERTEX 132	-12.7454	-22.9766	141.334
			*MESH_VERTEX 133	-20.0879	8.34708	137.436
			*MESH_VERTEX 134	-19.6915	8.88055	132.2
			*MESH_VERTEX 135	-17.2439	-8.55886	116.161
			*MESH_VERTEX 136	13.3528	-18.0366	63.9767
			*MESH_VERTEX 137	18.7412	-9.34896	50.6944
			*MESH_VERTEX 138	-11.6576	1.43944	51.7534
			*MESH_VERTEX 139	28.4196	-8.72184	94.8242
			*MESH_VERTEX 140	19.1751	2.51118	14.1364
			*MESH_VERTEX 141	31.6939	8.94461	131.266
			*MESH_VERTEX 142	-26.6302	-15.7964	137.458
			*MESH_VERTEX 143	-34.158	-4.65959	119.295
			*MESH_VERTEX 144	-28.4242	-9.06459	93.7569
			*MESH_VERTEX 145	17.3411	-4.77958	109.546
			*MESH_VERTEX 146	20.5436	-9.66136	6.98323
			*MESH_VERTEX 147	-20.3889	-10.0034	6.53636
			*MESH_VERTEX 148	18.3422	6.72683	-0.472277
			*MESH_VERTEX 149	11.6877	-22.8395	141.627
			*MESH_VERTEX 150	-17.5886	6.398	-0.726502
			*MESH_VERTEX 151	10.2543	1.50552	82.5918
			*MESH_VERTEX 152	-14.6414	-3.89616	60.0023
			*MESH_VERTEX 153	-7.44447	-3.08123	59.7316
			*MESH_VERTEX 154	-19.1046	2.16648	13.9865
			*MESH_VERTEX 155	19.8764	-1.68807	45.5498
			*MESH_VERTEX 156	24.1799	4.51138	157.242
			*MESH_VERTEX 157	-2.94253	-10.6242	44.5522
			*MESH_VERTEX 158	-0.22106	-8.67716	82.3849
			*MESH_VERTEX 159	-7.81367	-16.9767	54.8473
			*MESH_VERTEX 160	36.7323	-7.23113	130.849
			*MESH_VERTEX 161	27.3076	-8.79003	119.027
			*MESH_VERTEX 162	3.21631	-9.07614	44.2035
			*MESH_VERTEX 163	-16.943	-9.2567	135.092
			*MESH_VERTEX 164	-22.5237	-13.0414	124.454
			*MESH_VERTEX 165	-19.47	-2.92279	117.122
			*MESH_VERTEX 166	-21.0858	-9.92078	109.909
			*MESH_VERTEX 167	24.0488	8.34742	139.448
			*MESH_VERTEX 168	-21.4001	-11.179	71.6287
			*MESH_VERTEX 169	-19.2817	-5.09158	50.9721
			*MESH_VERTEX 170	-24.6035	8.45961	138.593
			*MESH_VERTEX 171	-30.3636	10.0446	129.471
			*MESH_VERTEX 172	-5.9144	7.70854	98.7434
			*MESH_VERTEX 173	-0.65423	3.98114	115.771
			*MESH_VERTEX 174	8.95615	-15.3832	55.2584
			*MESH_VERTEX 175	3.6423	-9.17592	49.8149
			*MESH_VERTEX 176	1.03709	-9.38235	82.7385
			*MESH_VERTEX 177	11.4191	2.87289	50.9979
			*MESH_VERTEX 178	15.0069	-1.70582	59.8244
			*MESH_VERTEX 179	7.44777	-1.31005	59.8109
			*MESH_VERTEX 180	33.4834	-6.53988	90.9412
			*MESH_VERTEX 181	31.6793	6.32392	106.474
			*MESH_VERTEX 182	-5.15851	-26.8833	75.9804
			*MESH_VERTEX 183	-16.1305	-22.8114	-0.351461
			*MESH_VERTEX 184	16.5883	-22.4666	-0.0960587
			*MESH_VERTEX 185	20.2911	-9.03764	71.8037
			*MESH_VERTEX 186	8.48902	4.26287	-0.561689
			*MESH_VERTEX 187	-19.8295	-10.9615	43.6572
			*MESH_VERTEX 188	-7.79012	3.76701	-0.345772
			*MESH_VERTEX 189	-33.641	-6.79678	90.0829
			*MESH_VERTEX 190	17.1622	-13.3004	134.183
			*MESH_VERTEX 191	20.0064	-12.0954	124.636
			*MESH_VERTEX 192	-24.7646	6.38188	105.25
			*MESH_VERTEX 193	24.7604	6.69719	106.364
			*MESH_VERTEX 194	19.0427	-3.38103	50.2476
			*MESH_VERTEX 195	22.8461	-10.7959	90.4447
			*MESH_VERTEX 196	-12.8429	-18.3406	116.124
			*MESH_VERTEX 197	-0.57306	-23.4097	122.307
			*MESH_VERTEX 198	-25.7782	-4.70071	159.883
			*MESH_VERTEX 199	4.03878	-3.05187	49.5142
			*MESH_VERTEX 200	30.837	3.32142	141.549
			*MESH_VERTEX 201	-13.4417	-23.0832	131.918
			*MESH_VERTEX 202	25.5498	7.38496	128.431
			*MESH_VERTEX 203	14.1063	-15.5703	42.7409
			*MESH_VERTEX 204	3.81398	7.57657	98.7307
			*MESH_VERTEX 205	37.0372	1.30206	107.886
			*MESH_VERTEX 206	34.0571	3.0294	120.626
			*MESH_VERTEX 207	-23.0786	-11.1553	89.2876
			*MESH_VERTEX 208	-7.38519	6.18429	70.2017
			*MESH_VERTEX 209	-16.8845	2.09378	97.4965
			*MESH_VERTEX 210	-37.0408	0.985872	106.781
			*MESH_VERTEX 211	-4.23957	-4.03778	49.6073
			*MESH_VERTEX 212	19.55	-2.93919	116.496
			*MESH_VERTEX 213	36.8439	-8.10135	110.549
			*MESH_VERTEX 214	17.1652	-7.48956	124.434
			*MESH_VERTEX 215	-31.3851	3.4029	140.59
			*MESH_VERTEX 216	11.8298	-18.6494	116.108
			*MESH_VERTEX 217	4.24834	-7.78748	59.6464
			*MESH_VERTEX 218	-36.8452	-8.40493	109.49
			*MESH_VERTEX 219	-19.9338	-7.10421	122.935
			*MESH_VERTEX 220	-34.304	3.03385	119.092
			*MESH_VERTEX 221	-4.06949	-9.52073	59.4746
			*MESH_VERTEX 222	-17.3415	-5.072	108.51
			*MESH_VERTEX 223	23.7697	-8.62872	-0.562017
			*MESH_VERTEX 224	-23.1797	-8.92569	-1.17376
			*MESH_VERTEX 225	12.3399	-23.0829	131.926
			*MESH_VERTEX 226	-35.6583	-6.59717	127.301
			*MESH_VERTEX 227	19.3121	1.94192	116.107
			*MESH_VERTEX 228	-17.4664	-7.31358	123.454
			*MESH_VERTEX 229	-19.4363	1.85987	115.068
			*MESH_VERTEX 230	-20.5566	-15.7444	151.534
			*MESH_VERTEX 231	19.3506	-15.7078	152.038
			*MESH_VERTEX 232	-12.6145	-17.413	55.2775
			*MESH_VERTEX 233	-16.4238	-11.0062	59.9235
			*MESH_VERTEX 234	16.1638	-8.36546	116.158
			*MESH_VERTEX 235	-0.6597	3.98101	107.819
			*MESH_VERTEX 236	-27.2137	-4.382	88.1259
			*MESH_VERTEX 237	-18.5006	-15.587	131.989
			*MESH_VERTEX 238	27.0042	-4.03873	89.2439
			*MESH_VERTEX 239	-20.1852	-4.7571	130.953
			*MESH_VERTEX 240	-18.0478	-0.643857	123.95
			*MESH_VERTEX 241	-8.62413	-14.1569	0.276799
			*MESH_VERTEX 242	9.11792	-13.7628	0.0782048
			*MESH_VERTEX 243	21.0862	-9.63141	110.93
			*MESH_VERTEX 244	12.5426	0.666361	108.289
			*MESH_VERTEX 245	-14.0317	0.83215	108.135
			*MESH_VERTEX 246	-0.558	-25.0737	136.306
			*MESH_VERTEX 247	13.2648	-15.5148	55.4464
			*MESH_VERTEX 248	17.1046	-8.69646	59.7487
			*MESH_VERTEX 249	-12.9532	5.26194	123.247
			*MESH_VERTEX 250	-27.8147	-12.8916	110.78
			*MESH_VERTEX 251	21.5282	-4.77854	96.8926
			*MESH_VERTEX 252	-0.55802	14.0551	141.551
			*MESH_VERTEX 253	-21.6448	-5.16183	95.809
			*MESH_VERTEX 254	-15.2305	-1.82705	162.531
			*MESH_VERTEX 255	33.0157	-7.98987	141.178
			*MESH_VERTEX 256	27.8152	-12.6003	111.802
			*MESH_VERTEX 257	29.9125	6.80859	120.428
			*MESH_VERTEX 258	-22.2673	-6.67608	117.761
			*MESH_VERTEX 259	11.8555	5.24292	123.247
			*MESH_VERTEX 260	16.0429	-8.43593	108.06
			*MESH_VERTEX 261	16.4183	-20.2015	87.376
			*MESH_VERTEX 262	-23.8468	8.77176	127.667
			*MESH_VERTEX 263	17.5023	-15.5799	132.123
			*MESH_VERTEX 264	-24.9617	-13.6468	90.5162
			*MESH_VERTEX 265	24.7461	-13.3041	91.6271
			*MESH_VERTEX 266	-25.374	6.61932	115.269
			*MESH_VERTEX 267	-30.2039	6.8636	118.719
			*MESH_VERTEX 268	24.5438	-4.55951	159.92
			*MESH_VERTEX 269	-12.1494	8.12668	15.293
			*MESH_VERTEX 270	-33.5238	-7.9286	140.181
			*MESH_VERTEX 271	-17.5925	-8.32791	108.004
			*MESH_VERTEX 272	15.3895	2.40763	97.9296
			*MESH_VERTEX 273	-0.74282	-22.3667	108.492
			*MESH_VERTEX 274	-9.63609	6.99115	159.426
			*MESH_VERTEX 275	4.16622	-26.1416	75.4266
			*MESH_VERTEX 276	4.3646	8.35598	85.159
			*MESH_VERTEX 277	24.706	6.72246	119.64
			*MESH_VERTEX 278	-6.45329	-19.4021	63.063
			*MESH_VERTEX 279	12.1442	8.53902	15.4265
			*MESH_VERTEX 280	-26.5758	-1.54595	94.7393
			*MESH_VERTEX 281	-21.7322	-8.9603	97.0046
			*MESH_VERTEX 282	-19.9736	-8.94805	98.4334
			*MESH_VERTEX 283	7.48054	-17.6338	63.566
			*MESH_VERTEX 284	8.44913	6.98856	159.422
			*MESH_VERTEX 285	-0.55801	-2.59425	161.492
			*MESH_VERTEX 286	26.5462	-1.10681	95.7834
			*MESH_VERTEX 287	-30.8368	-1.62232	94.8248
			*MESH_VERTEX 288	19.3537	-2.99533	118.007
			*MESH_VERTEX 289	-16.7185	-11.9342	72.5774
			*MESH_VERTEX 290	23.8545	-11.6828	99.08
			*MESH_VERTEX 291	-19.1727	1.95917	117.038
			*MESH_VERTEX 292	-19.638	-3.00714	115.661
			*MESH_VERTEX 293	21.6167	-8.64435	98.1059
			*MESH_VERTEX 294	18.1391	-8.12289	98.6479
			*MESH_VERTEX 295	17.3099	1.74805	84.5517
			*MESH_VERTEX 296	22.3333	-6.69769	117.224
			*MESH_VERTEX 297	-22.403	-6.76354	116.477
			*MESH_VERTEX 298	-34.0274	-4.66872	95.8351
			*MESH_VERTEX 299	-33.692	-10.6149	97.7085
			*MESH_VERTEX 300	-27.4568	-8.8743	117.283
			*MESH_VERTEX 301	-6.48942	7.8417	84.5368
			*MESH_VERTEX 302	-3.87254	-24.3515	89.4185
			*MESH_VERTEX 303	12.7112	-18.4946	108.445
			*MESH_VERTEX 304	3.92674	-23.0435	99.3494
			*MESH_VERTEX 305	27.3915	-8.79245	118.055
			*MESH_VERTEX 306	30.8818	-1.19165	95.8497
			*MESH_VERTEX 307	-34.3607	-4.86836	117.367
			*MESH_VERTEX 308	34.2577	-4.72196	118.489
			*MESH_VERTEX 309	17.645	-9.97354	72.4086
			*MESH_VERTEX 310	-0.55802	-14.3323	154.135
			*MESH_VERTEX 311	-0.68242	-22.3276	116.412
			*MESH_VERTEX 312	-0.54853	7.51383	122.475
			*MESH_VERTEX 313	-5.33173	-23.0741	99.5302
			*MESH_VERTEX 314	-14.2826	-18.3882	108.568
			*MESH_VERTEX 315	34.128	-4.2975	96.8594
			*MESH_VERTEX 316	18.9723	1.86939	118.313
			*MESH_VERTEX 317	33.7858	-10.3487	98.7619
			*MESH_VERTEX 318	-0.559	9.83054	129.973
			*MESH_VERTEX 319	2.90649	-24.1737	88.6914
			*MESH_VERTEX 320	25.2149	6.75114	116.608
			*MESH_VERTEX 321	-24.9851	6.80343	118.003
			*MESH_VERTEX 322	-18.5321	0.4569	83.9042
			*MESH_VERTEX 323	-28.0167	-13.6668	98.5807
			*MESH_VERTEX 324	-23.932	-11.9423	97.9748
			*MESH_VERTEX 325	19.6902	-8.18572	85.6627
			*MESH_VERTEX 326	-13.3374	-20.922	123.209
			*MESH_VERTEX 327	-18.7945	12.3269	141.434
			*MESH_VERTEX 328	-16.1353	-21.2043	87.8649
			*MESH_VERTEX 329	17.7369	12.4447	141.597
			*MESH_VERTEX 330	-21.0941	-9.63478	85.433
			*MESH_VERTEX 331	28.0106	-13.4449	99.6751
			*MESH_VERTEX 332	-0.51919	-21.9279	142.552
			*MESH_VERTEX 333	12.1954	-20.9454	123.209
			*MESH_VERTEX 334	14.1869	-18.8272	99.8284
			*MESH_VERTEX 335	-34.6217	2.76125	116.503
			*MESH_VERTEX 336	34.4645	2.94505	117.977
			*MESH_VERTEX 337	-14.9748	-19.337	99.9699
			*MESH_VERTEX 338	30.4358	6.78404	117.294
			*MESH_VERTEX 339	-30.6077	6.62511	115.821
			*MESH_VERTEX 340	14.1423	8.86896	131.165
			*MESH_VERTEX 341	-15.8965	8.81788	131.198
		}
		*MESH_FACE_LIST {
			*MESH_FACE    0:    A:    48 B:    0 C:    155 AB:    1 BC:    1 CA:    1	 *MESH_SMOOTHING 1 	*MESH_MTLID 0
			*MESH_FACE    1:    A:    162 B:    103 C:    53 AB:    1 BC:    1 CA:    1	 *MESH_SMOOTHING 1 	*MESH_MTLID 0
			*MESH_FACE    2:    A:    6 B:    155 C:    0 AB:    1 BC:    1 CA:    1	 *MESH_SMOOTHING 1 	*MESH_MTLID 0
			*MESH_FACE    3:    A:    162 B:    53 C:    1 AB:    1 BC:    1 CA:    1	 *MESH_SMOOTHING 1 	*MESH_MTLID 0
			*MESH_FACE    4:    A:    9 B:    278 C:    158 AB:    1 BC:    1 CA:    1	 *MESH_SMOOTHING 1 	*MESH_MTLID 0
			*MESH_FACE    5:    A:    9 B:    86 C:    278 AB:    1 BC:    1 CA:    1	 *MESH_SMOOTHING 1 	*MESH_MTLID 0
			*MESH_FACE    6:    A:    11 B:    217 C:    176 AB:    1 BC:    1 CA:    1	 *MESH_SMOOTHING 1 	*MESH_MTLID 0
			*MESH_FACE    7:    A:    178 B:    151 C:    57 AB:    1 BC:    1 CA:    1	 *MESH_SMOOTHING 1 	*MESH_MTLID 0
			*MESH_FACE    8:    A:    13 B:    128 C:    279 AB:    1 BC:    1 CA:    1	 *MESH_SMOOTHING 1 	*MESH_MTLID 0
			*MESH_FACE    9:    A:    148 B:    140 C:    223 AB:    1 BC:    1 CA:    1	 *MESH_SMOOTHING 1 	*MESH_MTLID 0
			*MESH_FACE    10:    A:    30 B:    25 C:    72 AB:    1 BC:    1 CA:    1	 *MESH_SMOOTHING 1 	*MESH_MTLID 0
			*MESH_FACE    11:    A:    31 B:    92 C:    71 AB:    1 BC:    1 CA:    1	 *MESH_SMOOTHING 1 	*MESH_MTLID 0
			*MESH_FACE    12:    A:    0 B:    48 C:    27 AB:    1 BC:    1 CA:    1	 *MESH_SMOOTHING 1 	*MESH_MTLID 0
			*MESH_FACE    13:    A:    146 B:    140 C:    14 AB:    1 BC:    1 CA:    1	 *MESH_SMOOTHING 1 	*MESH_MTLID 0
			*MESH_FACE    14:    A:    53 B:    103 C:    108 AB:    1 BC:    1 CA:    1	 *MESH_SMOOTHING 1 	*MESH_MTLID 0
			*MESH_FACE    15:    A:    14 B:    108 C:    128 AB:    1 BC:    1 CA:    1	 *MESH_SMOOTHING 1 	*MESH_MTLID 0
			*MESH_FACE    16:    A:    147 B:    94 C:    154 AB:    1 BC:    1 CA:    1	 *MESH_SMOOTHING 1 	*MESH_MTLID 0
			*MESH_FACE    17:    A:    80 B:    269 C:    93 AB:    1 BC:    1 CA:    1	 *MESH_SMOOTHING 1 	*MESH_MTLID 0
			*MESH_FACE    18:    A:    30 B:    83 C:    24 AB:    1 BC:    1 CA:    1	 *MESH_SMOOTHING 1 	*MESH_MTLID 0
			*MESH_FACE    19:    A:    24 B:    82 C:    30 AB:    1 BC:    1 CA:    1	 *MESH_SMOOTHING 1 	*MESH_MTLID 0
			*MESH_FACE    20:    A:    31 B:    71 C:    34 AB:    1 BC:    1 CA:    1	 *MESH_SMOOTHING 1 	*MESH_MTLID 0
			*MESH_FACE    21:    A:    26 B:    44 C:    31 AB:    1 BC:    1 CA:    1	 *MESH_SMOOTHING 1 	*MESH_MTLID 0
			*MESH_FACE    22:    A:    157 B:    26 C:    31 AB:    1 BC:    1 CA:    1	 *MESH_SMOOTHING 1 	*MESH_MTLID 0
			*MESH_FACE    23:    A:    187 B:    30 C:    72 AB:    1 BC:    1 CA:    1	 *MESH_SMOOTHING 1 	*MESH_MTLID 0
			*MESH_FACE    24:    A:    30 B:    187 C:    83 AB:    1 BC:    1 CA:    1	 *MESH_SMOOTHING 1 	*MESH_MTLID 0
			*MESH_FACE    25:    A:    31 B:    34 C:    157 AB:    1 BC:    1 CA:    1	 *MESH_SMOOTHING 1 	*MESH_MTLID 0
			*MESH_FACE    26:    A:    157 B:    34 C:    33 AB:    1 BC:    1 CA:    1	 *MESH_SMOOTHING 1 	*MESH_MTLID 0
			*MESH_FACE    27:    A:    83 B:    187 C:    33 AB:    1 BC:    1 CA:    1	 *MESH_SMOOTHING 1 	*MESH_MTLID 0
			*MESH_FACE    28:    A:    124 B:    247 C:    10 AB:    1 BC:    1 CA:    1	 *MESH_SMOOTHING 1 	*MESH_MTLID 0
			*MESH_FACE    29:    A:    176 B:    217 C:    283 AB:    1 BC:    1 CA:    1	 *MESH_SMOOTHING 1 	*MESH_MTLID 0
			*MESH_FACE    30:    A:    153 B:    8 C:    221 AB:    1 BC:    1 CA:    1	 *MESH_SMOOTHING 1 	*MESH_MTLID 0
			*MESH_FACE    31:    A:    7 B:    232 C:    105 AB:    1 BC:    1 CA:    1	 *MESH_SMOOTHING 1 	*MESH_MTLID 0
			*MESH_FACE    32:    A:    44 B:    26 C:    25 AB:    1 BC:    1 CA:    1	 *MESH_SMOOTHING 1 	*MESH_MTLID 0
			*MESH_FACE    33:    A:    44 B:    25 C:    94 AB:    1 BC:    1 CA:    1	 *MESH_SMOOTHING 1 	*MESH_MTLID 0
			*MESH_FACE    34:    A:    82 B:    94 C:    25 AB:    1 BC:    1 CA:    1	 *MESH_SMOOTHING 1 	*MESH_MTLID 0
			*MESH_FACE    35:    A:    25 B:    30 C:    82 AB:    1 BC:    1 CA:    1	 *MESH_SMOOTHING 1 	*MESH_MTLID 0
			*MESH_FACE    36:    A:    54 B:    27 C:    48 AB:    1 BC:    1 CA:    1	 *MESH_SMOOTHING 1 	*MESH_MTLID 0
			*MESH_FACE    37:    A:    108 B:    54 C:    53 AB:    1 BC:    1 CA:    1	 *MESH_SMOOTHING 1 	*MESH_MTLID 0
			*MESH_FACE    38:    A:    77 B:    73 C:    48 AB:    1 BC:    1 CA:    1	 *MESH_SMOOTHING 1 	*MESH_MTLID 0
			*MESH_FACE    39:    A:    48 B:    73 C:    54 AB:    1 BC:    1 CA:    1	 *MESH_SMOOTHING 1 	*MESH_MTLID 0
			*MESH_FACE    40:    A:    108 B:    14 C:    54 AB:    1 BC:    1 CA:    1	 *MESH_SMOOTHING 1 	*MESH_MTLID 0
			*MESH_FACE    41:    A:    27 B:    54 C:    14 AB:    1 BC:    1 CA:    1	 *MESH_SMOOTHING 1 	*MESH_MTLID 0
			*MESH_FACE    42:    A:    283 B:    102 C:    12 AB:    1 BC:    1 CA:    1	 *MESH_SMOOTHING 1 	*MESH_MTLID 0
			*MESH_FACE    43:    A:    14 B:    59 C:    146 AB:    1 BC:    1 CA:    1	 *MESH_SMOOTHING 1 	*MESH_MTLID 0
