*3DSMAX_ASCIIEXPORT	110
*COMMENT "[ GothicSourcer v3.14 ] - June 2007"
*SCENE {
	*SCENE_FILENAME "HUM_SLDS_ARMOR.MAX"
	*SCENE_FIRSTFRAME 0
	*SCENE_LASTFRAME 100
	*SCENE_FRAMESPEED 25
	*SCENE_TICKSPERFRAME 192
	*SCENE_BACKGROUND_STATIC 0	0	0
	*SCENE_AMBIENT_STATIC 0.2	0.2	0.2
}
*MATERIAL_LIST {
	*MATERIAL_COUNT 1
	*MATERIAL 0 {
		*MATERIAL_NAME "Compound Material #1"
		*MATERIAL_CLASS "Multi/Sub-Object"
		*NUMSUBMTLS 2
		*SUBMATERIAL 0 {
			*MATERIAL_NAME "NACKED_MUSCEL0"
			*MATERIAL_CLASS "Standard"
			*MATERIAL_AMBIENT 0.509804	0.407843	0.305882
			*MATERIAL_DIFFUSE 0.509804	0.407843	0.305882
			*MATERIAL_SPECULAR 0.9	0.9	0.9
			*MATERIAL_SHINE 0.1
			*MATERIAL_SHINESTRENGTH 0
			*MATERIAL_TRANSPARENCY 0
			*MATERIAL_WIRESIZE 1
			*MATERIAL_SHADING Blinn
			*MATERIAL_XP_FALLOFF 0
			*MATERIAL_SELFILLUM 0
			*MATERIAL_FALLOFF In
			*MATERIAL_XP_TYPE Filter
			*MAP_DIFFUSE {
				*MAP_NAME "Map #1-1"
				*MAP_CLASS "Bitmap"
				*MAP_SUBNO 1
				*MAP_AMOUNT 1
				*BITMAP "HUM_BODY_NAKED_V0_C0.TGA"
				*MAP_TYPE Screen
				*UVW_U_OFFSET 0
				*UVW_V_OFFSET 0
				*UVW_U_TILING 1
				*UVW_V_TILING 1
				*UVW_ANGLE 0
				*UVW_BLUR 1
				*UVW_BLUR_OFFSET 0
				*UVW_NOUSE_AMT 1
				*UVW_NOISE_SIZE 1
				*UVW_NOISE_LEVEL 1
				*UVW_NOISE_PHASE 0
				*BITMAP_FILTER Pyramidal
			}
		}
		*SUBMATERIAL 1 {
			*MATERIAL_NAME "GRD_TS"
			*MATERIAL_CLASS "Standard"
			*MATERIAL_AMBIENT 0.211765	0.2	0.180392
			*MATERIAL_DIFFUSE 0.211765	0.2	0.180392
			*MATERIAL_SPECULAR 0.9	0.9	0.9
			*MATERIAL_SHINE 0.1
			*MATERIAL_SHINESTRENGTH 0
			*MATERIAL_TRANSPARENCY 0
			*MATERIAL_WIRESIZE 1
			*MATERIAL_SHADING Blinn
			*MATERIAL_XP_FALLOFF 0
			*MATERIAL_SELFILLUM 0
			*MATERIAL_FALLOFF In
			*MATERIAL_XP_TYPE Filter
			*MAP_DIFFUSE {
				*MAP_NAME "Map #1-2"
				*MAP_CLASS "Bitmap"
				*MAP_SUBNO 1
				*MAP_AMOUNT 1
				*BITMAP "HUM_SLDS_ARMOR_V0.TGA"
				*MAP_TYPE Screen
				*UVW_U_OFFSET 0
				*UVW_V_OFFSET 0
				*UVW_U_TILING 1
				*UVW_V_TILING 1
				*UVW_ANGLE 0
				*UVW_BLUR 1
				*UVW_BLUR_OFFSET 0
				*UVW_NOUSE_AMT 1
				*UVW_NOISE_SIZE 1
				*UVW_NOISE_LEVEL 1
				*UVW_NOISE_PHASE 0
				*BITMAP_FILTER Pyramidal
			}
		}
	}
}
*HELPEROBJECT {
	*NODE_NAME "Bip01"
	*NODE_TM {
		*NODE_NAME "Bip01"
		*TM_ROW0 6.27438e-006	-1	0
		*TM_ROW1 1	6.27438e-006	0
		*TM_ROW2 -0	-0	1
		*TM_ROW3 0	-7.37745	99.9496
		*TM_POS 0	-7.37745	99.9496
		*TM_ROTAXIS 0	0	1
		*TM_ROTANGLE 1.57079
		*TM_SCALE 1	1	1
		*TM_SCALEAXIS 0	0	0
		*TM_SCALEAXISANG 0	0	0
	}
}
*HELPEROBJECT {
	*NODE_NAME "Bip01 Pelvis"
	*NODE_PARENT "Bip01"
	*NODE_TM {
		*NODE_NAME "Bip01 Pelvis"
		*TM_ROW0 -5.96046e-008	1.79264e-006	1
		*TM_ROW1 -1.79264e-006	-1	1.79264e-006
		*TM_ROW2 1	-1.79264e-006	-5.96046e-008
		*TM_ROW3 1e-005	-8.0113	99.9496
		*TM_POS 1e-005	-8.0113	99.9496
		*TM_ROTAXIS 0.707107	0	0.707107
		*TM_ROTANGLE 3.1416
		*TM_SCALE 1	1	1
		*TM_SCALEAXIS 0	0	0
		*TM_SCALEAXISANG 0	0	0
	}
}
*HELPEROBJECT {
	*NODE_NAME "Bip01 Spine"
	*NODE_PARENT "Bip01 Pelvis"
	*NODE_TM {
		*NODE_NAME "Bip01 Spine"
		*TM_ROW0 5.96047e-008	-0.0205947	0.999788
		*TM_ROW1 5.48642e-006	-0.999788	-0.0205947
		*TM_ROW2 1	5.48642e-006	5.96047e-008
		*TM_ROW3 1e-005	-7.92216	102.35
		*TM_POS 1e-005	-7.92216	102.35
		*TM_ROTAXIS 0.707088	-0.00727998	0.707088
		*TM_ROTANGLE 3.12703
		*TM_SCALE 1	1	1
		*TM_SCALEAXIS 0	0	0
		*TM_SCALEAXISANG 0	0	0
	}
}
*HELPEROBJECT {
	*NODE_NAME "Bip01 Spine1"
	*NODE_PARENT "Bip01 Spine"
	*NODE_TM {
		*NODE_NAME "Bip01 Spine1"
		*TM_ROW0 5.96047e-008	-0.00276992	0.999996
		*TM_ROW1 -1.92621e-006	-0.999996	-0.00276991
		*TM_ROW2 1	-1.92621e-006	5.96047e-008
		*TM_ROW3 1e-005	-8.11442	112.175
		*TM_POS 1e-005	-8.11442	112.175
		*TM_ROTAXIS 0.707106	-0.000979995	0.707107
		*TM_ROTANGLE 3.13964
		*TM_SCALE 1	1	1
		*TM_SCALEAXIS 0	0	0
		*TM_SCALEAXISANG 0	0	0
	}
}
*HELPEROBJECT {
	*NODE_NAME "Bip01 Spine2"
	*NODE_PARENT "Bip01 Spine1"
	*NODE_TM {
		*NODE_NAME "Bip01 Spine2"
		*TM_ROW0 5.96048e-008	0.180243	0.983622
		*TM_ROW1 1.67638e-006	-0.983622	0.180243
		*TM_ROW2 1	1.67638e-006	5.96047e-008
		*TM_ROW3 1e-005	-8.1264	124.961
		*TM_POS 1e-005	-8.1264	124.961
		*TM_ROTAXIS 0.705652	0.0641202	0.705652
		*TM_ROTANGLE 3.26966
		*TM_SCALE 1	1	1
		*TM_SCALEAXIS 0	0	0
		*TM_SCALEAXISANG 0	0	0
	}
}
*HELPEROBJECT {
	*NODE_NAME "Bip01 Neck"
	*NODE_PARENT "Bip01 Spine2"
	*NODE_TM {
		*NODE_NAME "Bip01 Neck"
		*TM_ROW0 5.96046e-007	-0.167043	0.98595
		*TM_ROW1 4.70132e-006	-0.98595	-0.167043
		*TM_ROW2 1	4.70132e-006	5.96047e-007
		*TM_ROW3 1.03264e-011	-2.71656	154.454
		*TM_POS 1.03264e-011	-2.71656	154.454
		*TM_ROTAXIS -0.70586	0.05937	-0.705859
		*TM_ROTANGLE 3.2602
		*TM_SCALE 1	1	1
		*TM_SCALEAXIS 0	0	0
		*TM_SCALEAXISANG 0	0	0
	}
}
*HELPEROBJECT {
	*NODE_NAME "Bip01 Head"
	*NODE_PARENT "Bip01 Neck"
	*NODE_TM {
		*NODE_NAME "Bip01 Head"
		*TM_ROW0 -5.96047e-008	1.76447e-006	1
		*TM_ROW1 -1.79264e-006	-1	1.80855e-006
		*TM_ROW2 1	-1.79264e-006	-5.96046e-008
		*TM_ROW3 2.27758e-011	-3.85901	161.198
		*TM_POS 2.27758e-011	-3.85901	161.198
		*TM_ROTAXIS -0.707107	-5.62215e-009	-0.707107
		*TM_ROTANGLE 3.14159
		*TM_SCALE 1	1	1
		*TM_SCALEAXIS 0	0	0
		*TM_SCALEAXISANG 0	0	0
	}
}
*HELPEROBJECT {
	*NODE_NAME "ZS_HELMET"
	*NODE_PARENT "Bip01 Head"
	*NODE_TM {
		*NODE_NAME "ZS_HELMET"
		*TM_ROW0 1	7.87298e-013	7.61567e-014
		*TM_ROW1 -1.53811e-013	0.996917	-0.0784593
		*TM_ROW2 -5.53111e-014	0.0784593	0.996918
		*TM_ROW3 1e-005	-7.06248	173.704
		*TM_POS 1e-005	-7.06248	173.704
		*TM_ROTAXIS 1	8.37809e-013	-5.99744e-012
		*TM_ROTANGLE 0.078541
		*TM_SCALE 1	1	1
		*TM_SCALEAXIS 0	0	0
		*TM_SCALEAXISANG 0	0	0
	}
}
*HELPEROBJECT {
	*NODE_NAME "Bip01 L Clavicle"
	*NODE_PARENT "Bip01 Neck"
	*NODE_TM {
		*NODE_NAME "Bip01 L Clavicle"
		*TM_ROW0 0.935229	-0.203893	-0.289439
		*TM_ROW1 0.156435	0.971369	-0.178803
		*TM_ROW2 0.317608	0.121943	0.940348
		*TM_ROW3 7.96399	-1.25804	148.729
		*TM_POS 7.96399	-1.25804	148.729
		*TM_ROTAXIS 0.391939	-0.791119	0.469589
		*TM_ROTANGLE 0.39376
		*TM_SCALE 1	1	1
		*TM_SCALEAXIS 0	0	0
		*TM_SCALEAXISANG 0	0	0
	}
}
*HELPEROBJECT {
	*NODE_NAME "Bip01 L UpperArm"
	*NODE_PARENT "Bip01 L Clavicle"
	*NODE_TM {
		*NODE_NAME "Bip01 L UpperArm"
		*TM_ROW0 0.246229	0.0989027	-0.964152
		*TM_ROW1 0.412789	0.889345	0.196649
		*TM_ROW2 0.876913	-0.446412	0.178157
		*TM_ROW3 20.4269	-3.97508	144.872
		*TM_POS 20.4269	-3.97508	144.872
		*TM_ROTAXIS -0.325561	-0.932072	0.15891
		*TM_ROTANGLE 1.41328
		*TM_SCALE 1	1	1
		*TM_SCALEAXIS 0	0	0
		*TM_SCALEAXISANG 0	0	0
	}
}
*HELPEROBJECT {
	*NODE_NAME "Bip01 L Forearm"
	*NODE_PARENT "Bip01 L UpperArm"
	*NODE_TM {
		*NODE_NAME "Bip01 L Forearm"
		*TM_ROW0 0.0455122	-0.291882	-0.955371
		*TM_ROW1 0.478489	0.845886	-0.235638
		*TM_ROW2 0.876913	-0.44641	0.17816
		*TM_ROW3 27.2982	-1.21526	117.966
		*TM_POS 27.2982	-1.21526	117.966
		*TM_ROTAXIS -0.10545	-0.916697	0.385419
		*TM_ROTANGLE 1.53601
		*TM_SCALE 1	1	1
		*TM_SCALEAXIS 0	0	0
		*TM_SCALEAXISANG 0	0	0
	}
}
*HELPEROBJECT {
	*NODE_NAME "Bip01 L Hand"
	*NODE_PARENT "Bip01 L Forearm"
	*NODE_TM {
		*NODE_NAME "Bip01 L Hand"
		*TM_ROW0 0.0455132	-0.291886	-0.95537
		*TM_ROW1 -0.876533	0.44708	-0.17835
		*TM_ROW2 0.479185	0.845531	-0.2355
		*TM_ROW3 28.5642	-9.33438	91.391
		*TM_POS 28.5642	-9.33438	91.391
		*TM_ROTAXIS 0.551391	-0.772552	-0.314851
		*TM_ROTANGLE 1.95137
		*TM_SCALE 1	1	1
		*TM_SCALEAXIS 0	0	0
		*TM_SCALEAXISANG 0	0	0
	}
}
*HELPEROBJECT {
	*NODE_NAME "Bip01 L Finger0"
	*NODE_PARENT "Bip01 L Hand"
	*NODE_TM {
		*NODE_NAME "Bip01 L Finger0"
		*TM_ROW0 0.0455153	-0.291888	-0.955369
		*TM_ROW1 -0.876915	0.446405	-0.178165
		*TM_ROW2 0.478485	0.845886	-0.235643
		*TM_ROW3 29.15	-13.0909	79.0956
		*TM_POS 29.15	-13.0909	79.0956
		*TM_ROTAXIS 0.551581	-0.772311	-0.31511
		*TM_ROTANGLE 1.95181
		*TM_SCALE 1	1	1
		*TM_SCALEAXIS 0	0	0
		*TM_SCALEAXISANG 0	0	0
	}
}
*HELPEROBJECT {
	*NODE_NAME "ZS_LEFTHAND"
	*NODE_PARENT "Bip01 L Hand"
	*NODE_TM {
		*NODE_NAME "ZS_LEFTHAND"
		*TM_ROW0 0.435606	0.890062	-0.134303
		*TM_ROW1 0.180312	-0.232461	-0.955745
		*TM_ROW2 -0.881893	0.392112	-0.261751
		*TM_ROW3 26.7605	-11.5467	82.7857
		*TM_POS 26.7605	-11.5467	82.7857
		*TM_ROTAXIS 0.794322	0.440571	-0.418271
		*TM_ROTANGLE 2.12858
		*TM_SCALE 1	1	1
		*TM_SCALEAXIS 0	0	0
		*TM_SCALEAXISANG 0	0	0
	}
}
*HELPEROBJECT {
	*NODE_NAME "ZS_LEFTARM"
	*NODE_PARENT "Bip01 L Forearm"
	*NODE_TM {
		*NODE_NAME "ZS_LEFTARM"
		*TM_ROW0 0.0759923	-0.150176	-0.985735
		*TM_ROW1 0.524499	0.846792	-0.0885737
		*TM_ROW2 0.848013	-0.510286	0.143117
		*TM_ROW3 26.9101	-7.67833	110.055
		*TM_POS 26.9101	-7.67833	110.055
		*TM_ROTAXIS -0.21097	-0.917372	0.337521
		*TM_ROTANGLE 1.53784
		*TM_SCALE 1	1	1
		*TM_SCALEAXIS 0	0	0
		*TM_SCALEAXISANG 0	0	0
	}
}
*HELPEROBJECT {
	*NODE_NAME "Bip01 R Clavicle"
	*NODE_PARENT "Bip01 Neck"
	*NODE_TM {
		*NODE_NAME "Bip01 R Clavicle"
		*TM_ROW0 -0.935227	-0.203899	-0.28944
		*TM_ROW1 -0.156442	0.971369	-0.178799
		*TM_ROW2 0.317609	-0.121937	-0.940349
		*TM_ROW3 -7.96398	-1.25806	148.729
		*TM_POS -7.96398	-1.25806	148.729
		*TM_ROTAXIS -0.0929799	0.992639	-0.0776
		*TM_ROTANGLE 3.45235
		*TM_SCALE 1	1	1
		*TM_SCALEAXIS 0	0	0
		*TM_SCALEAXISANG 0	0	0
	}
}
*HELPEROBJECT {
	*NODE_NAME "Bip01 R UpperArm"
	*NODE_PARENT "Bip01 R Clavicle"
	*NODE_TM {
		*NODE_NAME "Bip01 R UpperArm"
		*TM_ROW0 -0.246232	0.0988932	-0.964153
		*TM_ROW1 -0.412793	0.889345	0.196642
		*TM_ROW2 0.876911	0.446415	-0.178163
		*TM_ROW3 -20.4269	-3.97513	144.872
		*TM_POS -20.4269	-3.97513	144.872
		*TM_ROTAXIS 0.12961	-0.955353	-0.265521
		*TM_ROTANGLE 1.84162
		*TM_SCALE 1	1	1
		*TM_SCALEAXIS 0	0	0
		*TM_SCALEAXISANG 0	0	0
	}
}
*HELPEROBJECT {
	*NODE_NAME "Bip01 R Forearm"
	*NODE_PARENT "Bip01 R UpperArm"
	*NODE_TM {
		*NODE_NAME "Bip01 R Forearm"
		*TM_ROW0 -0.0455087	-0.291889	-0.955369
		*TM_ROW1 -0.478487	0.845885	-0.235646
		*TM_ROW2 0.876914	0.446408	-0.17816
		*TM_ROW3 -27.2982	-1.21534	117.966
		*TM_POS -27.2982	-1.21534	117.966
		*TM_ROTAXIS 0.347279	-0.932937	-0.0950097
		*TM_ROTANGLE 1.76083
		*TM_SCALE 1	1	1
		*TM_SCALEAXIS 0	0	0
		*TM_SCALEAXISANG 0	0	0
	}
}
*HELPEROBJECT {
	*NODE_NAME "Bip01 R Hand"
	*NODE_PARENT "Bip01 R Forearm"
	*NODE_TM {
		*NODE_NAME "Bip01 R Hand"
		*TM_ROW0 -0.0455115	-0.291885	-0.95537
		*TM_ROW1 0.87653	0.447088	-0.17835
		*TM_ROW2 0.479192	-0.845527	0.235499
		*TM_ROW3 -28.5642	-9.33445	91.391
		*TM_POS -28.5642	-9.33445	91.391
		*TM_ROTAXIS -0.33922	-0.72939	0.59407
		*TM_ROTANGLE 1.75327
		*TM_SCALE 1	1	1
		*TM_SCALEAXIS 0	0	0
		*TM_SCALEAXISANG 0	0	0
	}
}
*HELPEROBJECT {
	*NODE_NAME "Bip01 R Finger0"
	*NODE_PARENT "Bip01 R Hand"
	*NODE_TM {
		*NODE_NAME "Bip01 R Finger0"
		*TM_ROW0 -0.0455056	-0.291877	-0.955373
		*TM_ROW1 0.876914	0.446413	-0.178152
		*TM_ROW2 0.478489	-0.845886	0.235636
		*TM_ROW3 -29.1499	-13.0909	79.0956
		*TM_POS -29.1499	-13.0909	79.0956
		*TM_ROTAXIS -0.33952	-0.729071	0.594291
		*TM_ROTANGLE 1.75354
		*TM_SCALE 1	1	1
		*TM_SCALEAXIS 0	0	0
		*TM_SCALEAXISANG 0	0	0
	}
}
*HELPEROBJECT {
	*NODE_NAME "ZS_RIGHTHAND"
	*NODE_PARENT "Bip01 R Hand"
	*NODE_TM {
		*NODE_NAME "ZS_RIGHTHAND"
		*TM_ROW0 -0.464344	0.856417	-0.225687
		*TM_ROW1 0.177861	0.339806	0.923525
		*TM_ROW2 0.867612	0.388692	-0.31011
		*TM_ROW3 -20.9389	-19.9852	85.8932
		*TM_POS -20.9389	-19.9852	85.8932
		*TM_ROTAXIS 0.383811	0.784581	0.486951
		*TM_ROTANGLE 3.91244
		*TM_SCALE 1	1	1
		*TM_SCALEAXIS 0	0	0
		*TM_SCALEAXISANG 0	0	0
	}
}
*HELPEROBJECT {
	*NODE_NAME "ZS_CROSSBOW"
	*NODE_PARENT "Bip01 Spine2"
	*NODE_TM {
		*NODE_NAME "ZS_CROSSBOW"
		*TM_ROW0 -0.382687	-0.111464	0.91713
		*TM_ROW1 -0.923878	0.0461715	-0.379891
		*TM_ROW2 -1.2517e-006	-0.992695	-0.120648
		*TM_ROW3 -14.434	10.5915	165.98
		*TM_POS -14.434	10.5915	165.98
		*TM_ROTAXIS -0.447329	0.669479	-0.593039
		*TM_ROTANGLE 2.38705
		*TM_SCALE 1	1	1
		*TM_SCALEAXIS 0	0	0
		*TM_SCALEAXISANG 0	0	0
	}
}
*HELPEROBJECT {
	*NODE_NAME "ZS_LONGSWORD"
	*NODE_PARENT "Bip01 Spine2"
	*NODE_TM {
		*NODE_NAME "ZS_LONGSWORD"
		*TM_ROW0 -0.499829	-0.0915011	0.861277
		*TM_ROW1 -0.865729	0.0828188	-0.493614
		*TM_ROW2 -0.0261636	-0.992355	-0.12061
		*TM_ROW3 -18.1593	6.92629	157.64
		*TM_POS -18.1593	6.92629	157.64
		*TM_ROTAXIS -0.38996	0.69388	-0.60536
		*TM_ROTANGLE 2.44778
		*TM_SCALE 1	1	1
		*TM_SCALEAXIS 0	0	0
		*TM_SCALEAXISANG 0	0	0
	}
}
*HELPEROBJECT {
	*NODE_NAME "ZS_SHIELD"
	*NODE_PARENT "Bip01 Spine2"
	*NODE_TM {
		*NODE_NAME "ZS_SHIELD"
		*TM_ROW0 -0.0138681	0.114196	-0.993362
		*TM_ROW1 -0.908393	0.413755	0.0602465
		*TM_ROW2 0.417888	0.903198	0.0979964
		*TM_ROW3 8.76511	9.5282	131.875
		*TM_POS 8.76511	9.5282	131.875
		*TM_ROTAXIS 0.435421	-0.728972	-0.528212
		*TM_ROTANGLE 1.82457
		*TM_SCALE 1	1	1
		*TM_SCALEAXIS 0	0	0
		*TM_SCALEAXISANG 0	0	0
	}
}
*HELPEROBJECT {
	*NODE_NAME "ZS_BOW"
	*NODE_PARENT "Bip01 Spine2"
	*NODE_TM {
		*NODE_NAME "ZS_BOW"
		*TM_ROW0 -0.341816	-0.0868229	0.935748
		*TM_ROW1 0.0119438	0.995242	0.0967059
		*TM_ROW2 -0.939691	0.044232	-0.339153
		*TM_ROW3 0.5012	12.4143	124.55
		*TM_POS 0.5012	12.4143	124.55
		*TM_ROTAXIS -0.0279299	0.998227	0.0525698
		*TM_ROTANGLE 1.92076
		*TM_SCALE 1	1	1
		*TM_SCALEAXIS 0	0	0
		*TM_SCALEAXISANG 0	0	0
	}
}
*HELPEROBJECT {
	*NODE_NAME "ZS_SWORD"
	*NODE_PARENT "Bip01 Spine"
	*NODE_TM {
		*NODE_NAME "ZS_SWORD"
		*TM_ROW0 5.79282e-007	-0.347172	0.937802
		*TM_ROW1 1.04309e-007	0.937802	0.347172
		*TM_ROW2 -1	-1.04308e-007	5.79283e-007
		*TM_ROW3 17.5015	-4.36211	106.367
		*TM_POS 17.5015	-4.36211	106.367
		*TM_ROTAXIS -0.17367	0.96937	0.17367
		*TM_ROTANGLE 1.6019
		*TM_SCALE 1	1	1
		*TM_SCALEAXIS 0	0	0
		*TM_SCALEAXISANG 0	0	0
	}
}
*HELPEROBJECT {
	*NODE_NAME "Bip01 L Thigh"
	*NODE_PARENT "Bip01 Pelvis"
	*NODE_TM {
		*NODE_NAME "Bip01 L Thigh"
		*TM_ROW0 0.0534878	-0.0367886	-0.997891
		*TM_ROW1 -0.00216181	-0.999323	0.0367256
		*TM_ROW2 -0.998566	0.000192882	-0.0535313
		*TM_ROW3 9.01023	-8.01129	99.9496
		*TM_POS 9.01023	-8.01129	99.9496
		*TM_ROTAXIS 0.72572	-0.01342	-0.68786
		*TM_ROTANGLE 3.16677
		*TM_SCALE 1	1	1
		*TM_SCALEAXIS 0	0	0
		*TM_SCALEAXISANG 0	0	0
	}
}
*HELPEROBJECT {
	*NODE_NAME "Bip01 L Calf"
	*NODE_PARENT "Bip01 L Thigh"
	*NODE_TM {
		*NODE_NAME "Bip01 L Calf"
		*TM_ROW0 0.0525131	0.197552	-0.978885
		*TM_ROW1 0.0103904	-0.980292	-0.197278
		*TM_ROW2 -0.998566	0.000188708	-0.0535307
		*TM_ROW3 11.1149	-9.45845	60.6877
		*TM_POS 11.1149	-9.45845	60.6877
		*TM_ROTAXIS 0.723901	0.0721501	-0.686121
		*TM_ROTANGLE 3.00478
		*TM_SCALE 1	1	1
		*TM_SCALEAXIS 0	0	0
		*TM_SCALEAXISANG 0	0	0
	}
}
*HELPEROBJECT {
	*NODE_NAME "Bip01 L Foot"
	*NODE_PARENT "Bip01 L Calf"
	*NODE_TM {
		*NODE_NAME "Bip01 L Foot"
		*TM_ROW0 -5.93318e-007	7.27489e-006	-1
		*TM_ROW1 0.173652	-0.984807	-7.26412e-006
		*TM_ROW2 -0.984807	-0.173652	-5.97767e-007
		*TM_ROW3 13.6935	0.240668	12.6267
		*TM_POS 13.6935	0.240668	12.6267
		*TM_ROTAXIS 0.705757	0.0617498	-0.705757
		*TM_ROTANGLE 3.26493
		*TM_SCALE 1	1	1
		*TM_SCALEAXIS 0	0	0
		*TM_SCALEAXISANG 0	0	0
	}
}
*HELPEROBJECT {
	*NODE_NAME "Bip01 L Toe0"
	*NODE_PARENT "Bip01 L Foot"
	*NODE_TM {
		*NODE_NAME "Bip01 L Toe0"
		*TM_ROW0 0.173646	-0.984808	5.05914e-006
		*TM_ROW1 5.06367e-006	5.91264e-006	1
		*TM_ROW2 -0.984808	-0.173646	5.92894e-006
		*TM_ROW3 17.6256	-22.0591	5.26591e-006
		*TM_POS 17.6256	-22.0591	5.26591e-006
		*TM_ROTAXIS -0.644398	0.540718	0.540718
		*TM_ROTANGLE 1.99673
		*TM_SCALE 1	1	1
		*TM_SCALEAXIS 0	0	0
		*TM_SCALEAXISANG 0	0	0
	}
}
*HELPEROBJECT {
	*NODE_NAME "Bip01 R Thigh"
	*NODE_PARENT "Bip01 Pelvis"
	*NODE_TM {
		*NODE_NAME "Bip01 R Thigh"
		*TM_ROW0 -0.0535034	-0.0367749	-0.99789
		*TM_ROW1 0.00205776	-0.999324	0.0367174
		*TM_ROW2 -0.998566	-8.89041e-005	0.0535432
		*TM_ROW3 -9.01021	-8.01132	99.9496
		*TM_POS -9.01021	-8.01132	99.9496
		*TM_ROTAXIS 0.687862	-0.01262	-0.725732
		*TM_ROTANGLE 3.16835
		*TM_SCALE 1	1	1
		*TM_SCALEAXIS 0	0	0
		*TM_SCALEAXISANG 0	0	0
	}
}
*HELPEROBJECT {
	*NODE_NAME "Bip01 R Calf"
	*NODE_PARENT "Bip01 R Thigh"
	*NODE_TM {
		*NODE_NAME "Bip01 R Calf"
		*TM_ROW0 -0.0525025	0.197539	-0.978888
		*TM_ROW1 -0.0104967	-0.980295	-0.19726
		*TM_ROW2 -0.998566	-8.16064e-005	0.0535415
		*TM_ROW3 -11.1154	-9.45856	60.6878
		*TM_POS -11.1154	-9.45856	60.6878
		*TM_ROTAXIS 0.686298	0.0684898	-0.724088
		*TM_ROTANGLE 2.99744
		*TM_SCALE 1	1	1
		*TM_SCALEAXIS 0	0	0
		*TM_SCALEAXISANG 0	0	0
	}
}
*HELPEROBJECT {
	*NODE_NAME "Bip01 R Foot"
	*NODE_PARENT "Bip01 R Calf"
	*NODE_TM {
		*NODE_NAME "Bip01 R Foot"
		*TM_ROW0 -5.86373e-007	-7.29557e-006	-1
		*TM_ROW1 -0.173652	-0.984807	7.26572e-006
		*TM_ROW2 -0.984807	0.173652	-5.93781e-007
		*TM_ROW3 -13.6935	0.24065	12.6267
		*TM_POS -13.6935	0.24065	12.6267
		*TM_ROTAXIS 0.705757	-0.0617498	-0.705757
		*TM_ROTANGLE 3.01826
		*TM_SCALE 1	1	1
		*TM_SCALEAXIS 0	0	0
		*TM_SCALEAXISANG 0	0	0
	}
}
*HELPEROBJECT {
	*NODE_NAME "Bip01 R Toe0"
	*NODE_PARENT "Bip01 R Foot"
	*NODE_TM {
		*NODE_NAME "Bip01 R Toe0"
		*TM_ROW0 -0.173651	-0.984807	3.52553e-006
		*TM_ROW1 3.507e-006	3.07854e-006	1
		*TM_ROW2 -0.984807	0.173651	3.0421e-006
		*TM_ROW3 -17.6255	-22.0592	2.91014e-005
		*TM_POS -17.6255	-22.0592	2.91014e-005
		*TM_ROTAXIS -0.510271	0.608121	0.608121
		*TM_ROTANGLE 2.19793
		*TM_SCALE 1	1	1
		*TM_SCALEAXIS 0	0	0
		*TM_SCALEAXISANG 0	0	0
	}
}
*HELPEROBJECT {
	*NODE_NAME "Dummy"
	*NODE_PARENT "Bip01 L Finger0"
	*NODE_TM {
		*NODE_NAME "Dummy"
		*TM_ROW0 -1	-0	0
		*TM_ROW1 -0	-1	0
		*TM_ROW2 -0	-0	1
		*TM_ROW3 29.4428	-14.9691	72.9478
		*TM_POS 29.4428	-14.9691	72.9478
		*TM_ROTAXIS 0	0	-1
		*TM_ROTANGLE 3.14159
		*TM_SCALE 1	1	1
		*TM_SCALEAXIS 0	0	0
		*TM_SCALEAXISANG 0	0	0
	}
}
*HELPEROBJECT {
	*NODE_NAME "Dummy1"
	*NODE_PARENT "Bip01 R Finger0"
	*NODE_TM {
		*NODE_NAME "Dummy1"
		*TM_ROW0 -1	-0	0
		*TM_ROW1 -0	-1	0
		*TM_ROW2 -0	-0	1
		*TM_ROW3 -29.4428	-14.9692	72.9478
		*TM_POS -29.4428	-14.9692	72.9478
		*TM_ROTAXIS 0	0	-1
		*TM_ROTANGLE 3.14159
		*TM_SCALE 1	1	1
		*TM_SCALEAXIS 0	0	0
		*TM_SCALEAXISANG 0	0	0
	}
}
*HELPEROBJECT {
	*NODE_NAME "Dummy2"
	*NODE_PARENT "Bip01 L Toe0"
	*NODE_TM {
		*NODE_NAME "Dummy2"
		*TM_ROW0 -1	-0	0
		*TM_ROW1 -0	-1	0
		*TM_ROW2 -0	-0	1
		*TM_ROW3 19.5916	-33.209	-6.31335
		*TM_POS 19.5916	-33.209	-6.31335
		*TM_ROTAXIS 0	0	-1
		*TM_ROTANGLE 3.14159
		*TM_SCALE 1	1	1
		*TM_SCALEAXIS 0	0	0
		*TM_SCALEAXISANG 0	0	0
	}
}
*HELPEROBJECT {
	*NODE_NAME "Dummy3"
	*NODE_PARENT "Bip01 R Toe0"
	*NODE_TM {
		*NODE_NAME "Dummy3"
		*TM_ROW0 -1	-0	0
		*TM_ROW1 -0	-1	0
		*TM_ROW2 -0	-0	1
		*TM_ROW3 -19.5915	-33.2091	-6.31333
		*TM_POS -19.5915	-33.2091	-6.31333
		*TM_ROTAXIS 0	0	-1
		*TM_ROTANGLE 3.14159
		*TM_SCALE 1	1	1
		*TM_SCALEAXIS 0	0	0
		*TM_SCALEAXISANG 0	0	0
	}
}
*GEOMOBJECT {
	*NODE_NAME "zm_Skin"
	*NODE_PARENT "Bip01"
	*NODE_TM {
		*NODE_NAME "zm_Skin"
		*TM_ROW0 -1	-0	0
		*TM_ROW1 -0	-1	0
		*TM_ROW2 -0	-0	1
		*TM_ROW3 -0	-0	0
		*TM_POS -0	-0	0
		*TM_ROTAXIS 0	0	-1
		*TM_ROTANGLE 3.14159
		*TM_SCALE 1	1	1
		*TM_SCALEAXIS 0	0	0
		*TM_SCALEAXISANG 0	0	0
	}
	*MATERIAL_REF 0
	*MESH_SOFTSKIN {
		*TIMEVALUE 0
		*MESH_NUMVERTEX 370
		*MESH_NUMFACES 698
		*MESH_VERTEX_LIST {
			*MESH_VERTEX 0	-4.90988	-17.2076	96.7476
			*MESH_VERTEX 1	12.7857	-10.6847	20.4235
			*MESH_VERTEX 2	-13.1573	-3.48553	165.616
			*MESH_VERTEX 3	23.6193	-13.999	78.1544
			*MESH_VERTEX 4	19.0717	4.89253	137.644
			*MESH_VERTEX 5	34.119	-4.06247	108.54
			*MESH_VERTEX 6	14.6585	-15.7166	159.817
			*MESH_VERTEX 7	-30.1814	-4.3429	119.781
			*MESH_VERTEX 8	-23.6851	-13.9902	79.009
			*MESH_VERTEX 9	-18.0037	4.89841	138.235
			*MESH_VERTEX 10	-14.152	7.94661	-0.383842
			*MESH_VERTEX 11	-23.8024	-18.1064	1.00177
			*MESH_VERTEX 12	-12.351	4.75927	24.9794
			*MESH_VERTEX 13	-0.0340627	-5.43308	91.8903
			*MESH_VERTEX 14	9.6538	-14.0012	8.79313
			*MESH_VERTEX 15	13.3886	-23.11	145.401
			*MESH_VERTEX 16	11.6668	-22.6682	136.745
			*MESH_VERTEX 17	39.4288	0.977286	137.8
			*MESH_VERTEX 18	23.8424	-18.4419	1.37615
			*MESH_VERTEX 19	16.635	-2.48948	25.439
			*MESH_VERTEX 20	21.5286	-5.65588	136.629
			*MESH_VERTEX 21	-36.1775	-11.6678	145.088
			*MESH_VERTEX 22	-16.1016	13.6434	137.644
			*MESH_VERTEX 23	0.00015929	-19.1943	116.153
			*MESH_VERTEX 24	-17.2676	-2.69784	26.035
			*MESH_VERTEX 25	21.9371	-1.96614	15.1308
			*MESH_VERTEX 26	-9.88535	-13.6617	9.27257
			*MESH_VERTEX 27	-12.7766	-10.5651	20.4458
			*MESH_VERTEX 28	-22.635	-1.34114	17.5173
			*MESH_VERTEX 29	-26.2058	-15.8351	85.1162
			*MESH_VERTEX 30	7.35701	1.48213	156.321
			*MESH_VERTEX 31	0.0466935	-11.0955	148.754
			*MESH_VERTEX 32	-7.1356	1.21755	156.244
			*MESH_VERTEX 33	4.71529	-8.30103	163.219
			*MESH_VERTEX 34	24.4977	-11.8144	140.987
			*MESH_VERTEX 35	4.40475	5.61701	89.5337
			*MESH_VERTEX 36	14.4401	10.1285	17.6964
			*MESH_VERTEX 37	4.58475	-3.40481	12.591
			*MESH_VERTEX 38	11.9946	4.57169	24.6268
			*MESH_VERTEX 39	7.56318	-0.785969	24.1241
			*MESH_VERTEX 40	13.8645	7.50934	-0.460813
			*MESH_VERTEX 41	-38.4207	1.27361	138.061
			*MESH_VERTEX 42	-23.8505	-11.7431	141.329
			*MESH_VERTEX 43	-12.9792	-5.94674	138.458
			*MESH_VERTEX 44	-32.3838	-19.8843	133.301
			*MESH_VERTEX 45	-20.6925	-5.41639	136.819
			*MESH_VERTEX 46	26.2521	-15.8931	84.2053
			*MESH_VERTEX 47	24.8009	2.53808	106.595
			*MESH_VERTEX 48	14.8672	-11.6052	139.839
			*MESH_VERTEX 49	15.34	-18.1587	88.8419
			*MESH_VERTEX 50	12.5053	-23.7185	0.535137
			*MESH_VERTEX 51	-9.34878	10.1806	16.9223
			*MESH_VERTEX 52	-7.77294	-0.360039	24.3598
			*MESH_VERTEX 53	-12.4441	-23.3539	0.273179
			*MESH_VERTEX 54	-15.1253	-18.8908	89.0761
			*MESH_VERTEX 55	-6.5696e-005	8.93021	165.533
			*MESH_VERTEX 56	16.6557	13.5593	137.974
			*MESH_VERTEX 57	-11.3843	-22.6091	136.844
			*MESH_VERTEX 58	33.3678	-20.1658	133.035
			*MESH_VERTEX 59	37.1366	-11.9513	144.49
			*MESH_VERTEX 60	-30.5782	2.61238	107.574
			*MESH_VERTEX 61	-3.54178	0.501928	166.974
			*MESH_VERTEX 62	-4.73768	-8.08052	163.143
			*MESH_VERTEX 63	-25.0075	2.13246	144.532
			*MESH_VERTEX 64	25.9339	2.037	144.085
			*MESH_VERTEX 65	-9.37678	2.34134	115.071
			*MESH_VERTEX 66	-13.3004	15.8386	149.846
			*MESH_VERTEX 67	-28.4336	11.0169	139.131
			*MESH_VERTEX 68	3.77983	0.257658	166.983
			*MESH_VERTEX 69	22.6664	-11.609	87.0939
			*MESH_VERTEX 70	-19.5579	-12.7526	10.3921
			*MESH_VERTEX 71	13.1574	-3.48535	165.616
			*MESH_VERTEX 72	25.2795	-9.75319	160.328
			*MESH_VERTEX 73	18.7197	-13.0708	9.7017
			*MESH_VERTEX 74	20.7046	-5.27957	129.527
			*MESH_VERTEX 75	29.0337	-6.53912	78.2673
			*MESH_VERTEX 76	4.42436	-17.8572	96.6002
			*MESH_VERTEX 77	-20.7046	-5.27981	129.527
			*MESH_VERTEX 78	-22.2708	-3.89075	118.615
			*MESH_VERTEX 79	34.3861	-9.42362	81.0425
			*MESH_VERTEX 80	30.4546	-4.63815	119.143
			*MESH_VERTEX 81	28.5308	-17.4065	80.039
			*MESH_VERTEX 82	13.8424	-22.7125	130.916
			*MESH_VERTEX 83	26.417	1.79276	158.168
			*MESH_VERTEX 84	14.9373	-5.47298	115.799
			*MESH_VERTEX 85	-11.7255	3.01457	85.5152
			*MESH_VERTEX 86	-4.22604	6.10188	89.5011
			*MESH_VERTEX 87	-6.83675	2.3743	59.9933
			*MESH_VERTEX 88	-0.000273127	8.35158	117.074
			*MESH_VERTEX 89	-22.5851	-11.5251	87.9486
			*MESH_VERTEX 90	-24.1416	-8.96359	160.529
			*MESH_VERTEX 91	-14.6584	-15.7168	159.817
			*MESH_VERTEX 92	0.000109517	-22.951	149.103
			*MESH_VERTEX 93	-14.4473	-7.89518	14.7928
			*MESH_VERTEX 94	14.4084	-8.0835	14.842
			*MESH_VERTEX 95	-29.0783	-6.52413	79.1509
			*MESH_VERTEX 96	-34.3857	-9.38564	82.0325
			*MESH_VERTEX 97	-29.4175	-17.7178	82.6207
			*MESH_VERTEX 98	-19.8342	-18.958	156.691
			*MESH_VERTEX 99	-4.74851	-2.97887	12.3153
			*MESH_VERTEX 100	20.8846	-19.6374	156.278
			*MESH_VERTEX 101	32.2012	-10.0299	91.8984
			*MESH_VERTEX 102	22.5626	-4.07597	117.924
			*MESH_VERTEX 103	-24.0538	4.86464	119.769
			*MESH_VERTEX 104	5.45322	2.82825	59.404
			*MESH_VERTEX 105	12.2899	1.68868	86.4491
			*MESH_VERTEX 106	20.017	-7.01822	61.6634
			*MESH_VERTEX 107	8.13482	7.33809	98.5017
			*MESH_VERTEX 108	-25.3666	2.50165	158.031
			*MESH_VERTEX 109	15.9861	-23.3508	5.24105
			*MESH_VERTEX 110	-17.8764	-10.574	134.313
			*MESH_VERTEX 111	29.8257	10.586	139.02
			*MESH_VERTEX 112	13.7829	15.6416	149.932
			*MESH_VERTEX 113	-7.31541	8.41237	98.9388
			*MESH_VERTEX 114	8.80378	3.03712	115.316
			*MESH_VERTEX 115	-15.0151	-6.57938	115.375
			*MESH_VERTEX 116	-15.503	10.3773	17.6817
			*MESH_VERTEX 117	-26.2446	-14.855	80.019
			*MESH_VERTEX 118	-23.8338	-16.0255	84.4269
			*MESH_VERTEX 119	-26.3051	-12.9396	92.9239
			*MESH_VERTEX 120	9.18161	9.64919	16.9185
			*MESH_VERTEX 121	-16.4514	-2.84751	131.66
			*MESH_VERTEX 122	-0.000136833	18.1975	151.946
			*MESH_VERTEX 123	34.412	0.391372	107.288
			*MESH_VERTEX 124	-18.5678	-13.5527	143.309
			*MESH_VERTEX 125	20.4396	4.34522	-1.52896
			*MESH_VERTEX 126	-7.79191	0.662684	13.3081
			*MESH_VERTEX 127	5.34693	-26.6704	136.421
			*MESH_VERTEX 128	-20.6163	4.71112	-1.52388
			*MESH_VERTEX 129	-19.722	1.34274	14.8823
			*MESH_VERTEX 130	7.61219	0.250203	13.3203
			*MESH_VERTEX 131	-2.24631	-19.4277	94.3355
			*MESH_VERTEX 132	-13.8423	-22.7126	130.916
			*MESH_VERTEX 133	28.9859	-5.97594	86.7001
			*MESH_VERTEX 134	-39.0062	-10.2715	135.393
			*MESH_VERTEX 135	39.9984	-10.5547	135.091
			*MESH_VERTEX 136	26.1967	-14.8649	79.1448
			*MESH_VERTEX 137	23.8701	-16.0783	83.551
			*MESH_VERTEX 138	26.348	-13.0557	91.9366
			*MESH_VERTEX 139	23.2372	-14.2748	77.7366
			*MESH_VERTEX 140	-23.3098	-14.2692	78.5871
			*MESH_VERTEX 141	12.7011	-21.5915	124.259
			*MESH_VERTEX 142	19.522	1.27056	14.886
			*MESH_VERTEX 143	-29.9334	-21.061	141.838
			*MESH_VERTEX 144	30.0743	-4.98764	136.682
			*MESH_VERTEX 145	-35.8527	0.125839	146.313
			*MESH_VERTEX 146	30.8445	-21.3106	141.272
			*MESH_VERTEX 147	-12.7007	-21.5918	124.259
			*MESH_VERTEX 148	9.81893	-13.2406	7.81444
			*MESH_VERTEX 149	20.7296	-11.0866	9.16201
			*MESH_VERTEX 150	36.8444	-0.175902	145.793
			*MESH_VERTEX 151	16.7179	-24.6572	1.19161
			*MESH_VERTEX 152	-16.6644	-24.3043	0.859448
			*MESH_VERTEX 153	-15.9917	-23.0327	4.93207
			*MESH_VERTEX 154	-9.87386	-12.9171	7.65618
			*MESH_VERTEX 155	-20.805	-10.8309	8.92947
			*MESH_VERTEX 156	-10.6407	2.93577	-2.80811
			*MESH_VERTEX 157	-13.0733	-23.1709	145.066
			*MESH_VERTEX 158	-5.34669	-26.6705	136.421
			*MESH_VERTEX 159	0.000104762	-24.3892	131.264
			*MESH_VERTEX 160	-0.000141301	17.3333	138.97
			*MESH_VERTEX 161	17.4032	-2.93989	131.116
			*MESH_VERTEX 162	25.887	-8.13098	90.9021
			*MESH_VERTEX 163	22.1416	-1.06902	107.583
			*MESH_VERTEX 164	10.492	2.45972	-2.80087
			*MESH_VERTEX 165	7.56774	-19.9629	56.4866
			*MESH_VERTEX 166	-25.8747	-8.02639	91.8418
			*MESH_VERTEX 167	-21.9336	-0.808892	108.351
			*MESH_VERTEX 168	-28.9167	-5.90152	87.589
			*MESH_VERTEX 169	-31.6803	2.30048	120.487
			*MESH_VERTEX 170	-29.2359	-4.71531	137.059
			*MESH_VERTEX 171	-6.39996	-4.6191	164.847
			*MESH_VERTEX 172	-27.6408	-4.66501	84.5826
			*MESH_VERTEX 173	27.6771	-4.72058	83.7223
			*MESH_VERTEX 174	-24.5656	-12.9292	79.0848
			*MESH_VERTEX 175	24.5017	-12.9299	78.2554
			*MESH_VERTEX 176	6.37758	-5.03396	164.851
			*MESH_VERTEX 177	-24.9914	-16.1967	79.5171
			*MESH_VERTEX 178	24.9323	-16.2097	78.6259
			*MESH_VERTEX 179	-5.11514	-21.1489	88.2869
			*MESH_VERTEX 180	-10.7044	-16.3145	100.949
			*MESH_VERTEX 181	-10.5314	-14.0156	115.752
			*MESH_VERTEX 182	10.7883	-13.1366	116.078
			*MESH_VERTEX 183	12.7695	6.95172	161.91
			*MESH_VERTEX 184	-3.24807	2.73031	85.3999
			*MESH_VERTEX 185	31.2061	-5.98581	90.5088
			*MESH_VERTEX 186	-11.8614	4.63326	104.469
			*MESH_VERTEX 187	-34.2491	0.681848	108.266
			*MESH_VERTEX 188	-31.2021	-5.92358	91.3688
			*MESH_VERTEX 189	-32.1831	-9.96075	92.7889
			*MESH_VERTEX 190	5e-005	8.97056	95.1036
			*MESH_VERTEX 191	12.4769	5.66566	15.1862
			*MESH_VERTEX 192	-12.7697	6.95157	161.91
			*MESH_VERTEX 193	-26.3815	-5.66398	119.149
			*MESH_VERTEX 194	-34.024	-3.72446	109.47
			*MESH_VERTEX 195	-15.4923	13.0437	146.846
			*MESH_VERTEX 196	3.3022	3.03583	86.2114
			*MESH_VERTEX 197	15.8982	12.8503	146.975
			*MESH_VERTEX 198	0.0448783	3.3979	156.163
			*MESH_VERTEX 199	13.8181	-5.77188	137.937
			*MESH_VERTEX 200	17.4131	-5.86613	134.68
			*MESH_VERTEX 201	1.76025	-19.42	94.3502
			*MESH_VERTEX 202	26.6346	-5.91112	118.543
			*MESH_VERTEX 203	10.3016	-17.1587	101.541
			*MESH_VERTEX 204	-12.816	5.90264	15.409
			*MESH_VERTEX 205	-13.7825	7.05187	158.089
			*MESH_VERTEX 206	14.7895	6.69694	158.254
			*MESH_VERTEX 207	0.05223	1.6738	167.421
			*MESH_VERTEX 208	24.8834	-11.324	0.629247
			*MESH_VERTEX 209	-19.9249	-7.94122	87.2855
			*MESH_VERTEX 210	-14.9246	2.00129	91.5574
			*MESH_VERTEX 211	-24.8636	-10.9911	0.331059
			*MESH_VERTEX 212	22.0946	-23.648	133.516
			*MESH_VERTEX 213	-7.28463	-20.4332	56.505
			*MESH_VERTEX 214	-15.5447	-20.7675	56.3434
			*MESH_VERTEX 215	-21.2827	-23.4003	133.653
			*MESH_VERTEX 216	-0.000163384	4.56659	115.153
			*MESH_VERTEX 217	17.9913	-16.026	47.8139
			*MESH_VERTEX 218	15.8578	-19.6387	56.5777
			*MESH_VERTEX 219	23.6904	10.3225	149.819
			*MESH_VERTEX 220	-22.8048	10.7898	149.347
			*MESH_VERTEX 221	18.3919	-7.90184	129.936
			*MESH_VERTEX 222	-15.1225	-6.61254	109.987
			*MESH_VERTEX 223	-9.43818	2.3658	109.979
			*MESH_VERTEX 224	-15.6154	2.06949	60.4953
			*MESH_VERTEX 225	-19.3075	-0.736809	49.9253
			*MESH_VERTEX 226	-9.98372	5.11371	50.1466
			*MESH_VERTEX 227	-9.8808	-15.1406	-0.717942
			*MESH_VERTEX 228	-21.2324	4.68305	143.704
			*MESH_VERTEX 229	-24.0148	6.14025	138.226
			*MESH_VERTEX 230	10.3807	4.36557	116.649
			*MESH_VERTEX 231	15.306	11.316	133.169
			*MESH_VERTEX 232	-16.5609	-5.85128	135.173
			*MESH_VERTEX 233	-14.5135	-10.4622	140.748
			*MESH_VERTEX 234	-21.9007	-13.8737	82.8558
			*MESH_VERTEX 235	21.9138	-13.9143	82.0278
			*MESH_VERTEX 236	18.6914	0.332208	49.8144
			*MESH_VERTEX 237	31.8893	-2.43727	117.474
			*MESH_VERTEX 238	-17.8281	3.26536	134.367
			*MESH_VERTEX 239	0.0033	-9.52958	162.284
			*MESH_VERTEX 240	9.93246	-15.536	-0.556834
			*MESH_VERTEX 241	-7.07485	-16.4093	47.1436
			*MESH_VERTEX 242	19.8423	-8.36116	87.6903
			*MESH_VERTEX 243	-24.4863	-14.5362	89.4987
			*MESH_VERTEX 244	7.49681	-16.0722	47.3861
			*MESH_VERTEX 245	0.000139746	-19.1657	110.079
			*MESH_VERTEX 246	-10.3811	4.36522	116.649
			*MESH_VERTEX 247	-31.5711	-2.04983	118.198
			*MESH_VERTEX 248	-17.9845	-4.71969	100.851
			*MESH_VERTEX 249	-25.7337	-6.76437	143.02
			*MESH_VERTEX 250	-14.8615	11.4877	133.107
			*MESH_VERTEX 251	-20.0943	-8.2207	61.4147
			*MESH_VERTEX 252	-17.5548	-16.9209	47.4232
			*MESH_VERTEX 253	-0.000116487	8.31818	100.249
			*MESH_VERTEX 254	-22.1147	-12.0205	137.419
			*MESH_VERTEX 255	-17.5458	-7.77617	130.382
			*MESH_VERTEX 256	26.4649	-6.86642	142.644
			*MESH_VERTEX 257	11.1497	-17.0783	117.645
			*MESH_VERTEX 258	19.1711	-13.4578	142.749
			*MESH_VERTEX 259	22.8076	-12.1178	137.067
			*MESH_VERTEX 260	18.63	-10.6328	133.899
			*MESH_VERTEX 261	12.2245	3.4665	104.433
			*MESH_VERTEX 262	15.1307	-5.50265	110.316
			*MESH_VERTEX 263	8.92581	3.06139	110.117
			*MESH_VERTEX 264	12.4536	-21.0161	148.334
			*MESH_VERTEX 265	15.3343	-23.0391	147.316
			*MESH_VERTEX 266	-12.5337	-20.9003	147.911
			*MESH_VERTEX 267	-13.2438	-15.0177	158.607
			*MESH_VERTEX 268	-14.4561	-22.6614	147.669
			*MESH_VERTEX 269	6.22847	-4.19374	156.052
			*MESH_VERTEX 270	16.6455	-6.49876	117.495
			*MESH_VERTEX 271	17.3122	-6.30744	123.792
			*MESH_VERTEX 272	24.587	-14.6285	88.6005
			*MESH_VERTEX 273	-5.97435	-4.41672	155.987
			*MESH_VERTEX 274	-22.8697	-0.115507	116.786
			*MESH_VERTEX 275	0.00021764	-21.2148	117.836
			*MESH_VERTEX 276	22.2457	4.66915	143.256
			*MESH_VERTEX 277	30.7293	2.36862	106.617
			*MESH_VERTEX 278	-28.5631	-17.3791	80.9994
			*MESH_VERTEX 279	12.5918	-4.44515	163.81
			*MESH_VERTEX 280	11.2098	-15.2963	159.395
			*MESH_VERTEX 281	30.0683	-12.875	92.5898
			*MESH_VERTEX 282	29.4226	-17.7594	81.6448
			*MESH_VERTEX 283	23.2298	-0.403712	115.979
			*MESH_VERTEX 284	25.3528	3.70981	115.835
			*MESH_VERTEX 285	32.1943	1.27369	116.947
			*MESH_VERTEX 286	24.8225	5.39748	137.547
			*MESH_VERTEX 287	18.8867	3.18805	133.759
			*MESH_VERTEX 288	14.0032	2.08106	92.2432
			*MESH_VERTEX 289	-24.635	2.80204	107.367
			*MESH_VERTEX 290	-25.2969	-8.19365	122.371
			*MESH_VERTEX 291	29.1867	4.69517	119.502
			*MESH_VERTEX 292	-27.1543	2.55574	138.603
			*MESH_VERTEX 293	21.9499	-6.85825	109.23
			*MESH_VERTEX 294	-31.7786	-7.48063	110.564
			*MESH_VERTEX 295	-30.0398	-12.7889	93.5153
			*MESH_VERTEX 296	-26.8665	-8.8422	110.809
			*MESH_VERTEX 297	-21.7491	-6.52972	110.034
			*MESH_VERTEX 298	-2.7945	-5.93238	61.0544
			*MESH_VERTEX 299	-10.2158	-3.73926	163.786
			*MESH_VERTEX 300	-10.7206	6.80587	123.611
			*MESH_VERTEX 301	10.7203	6.80605	123.61
			*MESH_VERTEX 302	-0.000137243	12.4189	123.101
			*MESH_VERTEX 303	26.9306	-9.12169	109.932
			*MESH_VERTEX 304	31.8506	-7.79415	109.668
			*MESH_VERTEX 305	14.49	3.04111	60.3213
			*MESH_VERTEX 306	10.1907	5.6199	49.6715
			*MESH_VERTEX 307	4.74501	-0.0772249	48.7146
			*MESH_VERTEX 308	-17.3123	-6.30787	123.792
			*MESH_VERTEX 309	-16.6456	-6.49932	117.495
			*MESH_VERTEX 310	32.1434	-6.64819	86.2085
			*MESH_VERTEX 311	-32.0771	-6.5815	87.13
			*MESH_VERTEX 312	24.5338	4.70082	118.701
			*MESH_VERTEX 313	5.16632e-005	-13.425	156.128
			*MESH_VERTEX 314	20.2522	-24.4382	137.354
			*MESH_VERTEX 315	-24.9212	4.04175	116.795
			*MESH_VERTEX 316	-0.000143427	4.63553	110.254
			*MESH_VERTEX 317	-19.3896	-24.2326	137.794
			*MESH_VERTEX 318	33.5494	-8.84902	79.7636
			*MESH_VERTEX 319	-33.5692	-8.8188	80.742
			*MESH_VERTEX 320	-28.4304	9.59809	144.654
			*MESH_VERTEX 321	1.1795e-006	-3.97466	158.883
			*MESH_VERTEX 322	-15.3349	1.7713	97.6843
			*MESH_VERTEX 323	15.858	-0.406135	98.4204
			*MESH_VERTEX 324	25.0599	-8.1875	122.172
			*MESH_VERTEX 325	-0.565597	-9.35369	85.3368
			*MESH_VERTEX 326	-6.33892	-20.3237	64.2228
			*MESH_VERTEX 327	28.4153	-5.22227	90.2635
			*MESH_VERTEX 328	10.9436	-13.2717	110.405
			*MESH_VERTEX 329	-28.4154	-5.14246	91.1474
			*MESH_VERTEX 330	2.6513	-5.75658	61.1342
			*MESH_VERTEX 331	29.4236	9.30481	144.319
			*MESH_VERTEX 332	-11.1494	-17.0787	117.645
			*MESH_VERTEX 333	-0.000130916	14.3232	130.117
			*MESH_VERTEX 334	28.1357	2.33714	138.105
			*MESH_VERTEX 335	23.1457	-4.25694	116.52
			*MESH_VERTEX 336	1.05034	-9.28667	85.3407
			*MESH_VERTEX 337	-22.8514	-3.98831	117.198
			*MESH_VERTEX 338	-28.7186	4.92886	120.537
			*MESH_VERTEX 339	-5.09572	-0.295212	48.9948
			*MESH_VERTEX 340	-4.15743	-6.24774	48.2367
			*MESH_VERTEX 341	5.54922	-19.2632	87.6209
			*MESH_VERTEX 342	18.8479	-7.97031	49.0594
			*MESH_VERTEX 343	-30.1305	-4.36695	118.187
			*MESH_VERTEX 344	4.17282	-6.09773	48.139
			*MESH_VERTEX 345	-18.9731	-9.0069	48.9098
			*MESH_VERTEX 346	32.08	2.00351	119.605
			*MESH_VERTEX 347	17.7897	-6.36138	101.086
			*MESH_VERTEX 348	6.44687	-19.9499	63.8301
			*MESH_VERTEX 349	-31.8123	1.68537	117.801
			*MESH_VERTEX 350	30.4118	-4.72697	117.534
			*MESH_VERTEX 351	0.00772647	6.16116	105.149
			*MESH_VERTEX 352	-26.4373	-9.69139	135.292
			*MESH_VERTEX 353	-31.5631	-2.04382	120.159
			*MESH_VERTEX 354	31.8758	-2.35195	119.448
			*MESH_VERTEX 355	-26.5567	-5.73206	117.873
			*MESH_VERTEX 356	-10.5906	-14.1526	110.191
			*MESH_VERTEX 357	26.8195	-6.04065	117.251
			*MESH_VERTEX 358	27.2001	-9.92641	134.957
			*MESH_VERTEX 359	15.8238	-19.7298	64.2895
			*MESH_VERTEX 360	-23.2698	-10.3791	132.045
			*MESH_VERTEX 361	29.661	3.75528	116.422
			*MESH_VERTEX 362	16.5516	-1.99491	92.964
			*MESH_VERTEX 363	0.000190667	-22.5127	124.036
			*MESH_VERTEX 364	-15.4618	-20.6643	64.5278
			*MESH_VERTEX 365	-29.2313	4.14285	117.383
			*MESH_VERTEX 366	-22.0586	-0.0270029	118.834
			*MESH_VERTEX 367	22.4266	-0.203892	117.983
			*MESH_VERTEX 368	-17.274	-2.17832	92.3394
			*MESH_VERTEX 369	24.045	-10.6035	131.694
		}
		*MESH_FACE_LIST {
			*MESH_FACE    0:    A:    346 B:    334 C:    354 AB:    1 BC:    1 CA:    1	 *MESH_SMOOTHING 1 	*MESH_MTLID 0
			*MESH_FACE    1:    A:    31 B:    62 C:    273 AB:    1 BC:    1 CA:    1	 *MESH_SMOOTHING 1 	*MESH_MTLID 0
			*MESH_FACE    2:    A:    269 B:    33 C:    31 AB:    1 BC:    1 CA:    1	 *MESH_SMOOTHING 1 	*MESH_MTLID 0
			*MESH_FACE    3:    A:    30 B:    68 C:    176 AB:    1 BC:    1 CA:    1	 *MESH_SMOOTHING 1 	*MESH_MTLID 0
			*MESH_FACE    4:    A:    144 B:    358 C:    354 AB:    1 BC:    1 CA:    1	 *MESH_SMOOTHING 1 	*MESH_MTLID 0
			*MESH_FACE    5:    A:    7 B:    352 C:    353 AB:    1 BC:    1 CA:    1	 *MESH_SMOOTHING 1 	*MESH_MTLID 0
			*MESH_FACE    6:    A:    7 B:    290 C:    352 AB:    1 BC:    1 CA:    1	 *MESH_SMOOTHING 1 	*MESH_MTLID 0
			*MESH_FACE    7:    A:    312 B:    286 C:    291 AB:    1 BC:    1 CA:    1	 *MESH_SMOOTHING 1 	*MESH_MTLID 0
			*MESH_FACE    8:    A:    312 B:    367 C:    287 AB:    1 BC:    1 CA:    1	 *MESH_SMOOTHING 1 	*MESH_MTLID 0
			*MESH_FACE    9:    A:    369 B:    324 C:    358 AB:    1 BC:    1 CA:    1	 *MESH_SMOOTHING 1 	*MESH_MTLID 0
			*MESH_FACE    10:    A:    170 B:    292 C:    353 AB:    1 BC:    1 CA:    1	 *MESH_SMOOTHING 1 	*MESH_MTLID 0
			*MESH_FACE    11:    A:    61 B:    32 C:    171 AB:    1 BC:    1 CA:    1	 *MESH_SMOOTHING 1 	*MESH_MTLID 0
			*MESH_FACE    12:    A:    68 B:    30 C:    198 AB:    1 BC:    1 CA:    1	 *MESH_SMOOTHING 1 	*MESH_MTLID 0
			*MESH_FACE    13:    A:    31 B:    239 C:    62 AB:    1 BC:    1 CA:    1	 *MESH_SMOOTHING 1 	*MESH_MTLID 0
			*MESH_FACE    14:    A:    229 B:    103 C:    338 AB:    1 BC:    1 CA:    1	 *MESH_SMOOTHING 1 	*MESH_MTLID 0
			*MESH_FACE    15:    A:    286 B:    312 C:    287 AB:    1 BC:    1 CA:    1	 *MESH_SMOOTHING 1 	*MESH_MTLID 0
			*MESH_FACE    16:    A:    207 B:    68 C:    198 AB:    1 BC:    1 CA:    1	 *MESH_SMOOTHING 1 	*MESH_MTLID 0
			*MESH_FACE    17:    A:    75 B:    81 C:    3 AB:    1 BC:    1 CA:    1	 *MESH_SMOOTHING 1 	*MESH_MTLID 0
			*MESH_FACE    18:    A:    69 B:    75 C:    3 AB:    1 BC:    1 CA:    1	 *MESH_SMOOTHING 1 	*MESH_MTLID 0
			*MESH_FACE    19:    A:    121 B:    366 C:    238 AB:    1 BC:    1 CA:    1	 *MESH_SMOOTHING 1 	*MESH_MTLID 0
			*MESH_FACE    20:    A:    255 B:    360 C:    290 AB:    1 BC:    1 CA:    1	 *MESH_SMOOTHING 1 	*MESH_MTLID 0
			*MESH_FACE    21:    A:    81 B:    75 C:    318 AB:    1 BC:    1 CA:    1	 *MESH_SMOOTHING 1 	*MESH_MTLID 0
			*MESH_FACE    22:    A:    80 B:    354 C:    358 AB:    1 BC:    1 CA:    1	 *MESH_SMOOTHING 1 	*MESH_MTLID 0
			*MESH_FACE    23:    A:    81 B:    46 C:    3 AB:    1 BC:    1 CA:    1	 *MESH_SMOOTHING 1 	*MESH_MTLID 0
			*MESH_FACE    24:    A:    138 B:    272 C:    281 AB:    1 BC:    1 CA:    1	 *MESH_SMOOTHING 1 	*MESH_MTLID 0
			*MESH_FACE    25:    A:    278 B:    95 C:    8 AB:    1 BC:    1 CA:    1	 *MESH_SMOOTHING 1 	*MESH_MTLID 0
			*MESH_FACE    26:    A:    95 B:    89 C:    8 AB:    1 BC:    1 CA:    1	 *MESH_SMOOTHING 1 	*MESH_MTLID 0
			*MESH_FACE    27:    A:    95 B:    278 C:    319 AB:    1 BC:    1 CA:    1	 *MESH_SMOOTHING 1 	*MESH_MTLID 0
			*MESH_FACE    28:    A:    243 B:    119 C:    295 AB:    1 BC:    1 CA:    1	 *MESH_SMOOTHING 1 	*MESH_MTLID 0
			*MESH_FACE    29:    A:    29 B:    278 C:    8 AB:    1 BC:    1 CA:    1	 *MESH_SMOOTHING 1 	*MESH_MTLID 0
			*MESH_FACE    30:    A:    79 B:    101 C:    282 AB:    1 BC:    1 CA:    1	 *MESH_SMOOTHING 1 	*MESH_MTLID 0
			*MESH_FACE    31:    A:    101 B:    79 C:    310 AB:    1 BC:    1 CA:    1	 *MESH_SMOOTHING 1 	*MESH_MTLID 0
			*MESH_FACE    32:    A:    221 B:    324 C:    369 AB:    1 BC:    1 CA:    1	 *MESH_SMOOTHING 1 	*MESH_MTLID 0
			*MESH_FACE    33:    A:    161 B:    221 C:    200 AB:    1 BC:    1 CA:    1	 *MESH_SMOOTHING 1 	*MESH_MTLID 0
			*MESH_FACE    34:    A:    103 B:    229 C:    238 AB:    1 BC:    1 CA:    1	 *MESH_SMOOTHING 1 	*MESH_MTLID 0
			*MESH_FACE    35:    A:    103 B:    238 C:    366 AB:    1 BC:    1 CA:    1	 *MESH_SMOOTHING 1 	*MESH_MTLID 0
			*MESH_FACE    36:    A:    110 B:    233 C:    254 AB:    1 BC:    1 CA:    1	 *MESH_SMOOTHING 1 	*MESH_MTLID 0
			*MESH_FACE    37:    A:    43 B:    232 C:    9 AB:    1 BC:    1 CA:    1	 *MESH_SMOOTHING 1 	*MESH_MTLID 0
			*MESH_FACE    38:    A:    234 B:    89 C:    118 AB:    1 BC:    1 CA:    1	 *MESH_SMOOTHING 1 	*MESH_MTLID 0
