*3DSMAX_ASCIIEXPORT	110
*COMMENT "[ GothicSourcer v3.14 ] - June 2007"
*SCENE {
	*SCENE_FILENAME "HUM_SFBL_ARMOR.MAX"
	*SCENE_FIRSTFRAME 0
	*SCENE_LASTFRAME 100
	*SCENE_FRAMESPEED 25
	*SCENE_TICKSPERFRAME 192
	*SCENE_BACKGROUND_STATIC 0	0	0
	*SCENE_AMBIENT_STATIC 0.2	0.2	0.2
}
*MATERIAL_LIST {
	*MATERIAL_COUNT 1
	*MATERIAL 0 {
		*MATERIAL_NAME "Compound Material #1"
		*MATERIAL_CLASS "Multi/Sub-Object"
		*NUMSUBMTLS 2
		*SUBMATERIAL 0 {
			*MATERIAL_NAME "MATERIAL #335"
			*MATERIAL_CLASS "Standard"
			*MATERIAL_AMBIENT 0.12549	0.109804	0.0862745
			*MATERIAL_DIFFUSE 0.12549	0.109804	0.0862745
			*MATERIAL_SPECULAR 0.9	0.9	0.9
			*MATERIAL_SHINE 0.1
			*MATERIAL_SHINESTRENGTH 0
			*MATERIAL_TRANSPARENCY 0
			*MATERIAL_WIRESIZE 1
			*MATERIAL_SHADING Blinn
			*MATERIAL_XP_FALLOFF 0
			*MATERIAL_SELFILLUM 0
			*MATERIAL_FALLOFF In
			*MATERIAL_XP_TYPE Filter
			*MAP_DIFFUSE {
				*MAP_NAME "Map #1-1"
				*MAP_CLASS "Bitmap"
				*MAP_SUBNO 1
				*MAP_AMOUNT 1
				*BITMAP "HUM_SFBL_ARMOR_V0.TGA"
				*MAP_TYPE Screen
				*UVW_U_OFFSET 0
				*UVW_V_OFFSET 0
				*UVW_U_TILING 1
				*UVW_V_TILING 1
				*UVW_ANGLE 0
				*UVW_BLUR 1
				*UVW_BLUR_OFFSET 0
				*UVW_NOUSE_AMT 1
				*UVW_NOISE_SIZE 1
				*UVW_NOISE_LEVEL 1
				*UVW_NOISE_PHASE 0
				*BITMAP_FILTER Pyramidal
			}
		}
		*SUBMATERIAL 1 {
			*MATERIAL_NAME "MATERIAL #345"
			*MATERIAL_CLASS "Standard"
			*MATERIAL_AMBIENT 0.509804	0.407843	0.305882
			*MATERIAL_DIFFUSE 0.509804	0.407843	0.305882
			*MATERIAL_SPECULAR 0.9	0.9	0.9
			*MATERIAL_SHINE 0.1
			*MATERIAL_SHINESTRENGTH 0
			*MATERIAL_TRANSPARENCY 0
			*MATERIAL_WIRESIZE 1
			*MATERIAL_SHADING Blinn
			*MATERIAL_XP_FALLOFF 0
			*MATERIAL_SELFILLUM 0
			*MATERIAL_FALLOFF In
			*MATERIAL_XP_TYPE Filter
			*MAP_DIFFUSE {
				*MAP_NAME "Map #1-2"
				*MAP_CLASS "Bitmap"
				*MAP_SUBNO 1
				*MAP_AMOUNT 1
				*BITMAP "HUM_BODY_NAKED_V0_C0.TGA"
				*MAP_TYPE Screen
				*UVW_U_OFFSET 0
				*UVW_V_OFFSET 0
				*UVW_U_TILING 1
				*UVW_V_TILING 1
				*UVW_ANGLE 0
				*UVW_BLUR 1
				*UVW_BLUR_OFFSET 0
				*UVW_NOUSE_AMT 1
				*UVW_NOISE_SIZE 1
				*UVW_NOISE_LEVEL 1
				*UVW_NOISE_PHASE 0
				*BITMAP_FILTER Pyramidal
			}
		}
	}
}
*HELPEROBJECT {
	*NODE_NAME "Bip01"
	*NODE_TM {
		*NODE_NAME "Bip01"
		*TM_ROW0 6.27438e-006	-1	0
		*TM_ROW1 1	6.27438e-006	0
		*TM_ROW2 -0	-0	1
		*TM_ROW3 0	-7.37745	99.9496
		*TM_POS 0	-7.37745	99.9496
		*TM_ROTAXIS 0	0	1
		*TM_ROTANGLE 1.57079
		*TM_SCALE 1	1	1
		*TM_SCALEAXIS 0	0	0
		*TM_SCALEAXISANG 0	0	0
	}
}
*HELPEROBJECT {
	*NODE_NAME "Bip01 Pelvis"
	*NODE_PARENT "Bip01"
	*NODE_TM {
		*NODE_NAME "Bip01 Pelvis"
		*TM_ROW0 -5.96046e-008	1.79264e-006	1
		*TM_ROW1 -1.79264e-006	-1	1.79264e-006
		*TM_ROW2 1	-1.79264e-006	-5.96046e-008
		*TM_ROW3 1e-005	-8.0113	99.9496
		*TM_POS 1e-005	-8.0113	99.9496
		*TM_ROTAXIS 0.707107	0	0.707107
		*TM_ROTANGLE 3.1416
		*TM_SCALE 1	1	1
		*TM_SCALEAXIS 0	0	0
		*TM_SCALEAXISANG 0	0	0
	}
}
*HELPEROBJECT {
	*NODE_NAME "Bip01 Spine"
	*NODE_PARENT "Bip01 Pelvis"
	*NODE_TM {
		*NODE_NAME "Bip01 Spine"
		*TM_ROW0 5.96047e-008	-0.0205947	0.999788
		*TM_ROW1 5.48642e-006	-0.999788	-0.0205947
		*TM_ROW2 1	5.48642e-006	5.96047e-008
		*TM_ROW3 1e-005	-7.92216	102.35
		*TM_POS 1e-005	-7.92216	102.35
		*TM_ROTAXIS 0.707088	-0.00727998	0.707088
		*TM_ROTANGLE 3.12703
		*TM_SCALE 1	1	1
		*TM_SCALEAXIS 0	0	0
		*TM_SCALEAXISANG 0	0	0
	}
}
*HELPEROBJECT {
	*NODE_NAME "Bip01 Spine1"
	*NODE_PARENT "Bip01 Spine"
	*NODE_TM {
		*NODE_NAME "Bip01 Spine1"
		*TM_ROW0 5.96047e-008	-0.00276992	0.999996
		*TM_ROW1 -1.92621e-006	-0.999996	-0.00276991
		*TM_ROW2 1	-1.92621e-006	5.96047e-008
		*TM_ROW3 1e-005	-8.11442	112.175
		*TM_POS 1e-005	-8.11442	112.175
		*TM_ROTAXIS 0.707106	-0.000979995	0.707107
		*TM_ROTANGLE 3.13964
		*TM_SCALE 1	1	1
		*TM_SCALEAXIS 0	0	0
		*TM_SCALEAXISANG 0	0	0
	}
}
*HELPEROBJECT {
	*NODE_NAME "Bip01 Spine2"
	*NODE_PARENT "Bip01 Spine1"
	*NODE_TM {
		*NODE_NAME "Bip01 Spine2"
		*TM_ROW0 5.96048e-008	0.180243	0.983622
		*TM_ROW1 1.67638e-006	-0.983622	0.180243
		*TM_ROW2 1	1.67638e-006	5.96047e-008
		*TM_ROW3 1e-005	-8.1264	124.961
		*TM_POS 1e-005	-8.1264	124.961
		*TM_ROTAXIS 0.705652	0.0641202	0.705652
		*TM_ROTANGLE 3.26966
		*TM_SCALE 1	1	1
		*TM_SCALEAXIS 0	0	0
		*TM_SCALEAXISANG 0	0	0
	}
}
*HELPEROBJECT {
	*NODE_NAME "Bip01 Neck"
	*NODE_PARENT "Bip01 Spine2"
	*NODE_TM {
		*NODE_NAME "Bip01 Neck"
		*TM_ROW0 5.96046e-007	-0.167043	0.98595
		*TM_ROW1 4.70132e-006	-0.98595	-0.167043
		*TM_ROW2 1	4.70132e-006	5.96047e-007
		*TM_ROW3 1.03264e-011	-2.71656	154.454
		*TM_POS 1.03264e-011	-2.71656	154.454
		*TM_ROTAXIS -0.70586	0.05937	-0.705859
		*TM_ROTANGLE 3.2602
		*TM_SCALE 1	1	1
		*TM_SCALEAXIS 0	0	0
		*TM_SCALEAXISANG 0	0	0
	}
}
*HELPEROBJECT {
	*NODE_NAME "Bip01 Head"
	*NODE_PARENT "Bip01 Neck"
	*NODE_TM {
		*NODE_NAME "Bip01 Head"
		*TM_ROW0 -5.96047e-008	1.76447e-006	1
		*TM_ROW1 -1.79264e-006	-1	1.80855e-006
		*TM_ROW2 1	-1.79264e-006	-5.96046e-008
		*TM_ROW3 2.27758e-011	-3.85901	161.198
		*TM_POS 2.27758e-011	-3.85901	161.198
		*TM_ROTAXIS -0.707107	-5.62215e-009	-0.707107
		*TM_ROTANGLE 3.14159
		*TM_SCALE 1	1	1
		*TM_SCALEAXIS 0	0	0
		*TM_SCALEAXISANG 0	0	0
	}
}
*HELPEROBJECT {
	*NODE_NAME "ZS_HELMET"
	*NODE_PARENT "Bip01 Head"
	*NODE_TM {
		*NODE_NAME "ZS_HELMET"
		*TM_ROW0 1	7.87298e-013	7.61567e-014
		*TM_ROW1 -1.53811e-013	0.996917	-0.0784593
		*TM_ROW2 -5.53111e-014	0.0784593	0.996918
		*TM_ROW3 1e-005	-7.06248	173.704
		*TM_POS 1e-005	-7.06248	173.704
		*TM_ROTAXIS 1	8.37809e-013	-5.99744e-012
		*TM_ROTANGLE 0.078541
		*TM_SCALE 1	1	1
		*TM_SCALEAXIS 0	0	0
		*TM_SCALEAXISANG 0	0	0
	}
}
*HELPEROBJECT {
	*NODE_NAME "Bip01 L Clavicle"
	*NODE_PARENT "Bip01 Neck"
	*NODE_TM {
		*NODE_NAME "Bip01 L Clavicle"
		*TM_ROW0 0.935229	-0.203893	-0.289439
		*TM_ROW1 0.156435	0.971369	-0.178803
		*TM_ROW2 0.317608	0.121943	0.940348
		*TM_ROW3 7.96399	-1.25804	148.729
		*TM_POS 7.96399	-1.25804	148.729
		*TM_ROTAXIS 0.391939	-0.791119	0.469589
		*TM_ROTANGLE 0.39376
		*TM_SCALE 1	1	1
		*TM_SCALEAXIS 0	0	0
		*TM_SCALEAXISANG 0	0	0
	}
}
*HELPEROBJECT {
	*NODE_NAME "Bip01 L UpperArm"
	*NODE_PARENT "Bip01 L Clavicle"
	*NODE_TM {
		*NODE_NAME "Bip01 L UpperArm"
		*TM_ROW0 0.246229	0.0989027	-0.964152
		*TM_ROW1 0.412789	0.889345	0.196649
		*TM_ROW2 0.876913	-0.446412	0.178157
		*TM_ROW3 20.4269	-3.97508	144.872
		*TM_POS 20.4269	-3.97508	144.872
		*TM_ROTAXIS -0.325561	-0.932072	0.15891
		*TM_ROTANGLE 1.41328
		*TM_SCALE 1	1	1
		*TM_SCALEAXIS 0	0	0
		*TM_SCALEAXISANG 0	0	0
	}
}
*HELPEROBJECT {
	*NODE_NAME "Bip01 L Forearm"
	*NODE_PARENT "Bip01 L UpperArm"
	*NODE_TM {
		*NODE_NAME "Bip01 L Forearm"
		*TM_ROW0 0.0455122	-0.291882	-0.955371
		*TM_ROW1 0.478489	0.845886	-0.235638
		*TM_ROW2 0.876913	-0.44641	0.17816
		*TM_ROW3 27.2982	-1.21526	117.966
		*TM_POS 27.2982	-1.21526	117.966
		*TM_ROTAXIS -0.10545	-0.916697	0.385419
		*TM_ROTANGLE 1.53601
		*TM_SCALE 1	1	1
		*TM_SCALEAXIS 0	0	0
		*TM_SCALEAXISANG 0	0	0
	}
}
*HELPEROBJECT {
	*NODE_NAME "Bip01 L Hand"
	*NODE_PARENT "Bip01 L Forearm"
	*NODE_TM {
		*NODE_NAME "Bip01 L Hand"
		*TM_ROW0 0.0455132	-0.291886	-0.95537
		*TM_ROW1 -0.876533	0.44708	-0.17835
		*TM_ROW2 0.479185	0.845531	-0.2355
		*TM_ROW3 28.5642	-9.33438	91.391
		*TM_POS 28.5642	-9.33438	91.391
		*TM_ROTAXIS 0.551391	-0.772552	-0.314851
		*TM_ROTANGLE 1.95137
		*TM_SCALE 1	1	1
		*TM_SCALEAXIS 0	0	0
		*TM_SCALEAXISANG 0	0	0
	}
}
*HELPEROBJECT {
	*NODE_NAME "Bip01 L Finger0"
	*NODE_PARENT "Bip01 L Hand"
	*NODE_TM {
		*NODE_NAME "Bip01 L Finger0"
		*TM_ROW0 0.0455153	-0.291888	-0.955369
		*TM_ROW1 -0.876915	0.446405	-0.178165
		*TM_ROW2 0.478485	0.845886	-0.235643
		*TM_ROW3 29.15	-13.0909	79.0956
		*TM_POS 29.15	-13.0909	79.0956
		*TM_ROTAXIS 0.551581	-0.772311	-0.31511
		*TM_ROTANGLE 1.95181
		*TM_SCALE 1	1	1
		*TM_SCALEAXIS 0	0	0
		*TM_SCALEAXISANG 0	0	0
	}
}
*HELPEROBJECT {
	*NODE_NAME "ZS_LEFTHAND"
	*NODE_PARENT "Bip01 L Hand"
	*NODE_TM {
		*NODE_NAME "ZS_LEFTHAND"
		*TM_ROW0 0.435606	0.890062	-0.134303
		*TM_ROW1 0.180312	-0.232461	-0.955745
		*TM_ROW2 -0.881893	0.392112	-0.261751
		*TM_ROW3 26.7605	-11.5467	82.7857
		*TM_POS 26.7605	-11.5467	82.7857
		*TM_ROTAXIS 0.794322	0.440571	-0.418271
		*TM_ROTANGLE 2.12858
		*TM_SCALE 1	1	1
		*TM_SCALEAXIS 0	0	0
		*TM_SCALEAXISANG 0	0	0
	}
}
*HELPEROBJECT {
	*NODE_NAME "ZS_LEFTARM"
	*NODE_PARENT "Bip01 L Forearm"
	*NODE_TM {
		*NODE_NAME "ZS_LEFTARM"
		*TM_ROW0 0.0759923	-0.150176	-0.985735
		*TM_ROW1 0.524499	0.846792	-0.0885737
		*TM_ROW2 0.848013	-0.510286	0.143117
		*TM_ROW3 26.9101	-7.67833	110.055
		*TM_POS 26.9101	-7.67833	110.055
		*TM_ROTAXIS -0.21097	-0.917372	0.337521
		*TM_ROTANGLE 1.53784
		*TM_SCALE 1	1	1
		*TM_SCALEAXIS 0	0	0
		*TM_SCALEAXISANG 0	0	0
	}
}
*HELPEROBJECT {
	*NODE_NAME "Bip01 R Clavicle"
	*NODE_PARENT "Bip01 Neck"
	*NODE_TM {
		*NODE_NAME "Bip01 R Clavicle"
		*TM_ROW0 -0.935227	-0.203899	-0.28944
		*TM_ROW1 -0.156442	0.971369	-0.178799
		*TM_ROW2 0.317609	-0.121937	-0.940349
		*TM_ROW3 -7.96398	-1.25806	148.729
		*TM_POS -7.96398	-1.25806	148.729
		*TM_ROTAXIS -0.0929799	0.992639	-0.0776
		*TM_ROTANGLE 3.45235
		*TM_SCALE 1	1	1
		*TM_SCALEAXIS 0	0	0
		*TM_SCALEAXISANG 0	0	0
	}
}
*HELPEROBJECT {
	*NODE_NAME "Bip01 R UpperArm"
	*NODE_PARENT "Bip01 R Clavicle"
	*NODE_TM {
		*NODE_NAME "Bip01 R UpperArm"
		*TM_ROW0 -0.246232	0.0988932	-0.964153
		*TM_ROW1 -0.412793	0.889345	0.196642
		*TM_ROW2 0.876911	0.446415	-0.178163
		*TM_ROW3 -20.4269	-3.97513	144.872
		*TM_POS -20.4269	-3.97513	144.872
		*TM_ROTAXIS 0.12961	-0.955353	-0.265521
		*TM_ROTANGLE 1.84162
		*TM_SCALE 1	1	1
		*TM_SCALEAXIS 0	0	0
		*TM_SCALEAXISANG 0	0	0
	}
}
*HELPEROBJECT {
	*NODE_NAME "Bip01 R Forearm"
	*NODE_PARENT "Bip01 R UpperArm"
	*NODE_TM {
		*NODE_NAME "Bip01 R Forearm"
		*TM_ROW0 -0.0455087	-0.291889	-0.955369
		*TM_ROW1 -0.478487	0.845885	-0.235646
		*TM_ROW2 0.876914	0.446408	-0.17816
		*TM_ROW3 -27.2982	-1.21534	117.966
		*TM_POS -27.2982	-1.21534	117.966
		*TM_ROTAXIS 0.347279	-0.932937	-0.0950097
		*TM_ROTANGLE 1.76083
		*TM_SCALE 1	1	1
		*TM_SCALEAXIS 0	0	0
		*TM_SCALEAXISANG 0	0	0
	}
}
*HELPEROBJECT {
	*NODE_NAME "Bip01 R Hand"
	*NODE_PARENT "Bip01 R Forearm"
	*NODE_TM {
		*NODE_NAME "Bip01 R Hand"
		*TM_ROW0 -0.0455115	-0.291885	-0.95537
		*TM_ROW1 0.87653	0.447088	-0.17835
		*TM_ROW2 0.479192	-0.845527	0.235499
		*TM_ROW3 -28.5642	-9.33445	91.391
		*TM_POS -28.5642	-9.33445	91.391
		*TM_ROTAXIS -0.33922	-0.72939	0.59407
		*TM_ROTANGLE 1.75327
		*TM_SCALE 1	1	1
		*TM_SCALEAXIS 0	0	0
		*TM_SCALEAXISANG 0	0	0
	}
}
*HELPEROBJECT {
	*NODE_NAME "Bip01 R Finger0"
	*NODE_PARENT "Bip01 R Hand"
	*NODE_TM {
		*NODE_NAME "Bip01 R Finger0"
		*TM_ROW0 -0.0455056	-0.291877	-0.955373
		*TM_ROW1 0.876914	0.446413	-0.178152
		*TM_ROW2 0.478489	-0.845886	0.235636
		*TM_ROW3 -29.1499	-13.0909	79.0956
		*TM_POS -29.1499	-13.0909	79.0956
		*TM_ROTAXIS -0.33952	-0.729071	0.594291
		*TM_ROTANGLE 1.75354
		*TM_SCALE 1	1	1
		*TM_SCALEAXIS 0	0	0
		*TM_SCALEAXISANG 0	0	0
	}
}
*HELPEROBJECT {
	*NODE_NAME "ZS_RIGHTHAND"
	*NODE_PARENT "Bip01 R Hand"
	*NODE_TM {
		*NODE_NAME "ZS_RIGHTHAND"
		*TM_ROW0 -0.464344	0.856417	-0.225687
		*TM_ROW1 0.177861	0.339806	0.923525
		*TM_ROW2 0.867612	0.388692	-0.31011
		*TM_ROW3 -20.9389	-19.9852	85.8932
		*TM_POS -20.9389	-19.9852	85.8932
		*TM_ROTAXIS 0.383811	0.784581	0.486951
		*TM_ROTANGLE 3.91244
		*TM_SCALE 1	1	1
		*TM_SCALEAXIS 0	0	0
		*TM_SCALEAXISANG 0	0	0
	}
}
*HELPEROBJECT {
	*NODE_NAME "ZS_CROSSBOW"
	*NODE_PARENT "Bip01 Spine2"
	*NODE_TM {
		*NODE_NAME "ZS_CROSSBOW"
		*TM_ROW0 -0.382687	-0.111464	0.91713
		*TM_ROW1 -0.923878	0.0461715	-0.379891
		*TM_ROW2 -1.2517e-006	-0.992695	-0.120648
		*TM_ROW3 -14.434	10.5915	165.98
		*TM_POS -14.434	10.5915	165.98
		*TM_ROTAXIS -0.447329	0.669479	-0.593039
		*TM_ROTANGLE 2.38705
		*TM_SCALE 1	1	1
		*TM_SCALEAXIS 0	0	0
		*TM_SCALEAXISANG 0	0	0
	}
}
*HELPEROBJECT {
	*NODE_NAME "ZS_LONGSWORD"
	*NODE_PARENT "Bip01 Spine2"
	*NODE_TM {
		*NODE_NAME "ZS_LONGSWORD"
		*TM_ROW0 -0.499829	-0.0915011	0.861277
		*TM_ROW1 -0.865729	0.0828188	-0.493614
		*TM_ROW2 -0.0261636	-0.992355	-0.12061
		*TM_ROW3 -18.1593	6.92629	157.64
		*TM_POS -18.1593	6.92629	157.64
		*TM_ROTAXIS -0.38996	0.69388	-0.60536
		*TM_ROTANGLE 2.44778
		*TM_SCALE 1	1	1
		*TM_SCALEAXIS 0	0	0
		*TM_SCALEAXISANG 0	0	0
	}
}
*HELPEROBJECT {
	*NODE_NAME "ZS_SHIELD"
	*NODE_PARENT "Bip01 Spine2"
	*NODE_TM {
		*NODE_NAME "ZS_SHIELD"
		*TM_ROW0 -0.0138681	0.114196	-0.993362
		*TM_ROW1 -0.908393	0.413755	0.0602465
		*TM_ROW2 0.417888	0.903198	0.0979964
		*TM_ROW3 8.76511	9.5282	131.875
		*TM_POS 8.76511	9.5282	131.875
		*TM_ROTAXIS 0.435421	-0.728972	-0.528212
		*TM_ROTANGLE 1.82457
		*TM_SCALE 1	1	1
		*TM_SCALEAXIS 0	0	0
		*TM_SCALEAXISANG 0	0	0
	}
}
*HELPEROBJECT {
	*NODE_NAME "ZS_BOW"
	*NODE_PARENT "Bip01 Spine2"
	*NODE_TM {
		*NODE_NAME "ZS_BOW"
		*TM_ROW0 -0.341816	-0.0868229	0.935748
		*TM_ROW1 0.0119438	0.995242	0.0967059
		*TM_ROW2 -0.939691	0.044232	-0.339153
		*TM_ROW3 0.5012	12.4143	124.55
		*TM_POS 0.5012	12.4143	124.55
		*TM_ROTAXIS -0.0279299	0.998227	0.0525698
		*TM_ROTANGLE 1.92076
		*TM_SCALE 1	1	1
		*TM_SCALEAXIS 0	0	0
		*TM_SCALEAXISANG 0	0	0
	}
}
*HELPEROBJECT {
	*NODE_NAME "ZS_SWORD"
	*NODE_PARENT "Bip01 Spine"
	*NODE_TM {
		*NODE_NAME "ZS_SWORD"
		*TM_ROW0 5.79282e-007	-0.347172	0.937802
		*TM_ROW1 1.04309e-007	0.937802	0.347172
		*TM_ROW2 -1	-1.04308e-007	5.79283e-007
		*TM_ROW3 17.5015	-4.36211	106.367
		*TM_POS 17.5015	-4.36211	106.367
		*TM_ROTAXIS -0.17367	0.96937	0.17367
		*TM_ROTANGLE 1.6019
		*TM_SCALE 1	1	1
		*TM_SCALEAXIS 0	0	0
		*TM_SCALEAXISANG 0	0	0
	}
}
*HELPEROBJECT {
	*NODE_NAME "Bip01 L Thigh"
	*NODE_PARENT "Bip01 Pelvis"
	*NODE_TM {
		*NODE_NAME "Bip01 L Thigh"
		*TM_ROW0 0.0534878	-0.0367886	-0.997891
		*TM_ROW1 -0.00216181	-0.999323	0.0367256
		*TM_ROW2 -0.998566	0.000192882	-0.0535313
		*TM_ROW3 9.01023	-8.01129	99.9496
		*TM_POS 9.01023	-8.01129	99.9496
		*TM_ROTAXIS 0.72572	-0.01342	-0.68786
		*TM_ROTANGLE 3.16677
		*TM_SCALE 1	1	1
		*TM_SCALEAXIS 0	0	0
		*TM_SCALEAXISANG 0	0	0
	}
}
*HELPEROBJECT {
	*NODE_NAME "Bip01 L Calf"
	*NODE_PARENT "Bip01 L Thigh"
	*NODE_TM {
		*NODE_NAME "Bip01 L Calf"
		*TM_ROW0 0.0525131	0.197552	-0.978885
		*TM_ROW1 0.0103904	-0.980292	-0.197278
		*TM_ROW2 -0.998566	0.000188708	-0.0535307
		*TM_ROW3 11.1149	-9.45845	60.6877
		*TM_POS 11.1149	-9.45845	60.6877
		*TM_ROTAXIS 0.723901	0.0721501	-0.686121
		*TM_ROTANGLE 3.00478
		*TM_SCALE 1	1	1
		*TM_SCALEAXIS 0	0	0
		*TM_SCALEAXISANG 0	0	0
	}
}
*HELPEROBJECT {
	*NODE_NAME "Bip01 L Foot"
	*NODE_PARENT "Bip01 L Calf"
	*NODE_TM {
		*NODE_NAME "Bip01 L Foot"
		*TM_ROW0 -5.93318e-007	7.27489e-006	-1
		*TM_ROW1 0.173652	-0.984807	-7.26412e-006
		*TM_ROW2 -0.984807	-0.173652	-5.97767e-007
		*TM_ROW3 13.6935	0.240668	12.6267
		*TM_POS 13.6935	0.240668	12.6267
		*TM_ROTAXIS 0.705757	0.0617498	-0.705757
		*TM_ROTANGLE 3.26493
		*TM_SCALE 1	1	1
		*TM_SCALEAXIS 0	0	0
		*TM_SCALEAXISANG 0	0	0
	}
}
*HELPEROBJECT {
	*NODE_NAME "Bip01 L Toe0"
	*NODE_PARENT "Bip01 L Foot"
	*NODE_TM {
		*NODE_NAME "Bip01 L Toe0"
		*TM_ROW0 0.173646	-0.984808	5.05914e-006
		*TM_ROW1 5.06367e-006	5.91264e-006	1
		*TM_ROW2 -0.984808	-0.173646	5.92894e-006
		*TM_ROW3 17.6256	-22.0591	5.26591e-006
		*TM_POS 17.6256	-22.0591	5.26591e-006
		*TM_ROTAXIS -0.644398	0.540718	0.540718
		*TM_ROTANGLE 1.99673
		*TM_SCALE 1	1	1
		*TM_SCALEAXIS 0	0	0
		*TM_SCALEAXISANG 0	0	0
	}
}
*HELPEROBJECT {
	*NODE_NAME "Bip01 R Thigh"
	*NODE_PARENT "Bip01 Pelvis"
	*NODE_TM {
		*NODE_NAME "Bip01 R Thigh"
		*TM_ROW0 -0.0535034	-0.0367749	-0.99789
		*TM_ROW1 0.00205776	-0.999324	0.0367174
		*TM_ROW2 -0.998566	-8.89041e-005	0.0535432
		*TM_ROW3 -9.01021	-8.01132	99.9496
		*TM_POS -9.01021	-8.01132	99.9496
		*TM_ROTAXIS 0.687862	-0.01262	-0.725732
		*TM_ROTANGLE 3.16835
		*TM_SCALE 1	1	1
		*TM_SCALEAXIS 0	0	0
		*TM_SCALEAXISANG 0	0	0
	}
}
*HELPEROBJECT {
	*NODE_NAME "Bip01 R Calf"
	*NODE_PARENT "Bip01 R Thigh"
	*NODE_TM {
		*NODE_NAME "Bip01 R Calf"
		*TM_ROW0 -0.0525025	0.197539	-0.978888
		*TM_ROW1 -0.0104967	-0.980295	-0.19726
		*TM_ROW2 -0.998566	-8.16064e-005	0.0535415
		*TM_ROW3 -11.1154	-9.45856	60.6878
		*TM_POS -11.1154	-9.45856	60.6878
		*TM_ROTAXIS 0.686298	0.0684898	-0.724088
		*TM_ROTANGLE 2.99744
		*TM_SCALE 1	1	1
		*TM_SCALEAXIS 0	0	0
		*TM_SCALEAXISANG 0	0	0
	}
}
*HELPEROBJECT {
	*NODE_NAME "Bip01 R Foot"
	*NODE_PARENT "Bip01 R Calf"
	*NODE_TM {
		*NODE_NAME "Bip01 R Foot"
		*TM_ROW0 -5.86373e-007	-7.29557e-006	-1
		*TM_ROW1 -0.173652	-0.984807	7.26572e-006
		*TM_ROW2 -0.984807	0.173652	-5.93781e-007
		*TM_ROW3 -13.6935	0.24065	12.6267
		*TM_POS -13.6935	0.24065	12.6267
		*TM_ROTAXIS 0.705757	-0.0617498	-0.705757
		*TM_ROTANGLE 3.01826
		*TM_SCALE 1	1	1
		*TM_SCALEAXIS 0	0	0
		*TM_SCALEAXISANG 0	0	0
	}
}
*HELPEROBJECT {
	*NODE_NAME "Bip01 R Toe0"
	*NODE_PARENT "Bip01 R Foot"
	*NODE_TM {
		*NODE_NAME "Bip01 R Toe0"
		*TM_ROW0 -0.173651	-0.984807	3.52553e-006
		*TM_ROW1 3.507e-006	3.07854e-006	1
		*TM_ROW2 -0.984807	0.173651	3.0421e-006
		*TM_ROW3 -17.6255	-22.0592	2.91014e-005
		*TM_POS -17.6255	-22.0592	2.91014e-005
		*TM_ROTAXIS -0.510271	0.608121	0.608121
		*TM_ROTANGLE 2.19793
		*TM_SCALE 1	1	1
		*TM_SCALEAXIS 0	0	0
		*TM_SCALEAXISANG 0	0	0
	}
}
*HELPEROBJECT {
	*NODE_NAME "Dummy"
	*NODE_PARENT "Bip01 L Finger0"
	*NODE_TM {
		*NODE_NAME "Dummy"
		*TM_ROW0 -1	-0	0
		*TM_ROW1 -0	-1	0
		*TM_ROW2 -0	-0	1
		*TM_ROW3 29.4428	-14.9691	72.9478
		*TM_POS 29.4428	-14.9691	72.9478
		*TM_ROTAXIS 0	0	-1
		*TM_ROTANGLE 3.14159
		*TM_SCALE 1	1	1
		*TM_SCALEAXIS 0	0	0
		*TM_SCALEAXISANG 0	0	0
	}
}
*HELPEROBJECT {
	*NODE_NAME "Dummy1"
	*NODE_PARENT "Bip01 R Finger0"
	*NODE_TM {
		*NODE_NAME "Dummy1"
		*TM_ROW0 -1	-0	0
		*TM_ROW1 -0	-1	0
		*TM_ROW2 -0	-0	1
		*TM_ROW3 -29.4428	-14.9692	72.9478
		*TM_POS -29.4428	-14.9692	72.9478
		*TM_ROTAXIS 0	0	-1
		*TM_ROTANGLE 3.14159
		*TM_SCALE 1	1	1
		*TM_SCALEAXIS 0	0	0
		*TM_SCALEAXISANG 0	0	0
	}
}
*HELPEROBJECT {
	*NODE_NAME "Dummy2"
	*NODE_PARENT "Bip01 L Toe0"
	*NODE_TM {
		*NODE_NAME "Dummy2"
		*TM_ROW0 -1	-0	0
		*TM_ROW1 -0	-1	0
		*TM_ROW2 -0	-0	1
		*TM_ROW3 19.5916	-33.209	-6.31335
		*TM_POS 19.5916	-33.209	-6.31335
		*TM_ROTAXIS 0	0	-1
		*TM_ROTANGLE 3.14159
		*TM_SCALE 1	1	1
		*TM_SCALEAXIS 0	0	0
		*TM_SCALEAXISANG 0	0	0
	}
}
*HELPEROBJECT {
	*NODE_NAME "Dummy3"
	*NODE_PARENT "Bip01 R Toe0"
	*NODE_TM {
		*NODE_NAME "Dummy3"
		*TM_ROW0 -1	-0	0
		*TM_ROW1 -0	-1	0
		*TM_ROW2 -0	-0	1
		*TM_ROW3 -19.5915	-33.2091	-6.31333
		*TM_POS -19.5915	-33.2091	-6.31333
		*TM_ROTAXIS 0	0	-1
		*TM_ROTANGLE 3.14159
		*TM_SCALE 1	1	1
		*TM_SCALEAXIS 0	0	0
		*TM_SCALEAXISANG 0	0	0
	}
}
*GEOMOBJECT {
	*NODE_NAME "zm_Skin"
	*NODE_PARENT "Bip01"
	*NODE_TM {
		*NODE_NAME "zm_Skin"
		*TM_ROW0 -1	-0	0
		*TM_ROW1 -0	-1	0
		*TM_ROW2 -0	-0	1
		*TM_ROW3 -0	-0	0
		*TM_POS -0	-0	0
		*TM_ROTAXIS 0	0	-1
		*TM_ROTANGLE 3.14159
		*TM_SCALE 1	1	1
		*TM_SCALEAXIS 0	0	0
		*TM_SCALEAXISANG 0	0	0
	}
	*MATERIAL_REF 0
	*MESH_SOFTSKIN {
		*TIMEVALUE 0
		*MESH_NUMVERTEX 338
		*MESH_NUMFACES 652
		*MESH_VERTEX_LIST {
			*MESH_VERTEX 0	4.41894	4.294	87.5531
			*MESH_VERTEX 1	-10.4752	8.25972	-0.0388787
			*MESH_VERTEX 2	-21.8752	-23.2881	-0.751323
			*MESH_VERTEX 3	-15.2161	-10.6131	149.166
			*MESH_VERTEX 4	-30.5351	2.51413	107.642
			*MESH_VERTEX 5	-28.5635	-17.3702	81.0225
			*MESH_VERTEX 6	20.1698	-7.71369	18.1668
			*MESH_VERTEX 7	15.0591	-7.61352	115.662
			*MESH_VERTEX 8	13.6916	-6.87159	115.33
			*MESH_VERTEX 9	24.2965	-12.1791	142.315
			*MESH_VERTEX 10	-10.6767	-17.9174	115.369
			*MESH_VERTEX 11	11.5164	9.14283	-0.243962
			*MESH_VERTEX 12	-9.62541	-16.7985	115.094
			*MESH_VERTEX 13	22.9028	-22.4177	-0.522581
			*MESH_VERTEX 14	-24.062	6.54986	138.43
			*MESH_VERTEX 15	3.76194	0.319549	166.981
			*MESH_VERTEX 16	-29.0939	-6.52734	79.1068
			*MESH_VERTEX 17	29.0399	-6.54324	78.2448
			*MESH_VERTEX 18	23.6193	-13.999	78.1545
			*MESH_VERTEX 19	17.1697	-0.13598	137.291
			*MESH_VERTEX 20	17.1846	-11.1529	139.678
			*MESH_VERTEX 21	-8.82051	-1.03131	114.784
			*MESH_VERTEX 22	-5.99195	-7.51274	18.5971
			*MESH_VERTEX 23	-21.2786	-0.944349	9.29
			*MESH_VERTEX 24	14.2797	7.69833	49.8839
			*MESH_VERTEX 25	-19.954	5.5378	142.686
			*MESH_VERTEX 26	-16.027	-9.79271	138.706
			*MESH_VERTEX 27	-17.9027	0.409215	138.078
			*MESH_VERTEX 28	-17.0386	-7.38141	131.054
			*MESH_VERTEX 29	-31.7541	-7.59553	110.554
			*MESH_VERTEX 30	10.2176	-23.3182	-0.206117
			*MESH_VERTEX 31	0.5656	-6.60464	90.3039
			*MESH_VERTEX 32	0.539928	0.997336	47.7198
			*MESH_VERTEX 33	7.54315	0.474204	19.8566
			*MESH_VERTEX 34	20.4652	4.57935	19.5859
			*MESH_VERTEX 35	16.0886	-5.99724	18.7616
			*MESH_VERTEX 36	30.4559	-4.63052	119.153
			*MESH_VERTEX 37	17.8881	-7.46672	130.451
			*MESH_VERTEX 38	20.3911	5.53696	142.533
			*MESH_VERTEX 39	16.5271	-20.8114	45.9527
			*MESH_VERTEX 40	-6.92519	-20.5695	44.3406
			*MESH_VERTEX 41	-4.25334	-18.5984	94.1294
			*MESH_VERTEX 42	-15.503	-8.97598	115.223
			*MESH_VERTEX 43	-4.83227	-8.21161	163.017
			*MESH_VERTEX 44	-16.0258	4.87113	135.006
			*MESH_VERTEX 45	-21.6405	0.602156	150.589
			*MESH_VERTEX 46	12.8194	-21.0731	137.888
			*MESH_VERTEX 47	-12.6742	-21.4257	137.661
			*MESH_VERTEX 48	4.84544	-8.18722	163.213
			*MESH_VERTEX 49	0.0480906	-11.101	148.764
			*MESH_VERTEX 50	-7.13327	1.21518	156.259
			*MESH_VERTEX 51	-3.56211	0.484869	166.975
			*MESH_VERTEX 52	-9.99247	-0.316875	115.202
			*MESH_VERTEX 53	-22.593	-11.4427	88.0165
			*MESH_VERTEX 54	-26.2314	-15.7853	85.1526
			*MESH_VERTEX 55	-23.6852	-13.9903	79.009
			*MESH_VERTEX 56	30.7613	2.39514	106.651
			*MESH_VERTEX 57	16.2759	5.18633	135.354
			*MESH_VERTEX 58	23.3065	0.372769	150.309
			*MESH_VERTEX 59	-11.5617	-25.9944	7.16689
			*MESH_VERTEX 60	-9.2894	-24.1961	-0.206966
			*MESH_VERTEX 61	7.35912	1.47597	156.327
			*MESH_VERTEX 62	9.38956	-16.612	115.484
			*MESH_VERTEX 63	24.5543	4.70536	118.672
			*MESH_VERTEX 64	-21.5283	-24.2795	6.74937
			*MESH_VERTEX 65	-14.8799	-11.5557	12.3902
			*MESH_VERTEX 66	-4.6526	-2.20842	9.50365
			*MESH_VERTEX 67	0.251368	0.861934	47.7777
			*MESH_VERTEX 68	-4.53587	4.63678	87.3024
			*MESH_VERTEX 69	10.6172	-16.9104	115.762
			*MESH_VERTEX 70	29.425	-17.7522	81.6604
			*MESH_VERTEX 71	4.08365	-19.1698	94.0842
			*MESH_VERTEX 72	34.4039	-9.43185	80.9964
			*MESH_VERTEX 73	23.9441	0.284432	47.6147
			*MESH_VERTEX 74	5.97443	0.362571	60.0834
			*MESH_VERTEX 75	-34.4155	-9.38743	81.9712
			*MESH_VERTEX 76	30.2689	-4.81907	136.335
			*MESH_VERTEX 77	15.5901	-13.3851	41.5296
			*MESH_VERTEX 78	8.2688	-19.5425	44.6697
			*MESH_VERTEX 79	-13.8628	-8.82741	114.878
			*MESH_VERTEX 80	14.0449	5.62382	21.2089
			*MESH_VERTEX 81	8.93663	0.455212	115.505
			*MESH_VERTEX 82	-26.245	-14.8472	80.0396
			*MESH_VERTEX 83	-23.8557	-15.9709	84.4832
			*MESH_VERTEX 84	-26.3161	-12.955	92.8579
			*MESH_VERTEX 85	12.3493	-25.0662	7.22165
			*MESH_VERTEX 86	22.8878	-8.16032	150.51
			*MESH_VERTEX 87	5.07828	-4.06379	42.271
			*MESH_VERTEX 88	-13.0173	7.97065	21.4212
			*MESH_VERTEX 89	-18.8841	3.40809	19.6694
			*MESH_VERTEX 90	-23.2198	-1.95446	47.87
			*MESH_VERTEX 91	-16.8009	-1.43433	19.3774
			*MESH_VERTEX 92	-18.9606	-8.01583	17.9118
			*MESH_VERTEX 93	-4.29104	2.12183	0.122525
			*MESH_VERTEX 94	-16.1561	-5.38436	135.954
			*MESH_VERTEX 95	5.32717	3.00793	-0.157969
			*MESH_VERTEX 96	-18.5779	3.47143	-0.284797
			*MESH_VERTEX 97	19.6206	4.34637	-0.304105
			*MESH_VERTEX 98	22.3887	-22.9305	6.91342
			*MESH_VERTEX 99	15.6717	-10.5888	12.4033
			*MESH_VERTEX 100	22.1354	0.000507543	9.35496
			*MESH_VERTEX 101	5.50762	-1.25594	9.2567
			*MESH_VERTEX 102	-11.175	6.4882	50.3992
			*MESH_VERTEX 103	-4.45339	-5.2733	42.4532
			*MESH_VERTEX 104	-10.4672	-7.60506	18.7581
			*MESH_VERTEX 105	7.67359	0.0466356	115.088
			*MESH_VERTEX 106	-16.7782	-2.07887	60.7142
			*MESH_VERTEX 107	-8.06999	7.11135	96.8221
			*MESH_VERTEX 108	-23.4596	-12.0087	142.738
			*MESH_VERTEX 109	-21.4083	-7.9419	150.706
			*MESH_VERTEX 110	-13.8595	4.55342	21.3381
			*MESH_VERTEX 111	-15.2631	-22.7225	45.0441
			*MESH_VERTEX 112	28.9299	-5.97548	86.6828
			*MESH_VERTEX 113	32.182	1.30643	117.083
			*MESH_VERTEX 114	-0.767657	-8.17534	46.028
			*MESH_VERTEX 115	7.27812	-6.41158	18.5169
			*MESH_VERTEX 116	16.9823	-0.0667887	60.554
			*MESH_VERTEX 117	24.5562	-9.30629	48.0081
			*MESH_VERTEX 118	13.2825	8.97303	21.192
			*MESH_VERTEX 119	22.553	-4.06552	118.031
			*MESH_VERTEX 120	-23.7507	-11.5433	47.1917
			*MESH_VERTEX 121	-6.42134	-1.04357	60.3958
			*MESH_VERTEX 122	0.637217	-7.78771	60.216
			*MESH_VERTEX 123	1.12819	-8.76621	46.0258
			*MESH_VERTEX 124	-7.86276	-0.286366	20.2009
			*MESH_VERTEX 125	-4.03128	-0.486405	18.5693
			*MESH_VERTEX 126	-22.2585	-3.84737	118.845
			*MESH_VERTEX 127	-25.8704	-8.03906	91.831
			*MESH_VERTEX 128	-0.172498	-21.1526	115.443
			*MESH_VERTEX 129	8.37363	6.10082	96.8761
			*MESH_VERTEX 130	0.195996	-6.92186	60.139
			*MESH_VERTEX 131	-9.16559	2.33677	43.1518
			*MESH_VERTEX 132	-13.545	-10.5485	19.1167
			*MESH_VERTEX 133	19.6613	-4.71411	43.3292
			*MESH_VERTEX 134	10.7141	-13.1597	41.0785
			*MESH_VERTEX 135	17.1671	-25.701	1.10577
			*MESH_VERTEX 136	-23.3099	-14.2693	78.587
			*MESH_VERTEX 137	-16.1735	-26.5876	0.961472
			*MESH_VERTEX 138	18.3585	-13.0461	143.198
			*MESH_VERTEX 139	-31.7863	1.68607	117.931
			*MESH_VERTEX 140	-29.3811	-4.29563	136.819
			*MESH_VERTEX 141	-13.8981	-14.9609	41.0443
			*MESH_VERTEX 142	-8.20773	-14.3499	40.8609
			*MESH_VERTEX 143	26.3548	-13.0386	91.9802
			*MESH_VERTEX 144	-0.958261	-20.2156	92.2131
			*MESH_VERTEX 145	17.6571	-0.267966	19.4901
			*MESH_VERTEX 146	-0.136689	-19.8495	115.231
			*MESH_VERTEX 147	9.36134	3.55337	43.177
			*MESH_VERTEX 148	15.8805	3.27812	43.6292
			*MESH_VERTEX 149	14.3966	-9.75146	18.9664
			*MESH_VERTEX 150	-19.5664	-6.47709	137.348
			*MESH_VERTEX 151	16.0416	-8.50718	124.619
			*MESH_VERTEX 152	6.21662	-4.20365	156.091
			*MESH_VERTEX 153	22.6919	-11.553	87.1114
			*MESH_VERTEX 154	25.8913	-8.13297	90.9029
			*MESH_VERTEX 155	-13.6862	-7.57003	18.7775
			*MESH_VERTEX 156	4.87319	-0.0619376	18.3538
			*MESH_VERTEX 157	-5.96021	-4.42578	156.029
			*MESH_VERTEX 158	22.1933	-1.06963	107.555
			*MESH_VERTEX 159	12.8336	-6.51682	18.9417
			*MESH_VERTEX 160	-19.3903	-4.65906	43.3315
			*MESH_VERTEX 161	-15.5345	1.67487	43.339
			*MESH_VERTEX 162	-25.0243	2.35474	145.201
			*MESH_VERTEX 163	-6.48519	-4.75543	164.755
			*MESH_VERTEX 164	-11.43	0.756312	124.477
			*MESH_VERTEX 165	-0.209372	1.30112	114.975
			*MESH_VERTEX 166	27.7346	-4.69624	83.706
			*MESH_VERTEX 167	-24.5655	-12.925	79.0973
			*MESH_VERTEX 168	-24.9915	-16.1967	79.5171
			*MESH_VERTEX 169	-21.902	-0.947	108.325
			*MESH_VERTEX 170	-28.8169	-5.93268	87.5479
			*MESH_VERTEX 171	-27.7141	-4.62129	84.5594
			*MESH_VERTEX 172	26.1967	-14.865	79.1448
			*MESH_VERTEX 173	24.5017	-12.93	78.2555
			*MESH_VERTEX 174	23.2372	-14.2748	77.7366
			*MESH_VERTEX 175	26.2691	-15.8648	84.2336
			*MESH_VERTEX 176	24.9323	-16.2098	78.6259
			*MESH_VERTEX 177	21.6504	-7.87172	60.474
			*MESH_VERTEX 178	6.43257	-4.91173	164.831
			*MESH_VERTEX 179	-10.909	4.50603	20.8567
			*MESH_VERTEX 180	12.3148	0.568272	85.0118
			*MESH_VERTEX 181	-5.35249	-20.2072	85.3917
			*MESH_VERTEX 182	-26.3692	-5.60366	119.379
			*MESH_VERTEX 183	26.4824	1.4749	144.411
			*MESH_VERTEX 184	25.1155	5.62551	137.843
			*MESH_VERTEX 185	-20.7292	-10.0827	60.2607
			*MESH_VERTEX 186	-0.254335	2.35175	115.413
			*MESH_VERTEX 187	-17.5865	3.66513	134.958
			*MESH_VERTEX 188	-24.9032	4.03847	116.882
			*MESH_VERTEX 189	26.6292	-5.90197	118.602
			*MESH_VERTEX 190	11.1467	5.1266	20.4512
			*MESH_VERTEX 191	0.0434224	3.39649	156.167
			*MESH_VERTEX 192	-0.290379	7.77481	91.7569
			*MESH_VERTEX 193	-30.1902	-4.30287	119.847
			*MESH_VERTEX 194	11.9335	11.1796	8.85087
			*MESH_VERTEX 195	-32.0687	-6.59558	87.0548
			*MESH_VERTEX 196	34.4414	0.430418	107.331
			*MESH_VERTEX 197	31.1964	-5.99108	90.5125
			*MESH_VERTEX 198	32.1941	-10.0281	91.9009
			*MESH_VERTEX 199	34.1573	-4.02286	108.561
			*MESH_VERTEX 200	16.4853	-10.7435	149.185
			*MESH_VERTEX 201	14.5139	-17.7185	144.129
			*MESH_VERTEX 202	-17.6685	-12.8751	143.289
			*MESH_VERTEX 203	0.0233357	1.69566	167.417
			*MESH_VERTEX 204	-14.0463	-18.0019	143.741
			*MESH_VERTEX 205	-11.5835	10.4268	9.3949
			*MESH_VERTEX 206	-11.3778	1.80817	84.0989
			*MESH_VERTEX 207	-3.00988	1.90073	84.1527
			*MESH_VERTEX 208	0.0795214	-23.0969	137.304
			*MESH_VERTEX 209	12.377	2.12946	102.793
			*MESH_VERTEX 210	23.8839	-16.0458	83.595
			*MESH_VERTEX 211	-18.9186	-6.23906	98.9067
			*MESH_VERTEX 212	-10.179	-0.209617	109.242
			*MESH_VERTEX 213	-12.3424	3.17804	102.537
			*MESH_VERTEX 214	-32.1714	-9.96727	92.8118
			*MESH_VERTEX 215	-34.2072	0.593623	108.347
			*MESH_VERTEX 216	6.62052	-19.4446	55.1575
			*MESH_VERTEX 217	-20.5683	-2.8591	17.5251
			*MESH_VERTEX 218	23.6291	-18.8896	8.98267
			*MESH_VERTEX 219	9.06394	-20.1425	9.13656
			*MESH_VERTEX 220	3.51987	2.10757	84.7752
			*MESH_VERTEX 221	-22.7759	-19.8235	8.76349
			*MESH_VERTEX 222	-8.21713	-21.0898	9.18311
			*MESH_VERTEX 223	31.8919	-2.41315	117.507
			*MESH_VERTEX 224	21.9256	-13.884	82.0757
			*MESH_VERTEX 225	-21.921	-13.8239	82.9147
			*MESH_VERTEX 226	6.3872	3.79023	20.0076
			*MESH_VERTEX 227	-5.80292	3.23447	20.2679
			*MESH_VERTEX 228	24.5873	-14.5815	88.6187
			*MESH_VERTEX 229	18.8044	3.57688	134.418
			*MESH_VERTEX 230	0.0486126	-9.55055	162.314
			*MESH_VERTEX 231	11.0918	-16.7551	109.803
			*MESH_VERTEX 232	-10.6762	-17.5298	109.653
			*MESH_VERTEX 233	17.0292	-2.50039	131.793
			*MESH_VERTEX 234	0.0570317	7.12906	98.5185
			*MESH_VERTEX 235	-16.0241	-2.4487	132.386
			*MESH_VERTEX 236	-15.7806	-8.58423	109.192
			*MESH_VERTEX 237	25.3493	3.73483	115.934
			*MESH_VERTEX 238	24.8418	2.54494	106.597
			*MESH_VERTEX 239	-24.467	-14.466	89.5714
			*MESH_VERTEX 240	-20.7383	-9.47579	85.439
			*MESH_VERTEX 241	-14.6391	0.868823	90.1195
			*MESH_VERTEX 242	-24.5952	2.68141	107.391
			*MESH_VERTEX 243	-9.97975	-20.6843	132.36
			*MESH_VERTEX 244	-16.1517	-8.84435	124.227
			*MESH_VERTEX 245	-31.5657	-2.04509	118.233
			*MESH_VERTEX 246	-33.9913	-3.82192	109.511
			*MESH_VERTEX 247	28.5308	-17.4066	80.0391
			*MESH_VERTEX 248	19.6103	-9.70259	85.8806
			*MESH_VERTEX 249	-22.8791	-0.108753	116.761
			*MESH_VERTEX 250	-0.223977	-10.2556	83.2347
			*MESH_VERTEX 251	-21.7281	-6.68059	109.958
			*MESH_VERTEX 252	-30.0398	-12.8104	93.4622
			*MESH_VERTEX 253	-26.8476	-8.97878	110.75
			*MESH_VERTEX 254	-29.4253	-17.6971	82.6528
			*MESH_VERTEX 255	1.34146	-20.3892	92.2577
			*MESH_VERTEX 256	-0.244004	-11.5001	117.3
			*MESH_VERTEX 257	23.2502	-0.384884	115.943
			*MESH_VERTEX 258	11.0481	0.99159	124.606
			*MESH_VERTEX 259	21.538	-1.33753	17.6158
			*MESH_VERTEX 260	14.0868	0.783408	90.8329
			*MESH_VERTEX 261	15.6912	-7.4989	109.596
			*MESH_VERTEX 262	9.2456	0.573033	109.868
			*MESH_VERTEX 263	10.0573	-20.3213	132.543
			*MESH_VERTEX 264	13.7076	-18.5866	99.812
			*MESH_VERTEX 265	5.63332	-20.3375	85.4706
			*MESH_VERTEX 266	-15.1972	-22.2175	56.3752
			*MESH_VERTEX 267	-14.6749	-20.4448	87.059
			*MESH_VERTEX 268	22.0122	-6.85794	109.174
			*MESH_VERTEX 269	0.593668	-10.1808	83.2688
			*MESH_VERTEX 270	31.899	-7.76136	109.66
			*MESH_VERTEX 271	30.0699	-12.8695	92.5874
			*MESH_VERTEX 272	26.9895	-9.10452	109.891
			*MESH_VERTEX 273	-17.7852	-10.2042	134.823
			*MESH_VERTEX 274	0.0299816	6.77149	137.448
			*MESH_VERTEX 275	-25.3437	-8.27693	122.637
			*MESH_VERTEX 276	32.1799	-6.64409	86.1833
			*MESH_VERTEX 277	22.8504	-11.8776	137.103
			*MESH_VERTEX 278	23.2968	-12.5334	-0.2559
			*MESH_VERTEX 279	-22.2649	-13.4028	-0.422248
			*MESH_VERTEX 280	-6.19536	-20.6878	54.7064
			*MESH_VERTEX 281	-22.3246	-11.6614	137.637
			*MESH_VERTEX 282	-0.229272	2.53437	110.022
			*MESH_VERTEX 283	-31.1828	-5.91478	91.4544
			*MESH_VERTEX 284	33.5599	-8.85823	79.7219
			*MESH_VERTEX 285	-33.5904	-8.8255	80.6804
			*MESH_VERTEX 286	29.2282	4.7008	119.345
			*MESH_VERTEX 287	28.4736	2.50116	138.105
			*MESH_VERTEX 288	0.00553761	1.96416	123.989
			*MESH_VERTEX 289	18.7764	-7.74723	99.494
			*MESH_VERTEX 290	-29.2096	4.12828	117.453
			*MESH_VERTEX 291	-24.0609	4.82601	119.781
			*MESH_VERTEX 292	16.5137	-19.7745	55.832
			*MESH_VERTEX 293	25.18	-8.18868	122.4
			*MESH_VERTEX 294	-27.3033	2.97624	138.582
			*MESH_VERTEX 295	-0.0986817	-20.9782	109.083
			*MESH_VERTEX 296	23.1833	-4.24684	116.37
			*MESH_VERTEX 297	17.3227	-5.4764	135.202
			*MESH_VERTEX 298	28.41	-5.22565	90.2767
			*MESH_VERTEX 299	6.08489	-20.2768	61.3042
			*MESH_VERTEX 300	-28.3975	-5.13674	91.2271
			*MESH_VERTEX 301	-22.8864	-3.97736	117.053
			*MESH_VERTEX 302	15.8501	-1.71356	96.9059
			*MESH_VERTEX 303	-26.4608	-9.28775	135.252
			*MESH_VERTEX 304	9.09552	-19.0796	123.711
			*MESH_VERTEX 305	-15.2532	0.400524	95.9662
			*MESH_VERTEX 306	-30.1444	-4.35701	118.139
			*MESH_VERTEX 307	30.4297	-4.70754	117.48
			*MESH_VERTEX 308	-0.0555128	4.91947	103.731
			*MESH_VERTEX 309	-5.24135	-21.5671	61.9753
			*MESH_VERTEX 310	-9.25397	-19.3109	123.508
			*MESH_VERTEX 311	32.0954	2.00183	119.536
			*MESH_VERTEX 312	17.5036	-6.00223	137.439
			*MESH_VERTEX 313	26.8546	-6.02916	117.101
			*MESH_VERTEX 314	-22.9779	-9.98686	132.243
			*MESH_VERTEX 315	-31.7326	2.2921	120.25
			*MESH_VERTEX 316	-31.5972	-2.01718	120.071
			*MESH_VERTEX 317	18.4432	-10.2562	134.262
			*MESH_VERTEX 318	31.8881	-2.345	119.4
			*MESH_VERTEX 319	-17.0397	-3.36319	90.675
			*MESH_VERTEX 320	15.0227	-19.4726	86.8747
			*MESH_VERTEX 321	15.7724	-20.6364	61.8238
			*MESH_VERTEX 322	-14.0042	-17.9253	98.8817
			*MESH_VERTEX 323	0.0904691	-21.8547	132.501
			*MESH_VERTEX 324	-26.5918	-5.72127	117.724
			*MESH_VERTEX 325	-14.5626	-22.4982	62.3848
			*MESH_VERTEX 326	29.646	3.78489	116.576
			*MESH_VERTEX 327	27.1908	-9.69208	134.724
			*MESH_VERTEX 328	-28.761	4.90535	120.367
			*MESH_VERTEX 329	-26.0919	-6.44577	143.205
			*MESH_VERTEX 330	0.024909	-21.3302	124.38
			*MESH_VERTEX 331	23.7368	-10.2647	131.67
			*MESH_VERTEX 332	22.4259	-0.193288	118.055
			*MESH_VERTEX 333	16.6004	-3.34612	91.504
			*MESH_VERTEX 334	-22.0735	0.0205363	118.949
			*MESH_VERTEX 335	26.7615	-6.88886	142.813
			*MESH_VERTEX 336	-7.33227	-14.5947	-0.00719605
			*MESH_VERTEX 337	8.35803	-13.7123	-0.114372
		}
		*MESH_FACE_LIST {
			*MESH_FACE    0:    A:    106 B:    185 C:    240 AB:    1 BC:    1 CA:    1	 *MESH_SMOOTHING 1 	*MESH_MTLID 0
			*MESH_FACE    1:    A:    103 B:    124 C:    179 AB:    1 BC:    1 CA:    1	 *MESH_SMOOTHING 1 	*MESH_MTLID 0
			*MESH_FACE    2:    A:    74 B:    220 C:    180 AB:    1 BC:    1 CA:    1	 *MESH_SMOOTHING 1 	*MESH_MTLID 0
			*MESH_FACE    3:    A:    265 B:    299 C:    320 AB:    1 BC:    1 CA:    1	 *MESH_SMOOTHING 1 	*MESH_MTLID 0
			*MESH_FACE    4:    A:    207 B:    121 C:    206 AB:    1 BC:    1 CA:    1	 *MESH_SMOOTHING 1 	*MESH_MTLID 0
			*MESH_FACE    5:    A:    309 B:    181 C:    267 AB:    1 BC:    1 CA:    1	 *MESH_SMOOTHING 1 	*MESH_MTLID 0
			*MESH_FACE    6:    A:    255 B:    231 C:    295 AB:    1 BC:    1 CA:    1	 *MESH_SMOOTHING 1 	*MESH_MTLID 0
			*MESH_FACE    7:    A:    234 B:    129 C:    192 AB:    1 BC:    1 CA:    1	 *MESH_SMOOTHING 1 	*MESH_MTLID 0
			*MESH_FACE    8:    A:    33 B:    87 C:    190 AB:    1 BC:    1 CA:    1	 *MESH_SMOOTHING 1 	*MESH_MTLID 0
			*MESH_FACE    9:    A:    180 B:    116 C:    74 AB:    1 BC:    1 CA:    1	 *MESH_SMOOTHING 1 	*MESH_MTLID 0
			*MESH_FACE    10:    A:    218 B:    100 C:    99 AB:    1 BC:    1 CA:    1	 *MESH_SMOOTHING 1 	*MESH_MTLID 0
			*MESH_FACE    11:    A:    101 B:    95 C:    337 AB:    1 BC:    1 CA:    1	 *MESH_SMOOTHING 1 	*MESH_MTLID 0
			*MESH_FACE    12:    A:    325 B:    240 C:    185 AB:    1 BC:    1 CA:    1	 *MESH_SMOOTHING 1 	*MESH_MTLID 0
			*MESH_FACE    13:    A:    336 B:    93 C:    66 AB:    1 BC:    1 CA:    1	 *MESH_SMOOTHING 1 	*MESH_MTLID 0
			*MESH_FACE    14:    A:    279 B:    23 C:    96 AB:    1 BC:    1 CA:    1	 *MESH_SMOOTHING 1 	*MESH_MTLID 0
			*MESH_FACE    15:    A:    91 B:    92 C:    155 AB:    1 BC:    1 CA:    1	 *MESH_SMOOTHING 1 	*MESH_MTLID 0
			*MESH_FACE    16:    A:    148 B:    145 C:    80 AB:    1 BC:    1 CA:    1	 *MESH_SMOOTHING 1 	*MESH_MTLID 0
			*MESH_FACE    17:    A:    80 B:    147 C:    148 AB:    1 BC:    1 CA:    1	 *MESH_SMOOTHING 1 	*MESH_MTLID 0
			*MESH_FACE    18:    A:    97 B:    278 C:    337 AB:    1 BC:    1 CA:    1	 *MESH_SMOOTHING 1 	*MESH_MTLID 0
			*MESH_FACE    19:    A:    99 B:    219 C:    218 AB:    1 BC:    1 CA:    1	 *MESH_SMOOTHING 1 	*MESH_MTLID 0
			*MESH_FACE    20:    A:    250 B:    309 C:    122 AB:    1 BC:    1 CA:    1	 *MESH_SMOOTHING 1 	*MESH_MTLID 0
			*MESH_FACE    21:    A:    74 B:    130 C:    220 AB:    1 BC:    1 CA:    1	 *MESH_SMOOTHING 1 	*MESH_MTLID 0
			*MESH_FACE    22:    A:    269 B:    220 C:    130 AB:    1 BC:    1 CA:    1	 *MESH_SMOOTHING 1 	*MESH_MTLID 0
			*MESH_FACE    23:    A:    299 B:    269 C:    130 AB:    1 BC:    1 CA:    1	 *MESH_SMOOTHING 1 	*MESH_MTLID 0
			*MESH_FACE    24:    A:    87 B:    33 C:    134 AB:    1 BC:    1 CA:    1	 *MESH_SMOOTHING 1 	*MESH_MTLID 0
			*MESH_FACE    25:    A:    219 B:    99 C:    101 AB:    1 BC:    1 CA:    1	 *MESH_SMOOTHING 1 	*MESH_MTLID 0
			*MESH_FACE    26:    A:    97 B:    100 C:    278 AB:    1 BC:    1 CA:    1	 *MESH_SMOOTHING 1 	*MESH_MTLID 0
			*MESH_FACE    27:    A:    226 B:    118 C:    194 AB:    1 BC:    1 CA:    1	 *MESH_SMOOTHING 1 	*MESH_MTLID 0
			*MESH_FACE    28:    A:    149 B:    159 C:    115 AB:    1 BC:    1 CA:    1	 *MESH_SMOOTHING 1 	*MESH_MTLID 0
			*MESH_FACE    29:    A:    6 B:    259 C:    145 AB:    1 BC:    1 CA:    1	 *MESH_SMOOTHING 1 	*MESH_MTLID 0
			*MESH_FACE    30:    A:    248 B:    321 C:    177 AB:    1 BC:    1 CA:    1	 *MESH_SMOOTHING 1 	*MESH_MTLID 0
			*MESH_FACE    31:    A:    159 B:    134 C:    33 AB:    1 BC:    1 CA:    1	 *MESH_SMOOTHING 1 	*MESH_MTLID 0
			*MESH_FACE    32:    A:    309 B:    267 C:    325 AB:    1 BC:    1 CA:    1	 *MESH_SMOOTHING 1 	*MESH_MTLID 0
			*MESH_FACE    33:    A:    104 B:    103 C:    142 AB:    1 BC:    1 CA:    1	 *MESH_SMOOTHING 1 	*MESH_MTLID 0
			*MESH_FACE    34:    A:    250 B:    181 C:    309 AB:    1 BC:    1 CA:    1	 *MESH_SMOOTHING 1 	*MESH_MTLID 0
			*MESH_FACE    35:    A:    265 B:    269 C:    299 AB:    1 BC:    1 CA:    1	 *MESH_SMOOTHING 1 	*MESH_MTLID 0
			*MESH_FACE    36:    A:    42 B:    10 C:    256 AB:    1 BC:    1 CA:    1	 *MESH_SMOOTHING 1 	*MESH_MTLID 0
			*MESH_FACE    37:    A:    325 B:    267 C:    240 AB:    1 BC:    1 CA:    1	 *MESH_SMOOTHING 1 	*MESH_MTLID 0
			*MESH_FACE    38:    A:    52 B:    42 C:    256 AB:    1 BC:    1 CA:    1	 *MESH_SMOOTHING 1 	*MESH_MTLID 0
			*MESH_FACE    39:    A:    106 B:    240 C:    206 AB:    1 BC:    1 CA:    1	 *MESH_SMOOTHING 1 	*MESH_MTLID 0
			*MESH_FACE    40:    A:    66 B:    65 C:    222 AB:    1 BC:    1 CA:    1	 *MESH_SMOOTHING 1 	*MESH_MTLID 0
			*MESH_FACE    41:    A:    336 B:    279 C:    96 AB:    1 BC:    1 CA:    1	 *MESH_SMOOTHING 1 	*MESH_MTLID 0
			*MESH_FACE    42:    A:    59 B:    137 C:    60 AB:    1 BC:    1 CA:    1	 *MESH_SMOOTHING 1 	*MESH_MTLID 0
			*MESH_FACE    43:    A:    336 B:    66 C:    222 AB:    1 BC:    1 CA:    1	 *MESH_SMOOTHING 1 	*MESH_MTLID 0
			*MESH_FACE    44:    A:    64 B:    137 C:    59 AB:    1 BC:    1 CA:    1	 *MESH_SMOOTHING 1 	*MESH_MTLID 0
			*MESH_FACE    45:    A:    23 B:    279 C:    221 AB:    1 BC:    1 CA:    1	 *MESH_SMOOTHING 1 	*MESH_MTLID 0
			*MESH_FACE    46:    A:    221 B:    222 C:    65 AB:    1 BC:    1 CA:    1	 *MESH_SMOOTHING 1 	*MESH_MTLID 0
			*MESH_FACE    47:    A:    65 B:    23 C:    221 AB:    1 BC:    1 CA:    1	 *MESH_SMOOTHING 1 	*MESH_MTLID 0
			*MESH_FACE    48:    A:    66 B:    22 C:    65 AB:    1 BC:    1 CA:    1	 *MESH_SMOOTHING 1 	*MESH_MTLID 0
			*MESH_FACE    49:    A:    205 B:    227 C:    66 AB:    1 BC:    1 CA:    1	 *MESH_SMOOTHING 1 	*MESH_MTLID 0
			*MESH_FACE    50:    A:    122 B:    121 C:    207 AB:    1 BC:    1 CA:    1	 *MESH_SMOOTHING 1 	*MESH_MTLID 0
			*MESH_FACE    51:    A:    207 B:    250 C:    122 AB:    1 BC:    1 CA:    1	 *MESH_SMOOTHING 1 	*MESH_MTLID 0
