*3DSMAX_ASCIIEXPORT	110
*COMMENT "[ GothicSourcer v3.14 ] - June 2007"
*SCENE {
	*SCENE_FILENAME "MOL_LOOK_KM01.MAX"
	*SCENE_FIRSTFRAME 0
	*SCENE_LASTFRAME 8
	*SCENE_FRAMESPEED 25
	*SCENE_TICKSPERFRAME 192
	*SCENE_BACKGROUND_STATIC 0	0	0
	*SCENE_AMBIENT_STATIC 0.2	0.2	0.2
}
*HELPEROBJECT {
	*NODE_NAME "Bip01"
	*NODE_TM {
		*NODE_NAME "Bip01"
		*TM_ROW0 1.26759e-006	-1	0
		*TM_ROW1 1	1.26759e-006	0
		*TM_ROW2 -0	-0	1
		*TM_ROW3 0.004941	34.8722	53.6719
		*TM_POS 0.004941	34.8722	53.6719
		*TM_ROTAXIS 0	0	1
		*TM_ROTANGLE 1.5708
		*TM_SCALE 1	1	1
		*TM_SCALEAXIS 0	0	0
		*TM_SCALEAXISANG 0	0	0
	}
}
*HELPEROBJECT {
	*NODE_NAME "Bip01 Pelvis"
	*NODE_PARENT "Bip01"
	*NODE_TM {
		*NODE_NAME "Bip01 Pelvis"
		*TM_ROW0 -1.19209e-006	2.95918e-007	1
		*TM_ROW1 2.53251e-006	-1	2.95921e-007
		*TM_ROW2 1	2.53251e-006	1.66893e-006
		*TM_ROW3 0.004941	34.8722	53.6719
		*TM_POS 0.004941	34.8722	53.6719
		*TM_ROTAXIS -0.707106	-1e-006	-0.707107
		*TM_ROTANGLE 3.14159
		*TM_SCALE 1	1	1
		*TM_SCALEAXIS 0	0	0
		*TM_SCALEAXISANG 0	0	0
	}
}
*HELPEROBJECT {
	*NODE_NAME "Bip01 Spine"
	*NODE_PARENT "Bip01 Pelvis"
	*NODE_TM {
		*NODE_NAME "Bip01 Spine"
		*TM_ROW0 1.2517e-006	-0.966132	0.25805
		*TM_ROW1 -2.74181e-006	-0.25805	-0.966132
		*TM_ROW2 1	3.27826e-007	-2.74181e-006
		*TM_ROW3 0.004941	34.8772	60.7283
		*TM_POS 0.004941	34.8772	60.7283
		*TM_ROTAXIS 0.621399	-0.477209	0.621397
		*TM_ROTANGLE 2.2511
		*TM_SCALE 1	1	1
		*TM_SCALEAXIS 0	0	0
		*TM_SCALEAXISANG 0	0	0
	}
}
*HELPEROBJECT {
	*NODE_NAME "Bip01 Spine1"
	*NODE_PARENT "Bip01 Spine"
	*NODE_TM {
		*NODE_NAME "Bip01 Spine1"
		*TM_ROW0 1.75834e-006	-0.905971	-0.423339
		*TM_ROW1 -2.92063e-006	0.423339	-0.905971
		*TM_ROW2 1	2.83122e-006	-1.90735e-006
		*TM_ROW3 0.004973	11.4296	67.0064
		*TM_POS 0.004973	11.4296	67.0064
		*TM_ROTAXIS 0.473078	-0.743234	0.473075
		*TM_ROTANGLE 1.86328
		*TM_SCALE 1	1	1
		*TM_SCALEAXIS 0	0	0
		*TM_SCALEAXISANG 0	0	0
	}
}
*HELPEROBJECT {
	*NODE_NAME "Bip01 Spine2"
	*NODE_PARENT "Bip01 Spine1"
	*NODE_TM {
		*NODE_NAME "Bip01 Spine2"
		*TM_ROW0 1.04308e-006	-0.93942	-0.342768
		*TM_ROW1 -3.57628e-006	0.342769	-0.93942
		*TM_ROW2 1	2.08616e-006	-2.92063e-006
		*TM_ROW3 0.005003	-10.5569	56.7538
		*TM_POS 0.005003	-10.5569	56.7538
		*TM_ROTAXIS 0.497331	-0.710863	0.497328
		*TM_ROTANGLE 1.90563
		*TM_SCALE 1	1	1
		*TM_SCALEAXIS 0	0	0
		*TM_SCALEAXISANG 0	0	0
	}
}
*HELPEROBJECT {
	*NODE_NAME "Bip01 Neck"
	*NODE_PARENT "Bip01 Spine2"
	*NODE_TM {
		*NODE_NAME "Bip01 Neck"
		*TM_ROW0 1.46031e-006	-0.928716	-0.370792
		*TM_ROW1 -3.15905e-006	0.370793	-0.928716
		*TM_ROW2 1	2.563e-006	-2.41399e-006
		*TM_ROW3 0.005035	-33.3516	48.4465
		*TM_POS 0.005035	-33.3516	48.4465
		*TM_ROTAXIS 0.489199	-0.72206	0.489196
		*TM_ROTANGLE 1.89084
		*TM_SCALE 1	1	1
		*TM_SCALEAXIS 0	0	0
		*TM_SCALEAXISANG 0	0	0
	}
}
*HELPEROBJECT {
	*NODE_NAME "Bip01 Neck1"
	*NODE_PARENT "Bip01 Neck"
	*NODE_TM {
		*NODE_NAME "Bip01 Neck1"
		*TM_ROW0 1.49012e-006	-0.917176	-0.398482
		*TM_ROW1 -3.03984e-006	0.398482	-0.917176
		*TM_ROW2 1	2.6226e-006	-2.23517e-006
		*TM_ROW3 0.005049	-44.1147	44.1654
		*TM_POS 0.005049	-44.1147	44.1654
		*TM_ROTAXIS 0.480853	-0.733188	0.48085
		*TM_ROTANGLE 1.87628
		*TM_SCALE 1	1	1
		*TM_SCALEAXIS 0	0	0
		*TM_SCALEAXISANG 0	0	0
	}
}
*HELPEROBJECT {
	*NODE_NAME "Bip01 Head"
	*NODE_PARENT "Bip01 Neck1"
	*NODE_TM {
		*NODE_NAME "Bip01 Head"
		*TM_ROW0 1.13249e-006	-0.989016	0.147811
		*TM_ROW1 -2.5034e-006	-0.147811	-0.989016
		*TM_ROW2 1	6.85453e-007	-2.563e-006
		*TM_ROW3 0.005073	-61.3405	36.6814
		*TM_POS 0.005073	-61.3405	36.6814
		*TM_ROTAXIS 0.603853	-0.520312	0.603851
		*TM_ROTANGLE 2.18206
		*TM_SCALE 1	1	1
		*TM_SCALEAXIS 0	0	0
		*TM_SCALEAXISANG 0	0	0
	}
	*TM_ANIMATION {
		*NODE_NAME  "Bip01 Head"
		*CONTROL_POS_TRACK {
			*CONTROL_POS_SAMPLE 0	0.005073	-61.3405	36.6814
			*CONTROL_POS_SAMPLE 192	0.005073	-61.3405	36.6814
			*CONTROL_POS_SAMPLE 384	0.005073	-61.3405	36.6814
			*CONTROL_POS_SAMPLE 576	0.005073	-61.3405	36.6814
			*CONTROL_POS_SAMPLE 768	0.005073	-61.3405	36.6814
			*CONTROL_POS_SAMPLE 960	0.005073	-61.3405	36.6814
			*CONTROL_POS_SAMPLE 1152	0.005073	-61.3405	36.6814
			*CONTROL_POS_SAMPLE 1344	0.005073	-61.3405	36.6814
			*CONTROL_POS_SAMPLE 1536	0.005073	-61.3405	36.6814
		}
		*CONTROL_ROT_TRACK {
			*CONTROL_ROT_SAMPLE 0	0.593439	-0.164731	0.787842	1.48469
			*CONTROL_ROT_SAMPLE 192	0.669253	-0.322807	0.66925	2.5171
			*CONTROL_ROT_SAMPLE 384	-0.529879	0.698221	-0.481369	3.29186
			*CONTROL_ROT_SAMPLE 576	0.92322	-0.250824	0.291122	1.79757
			*CONTROL_ROT_SAMPLE 768	0.603848	-0.520325	0.603846	2.18204
			*CONTROL_ROT_SAMPLE 960	-0.232347	0.634912	-0.736819	3.53673
			*CONTROL_ROT_SAMPLE 1152	0.926251	-0.36248	0.103288	1.88711
			*CONTROL_ROT_SAMPLE 1344	0.534667	-0.65442	0.534664	1.98264
			*CONTROL_ROT_SAMPLE 1536	-0.122643	0.605118	-0.786632	3.7905
		}
		*CONTROL_SCALE_TRACK {
			*CONTROL_SCALE_SAMPLE	0	1	1	1	0	0	0	0
		}
	}
}
*HELPEROBJECT {
	*NODE_NAME "Bip01 Ponytail1"
	*NODE_PARENT "Bip01 Head"
	*NODE_TM {
		*NODE_NAME "Bip01 Ponytail1"
		*TM_ROW0 5.48363e-006	-0.930538	-0.366196
		*TM_ROW1 3.75509e-006	0.366196	-0.930538
		*TM_ROW2 1	3.75509e-006	5.48363e-006
		*TM_ROW3 0.00508	-64.8011	26.789
		*TM_POS 0.00508	-64.8011	26.789
		*TM_ROTAXIS 0.490554	-0.720218	0.490554
		*TM_ROTANGLE 1.89325
		*TM_SCALE 1	1	1
		*TM_SCALEAXIS 0	0	0
		*TM_SCALEAXISANG 0	0	0
	}
}
*HELPEROBJECT {
	*NODE_NAME "Bip01 L Clavicle"
	*NODE_PARENT "Bip01 Neck"
	*NODE_TM {
		*NODE_NAME "Bip01 L Clavicle"
		*TM_ROW0 0.920961	0.301336	-0.247039
		*TM_ROW1 0.342021	-0.321393	0.883022
		*TM_ROW2 0.186689	-0.897721	-0.399054
		*TM_ROW3 16.6632	-31.268	48.4379
		*TM_POS 16.6632	-31.268	48.4379
		*TM_ROTAXIS -0.971356	-0.236589	0.022193
		*TM_ROTANGLE 1.98203
		*TM_SCALE 1	1	1
		*TM_SCALEAXIS 0	0	0
		*TM_SCALEAXISANG 0	0	0
	}
}
*HELPEROBJECT {
	*NODE_NAME "Bip01 L UpperArm"
	*NODE_PARENT "Bip01 L Clavicle"
	*NODE_TM {
		*NODE_NAME "Bip01 L UpperArm"
		*TM_ROW0 0.351789	0.853356	-0.384745
		*TM_ROW1 0.194978	0.335203	0.92175
		*TM_ROW2 0.915548	-0.399278	-0.0484653
		*TM_ROW3 26.5761	-28.0246	45.7789
		*TM_POS 26.5761	-28.0246	45.7789
		*TM_ROTAXIS -0.671574	-0.661033	-0.334701
		*TM_ROTANGLE 1.75253
		*TM_SCALE 1	1	1
		*TM_SCALEAXIS 0	0	0
		*TM_SCALEAXISANG 0	0	0
	}
}
*HELPEROBJECT {
	*NODE_NAME "Bip01 L Forearm"
	*NODE_PARENT "Bip01 L UpperArm"
	*NODE_TM {
		*NODE_NAME "Bip01 L Forearm"
		*TM_ROW0 -0.162049	-0.255899	-0.953025
		*TM_ROW1 0.36812	0.880393	-0.298991
		*TM_ROW2 0.915548	-0.399278	-0.0484655
		*TM_ROW3 37.2348	-2.1691	34.1217
		*TM_POS 37.2348	-2.1691	34.1217
		*TM_ROTAXIS -0.0508409	-0.94728	0.316349
		*TM_ROTANGLE 1.73662
		*TM_SCALE 1	1	1
		*TM_SCALEAXIS 0	0	0
		*TM_SCALEAXISANG 0	0	0
	}
}
*HELPEROBJECT {
	*NODE_NAME "Bip01 L Hand"
	*NODE_PARENT "Bip01 L Forearm"
	*NODE_TM {
		*NODE_NAME "Bip01 L Hand"
		*TM_ROW0 -0.317029	-0.616262	-0.720912
		*TM_ROW1 0.231118	0.687007	-0.688916
		*TM_ROW2 0.919825	-0.385022	-0.075372
		*TM_ROW3 33.0486	-8.77964	9.50258
		*TM_POS 33.0486	-8.77964	9.50258
		*TM_ROTAXIS 0.162382	-0.876707	0.452787
		*TM_ROTANGLE 1.93125
		*TM_SCALE 1	1	1
		*TM_SCALEAXIS 0	0	0
		*TM_SCALEAXISANG 0	0	0
	}
}
*HELPEROBJECT {
	*NODE_NAME "Bip01 L Finger0"
	*NODE_PARENT "Bip01 L Hand"
	*NODE_TM {
		*NODE_NAME "Bip01 L Finger0"
		*TM_ROW0 -0.386688	-0.921338	-0.0401094
		*TM_ROW1 0.0259033	0.0326245	-0.999132
		*TM_ROW2 0.921847	-0.387391	0.0112502
		*TM_ROW3 26.0444	-16.2728	4.01852
		*TM_POS 26.0444	-16.2728	4.01852
		*TM_ROTAXIS -0.412731	0.649015	-0.639087
		*TM_ROTANGLE 3.97628
		*TM_SCALE 1	1	1
		*TM_SCALEAXIS 0	0	0
		*TM_SCALEAXISANG 0	0	0
	}
}
*HELPEROBJECT {
	*NODE_NAME "Bip01 L Finger01"
	*NODE_PARENT "Bip01 L Finger0"
	*NODE_TM {
		*NODE_NAME "Bip01 L Finger01"
		*TM_ROW0 -0.386688	-0.921338	-0.0401094
		*TM_ROW1 0.0259033	0.0326245	-0.999132
		*TM_ROW2 0.921847	-0.387391	0.0112502
		*TM_ROW3 22.6584	-24.3403	3.6673
		*TM_POS 22.6584	-24.3403	3.6673
		*TM_ROTAXIS -0.412731	0.649015	-0.639087
		*TM_ROTANGLE 3.97628
		*TM_SCALE 1	1	1
		*TM_SCALEAXIS 0	0	0
		*TM_SCALEAXISANG 0	0	0
	}
}
*HELPEROBJECT {
	*NODE_NAME "Bip01 R Clavicle"
	*NODE_PARENT "Bip01 Neck"
	*NODE_TM {
		*NODE_NAME "Bip01 R Clavicle"
		*TM_ROW0 -0.920962	0.301332	-0.247039
		*TM_ROW1 -0.34202	-0.321395	0.883022
		*TM_ROW2 0.186686	0.897722	0.399054
		*TM_ROW3 -16.6532	-31.2681	48.4379
		*TM_POS -16.6532	-31.2681	48.4379
		*TM_ROTAXIS 0.018942	-0.558896	-0.829021
		*TM_ROTANGLE 2.74311
		*TM_SCALE 1	1	1
		*TM_SCALEAXIS 0	0	0
		*TM_SCALEAXISANG 0	0	0
	}
}
*HELPEROBJECT {
	*NODE_NAME "Bip01 R UpperArm"
	*NODE_PARENT "Bip01 R Clavicle"
	*NODE_TM {
		*NODE_NAME "Bip01 R UpperArm"
		*TM_ROW0 -0.324358	0.862793	-0.387788
		*TM_ROW1 -0.217409	0.330981	0.918251
		*TM_ROW2 0.920611	0.382151	0.0802225
		*TM_ROW3 -26.566	-28.0247	45.7789
		*TM_POS -26.566	-28.0247	45.7789
		*TM_ROTAXIS -0.301287	-0.735317	-0.607071
		*TM_ROTANGLE 2.04494
		*TM_SCALE 1	1	1
		*TM_SCALEAXIS 0	0	0
		*TM_SCALEAXISANG 0	0	0
	}
}
*HELPEROBJECT {
	*NODE_NAME "Bip01 R Forearm"
	*NODE_PARENT "Bip01 R UpperArm"
	*NODE_TM {
		*NODE_NAME "Bip01 R Forearm"
		*TM_ROW0 0.175456	-0.221301	-0.959292
		*TM_ROW1 -0.348841	0.897211	-0.270783
		*TM_ROW2 0.920611	0.382151	0.0802225
		*TM_ROW3 -36.3936	-1.88323	34.0294
		*TM_POS -36.3936	-1.88323	34.0294
		*TM_ROTAXIS 0.327425	-0.94271	-0.063957
		*TM_ROTANGLE 1.49428
		*TM_SCALE 1	1	1
		*TM_SCALEAXIS 0	0	0
		*TM_SCALEAXISANG 0	0	0
	}
}
*HELPEROBJECT {
	*NODE_NAME "Bip01 R Hand"
	*NODE_PARENT "Bip01 R Forearm"
	*NODE_TM {
		*NODE_NAME "Bip01 R Hand"
		*TM_ROW0 0.32637	-0.640256	-0.695381
		*TM_ROW1 -0.215111	0.666053	-0.714214
		*TM_ROW2 0.92044	0.382682	0.079654
		*TM_ROW3 -31.8611	-7.6	9.24847
		*TM_POS -31.8611	-7.6	9.24847
		*TM_ROTAXIS 0.548804	-0.808435	0.212711
		*TM_ROTANGLE 1.53475
		*TM_SCALE 1	1	1
		*TM_SCALEAXIS 0	0	0
		*TM_SCALEAXISANG 0	0	0
	}
}
*HELPEROBJECT {
	*NODE_NAME "Bip01 R Finger0"
	*NODE_PARENT "Bip01 R Hand"
	*NODE_TM {
		*NODE_NAME "Bip01 R Finger0"
		*TM_ROW0 0.382285	-0.924035	-0.00418
		*TM_ROW1 -0.00802083	0.00120526	-0.999967
		*TM_ROW2 0.92401	0.382306	-0.00695068
		*TM_ROW3 -24.802	-15.2968	4.129
		*TM_POS -24.802	-15.2968	4.129
		*TM_ROTAXIS 0.727381	-0.488433	0.482026
		*TM_ROTANGLE 1.88781
		*TM_SCALE 1	1	1
		*TM_SCALEAXIS 0	0	0
		*TM_SCALEAXISANG 0	0	0
	}
}
*HELPEROBJECT {
	*NODE_NAME "Bip01 R Finger01"
	*NODE_PARENT "Bip01 R Finger0"
	*NODE_TM {
		*NODE_NAME "Bip01 R Finger01"
		*TM_ROW0 0.382285	-0.924035	-0.00418
		*TM_ROW1 -0.00802083	0.00120526	-0.999967
		*TM_ROW2 0.92401	0.382305	-0.00695068
		*TM_ROW3 -21.4546	-23.388	4.09239
		*TM_POS -21.4546	-23.388	4.09239
		*TM_ROTAXIS 0.727381	-0.488433	0.482026
		*TM_ROTANGLE 1.88781
		*TM_SCALE 1	1	1
		*TM_SCALEAXIS 0	0	0
		*TM_SCALEAXISANG 0	0	0
	}
}
*HELPEROBJECT {
	*NODE_NAME "Bip01 L Thigh"
	*NODE_PARENT "Bip01 Pelvis"
	*NODE_TM {
		*NODE_NAME "Bip01 L Thigh"
		*TM_ROW0 0.610684	0.210562	-0.763367
		*TM_ROW1 0.773864	-0.363122	0.51892
		*TM_ROW2 -0.16793	-0.907638	-0.384699
		*TM_ROW3 21.2837	34.8722	53.6719
		*TM_POS 21.2837	34.8722	53.6719
		*TM_ROTAXIS 0.867065	0.361908	-0.342376
		*TM_ROTANGLE 4.10762
		*TM_SCALE 1	1	1
		*TM_SCALEAXIS 0	0	0
		*TM_SCALEAXISANG 0	0	0
	}
}
*HELPEROBJECT {
	*NODE_NAME "Bip01 L Calf"
	*NODE_PARENT "Bip01 L Thigh"
	*NODE_TM {
		*NODE_NAME "Bip01 L Calf"
		*TM_ROW0 -0.00805876	0.391492	-0.920146
		*TM_ROW1 0.985766	-0.15142	-0.0730581
		*TM_ROW2 -0.167931	-0.907638	-0.384699
		*TM_ROW3 37.5011	40.464	33.3998
		*TM_POS 37.5011	40.464	33.3998
		*TM_ROTAXIS 0.656618	0.591817	-0.467554
		*TM_ROTANGLE 3.83027
		*TM_SCALE 1	1	1
		*TM_SCALEAXIS 0	0	0
		*TM_SCALEAXISANG 0	0	0
	}
}
*HELPEROBJECT {
	*NODE_NAME "Bip01 L Foot"
	*NODE_PARENT "Bip01 L Calf"
	*NODE_TM {
		*NODE_NAME "Bip01 L Foot"
		*TM_ROW0 4.96576e-008	-1.09895e-007	-1
		*TM_ROW1 0.766045	-0.642787	1.65691e-007
		*TM_ROW2 -0.642787	-0.766045	-3.25638e-008
		*TM_ROW3 37.2871	50.8605	8.96422
		*TM_POS 37.2871	50.8605	8.96422
		*TM_ROTAXIS 0.671543	0.313146	-0.671543
		*TM_ROTANGLE 3.74854
		*TM_SCALE 1	1	1
		*TM_SCALEAXIS 0	0	0
		*TM_SCALEAXISANG 0	0	0
	}
}
*HELPEROBJECT {
	*NODE_NAME "Bip01 L Toe0"
	*NODE_PARENT "Bip01 L Foot"
	*NODE_TM {
		*NODE_NAME "Bip01 L Toe0"
		*TM_ROW0 0.766046	-0.642786	1.66791e-008
		*TM_ROW1 -1.09262e-007	-1.67645e-008	1
		*TM_ROW2 -0.642786	-0.766045	4.93926e-008
		*TM_ROW3 46.4839	43.1435	-0.557399
		*TM_POS 46.4839	43.1435	-0.557399
		*TM_ROTAXIS -0.889127	0.323615	0.323615
		*TM_ROTANGLE 1.68804
		*TM_SCALE 1	1	1
		*TM_SCALEAXIS 0	0	0
		*TM_SCALEAXISANG 0	0	0
	}
}
*HELPEROBJECT {
	*NODE_NAME "Bip01 R Thigh"
	*NODE_PARENT "Bip01 Pelvis"
	*NODE_TM {
		*NODE_NAME "Bip01 R Thigh"
		*TM_ROW0 -0.62834	0.194357	-0.753269
		*TM_ROW1 -0.759114	-0.364908	0.539063
		*TM_ROW2 -0.170103	0.910532	0.376826
		*TM_ROW3 -21.2738	34.8722	53.6719
		*TM_POS -21.2738	34.8722	53.6719
		*TM_ROTAXIS 0.315396	-0.495138	-0.809546
		*TM_ROTANGLE 2.5119
		*TM_SCALE 1	1	1
		*TM_SCALEAXIS 0	0	0
		*TM_SCALEAXISANG 0	0	0
	}
}
*HELPEROBJECT {
	*NODE_NAME "Bip01 R Calf"
	*NODE_PARENT "Bip01 R Thigh"
	*NODE_TM {
		*NODE_NAME "Bip01 R Calf"
		*TM_ROW0 0.17571	0.404295	-0.897592
		*TM_ROW1 -0.969635	-0.0864709	-0.228761
		*TM_ROW2 -0.170102	0.910532	0.376825
		*TM_ROW3 -37.9601	40.0336	33.668
		*TM_POS -37.9601	40.0336	33.668
		*TM_ROTAXIS 0.5911	-0.377444	-0.712837
		*TM_ROTANGLE 1.84104
		*TM_SCALE 1	1	1
		*TM_SCALEAXIS 0	0	0
		*TM_SCALEAXISANG 0	0	0
	}
}
*HELPEROBJECT {
	*NODE_NAME "Bip01 R Foot"
	*NODE_PARENT "Bip01 R Calf"
	*NODE_TM {
		*NODE_NAME "Bip01 R Foot"
		*TM_ROW0 1.92907e-008	-9.76445e-008	-1
		*TM_ROW1 -0.766043	-0.642789	5.12037e-008
		*TM_ROW2 -0.642789	0.766043	-4.39191e-008
		*TM_ROW3 -33.294	50.7701	9.83133
		*TM_POS -33.294	50.7701	9.83133
		*TM_ROTAXIS 0.671543	-0.313145	-0.671543
		*TM_ROTANGLE 2.53465
		*TM_SCALE 1	1	1
		*TM_SCALEAXIS 0	0	0
		*TM_SCALEAXISANG 0	0	0
	}
}
*HELPEROBJECT {
	*NODE_NAME "Bip01 R Toe0"
	*NODE_PARENT "Bip01 R Foot"
	*NODE_TM {
		*NODE_NAME "Bip01 R Toe0"
		*TM_ROW0 -0.766044	-0.642788	-3.06424e-007
		*TM_ROW1 -3.47116e-007	8.23757e-009	1
		*TM_ROW2 -0.642788	0.766044	1.56856e-008
		*TM_ROW3 -42.4907	43.0531	0.309701
		*TM_POS -42.4907	43.0531	0.309701
		*TM_ROTAXIS 0.249244	-0.684791	-0.684791
		*TM_ROTANGLE 3.63013
		*TM_SCALE 1	1	1
		*TM_SCALEAXIS 0	0	0
		*TM_SCALEAXISANG 0	0	0
	}
}
*HELPEROBJECT {
	*NODE_NAME "Bip01 Tail"
	*NODE_PARENT "Bip01 Pelvis"
	*NODE_TM {
		*NODE_NAME "Bip01 Tail"
		*TM_ROW0 -1.40071e-006	0.668881	-0.74337
		*TM_ROW1 -3.96371e-006	0.74337	0.668881
		*TM_ROW2 1	3.96371e-006	1.63913e-006
		*TM_ROW3 0.004933	40.5847	69.9972
		*TM_POS 0.004933	40.5847	69.9972
		*TM_ROTAXIS -0.337226	-0.878951	-0.33723
		*TM_ROTANGLE 1.69947
		*TM_SCALE 1	1	1
		*TM_SCALEAXIS 0	0	0
		*TM_SCALEAXISANG 0	0	0
	}
}
*HELPEROBJECT {
	*NODE_NAME "Bip01 Tail1"
	*NODE_PARENT "Bip01 Tail"
	*NODE_TM {
		*NODE_NAME "Bip01 Tail1"
		*TM_ROW0 -3.12924e-007	0.607595	-0.794247
		*TM_ROW1 -4.35114e-006	0.794247	0.607595
		*TM_ROW2 1	3.69549e-006	2.39909e-006
		*TM_ROW3 0.004916	52.744	56.4621
		*TM_POS 0.004916	52.744	56.4621
		*TM_ROTAXIS -0.305416	-0.901909	-0.30542
		*TM_ROTANGLE 1.67385
		*TM_SCALE 1	1	1
		*TM_SCALEAXIS 0	0	0
		*TM_SCALEAXISANG 0	0	0
	}
}
*HELPEROBJECT {
	*NODE_NAME "Bip01 Tail2"
	*NODE_PARENT "Bip01 Tail1"
	*NODE_TM {
		*NODE_NAME "Bip01 Tail2"
		*TM_ROW0 -4.39584e-007	0.396361	-0.918095
		*TM_ROW1 -4.06802e-006	0.918095	0.396361
		*TM_ROW2 1	3.919e-006	1.21072e-006
		*TM_ROW3 0.004901	63.7864	42.0044
		*TM_POS 0.004901	63.7864	42.0044
		*TM_ROTAXIS -0.198345	-0.959853	-0.198349
		*TM_ROTANGLE 1.61176
		*TM_SCALE 1	1	1
		*TM_SCALEAXIS 0	0	0
		*TM_SCALEAXISANG 0	0	0
	}
}
*HELPEROBJECT {
	*NODE_NAME "Bip01 Tail3"
	*NODE_PARENT "Bip01 Tail2"
	*NODE_TM {
		*NODE_NAME "Bip01 Tail3"
		*TM_ROW0 -5.32717e-007	0.371139	-0.928577
		*TM_ROW1 -4.03821e-006	0.928577	0.371139
		*TM_ROW2 1	3.96371e-006	1.0021e-006
		*TM_ROW3 0.004891	70.9851	25.2935
		*TM_POS 0.004891	70.9851	25.2935
		*TM_ROTAXIS -0.185686	-0.964904	-0.18569
		*TM_ROTANGLE 1.60652
		*TM_SCALE 1	1	1
		*TM_SCALEAXIS 0	0	0
		*TM_SCALEAXISANG 0	0	0
	}
}
