*3DSMAX_ASCIIEXPORT	110
*COMMENT "[ GothicSourcer v3.14 ] - June 2007"
*SCENE {
	*SCENE_FILENAME "HARPIE_V5_LOOK.MAX"
	*SCENE_FIRSTFRAME 0
	*SCENE_LASTFRAME 8
	*SCENE_FRAMESPEED 25
	*SCENE_TICKSPERFRAME 192
	*SCENE_BACKGROUND_STATIC 0	0	0
	*SCENE_AMBIENT_STATIC 0.2	0.2	0.2
}
*HELPEROBJECT {
	*NODE_NAME "Bip01"
	*NODE_TM {
		*NODE_NAME "Bip01"
		*TM_ROW0 1.26759e-006	-1	0
		*TM_ROW1 1	1.26759e-006	0
		*TM_ROW2 -0	-0	1
		*TM_ROW3 -2.3e-005	-7.25934	166.747
		*TM_POS -2.3e-005	-7.25934	166.747
		*TM_ROTAXIS 0	0	1
		*TM_ROTANGLE 1.5708
		*TM_SCALE 1	1	1
		*TM_SCALEAXIS 0	0	0
		*TM_SCALEAXISANG 0	0	0
	}
}
*HELPEROBJECT {
	*NODE_NAME "Bip01 Pelvis"
	*NODE_PARENT "Bip01"
	*NODE_TM {
		*NODE_NAME "Bip01 Pelvis"
		*TM_ROW0 -1.19209e-006	-1.64892e-007	1
		*TM_ROW1 2.99332e-006	-1	-1.64887e-007
		*TM_ROW2 1	2.99332e-006	1.66893e-006
		*TM_ROW3 -1.3e-005	-7.28886	166.747
		*TM_POS -1.3e-005	-7.28886	166.747
		*TM_ROTAXIS -0.707106	-1e-006	-0.707107
		*TM_ROTANGLE 3.14159
		*TM_SCALE 1	1	1
		*TM_SCALEAXIS 0	0	0
		*TM_SCALEAXISANG 0	0	0
	}
}
*HELPEROBJECT {
	*NODE_NAME "Bip01 Spine"
	*NODE_PARENT "Bip01 Pelvis"
	*NODE_TM {
		*NODE_NAME "Bip01 Spine"
		*TM_ROW0 7.7486e-007	-0.746814	0.665033
		*TM_ROW1 -1.78814e-006	-0.665033	-0.746814
		*TM_ROW2 1	-6.55651e-007	-1.66893e-006
		*TM_ROW3 -1.3e-005	-7.28726	169.97
		*TM_POS -1.3e-005	-7.28726	169.97
		*TM_ROTAXIS 0.67402	-0.302317	0.674019
		*TM_ROTANGLE 2.55443
		*TM_SCALE 1	1	1
		*TM_SCALEAXIS 0	0	0
		*TM_SCALEAXISANG 0	0	0
	}
}
*HELPEROBJECT {
	*NODE_NAME "Bip01 Spine1"
	*NODE_PARENT "Bip01 Spine"
	*NODE_TM {
		*NODE_NAME "Bip01 Spine1"
		*TM_ROW0 6.55651e-007	-0.746564	0.665314
		*TM_ROW1 -1.93715e-006	-0.665314	-0.746564
		*TM_ROW2 1	-8.34465e-007	-1.84774e-006
		*TM_ROW3 2.86258e-011	-16.0066	177.744
		*TM_POS 2.86258e-011	-16.0066	177.744
		*TM_ROTAXIS 0.674051	-0.302179	0.67405
		*TM_ROTANGLE 2.55469
		*TM_SCALE 1	1	1
		*TM_SCALEAXIS 0	0	0
		*TM_SCALEAXISANG 0	0	0
	}
}
*HELPEROBJECT {
	*NODE_NAME "Bip01 Spine2"
	*NODE_PARENT "Bip01 Spine1"
	*NODE_TM {
		*NODE_NAME "Bip01 Spine2"
		*TM_ROW0 1.01328e-006	-0.47333	0.880885
		*TM_ROW1 -2.16067e-006	-0.880885	-0.47333
		*TM_ROW2 1	-1.49012e-006	-1.66893e-006
		*TM_ROW3 9.00002e-006	-22.3184	183.376
		*TM_POS 9.00002e-006	-22.3184	183.376
		*TM_ROTAXIS 0.696171	-0.175194	0.69617
		*TM_ROTANGLE 2.79473
		*TM_SCALE 1	1	1
		*TM_SCALEAXIS 0	0	0
		*TM_SCALEAXISANG 0	0	0
	}
}
*HELPEROBJECT {
	*NODE_NAME "Bip01 Spine3"
	*NODE_PARENT "Bip01 Spine2"
	*NODE_TM {
		*NODE_NAME "Bip01 Spine3"
		*TM_ROW0 1.19209e-007	-0.176847	0.984239
		*TM_ROW1 -7.8231e-007	-0.984238	-0.176847
		*TM_ROW2 1	-7.82311e-007	1.19209e-007
		*TM_ROW3 1.5e-005	-25.8643	189.998
		*TM_POS 1.5e-005	-25.8643	189.998
		*TM_ROTAXIS -0.705707	0.062897	-0.705707
		*TM_ROTANGLE 3.26722
		*TM_SCALE 1	1	1
		*TM_SCALEAXIS 0	0	0
		*TM_SCALEAXISANG 0	0	0
	}
}
*HELPEROBJECT {
	*NODE_NAME "Bip01 Neck"
	*NODE_PARENT "Bip01 Spine3"
	*NODE_TM {
		*NODE_NAME "Bip01 Neck"
		*TM_ROW0 1.49012e-006	-0.867646	0.497183
		*TM_ROW1 -2.563e-006	-0.497183	-0.867646
		*TM_ROW2 1	1.19209e-007	-3.09944e-006
		*TM_ROW3 1.8e-005	-28.4017	204.136
		*TM_POS 1.8e-005	-28.4017	204.136
		*TM_ROTAXIS 0.654303	-0.379181	0.654301
		*TM_ROTANGLE 2.41673
		*TM_SCALE 1	1	1
		*TM_SCALEAXIS 0	0	0
		*TM_SCALEAXISANG 0	0	0
	}
	*TM_ANIMATION {
		*NODE_NAME  "Bip01 Neck"
		*CONTROL_POS_TRACK {
			*CONTROL_POS_SAMPLE 0	-0.000123063	-28.4009	204.129
			*CONTROL_POS_SAMPLE 192	-0.000123063	-28.4009	204.129
			*CONTROL_POS_SAMPLE 384	-0.000123063	-28.4009	204.129
			*CONTROL_POS_SAMPLE 576	-0.000123063	-28.4009	204.129
			*CONTROL_POS_SAMPLE 768	-0.000123063	-28.4009	204.129
			*CONTROL_POS_SAMPLE 960	-0.000123063	-28.4009	204.129
			*CONTROL_POS_SAMPLE 1152	-0.000123063	-28.4009	204.129
			*CONTROL_POS_SAMPLE 1344	-0.000123063	-28.4009	204.129
			*CONTROL_POS_SAMPLE 1536	-0.000123063	-28.4009	204.129
		}
		*CONTROL_ROT_TRACK {
			*CONTROL_ROT_SAMPLE 0	0.677368	0.286956	0.677368	3.70049
			*CONTROL_ROT_SAMPLE 192	0.677368	0.286956	0.677368	3.70049
			*CONTROL_ROT_SAMPLE 384	0.677368	0.286956	0.677368	3.70049
			*CONTROL_ROT_SAMPLE 576	0.677368	0.286956	0.677368	3.70049
			*CONTROL_ROT_SAMPLE 768	0.677368	0.286956	0.677368	3.70049
			*CONTROL_ROT_SAMPLE 960	0.677368	0.286956	0.677368	3.70049
			*CONTROL_ROT_SAMPLE 1152	0.677368	0.286956	0.677368	3.70049
			*CONTROL_ROT_SAMPLE 1344	0.677368	0.286956	0.677368	3.70049
			*CONTROL_ROT_SAMPLE 1536	0.677368	0.286956	0.677368	3.70049
		}
		*CONTROL_SCALE_TRACK {
			*CONTROL_SCALE_SAMPLE	0	1	1	1	0	0	0	0
		}
	}
}
*HELPEROBJECT {
	*NODE_NAME "Bip01 L Clavicle"
	*NODE_PARENT "Bip01 Neck"
	*NODE_TM {
		*NODE_NAME "Bip01 L Clavicle"
		*TM_ROW0 0.71119	0.611782	0.346311
		*TM_ROW1 -0.682	0.719928	0.128765
		*TM_ROW2 -0.170543	-0.32776	0.929241
		*TM_ROW3 5.9035	-26.6337	202.015
		*TM_POS 5.9035	-26.6337	202.015
		*TM_ROTAXIS -0.311389	0.352539	-0.88247
		*TM_ROTANGLE 0.822789
		*TM_SCALE 1	1	1
		*TM_SCALEAXIS 0	0	0
		*TM_SCALEAXISANG 0	0	0
	}
}
*HELPEROBJECT {
	*NODE_NAME "Bip01 L UpperArm"
	*NODE_PARENT "Bip01 L Clavicle"
	*NODE_TM {
		*NODE_NAME "Bip01 L UpperArm"
		*TM_ROW0 0.662387	0.0119074	-0.749068
		*TM_ROW1 0.0966139	0.990166	0.101174
		*TM_ROW2 0.742906	-0.139387	0.654723
		*TM_ROW3 11.5228	-21.7998	204.751
		*TM_POS 11.5228	-21.7998	204.751
		*TM_ROTAXIS -0.158931	-0.985702	0.0559631
		*TM_ROTANGLE 0.858415
		*TM_SCALE 1	1	1
		*TM_SCALEAXIS 0	0	0
		*TM_SCALEAXISANG 0	0	0
	}
}
*HELPEROBJECT {
	*NODE_NAME "Bip01 L Forearm"
	*NODE_PARENT "Bip01 L UpperArm"
	*NODE_TM {
		*NODE_NAME "Bip01 L Forearm"
		*TM_ROW0 0.159885	-0.912823	-0.375755
		*TM_ROW1 0.650021	0.38383	-0.655856
		*TM_ROW2 0.742906	-0.139387	0.654723
		*TM_ROW3 27.16	-21.5187	187.068
		*TM_POS 27.16	-21.5187	187.068
		*TM_ROTAXIS 0.259515	-0.562104	0.785297
		*TM_ROTANGLE 1.47141
		*TM_SCALE 1	1	1
		*TM_SCALEAXIS 0	0	0
		*TM_SCALEAXISANG 0	0	0
	}
}
*HELPEROBJECT {
	*NODE_NAME "Bip01 L Hand"
	*NODE_PARENT "Bip01 L Forearm"
	*NODE_TM {
		*NODE_NAME "Bip01 L Hand"
		*TM_ROW0 0.0294063	-0.793509	-0.607848
		*TM_ROW1 -0.850676	0.299448	-0.432066
		*TM_ROW2 0.524867	0.529787	-0.666214
		*TM_ROW3 31.1744	-44.4377	177.633
		*TM_POS 31.1744	-44.4377	177.633
		*TM_ROTAXIS -0.646797	0.761693	0.038442
		*TM_ROTANGLE 3.97996
		*TM_SCALE 1	1	1
		*TM_SCALEAXIS 0	0	0
		*TM_SCALEAXISANG 0	0	0
	}
}
*HELPEROBJECT {
	*NODE_NAME "Bip01 L Finger0"
	*NODE_PARENT "Bip01 L Hand"
	*NODE_TM {
		*NODE_NAME "Bip01 L Finger0"
		*TM_ROW0 -0.720128	-0.527772	-0.450414
		*TM_ROW1 -0.504216	0.844006	-0.182815
		*TM_ROW2 0.476637	0.0954553	-0.873903
		*TM_ROW3 26.4206	-50.4232	178.51
		*TM_POS 26.4206	-50.4232	178.51
		*TM_ROTAXIS -0.28741	0.957499	-0.0243299
		*TM_ROTANGLE 3.64693
		*TM_SCALE 1	1	1
		*TM_SCALEAXIS 0	0	0
		*TM_SCALEAXISANG 0	0	0
	}
}
*HELPEROBJECT {
	*NODE_NAME "Bip01 L Finger1"
	*NODE_PARENT "Bip01 L Hand"
	*NODE_TM {
		*NODE_NAME "Bip01 L Finger1"
		*TM_ROW0 -0.837399	0.178454	-0.51664
		*TM_ROW1 -0.154883	0.828992	0.537386
		*TM_ROW2 0.524189	0.530025	-0.666557
		*TM_ROW3 32.6567	-53.7873	168.231
		*TM_POS 32.6567	-53.7873	168.231
		*TM_ROTAXIS 0.00673499	0.95233	0.304994
		*TM_ROTANGLE 3.71973
		*TM_SCALE 1	1	1
		*TM_SCALEAXIS 0	0	0
		*TM_SCALEAXISANG 0	0	0
	}
}
*HELPEROBJECT {
	*NODE_NAME "Bip01 R Clavicle"
	*NODE_PARENT "Bip01 Neck"
	*NODE_TM {
		*NODE_NAME "Bip01 R Clavicle"
		*TM_ROW0 -0.711193	0.611779	0.346311
		*TM_ROW1 0.681997	0.71993	0.128766
		*TM_ROW2 -0.170544	0.32776	-0.929241
		*TM_ROW3 -6.08921	-26.6337	202.015
		*TM_POS -6.08921	-26.6337	202.015
		*TM_ROTAXIS 0.356447	0.925811	0.125777
		*TM_ROTANGLE 2.8587
		*TM_SCALE 1	1	1
		*TM_SCALEAXIS 0	0	0
		*TM_SCALEAXISANG 0	0	0
	}
}
*HELPEROBJECT {
	*NODE_NAME "Bip01 R UpperArm"
	*NODE_PARENT "Bip01 R Clavicle"
	*NODE_TM {
		*NODE_NAME "Bip01 R UpperArm"
		*TM_ROW0 -0.662386	0.0119051	-0.749068
		*TM_ROW1 -0.096617	0.990166	0.101174
		*TM_ROW2 0.742906	0.139389	-0.654722
		*TM_ROW3 -11.7085	-21.7999	204.751
		*TM_POS -11.7085	-21.7999	204.751
		*TM_ROTAXIS -0.025538	0.99704	0.072522
		*TM_ROTANGLE 3.98694
		*TM_SCALE 1	1	1
		*TM_SCALEAXIS 0	0	0
		*TM_SCALEAXISANG 0	0	0
	}
}
*HELPEROBJECT {
	*NODE_NAME "Bip01 R Forearm"
	*NODE_PARENT "Bip01 R UpperArm"
	*NODE_TM {
		*NODE_NAME "Bip01 R Forearm"
		*TM_ROW0 -0.159882	-0.912824	-0.375754
		*TM_ROW1 -0.650023	0.383828	-0.655856
		*TM_ROW2 0.742906	0.139389	-0.654723
		*TM_ROW3 -27.3458	-21.5189	187.068
		*TM_POS -27.3458	-21.5189	187.068
		*TM_ROTAXIS -0.569067	0.800498	-0.188057
		*TM_ROTANGLE 3.91521
		*TM_SCALE 1	1	1
		*TM_SCALEAXIS 0	0	0
		*TM_SCALEAXISANG 0	0	0
	}
}
*HELPEROBJECT {
	*NODE_NAME "Bip01 R Hand"
	*NODE_PARENT "Bip01 R Forearm"
	*NODE_TM {
		*NODE_NAME "Bip01 R Hand"
		*TM_ROW0 -0.0294039	-0.793509	-0.607848
		*TM_ROW1 0.868475	0.280779	-0.408552
		*TM_ROW2 0.49486	-0.539914	0.680886
		*TM_ROW3 -31.36	-44.4378	177.633
		*TM_POS -31.36	-44.4378	177.633
		*TM_ROTAXIS -0.065719	-0.551671	0.831469
		*TM_ROTANGLE 1.60467
		*TM_SCALE 1	1	1
		*TM_SCALEAXIS 0	0	0
		*TM_SCALEAXISANG 0	0	0
	}
}
*HELPEROBJECT {
	*NODE_NAME "Bip01 R Finger0"
	*NODE_PARENT "Bip01 R Hand"
	*NODE_TM {
		*NODE_NAME "Bip01 R Finger0"
		*TM_ROW0 0.688268	-0.483396	-0.54094
		*TM_ROW1 0.632441	0.765103	0.120978
		*TM_ROW2 0.355394	-0.425378	0.832315
		*TM_ROW3 -26.5311	-50.6739	178.282
		*TM_POS -26.5311	-50.6739	178.282
		*TM_ROTAXIS -0.35663	-0.585076	0.728355
		*TM_ROTANGLE 0.872592
		*TM_SCALE 1	1	1
		*TM_SCALEAXIS 0	0	0
		*TM_SCALEAXISANG 0	0	0
	}
}
*HELPEROBJECT {
	*NODE_NAME "Bip01 R Finger1"
	*NODE_PARENT "Bip01 R Hand"
	*NODE_TM {
		*NODE_NAME "Bip01 R Finger1"
		*TM_ROW0 0.835946	0.0800541	-0.542941
		*TM_ROW1 0.238729	0.837761	0.491086
		*TM_ROW2 0.494169	-0.540137	0.681212
		*TM_ROW3 -32.7119	-53.8404	168.294
		*TM_POS -32.7119	-53.8404	168.294
		*TM_ROTAXIS -0.700978	-0.70498	0.10786
		*TM_ROTANGLE 0.826493
		*TM_SCALE 1	1	1
		*TM_SCALEAXIS 0	0	0
		*TM_SCALEAXISANG 0	0	0
	}
}
*HELPEROBJECT {
	*NODE_NAME "Bip01 Head"
	*NODE_PARENT "Bip01 Neck"
	*NODE_TM {
		*NODE_NAME "Bip01 Head"
		*TM_ROW0 -4.76837e-007	-0.573575	0.819153
		*TM_ROW1 -1.40071e-006	-0.819153	-0.573575
		*TM_ROW2 1	-1.40071e-006	-4.76837e-007
		*TM_ROW3 2.5e-005	-32.9831	206.761
		*TM_POS 2.5e-005	-32.9831	206.761
		*TM_ROTAXIS -0.690162	0.217607	-0.690162
		*TM_ROTANGLE 3.57012
		*TM_SCALE 1	1	1
		*TM_SCALEAXIS 0	0	0
		*TM_SCALEAXISANG 0	0	0
	}
	*TM_ANIMATION {
		*NODE_NAME  "Bip01 Head"
		*CONTROL_POS_TRACK {
			*CONTROL_POS_SAMPLE 0	-0.000259059	-24.6077	207.802
			*CONTROL_POS_SAMPLE 192	-0.000259059	-24.6077	207.802
			*CONTROL_POS_SAMPLE 384	-0.000259059	-24.6077	207.802
			*CONTROL_POS_SAMPLE 576	-0.000259059	-24.6077	207.802
			*CONTROL_POS_SAMPLE 768	-0.000259059	-24.6077	207.802
			*CONTROL_POS_SAMPLE 960	-0.000259059	-24.6077	207.802
			*CONTROL_POS_SAMPLE 1152	-0.000259059	-24.6077	207.802
			*CONTROL_POS_SAMPLE 1344	-0.000259059	-24.6077	207.802
			*CONTROL_POS_SAMPLE 1536	-0.000259059	-24.6077	207.802
		}
		*CONTROL_ROT_TRACK {
			*CONTROL_ROT_SAMPLE 0	-0.470532	-0.531266	-0.704525	3.4917
			*CONTROL_ROT_SAMPLE 192	0.680418	0.292613	0.67187	3.72108
			*CONTROL_ROT_SAMPLE 384	-0.774378	0.110197	-0.623053	1.98141
			*CONTROL_ROT_SAMPLE 576	-0.581943	-0.344579	-0.736619	3.81217
			*CONTROL_ROT_SAMPLE 768	0.709691	0.102547	0.69701	3.35865
			*CONTROL_ROT_SAMPLE 960	0.713372	-0.328228	0.619167	3.85164
			*CONTROL_ROT_SAMPLE 1152	0.698153	0.191664	0.689817	2.32401
			*CONTROL_ROT_SAMPLE 1344	-0.695757	0.168541	-0.698224	3.45709
			*CONTROL_ROT_SAMPLE 1536	0.705645	-0.421279	0.569727	3.41856
		}
		*CONTROL_SCALE_TRACK {
			*CONTROL_SCALE_SAMPLE	0	1	1	1	0	0	0	0
		}
	}
}
*HELPEROBJECT {
	*NODE_NAME "Bip01 Wingbone_R1"
	*NODE_PARENT "Bip01 Spine3"
	*NODE_TM {
		*NODE_NAME "Bip01 Wingbone_R1"
		*TM_ROW0 0.990944	0.00901791	-0.133975
		*TM_ROW1 0.0230219	0.971559	0.235676
		*TM_ROW2 0.13229	-0.236626	0.962552
		*TM_ROW3 -6.6313	-17.6941	200.235
		*TM_POS -6.6313	-17.6941	200.235
		*TM_ROTAXIS -0.870816	-0.490931	0.02582
		*TM_ROTANGLE 0.274623
		*TM_SCALE 1	1	1
		*TM_SCALEAXIS 0	0	0
		*TM_SCALEAXISANG 0	0	0
	}
}
*HELPEROBJECT {
	*NODE_NAME "Bip01 Wingbone_R2"
	*NODE_PARENT "Bip01 Wingbone_R1"
	*NODE_TM {
		*NODE_NAME "Bip01 Wingbone_R2"
		*TM_ROW0 0.999124	-0.0344585	0.0237364
		*TM_ROW1 0.0259994	0.955734	0.293079
		*TM_ROW2 -0.0327848	-0.292205	0.955793
		*TM_ROW3 -12.2687	-7.20593	213.801
		*TM_POS -12.2687	-7.20593	213.801
		*TM_ROTAXIS -0.990149	0.095619	0.102279
		*TM_ROTANGLE 0.300035
		*TM_SCALE 1	1	1
		*TM_SCALEAXIS 0	0	0
		*TM_SCALEAXISANG 0	0	0
	}
}
*HELPEROBJECT {
	*NODE_NAME "Bip01 Wingbone_R3"
	*NODE_PARENT "Bip01 Wingbone_R2"
	*NODE_TM {
		*NODE_NAME "Bip01 Wingbone_R3"
		*TM_ROW0 0.999124	-0.0344585	0.0237364
		*TM_ROW1 0.0259993	0.955734	0.293079
		*TM_ROW2 -0.0327848	-0.292205	0.955793
		*TM_ROW3 -18.0543	-12.945	255.745
		*TM_POS -18.0543	-12.945	255.745
		*TM_ROTAXIS -0.990149	0.0956191	0.102279
		*TM_ROTANGLE 0.300035
		*TM_SCALE 1	1	1
		*TM_SCALEAXIS 0	0	0
		*TM_SCALEAXISANG 0	0	0
	}
}
*HELPEROBJECT {
	*NODE_NAME "Bip01 Wingbone_R4"
	*NODE_PARENT "Bip01 Wingbone_R3"
	*NODE_TM {
		*NODE_NAME "Bip01 Wingbone_R4"
		*TM_ROW0 0.999124	-0.0344585	0.0237364
		*TM_ROW1 0.0259993	0.955734	0.293079
		*TM_ROW2 -0.0327848	-0.292205	0.955793
		*TM_ROW3 -13.9382	13.9065	283.802
		*TM_POS -13.9382	13.9065	283.802
		*TM_ROTAXIS -0.990149	0.0956191	0.102279
		*TM_ROTANGLE 0.300035
		*TM_SCALE 1	1	1
		*TM_SCALEAXIS 0	0	0
		*TM_SCALEAXISANG 0	0	0
	}
}
*HELPEROBJECT {
	*NODE_NAME "Bip01 Wingbone_R2A"
	*NODE_PARENT "Bip01 Wingbone_R2"
	*NODE_TM {
		*NODE_NAME "Bip01 Wingbone_R2A"
		*TM_ROW0 0.999124	-0.0344593	0.0237325
		*TM_ROW1 -0.0260012	-0.955734	-0.293079
		*TM_ROW2 0.0327813	0.292205	-0.955794
		*TM_ROW3 -17.1845	-10.7051	255.085
		*TM_POS -17.1845	-10.7051	255.085
		*TM_ROTAXIS 0.999776	-0.015457	0.014448
		*TM_ROTANGLE 2.84454
		*TM_SCALE 1	1	1
		*TM_SCALEAXIS 0	0	0
		*TM_SCALEAXISANG 0	0	0
	}
}
*HELPEROBJECT {
	*NODE_NAME "Bip01 Wingbone_R1A"
	*NODE_PARENT "Bip01 Wingbone_R1"
	*NODE_TM {
		*NODE_NAME "Bip01 Wingbone_R1A"
		*TM_ROW0 0.990943	0.00901757	-0.133978
		*TM_ROW1 -0.023023	-0.971559	-0.235676
		*TM_ROW2 -0.132293	0.236626	-0.962552
		*TM_ROW3 -10.7061	-5.12355	212.108
		*TM_POS -10.7061	-5.12355	212.108
		*TM_ROTAXIS 0.997701	-0.00356	-0.067683
		*TM_ROTANGLE 2.90263
		*TM_SCALE 1	1	1
		*TM_SCALEAXIS 0	0	0
		*TM_SCALEAXISANG 0	0	0
	}
}
*HELPEROBJECT {
	*NODE_NAME "Bip01 Wingbone_L1"
	*NODE_PARENT "Bip01 Spine3"
	*NODE_TM {
		*NODE_NAME "Bip01 Wingbone_L1"
		*TM_ROW0 0.990943	-0.00901777	0.133976
		*TM_ROW1 -0.0230223	0.971559	0.235677
		*TM_ROW2 -0.132291	-0.236627	0.962552
		*TM_ROW3 6.47145	-17.7508	200.252
		*TM_POS 6.47145	-17.7508	200.252
		*TM_ROTAXIS -0.870815	0.490933	-0.025821
		*TM_ROTANGLE 0.274624
		*TM_SCALE 1	1	1
		*TM_SCALEAXIS 0	0	0
		*TM_SCALEAXISANG 0	0	0
	}
}
*HELPEROBJECT {
	*NODE_NAME "Bip01 Wingbone_L2"
	*NODE_PARENT "Bip01 Wingbone_L1"
	*NODE_TM {
		*NODE_NAME "Bip01 Wingbone_L2"
		*TM_ROW0 0.999124	0.0344587	-0.0237357
		*TM_ROW1 -0.0259997	0.955734	0.293079
		*TM_ROW2 0.0327842	-0.292205	0.955793
		*TM_ROW3 13.1528	-7.45866	215.559
		*TM_POS 13.1528	-7.45866	215.559
		*TM_ROTAXIS -0.99015	-0.095617	-0.10228
		*TM_ROTANGLE 0.300035
		*TM_SCALE 1	1	1
		*TM_SCALEAXIS 0	0	0
		*TM_SCALEAXISANG 0	0	0
	}
}
*HELPEROBJECT {
	*NODE_NAME "Bip01 Wingbone_L3"
	*NODE_PARENT "Bip01 Wingbone_L2"
	*NODE_TM {
		*NODE_NAME "Bip01 Wingbone_L3"
		*TM_ROW0 0.999124	0.0344587	-0.0237357
		*TM_ROW1 -0.0259997	0.955734	0.293079
		*TM_ROW2 0.0327842	-0.292205	0.955793
		*TM_ROW3 17.616	-12.9357	256.333
		*TM_POS 17.616	-12.9357	256.333
		*TM_ROTAXIS -0.99015	-0.095617	-0.10228
		*TM_ROTANGLE 0.300035
		*TM_SCALE 1	1	1
		*TM_SCALEAXIS 0	0	0
		*TM_SCALEAXISANG 0	0	0
	}
}
*HELPEROBJECT {
	*NODE_NAME "Bip01 Wingbone_L4"
	*NODE_PARENT "Bip01 Wingbone_L3"
	*NODE_TM {
		*NODE_NAME "Bip01 Wingbone_L4"
		*TM_ROW0 0.999124	0.0344587	-0.0237357
		*TM_ROW1 -0.0259997	0.955734	0.293079
		*TM_ROW2 0.0327842	-0.292205	0.955793
		*TM_ROW3 14.1997	14.2615	283.426
		*TM_POS 14.1997	14.2615	283.426
		*TM_ROTAXIS -0.99015	-0.095617	-0.10228
		*TM_ROTANGLE 0.300035
		*TM_SCALE 1	1	1
		*TM_SCALEAXIS 0	0	0
		*TM_SCALEAXISANG 0	0	0
	}
}
*HELPEROBJECT {
	*NODE_NAME "Bip01 Wingbone_L2A"
	*NODE_PARENT "Bip01 Wingbone_L2"
	*NODE_TM {
		*NODE_NAME "Bip01 Wingbone_L2A"
		*TM_ROW0 0.999124	0.0344587	-0.0237357
		*TM_ROW1 -0.0259997	0.955734	0.293079
		*TM_ROW2 0.0327842	-0.292205	0.955793
		*TM_ROW3 16.9118	-10.6637	255.315
		*TM_POS 16.9118	-10.6637	255.315
		*TM_ROTAXIS -0.99015	-0.095617	-0.10228
		*TM_ROTANGLE 0.300035
		*TM_SCALE 1	1	1
		*TM_SCALEAXIS 0	0	0
		*TM_SCALEAXISANG 0	0	0
	}
}
*HELPEROBJECT {
	*NODE_NAME "Bip01 Wingbone_L1A"
	*NODE_PARENT "Bip01 Wingbone_L1"
	*NODE_TM {
		*NODE_NAME "Bip01 Wingbone_L1A"
		*TM_ROW0 0.990943	-0.00901777	0.133976
		*TM_ROW1 -0.0230223	0.971559	0.235677
		*TM_ROW2 -0.132291	-0.236627	0.962552
		*TM_ROW3 10.7034	-5.1241	212.161
		*TM_POS 10.7034	-5.1241	212.161
		*TM_ROTAXIS -0.870815	0.490933	-0.025821
		*TM_ROTANGLE 0.274624
		*TM_SCALE 1	1	1
		*TM_SCALEAXIS 0	0	0
		*TM_SCALEAXISANG 0	0	0
	}
}
*HELPEROBJECT {
	*NODE_NAME "Bip01 L Thigh"
	*NODE_PARENT "Bip01 Spine"
	*NODE_TM {
		*NODE_NAME "Bip01 L Thigh"
		*TM_ROW0 0.281583	-0.958428	-0.046114
		*TM_ROW1 0.0810748	-0.0241222	0.996416
		*TM_ROW2 -0.956105	-0.284313	0.070912
		*TM_ROW3 8.11149	-7.28886	166.747
		*TM_POS 8.11149	-7.28886	166.747
		*TM_ROTAXIS -0.679844	0.483047	0.551795
		*TM_ROTANGLE 1.91326
		*TM_SCALE 1	1	1
		*TM_SCALEAXIS 0	0	0
		*TM_SCALEAXISANG 0	0	0
	}
}
*HELPEROBJECT {
	*NODE_NAME "Bip01 L Calf"
	*NODE_PARENT "Bip01 L Thigh"
	*NODE_TM {
		*NODE_NAME "Bip01 L Calf"
		*TM_ROW0 -0.286719	0.857804	-0.426574
		*TM_ROW1 0.0604517	-0.428181	-0.901669
		*TM_ROW2 -0.956106	-0.284313	0.070912
		*TM_ROW3 17.9204	-40.6755	165.141
		*TM_POS 17.9204	-40.6755	165.141
		*TM_ROTAXIS 0.54202	0.464913	-0.700051
		*TM_ROTANGLE 2.5357
		*TM_SCALE 1	1	1
		*TM_SCALEAXIS 0	0	0
		*TM_SCALEAXISANG 0	0	0
	}
}
*HELPEROBJECT {
	*NODE_NAME "Bip01 L HorseLink"
	*NODE_PARENT "Bip01 L Calf"
	*NODE_TM {
		*NODE_NAME "Bip01 L HorseLink"
		*TM_ROW0 0.150792	-0.684896	-0.712868
		*TM_ROW1 0.251245	-0.670884	0.697704
		*TM_ROW2 -0.956106	-0.284312	0.0709132
		*TM_ROW3 9.80011	-16.3814	153.06
		*TM_POS 9.80011	-16.3814	153.06
		*TM_ROTAXIS 0.712452	-0.176469	-0.679169
		*TM_ROTANGLE 3.90195
		*TM_SCALE 1	1	1
		*TM_SCALEAXIS 0	0	0
		*TM_SCALEAXISANG 0	0	0
	}
}
*HELPEROBJECT {
	*NODE_NAME "Bip01 L Foot"
	*NODE_PARENT "Bip01 L HorseLink"
	*NODE_TM {
		*NODE_NAME "Bip01 L Foot"
		*TM_ROW0 0.0346217	-0.196341	-0.979924
		*TM_ROW1 0.280553	-0.939176	0.198089
		*TM_ROW2 -0.959214	-0.281779	0.0225687
		*TM_ROW3 13.1822	-31.7429	137.071
		*TM_POS 13.1822	-31.7429	137.071
		*TM_ROTAXIS 0.708969	0.030598	-0.704576
		*TM_ROTANGLE 3.48684
		*TM_SCALE 1	1	1
		*TM_SCALEAXIS 0	0	0
		*TM_SCALEAXISANG 0	0	0
	}
}
*HELPEROBJECT {
	*NODE_NAME "Bip01 L Toe0"
	*NODE_PARENT "Bip01 L Foot"
	*NODE_TM {
		*NODE_NAME "Bip01 L Toe0"
		*TM_ROW0 0.103764	-0.425237	-0.899114
		*TM_ROW1 0.26295	-0.860101	0.437132
		*TM_ROW2 -0.959214	-0.28178	0.0225687
		*TM_ROW3 17.9935	-48.3059	134.765
		*TM_POS 17.9935	-48.3059	134.765
		*TM_ROTAXIS 0.721061	-0.060279	-0.690244
		*TM_ROTANGLE 3.66347
		*TM_SCALE 1	1	1
		*TM_SCALEAXIS 0	0	0
		*TM_SCALEAXISANG 0	0	0
	}
}
*HELPEROBJECT {
	*NODE_NAME "Bip01 Foot_L Toe1"
	*NODE_PARENT "Bip01 L Foot"
	*NODE_TM {
		*NODE_NAME "Bip01 Foot_L Toe1"
		*TM_ROW0 0.891007	0.374146	-0.257143
		*TM_ROW1 -0.45399	0.734302	-0.504671
		*TM_ROW2 -2.55201e-007	0.566406	0.824126
		*TM_ROW3 10.8106	-27.998	133.751
		*TM_POS 10.8106	-27.998	133.751
		*TM_ROTAXIS 0.777217	-0.186593	-0.600929
		*TM_ROTANGLE 0.760172
		*TM_SCALE 1	1	1
		*TM_SCALEAXIS 0	0	0
		*TM_SCALEAXISANG 0	0	0
	}
}
*HELPEROBJECT {
	*NODE_NAME "Bip01 R Thigh"
	*NODE_PARENT "Bip01 Spine"
	*NODE_TM {
		*NODE_NAME "Bip01 R Thigh"
		*TM_ROW0 -0.414941	-0.90538	-0.0900677
		*TM_ROW1 -0.132625	-0.0377471	0.990447
		*TM_ROW2 -0.90013	0.422922	-0.104413
		*TM_ROW3 -8.11151	-7.28888	166.747
		*TM_POS -8.11151	-7.28888	166.747
		*TM_ROTAXIS -0.452152	0.645384	0.61566
		*TM_ROTANGLE 2.46315
		*TM_SCALE 1	1	1
		*TM_SCALEAXIS 0	0	0
		*TM_SCALEAXISANG 0	0	0
	}
}
*HELPEROBJECT {
	*NODE_NAME "Bip01 R Calf"
	*NODE_PARENT "Bip01 R Thigh"
	*NODE_TM {
		*NODE_NAME "Bip01 R Calf"
		*TM_ROW0 0.426091	0.804916	-0.412985
		*TM_ROW1 -0.0906171	-0.41623	-0.904733
		*TM_ROW2 -0.90013	0.422922	-0.104413
		*TM_ROW3 -21.4952	-36.4914	163.842
		*TM_POS -21.4952	-36.4914	163.842
		*TM_ROTAXIS 0.793149	0.291023	-0.534996
		*TM_ROTANGLE 2.1499
		*TM_SCALE 1	1	1
		*TM_SCALEAXIS 0	0	0
		*TM_SCALEAXISANG 0	0	0
	}
}
*HELPEROBJECT {
	*NODE_NAME "Bip01 R HorseLink"
	*NODE_PARENT "Bip01 R Calf"
	*NODE_TM {
		*NODE_NAME "Bip01 R HorseLink"
		*TM_ROW0 -0.26482	-0.721563	-0.639701
		*TM_ROW1 -0.345884	-0.548164	0.761499
		*TM_ROW2 -0.90013	0.422922	-0.104413
		*TM_ROW3 -10.6236	-15.9542	153.305
		*TM_POS -10.6236	-15.9542	153.305
		*TM_ROTAXIS 0.595193	-0.457816	-0.660416
		*TM_ROTANGLE 3.43
		*TM_SCALE 1	1	1
		*TM_SCALEAXIS 0	0	0
		*TM_SCALEAXISANG 0	0	0
	}
}
*HELPEROBJECT {
	*NODE_NAME "Bip01 R Foot"
	*NODE_PARENT "Bip01 R HorseLink"
	*NODE_TM {
		*NODE_NAME "Bip01 R Foot"
		*TM_ROW0 0.157793	-0.349221	-0.923659
		*TM_ROW1 -0.260575	-0.916949	0.302168
		*TM_ROW2 -0.952472	0.193002	-0.235686
		*TM_ROW3 -16.554	-32.1131	138.979
		*TM_POS -16.554	-32.1131	138.979
		*TM_ROTAXIS 0.760495	-0.200719	-0.617543
		*TM_ROTANGLE 3.21343
		*TM_SCALE 1	1	1
		*TM_SCALEAXIS 0	0	0
		*TM_SCALEAXISANG 0	0	0
	}
}
*HELPEROBJECT {
	*NODE_NAME "Bip01 R Toe0"
	*NODE_PARENT "Bip01 R Foot"
	*NODE_TM {
		*NODE_NAME "Bip01 R Toe0"
		*TM_ROW0 0.0747115	-0.602051	-0.794954
		*TM_ROW1 -0.295323	-0.77478	0.559017
		*TM_ROW2 -0.952471	0.193004	-0.235685
		*TM_ROW3 -19.7162	-49.683	137.37
		*TM_POS -19.7162	-49.683	137.37
		*TM_ROTAXIS 0.727876	-0.313248	-0.609977
		*TM_ROTANGLE 3.39575
		*TM_SCALE 1	1	1
		*TM_SCALEAXIS 0	0	0
		*TM_SCALEAXISANG 0	0	0
	}
}
*HELPEROBJECT {
	*NODE_NAME "Bip01 Foot_L Toe02"
	*NODE_PARENT "Bip01 R Foot"
	*NODE_TM {
		*NODE_NAME "Bip01 Foot_L Toe02"
		*TM_ROW0 0.96363	-0.220239	0.151363
		*TM_ROW1 -0.267238	-0.794153	0.545807
		*TM_ROW2 -3.06351e-006	-0.566406	-0.824126
		*TM_ROW3 -14.5939	-28.5897	134.029
		*TM_POS -14.5939	-28.5897	134.029
		*TM_ROTAXIS 0.989998	-0.134733	0.041834
		*TM_ROTANGLE 3.73806
		*TM_SCALE 1	1	1
		*TM_SCALEAXIS 0	0	0
		*TM_SCALEAXISANG 0	0	0
	}
}
*HELPEROBJECT {
	*NODE_NAME "Bip01 Tail"
	*NODE_PARENT "Bip01 Spine"
	*NODE_TM {
		*NODE_NAME "Bip01 Tail"
		*TM_ROW0 -1.07288e-006	0.978313	-0.207133
		*TM_ROW1 -3.63588e-006	0.207133	0.978313
		*TM_ROW2 1	1.84774e-006	3.33786e-006
		*TM_ROW3 0.619149	1.53965	172.259
		*TM_POS 0.619149	1.53965	172.259
		*TM_ROTAXIS -0.532812	-0.657434	-0.532815
		*TM_ROTANGLE 1.97842
		*TM_SCALE 1	1	1
		*TM_SCALEAXIS 0	0	0
		*TM_SCALEAXISANG 0	0	0
	}
}
